2019_09_27_11_03_30_610 /home/raspion_user/data/Beacon_Background_2m_Lab.sp 325857 3600.000 3581.057 2.734449 0.483986  0.0000147857
  2.734449   1.000000
  3.218450   0.000000
  3.702480   0.000000
  4.186541   0.000000
  4.670630   0.000000
  5.154750   0.000000
  5.638898   0.000000
  6.123077   1.000000
  6.607285   1.000000
  7.091522   0.000000
  7.575789   1.000000
  8.060086   0.000000
  8.544412   0.000000
  9.028768   0.000000
  9.513153   1.000000
  9.997568   0.000000
 10.482013   1.000000
 10.966487   0.000000
 11.450991   0.000000
 11.935524   3.000000
 12.420087  32.000000
 12.904679 235.000000
 13.389301 572.000000
 13.873953 964.000000
 14.358634 1080.000000
 14.843344 1185.000000
 15.328085 1199.000000
 15.812855 1064.000000
 16.297654 1045.000000
 16.782483 1000.000000
 17.267341 1031.000000
 17.752230 1053.000000
 18.237147 1093.000000
 18.722094 1204.000000
 19.207071 1251.000000
 19.692078 1506.000000
 20.177114 1737.000000
 20.662179 2037.000000
 21.147274 2407.000000
 21.632399 2448.000000
 22.117553 2163.000000
 22.602737 1858.000000
 23.087950 1441.000000
 23.573193 1162.000000
 24.058466 809.000000
 24.543768 752.000000
 25.029100 600.000000
 25.514461 524.000000
 25.999852 422.000000
 26.485272 431.000000
 26.970722 387.000000
 27.456202 351.000000
 27.941711 372.000000
 28.427249 377.000000
 28.912818 332.000000
 29.398415 336.000000
 29.884043 370.000000
 30.369700 319.000000
 30.855386 319.000000
 31.341102 312.000000
 31.826848 325.000000
 32.312623 308.000000
 32.798428 318.000000
 33.284263 324.000000
 33.770127 332.000000
 34.256020 351.000000
 34.741943 300.000000
 35.227896 314.000000
 35.713878 299.000000
 36.199890 292.000000
 36.685931 301.000000
 37.172002 283.000000
 37.658103 287.000000
 38.144233 292.000000
 38.630393 323.000000
 39.116582 333.000000
 39.602801 281.000000
 40.089049 285.000000
 40.575327 272.000000
 41.061634 289.000000
 41.547972 254.000000
 42.034338 310.000000
 42.520734 275.000000
 43.007160 291.000000
 43.493616 267.000000
 43.980101 270.000000
 44.466615 283.000000
 44.953159 269.000000
 45.439733 263.000000
 45.926336 283.000000
 46.412969 256.000000
 46.899631 265.000000
 47.386323 268.000000
 47.873045 275.000000
 48.359796 253.000000
 48.846577 265.000000
 49.333387 289.000000
 49.820227 253.000000
 50.307096 272.000000
 50.793995 288.000000
 51.280924 267.000000
 51.767882 261.000000
 52.254869 236.000000
 52.741887 290.000000
 53.228933 252.000000
 53.716010 281.000000
 54.203116 268.000000
 54.690251 277.000000
 55.177416 261.000000
 55.664611 296.000000
 56.151835 257.000000
 56.639089 286.000000
 57.126373 252.000000
 57.613686 322.000000
 58.101028 298.000000
 58.588400 254.000000
 59.075802 268.000000
 59.563233 292.000000
 60.050694 285.000000
 60.538184 311.000000
 61.025704 265.000000
 61.513254 319.000000
 62.000833 295.000000
 62.488442 303.000000
 62.976080 294.000000
 63.463748 370.000000
 63.951445 332.000000
 64.439172 328.000000
 64.926928 333.000000
 65.414715 370.000000
 65.902530 387.000000
 66.390375 368.000000
 66.878250 394.000000
 67.366155 360.000000
 67.854089 393.000000
 68.342052 382.000000
 68.830045 391.000000
 69.318068 397.000000
 69.806120 447.000000
 70.294202 428.000000
 70.782313 465.000000
 71.270454 471.000000
 71.758625 494.000000
 72.246825 514.000000
 72.735055 505.000000
 73.223314 502.000000
 73.711603 533.000000
 74.199921 496.000000
 74.688269 536.000000
 75.176647 505.000000
 75.665054 551.000000
 76.153490 569.000000
 76.641957 523.000000
 77.130452 543.000000
 77.618978 552.000000
 78.107533 600.000000
 78.596117 566.000000
 79.084731 556.000000
 79.573375 594.000000
 80.062048 585.000000
 80.550751 635.000000
 81.039483 613.000000
 81.528245 645.000000
 82.017037 650.000000
 82.505858 622.000000
 82.994709 654.000000
 83.483589 658.000000
 83.972499 640.000000
 84.461438 639.000000
 84.950407 725.000000
 85.439406 720.000000
 85.928434 718.000000
 86.417491 703.000000
 86.906579 721.000000
 87.395696 727.000000
 87.884842 757.000000
 88.374018 705.000000
 88.863223 773.000000
 89.352458 790.000000
 89.841723 839.000000
 90.331017 772.000000
 90.820341 821.000000
 91.309695 776.000000
 91.799078 821.000000
 92.288490 747.000000
 92.777932 786.000000
 93.267404 812.000000
 93.756905 854.000000
 94.246436 790.000000
 94.735996 765.000000
 95.225586 849.000000
 95.715206 763.000000
 96.204855 818.000000
 96.694534 828.000000
 97.184242 785.000000
 97.673980 818.000000
 98.163747 822.000000
 98.653544 824.000000
 99.143370 767.000000
 99.633227 822.000000
100.123112 766.000000
100.613027 807.000000
101.102972 751.000000
101.592947 758.000000
102.082951 804.000000
102.572984 753.000000
103.063047 769.000000
103.553140 762.000000
104.043262 790.000000
104.533414 719.000000
105.023595 721.000000
105.513806 723.000000
106.004047 749.000000
106.494317 764.000000
106.984617 704.000000
107.474946 704.000000
107.965305 723.000000
108.455693 728.000000
108.946111 751.000000
109.436559 703.000000
109.927036 705.000000
110.417542 683.000000
110.908079 721.000000
111.398644 637.000000
111.889240 697.000000
112.379865 685.000000
112.870519 686.000000
113.361203 691.000000
113.851917 655.000000
114.342660 661.000000
114.833433 652.000000
115.324235 601.000000
115.815067 606.000000
116.305929 673.000000
116.796820 638.000000
117.287741 668.000000
117.778691 656.000000
118.269671 603.000000
118.760680 644.000000
119.251719 628.000000
119.742788 648.000000
120.233886 664.000000
120.725013 662.000000
121.216171 679.000000
121.707357 596.000000
122.198574 621.000000
122.689820 650.000000
123.181095 660.000000
123.672400 636.000000
124.163735 663.000000
124.655099 624.000000
125.146493 616.000000
125.637916 606.000000
126.129369 622.000000
126.620852 634.000000
127.112364 652.000000
127.603906 650.000000
128.095477 619.000000
128.587078 626.000000
129.078708 615.000000
129.570368 668.000000
130.062058 648.000000
130.553777 621.000000
131.045525 618.000000
131.537304 618.000000
132.029111 660.000000
132.520949 639.000000
133.012816 628.000000
133.504712 591.000000
133.996638 620.000000
134.488594 614.000000
134.980579 659.000000
135.472594 584.000000
135.964639 606.000000
136.456712 612.000000
136.948816 625.000000
137.440949 581.000000
137.933112 607.000000
138.425304 675.000000
138.917526 610.000000
139.409777 585.000000
139.902058 617.000000
140.394369 630.000000
140.886709 606.000000
141.379078 593.000000
141.871478 545.000000
142.363907 609.000000
142.856365 603.000000
143.348853 595.000000
143.841370 548.000000
144.333917 559.000000
144.826494 644.000000
145.319100 601.000000
145.811736 620.000000
146.304402 574.000000
146.797097 575.000000
147.289821 541.000000
147.782575 619.000000
148.275359 586.000000
148.768172 605.000000
149.261015 575.000000
149.753887 605.000000
150.246789 538.000000
150.739721 543.000000
151.232682 564.000000
151.725672 544.000000
152.218693 572.000000
152.711743 550.000000
153.204822 542.000000
153.697931 517.000000
154.191069 569.000000
154.684237 555.000000
155.177435 527.000000
155.670662 500.000000
156.163919 515.000000
156.657206 529.000000
157.150522 501.000000
157.643867 455.000000
158.137242 548.000000
158.630647 565.000000
159.124081 525.000000
159.617545 522.000000
160.111038 517.000000
160.604561 548.000000
161.098114 495.000000
161.591696 509.000000
162.085307 511.000000
162.578949 488.000000
163.072620 468.000000
163.566320 510.000000
164.060050 522.000000
164.553809 514.000000
165.047598 486.000000
165.541417 452.000000
166.035265 476.000000
166.529143 470.000000
167.023051 460.000000
167.516988 495.000000
168.010954 461.000000
168.504950 472.000000
168.998976 460.000000
169.493031 472.000000
169.987116 492.000000
170.481230 454.000000
170.975374 439.000000
171.469548 472.000000
171.963751 460.000000
172.457983 415.000000
172.952246 434.000000
173.446538 392.000000
173.940859 463.000000
174.435210 444.000000
174.929590 422.000000
175.424000 382.000000
175.918440 451.000000
176.412909 394.000000
176.907408 430.000000
177.401937 426.000000
177.896495 403.000000
178.391082 428.000000
178.885699 393.000000
179.380346 435.000000
179.875022 396.000000
180.369728 405.000000
180.864463 436.000000
181.359228 402.000000
181.854023 393.000000
182.348847 417.000000
182.843700 375.000000
183.338584 409.000000
183.833497 430.000000
184.328439 396.000000
184.823411 368.000000
185.318412 407.000000
185.813443 372.000000
186.308504 389.000000
186.803594 387.000000
187.298714 382.000000
187.793864 394.000000
188.289043 376.000000
188.784251 382.000000
189.279489 343.000000
189.774757 373.000000
190.270054 367.000000
190.765381 376.000000
191.260737 347.000000
191.756123 358.000000
192.251539 363.000000
192.746984 368.000000
193.242458 389.000000
193.737963 317.000000
194.233496 379.000000
194.729060 373.000000
195.224653 342.000000
195.720275 353.000000
196.215927 358.000000
196.711609 357.000000
197.207320 346.000000
197.703061 348.000000
198.198832 338.000000
198.694631 351.000000
199.190461 325.000000
199.686320 329.000000
200.182209 342.000000
200.678127 330.000000
201.174075 354.000000
201.670052 313.000000
202.166059 331.000000
202.662096 340.000000
203.158162 357.000000
203.654257 353.000000
204.150383 356.000000
204.646537 347.000000
205.142722 335.000000
205.638936 310.000000
206.135179 318.000000
206.631452 318.000000
207.127755 338.000000
207.624087 309.000000
208.120449 336.000000
208.616840 296.000000
209.113261 313.000000
209.609712 352.000000
210.106192 322.000000
210.602702 306.000000
211.099241 327.000000
211.595810 302.000000
212.092408 314.000000
212.589036 302.000000
213.085694 292.000000
213.582381 341.000000
214.079097 298.000000
214.575844 323.000000
215.072619 289.000000
215.569425 316.000000
216.066260 315.000000
216.563124 308.000000
217.060018 298.000000
217.556942 314.000000
218.053895 331.000000
218.550878 304.000000
219.047890 311.000000
219.544932 277.000000
220.042004 294.000000
220.539105 282.000000
221.036236 329.000000
221.533396 303.000000
222.030586 292.000000
222.527805 274.000000
223.025054 298.000000
223.522333 283.000000
224.019641 251.000000
224.516978 262.000000
225.014346 294.000000
225.511742 295.000000
226.009169 319.000000
226.506625 299.000000
227.004110 321.000000
227.501625 306.000000
227.999170 274.000000
228.496744 273.000000
228.994348 273.000000
229.491981 285.000000
229.989644 263.000000
230.487337 263.000000
230.985059 285.000000
231.482811 257.000000
231.980592 267.000000
232.478403 320.000000
232.976243 300.000000
233.474113 282.000000
233.972012 264.000000
234.469942 275.000000
234.967900 290.000000
235.465888 311.000000
235.963906 215.000000
236.461954 255.000000
236.960031 277.000000
237.458137 280.000000
237.956273 255.000000
238.454439 268.000000
238.952634 273.000000
239.450859 294.000000
239.949113 282.000000
240.447397 293.000000
240.945711 263.000000
241.444054 271.000000
241.942426 289.000000
242.440829 242.000000
242.939261 270.000000
243.437722 279.000000
243.936213 276.000000
244.434733 240.000000
244.933283 239.000000
245.431863 270.000000
245.930472 264.000000
246.429111 257.000000
246.927780 289.000000
247.426477 265.000000
247.925205 263.000000
248.423962 262.000000
248.922749 293.000000
249.421565 273.000000
249.920411 245.000000
250.419286 261.000000
250.918191 270.000000
251.417126 261.000000
251.916090 241.000000
252.415083 248.000000
252.914107 245.000000
253.413159 244.000000
253.912242 269.000000
254.411354 250.000000
254.910495 255.000000
255.409666 235.000000
255.908867 220.000000
256.408097 216.000000
256.907357 237.000000
257.406646 202.000000
257.905965 241.000000
258.405314 211.000000
258.904692 238.000000
259.404100 219.000000
259.903537 239.000000
260.403004 230.000000
260.902500 216.000000
261.402026 218.000000
261.901582 223.000000
262.401167 187.000000
262.900781 207.000000
263.400426 205.000000
263.900099 221.000000
264.399803 206.000000
264.899536 211.000000
265.399298 185.000000
265.899090 205.000000
266.398912 191.000000
266.898763 201.000000
267.398644 189.000000
267.898554 200.000000
268.398494 186.000000
268.898464 168.000000
269.398463 203.000000
269.898492 196.000000
270.398550 194.000000
270.898638 143.000000
271.398755 176.000000
271.898902 196.000000
272.399078 172.000000
272.899284 181.000000
273.399520 179.000000
273.899785 181.000000
274.400080 156.000000
274.900405 148.000000
275.400759 193.000000
275.901142 171.000000
276.401555 190.000000
276.901998 181.000000
277.402470 185.000000
277.902972 167.000000
278.403503 165.000000
278.904064 154.000000
279.404655 163.000000
279.905275 182.000000
280.405924 168.000000
280.906604 157.000000
281.407312 170.000000
281.908051 133.000000
282.408819 178.000000
282.909616 174.000000
283.410443 153.000000
283.911300 140.000000
284.412186 161.000000
284.913102 132.000000
285.414047 121.000000
285.915022 148.000000
286.416027 158.000000
286.917061 140.000000
287.418125 169.000000
287.919218 157.000000
288.420341 150.000000
288.921493 178.000000
289.422675 169.000000
289.923887 155.000000
290.425128 154.000000
290.926398 136.000000
291.427698 153.000000
291.929028 172.000000
292.430388 145.000000
292.931777 153.000000
293.433195 129.000000
293.934643 154.000000
294.436121 139.000000
294.937628 142.000000
295.439165 151.000000
295.940731 148.000000
296.442327 146.000000
296.943953 135.000000
297.445608 141.000000
297.947292 141.000000
298.449007 137.000000
298.950751 167.000000
299.452524 156.000000
299.954327 166.000000
300.456159 155.000000
300.958021 176.000000
301.459913 130.000000
301.961834 141.000000
302.463785 145.000000
302.965766 161.000000
303.467775 155.000000
303.969815 118.000000
304.471884 136.000000
304.973983 129.000000
305.476111 151.000000
305.978269 108.000000
306.480456 128.000000
306.982673 141.000000
307.484920 139.000000
307.987196 149.000000
308.489501 128.000000
308.991837 139.000000
309.494201 130.000000
309.996596 128.000000
310.499020 126.000000
311.001473 141.000000
311.503956 144.000000
312.006469 119.000000
312.509011 145.000000
313.011583 132.000000
313.514184 117.000000
314.016815 120.000000
314.519476 123.000000
315.022166 111.000000
315.524886 130.000000
316.027635 130.000000
316.530414 142.000000
317.033222 117.000000
317.536060 114.000000
318.038927 105.000000
318.541824 129.000000
319.044751 138.000000
319.547707 124.000000
320.050693 106.000000
320.553709 121.000000
321.056753 132.000000
321.559828 116.000000
322.062932 107.000000
322.566066 107.000000
323.069229  83.000000
323.572422 117.000000
324.075644 114.000000
324.578896 100.000000
325.082178  94.000000
325.585489 115.000000
326.088829 105.000000
326.592200  86.000000
327.095599 100.000000
327.599029  81.000000
328.102488 123.000000
328.605976  93.000000
329.109494 114.000000
329.613042 121.000000
330.116619 128.000000
330.620226  74.000000
331.123862 110.000000
331.627528 122.000000
332.131224 117.000000
332.634949 119.000000
333.138704 102.000000
333.642488 101.000000
334.146302 126.000000
334.650145 119.000000
335.154018  95.000000
335.657920 112.000000
336.161852 114.000000
336.665814 119.000000
337.169805  96.000000
337.673826 111.000000
338.177877 122.000000
338.681956 138.000000
339.186066 102.000000
339.690205 107.000000
340.194374 118.000000
340.698572 110.000000
341.202800  99.000000
341.707057 105.000000
342.211344 101.000000
342.715661 120.000000
343.220007  96.000000
343.724382 126.000000
344.228788 107.000000
344.733222 128.000000
345.237687 116.000000
345.742181 114.000000
346.246704 112.000000
346.751257 118.000000
347.255840 101.000000
347.760452  95.000000
348.265094 118.000000
348.769765 115.000000
349.274466  89.000000
349.779197 110.000000
350.283957 110.000000
350.788747  94.000000
351.293566 111.000000
351.798415  80.000000
352.303293 101.000000
352.808201 104.000000
353.313138 112.000000
353.818105 112.000000
354.323102  97.000000
354.828128  95.000000
355.333184  95.000000
355.838270  93.000000
356.343384 100.000000
356.848529 106.000000
357.353703 110.000000
357.858907  95.000000
358.364140  93.000000
358.869403  85.000000
359.374695 111.000000
359.880017 105.000000
360.385369 108.000000
360.890750  89.000000
361.396160  89.000000
361.901601 102.000000
362.407070  89.000000
362.912570  85.000000
363.418099  98.000000
363.923657  89.000000
364.429245  79.000000
364.934863  84.000000
365.440510 100.000000
365.946187  97.000000
366.451893  91.000000
366.957629 109.000000
367.463395  95.000000
367.969190  92.000000
368.475014 109.000000
368.980869  88.000000
369.486753  73.000000
369.992666  88.000000
370.498609  80.000000
371.004581  76.000000
371.510583 106.000000
372.016615  78.000000
372.522676  75.000000
373.028767 103.000000
373.534887  95.000000
374.041037  71.000000
374.547217  81.000000
375.053426  71.000000
375.559665  73.000000
376.065933  87.000000
376.572231  87.000000
377.078558  83.000000
377.584915  81.000000
378.091301  72.000000
378.597718  87.000000
379.104163  70.000000
379.610638  79.000000
380.117143  73.000000
380.623678  69.000000
381.130242  89.000000
381.636835  84.000000
382.143458  75.000000
382.650111  67.000000
383.156793  78.000000
383.663505  73.000000
384.170246  74.000000
384.677017  75.000000
385.183818  74.000000
385.690648  70.000000
386.197507  61.000000
386.704397  77.000000
387.211315  69.000000
387.718264  69.000000
388.225242  75.000000
388.732249  69.000000
389.239286  54.000000
389.746353  68.000000
390.253449  62.000000
390.760575  66.000000
391.267730  57.000000
391.774915  62.000000
392.282130  54.000000
392.789374  68.000000
393.296648  58.000000
393.803951  64.000000
394.311284  86.000000
394.818646  60.000000
395.326038  62.000000
395.833459  58.000000
396.340910  69.000000
396.848391  58.000000
397.355901  69.000000
397.863441  63.000000
398.371011  61.000000
398.878609  57.000000
399.386238  58.000000
399.893896  60.000000
400.401584  61.000000
400.909301  64.000000
401.417048  67.000000
401.924824  70.000000
402.432630  56.000000
402.940466  66.000000
403.448331  62.000000
403.956225  69.000000
404.464149  62.000000
404.972103  68.000000
405.480087  41.000000
405.988100  59.000000
406.496142  75.000000
407.004214  69.000000
407.512316  47.000000
408.020447  63.000000
408.528608  52.000000
409.036798  61.000000
409.545018  47.000000
410.053268  54.000000
410.561547  72.000000
411.069855  48.000000
411.578194  58.000000
412.086561  80.000000
412.594959  62.000000
413.103386  59.000000
413.611842  61.000000
414.120328  52.000000
414.628844  47.000000
415.137389  62.000000
415.645964  59.000000
416.154568  47.000000
416.663202  44.000000
417.171866  55.000000
417.680559  61.000000
418.189282  55.000000
418.698034  48.000000
419.206816  48.000000
419.715627  53.000000
420.224468  48.000000
420.733338  44.000000
421.242238  63.000000
421.751168  53.000000
422.260127  71.000000
422.769116  59.000000
423.278134  50.000000
423.787182  58.000000
424.296260  46.000000
424.805367  50.000000
425.314504  51.000000
425.823670  65.000000
426.332866  54.000000
426.842091  47.000000
427.351346  69.000000
427.860631  57.000000
428.369945  33.000000
428.879288  60.000000
429.388661  67.000000
429.898064  54.000000
430.407497  43.000000
430.916959  54.000000
431.426450  64.000000
431.935971  58.000000
432.445522  56.000000
432.955102  54.000000
433.464712  47.000000
433.974351  61.000000
434.484020  53.000000
434.993719  48.000000
435.503447  53.000000
436.013204  43.000000
436.522992  63.000000
437.032808  59.000000
437.542655  61.000000
438.052531  51.000000
438.562436  52.000000
439.072371  65.000000
439.582336  51.000000
440.092330  61.000000
440.602354  50.000000
441.112407  39.000000
441.622490  50.000000
442.132603  50.000000
442.642745  48.000000
443.152916  42.000000
443.663118  50.000000
444.173348  47.000000
444.683609  50.000000
445.193899  53.000000
445.704218  55.000000
446.214567  48.000000
446.724946  62.000000
447.235354  51.000000
447.745792  48.000000
448.256259  45.000000
448.766756  48.000000
449.277283  42.000000
449.787839  40.000000
450.298425  45.000000
450.809040  40.000000
451.319685  50.000000
451.830359  51.000000
452.341063  37.000000
452.851796  40.000000
453.362559  62.000000
453.873352  53.000000
454.384174  55.000000
454.895026  54.000000
455.405908  49.000000
455.916818  55.000000
456.427759  40.000000
456.938729  36.000000
457.449729  45.000000
457.960758  47.000000
458.471817  48.000000
458.982905  52.000000
459.494023  39.000000
460.005171  42.000000
460.516348  52.000000
461.027554  53.000000
461.538790  52.000000
462.050056  48.000000
462.561352  36.000000
463.072677  51.000000
463.584031  43.000000
464.095415  57.000000
464.606829  45.000000
465.118272  56.000000
465.629745  52.000000
466.141247  52.000000
466.652779  53.000000
467.164341  49.000000
467.675932  47.000000
468.187552  45.000000
468.699203  43.000000
469.210882  42.000000
469.722592  40.000000
470.234331  53.000000
470.746099  45.000000
471.257897  49.000000
471.769725  40.000000
472.281582  53.000000
472.793469  38.000000
473.305385  53.000000
473.817331  46.000000
474.329307  47.000000
474.841312  37.000000
475.353346  51.000000
475.865411  41.000000
476.377504  39.000000
476.889628  49.000000
477.401781  43.000000
477.913963  44.000000
478.426175  39.000000
478.938417  38.000000
479.450688  47.000000
479.962989  33.000000
480.475319  41.000000
480.987679  38.000000
481.500069  50.000000
482.012488  39.000000
482.524937  44.000000
483.037415  42.000000
483.549923  53.000000
484.062460  43.000000
484.575027  37.000000
485.087623  53.000000
485.600249  43.000000
486.112905  42.000000
486.625590  55.000000
487.138305  43.000000
487.651049  38.000000
488.163823  38.000000
488.676627  49.000000
489.189460  39.000000
489.702323  40.000000
490.215215  50.000000
490.728137  35.000000
491.241088  38.000000
491.754069  48.000000
492.267079  32.000000
492.780119  55.000000
493.293189  40.000000
493.806288  42.000000
494.319417  34.000000
494.832575  43.000000
495.345763  39.000000
495.858981  49.000000
496.372228  39.000000
496.885505  31.000000
497.398811  51.000000
497.912147  40.000000
498.425512  42.000000
498.938907  40.000000
499.452331  43.000000
499.965786  44.000000
500.479269  55.000000
500.992782  46.000000
501.506325  38.000000
502.019898  46.000000
502.533499  44.000000
503.047131  54.000000
503.560792  44.000000
504.074483  33.000000
504.588203  45.000000
505.101953  52.000000
505.615732  50.000000
506.129541  52.000000
506.643380  41.000000
507.157248  44.000000
507.671145  36.000000
508.185072  51.000000
508.699029  54.000000
509.213016  39.000000
509.727032  46.000000
510.241077  45.000000
510.755152  53.000000
511.269257  53.000000
511.783391  46.000000
512.297555  44.000000
512.811748  38.000000
513.325971  48.000000
513.840224  46.000000
514.354506  46.000000
514.868817  42.000000
515.383159  41.000000
515.897529  45.000000
516.411930  42.000000
516.926360  50.000000
517.440819  52.000000
517.955308  46.000000
518.469827  33.000000
518.984375  25.000000
519.498953  35.000000
520.013560  48.000000
520.528197  42.000000
521.042864  44.000000
521.557560  47.000000
522.072285  46.000000
522.587041  46.000000
523.101825  44.000000
523.616640  43.000000
524.131484  50.000000
524.646357  44.000000
525.161260  47.000000
525.676193  46.000000
526.191155  50.000000
526.706147  50.000000
527.221168  38.000000
527.736219  45.000000
528.251300  44.000000
528.766410  49.000000
529.281549  47.000000
529.796719  40.000000
530.311917  46.000000
530.827146  42.000000
531.342404  49.000000
531.857691  42.000000
532.373008  37.000000
532.888355  31.000000
533.403731  39.000000
533.919137  34.000000
534.434572  34.000000
534.950037  42.000000
535.465532  47.000000
535.981056  39.000000
536.496609  40.000000
537.012193  38.000000
537.527805  34.000000
538.043448  32.000000
538.559120  31.000000
539.074821  32.000000
539.590552  39.000000
540.106313  36.000000
540.622103  31.000000
541.137923  46.000000
541.653772  34.000000
542.169651  45.000000
542.685560  35.000000
543.201498  34.000000
543.717465  34.000000
544.233463  38.000000
544.749490  38.000000
545.265546  30.000000
545.781632  36.000000
546.297747  38.000000
546.813892  28.000000
547.330067  46.000000
547.846271  30.000000
548.362505  36.000000
548.878768  40.000000
549.395061  31.000000
549.911384  36.000000
550.427736  29.000000
550.944118  47.000000
551.460529  34.000000
551.976970  36.000000
552.493440  42.000000
553.009940  41.000000
553.526469  37.000000
554.043028  31.000000
554.559617  27.000000
555.076235  28.000000
555.592883  29.000000
556.109560  25.000000
556.626267  30.000000
557.143004  29.000000
557.659770  32.000000
558.176566  27.000000
558.693391  32.000000
559.210246  27.000000
559.727130  40.000000
560.244044  33.000000
560.760987  27.000000
561.277960  53.000000
561.794963  37.000000
562.311995  25.000000
562.829057  25.000000
563.346148  28.000000
563.863269  36.000000
564.380420  40.000000
564.897600  32.000000
565.414810  30.000000
565.932049  37.000000
566.449318  37.000000
566.966616  42.000000
567.483944  26.000000
568.001301  49.000000
568.518688  40.000000
569.036105  35.000000
569.553551  29.000000
570.071027  47.000000
570.588532  45.000000
571.106067  37.000000
571.623632  42.000000
572.141226  43.000000
572.658850  41.000000
573.176503  43.000000
573.694186  39.000000
574.211898  42.000000
574.729640  26.000000
575.247411  33.000000
575.765212  42.000000
576.283043  31.000000
576.800903  34.000000
577.318793  31.000000
577.836712  26.000000
578.354661  39.000000
578.872640  29.000000
579.390648  32.000000
579.908686  32.000000
580.426753  33.000000
580.944850  37.000000
581.462976  45.000000
581.981132  32.000000
582.499317  39.000000
583.017532  40.000000
583.535777  35.000000
584.054051  40.000000
584.572355  36.000000
585.090688  38.000000
585.609051  35.000000
586.127444  47.000000
586.645866  28.000000
587.164318  29.000000
587.682799  33.000000
588.201310  39.000000
588.719850  37.000000
589.238420  44.000000
589.757019  30.000000
590.275648  35.000000
590.794307  35.000000
591.312995  44.000000
591.831713  35.000000
592.350460  33.000000
592.869237  40.000000
593.388044  29.000000
593.906880  38.000000
594.425746  36.000000
594.944641  36.000000
595.463566  34.000000
595.982520  35.000000
596.501504  34.000000
597.020517  38.000000
597.539560  36.000000
598.058633  45.000000
598.577735  43.000000
599.096867  39.000000
599.616028  44.000000
600.135219  36.000000
600.654440  41.000000
601.173690  45.000000
601.692970  46.000000
602.212279  47.000000
602.731618  53.000000
603.250986  40.000000
603.770384  38.000000
604.289811  35.000000
604.809268  43.000000
605.328755  37.000000
605.848271  34.000000
606.367817  38.000000
606.887392  36.000000
607.406997  29.000000
607.926632  32.000000
608.446296  34.000000
608.965990  32.000000
609.485713  35.000000
610.005466  39.000000
610.525248  45.000000
611.045060  57.000000
611.564901  26.000000
612.084772  39.000000
612.604673  39.000000
613.124603  39.000000
613.644563  31.000000
614.164552  32.000000
614.684571  33.000000
615.204620  32.000000
615.724698  34.000000
616.244806  31.000000
616.764943  33.000000
617.285110  30.000000
617.805306  31.000000
618.325532  46.000000
618.845787  41.000000
619.366072  40.000000
619.886387  37.000000
620.406731  35.000000
620.927105  39.000000
621.447508  35.000000
621.967941  34.000000
622.488404  44.000000
623.008896  25.000000
623.529418  32.000000
624.049969  31.000000
624.570550  33.000000
625.091160  25.000000
625.611800  27.000000
626.132469  41.000000
626.653168  27.000000
627.173897  28.000000
627.694655  29.000000
628.215443  39.000000
628.736260  26.000000
629.257107  30.000000
629.777984  23.000000
630.298890  42.000000
630.819826  26.000000
631.340791  19.000000
631.861785  26.000000
632.382810  35.000000
632.903864  36.000000
633.424947  29.000000
633.946060  28.000000
634.467203  26.000000
634.988375  31.000000
635.509577  25.000000
636.030808  21.000000
636.552069  35.000000
637.073360  29.000000
637.594680  30.000000
638.116029  17.000000
638.637409  33.000000
639.158817  25.000000
639.680256  21.000000
640.201724  24.000000
640.723221  29.000000
641.244748  36.000000
641.766305  23.000000
642.287891  26.000000
642.809507  26.000000
643.331152  25.000000
643.852827  22.000000
644.374532  28.000000
644.896266  29.000000
645.418029  23.000000
645.939823  30.000000
646.461645  29.000000
646.983498  14.000000
647.505380  23.000000
648.027291  27.000000
648.549232  16.000000
649.071203  29.000000
649.593203  28.000000
650.115233  22.000000
650.637292  17.000000
651.159381  23.000000
651.681500  21.000000
652.203648  29.000000
652.725825  25.000000
653.248033  31.000000
653.770269  24.000000
654.292536  27.000000
654.814832  25.000000
655.337157  20.000000
655.859512  24.000000
656.381897  28.000000
656.904311  21.000000
657.426755  23.000000
657.949228  28.000000
658.471731  23.000000
658.994264  36.000000
659.516826  28.000000
660.039417  27.000000
660.562039  23.000000
661.084689  25.000000
661.607370  30.000000
662.130080  29.000000
662.652819  21.000000
663.175588  24.000000
663.698387  31.000000
664.221215  30.000000
664.744073  24.000000
665.266960  25.000000
665.789877  36.000000
666.312824  31.000000
666.835800  20.000000
667.358805  27.000000
667.881840  41.000000
668.404905  32.000000
668.928000  18.000000
669.451124  21.000000
669.974277  25.000000
670.497460  26.000000
671.020673  25.000000
671.543915  32.000000
672.067187  20.000000
672.590488  22.000000
673.113819  25.000000
673.637179  19.000000
674.160570  20.000000
674.683989  27.000000
675.207438  23.000000
675.730917  27.000000
676.254426  27.000000
676.777963  22.000000
677.301531  24.000000
677.825128  24.000000
678.348755  41.000000
678.872411  18.000000
679.396097  26.000000
679.919812  15.000000
680.443557  21.000000
680.967331  25.000000
681.491135  18.000000
682.014969  18.000000
682.538832  23.000000
683.062725  27.000000
683.586647  27.000000
684.110599  25.000000
684.634581  22.000000
685.158592  23.000000
685.682633  26.000000
686.206703  24.000000
686.730803  22.000000
687.254932  24.000000
687.779091  16.000000
688.303279  17.000000
688.827497  24.000000
689.351745  23.000000
689.876022  28.000000
690.400329  24.000000
690.924665  25.000000
691.449031  26.000000
691.973427  24.000000
692.497852  25.000000
693.022307  16.000000
693.546791  20.000000
694.071305  18.000000
694.595848  18.000000
695.120421  20.000000
695.645023  17.000000
696.169655  33.000000
696.694317  18.000000
697.219008  21.000000
697.743729  12.000000
698.268479  15.000000
698.793259  17.000000
699.318069  19.000000
699.842908  24.000000
700.367776  16.000000
700.892675  28.000000
701.417602  18.000000
701.942560  13.000000
702.467547  15.000000
702.992563  26.000000
703.517609  14.000000
704.042685  22.000000
704.567790  20.000000
705.092925  13.000000
705.618089  22.000000
706.143283  21.000000
706.668507  16.000000
707.193760  15.000000
707.719042  19.000000
708.244355  20.000000
708.769696  25.000000
709.295068  12.000000
709.820469  19.000000
710.345899  19.000000
710.871359  16.000000
711.396849  18.000000
711.922368  18.000000
712.447917  20.000000
712.973495  16.000000
713.499103  17.000000
714.024741  19.000000
714.550408  20.000000
715.076104  19.000000
715.601830  16.000000
716.127586  21.000000
716.653372  18.000000
717.179187  23.000000
717.705031  19.000000
718.230905  23.000000
718.756809  19.000000
719.282742  14.000000
719.808705  17.000000
720.334697  24.000000
720.860719  13.000000
721.386770  29.000000
721.912852  19.000000
722.438962  15.000000
722.965102  18.000000
723.491272  14.000000
724.017471  15.000000
724.543700  15.000000
725.069959  16.000000
725.596247  19.000000
726.122565  18.000000
726.648912  16.000000
727.175289  16.000000
727.701695  24.000000
728.228131  20.000000
728.754596  15.000000
729.281091  19.000000
729.807616  21.000000
730.334170  20.000000
730.860754  19.000000
731.387367  14.000000
731.914010  22.000000
732.440683  16.000000
732.967385  16.000000
733.494116  16.000000
734.020878  12.000000
734.547668  17.000000
735.074489  14.000000
735.601339  17.000000
736.128218  18.000000
736.655127  18.000000
737.182066  19.000000
737.709034  27.000000
738.236032  12.000000
738.763059  17.000000
739.290116  23.000000
739.817203  19.000000
740.344319  15.000000
740.871464  29.000000
741.398640  19.000000
741.925844  10.000000
742.453079  18.000000
742.980343  24.000000
743.507636  15.000000
744.034959  16.000000
744.562312  19.000000
745.089694  16.000000
745.617106  27.000000
746.144547  22.000000
746.672018  20.000000
747.199519  19.000000
747.727049  16.000000
748.254608  12.000000
748.782197  19.000000
749.309816  22.000000
749.837465  18.000000
750.365143  24.000000
750.892850  16.000000
751.420587  22.000000
751.948354  12.000000
752.476150  13.000000
753.003976  10.000000
753.531831  20.000000
754.059716  18.000000
754.587630  15.000000
755.115574  13.000000
755.643548  23.000000
756.171551  19.000000
756.699584  25.000000
757.227646  15.000000
757.755738  20.000000
758.283860  22.000000
758.812011  19.000000
759.340192  13.000000
759.868402  14.000000
760.396642  21.000000
760.924911  27.000000
761.453210  23.000000
761.981538  12.000000
762.509896  23.000000
763.038284  16.000000
763.566701  13.000000
764.095148  22.000000
764.623624  10.000000
765.152130  16.000000
765.680666  13.000000
766.209231  11.000000
766.737825  22.000000
767.266450  19.000000
767.795103  14.000000
768.323787  18.000000
768.852500  25.000000
769.381242  18.000000
769.910014  15.000000
770.438816  13.000000
770.967647  15.000000
771.496508  22.000000
772.025398  15.000000
772.554318  14.000000
773.083268  17.000000
773.612247  21.000000
774.141255  16.000000
774.670293  15.000000
775.199361  18.000000
775.728459   7.000000
776.257586  11.000000
776.786742  17.000000
777.315928  17.000000
777.845144  25.000000
778.374389  14.000000
778.903664  17.000000
779.432968  13.000000
779.962302  21.000000
780.491665  10.000000
781.021059  14.000000
781.550481  10.000000
782.079933  17.000000
782.609415  17.000000
783.138926  15.000000
783.668467  16.000000
784.198038  23.000000
784.727638  15.000000
785.257268  18.000000
785.786927  10.000000
786.316616  23.000000
786.846334  12.000000
787.376082  24.000000
787.905859  12.000000
788.435666  20.000000
788.965503  20.000000
789.495369  16.000000
790.025265  16.000000
790.555190  23.000000
791.085145  17.000000
791.615130  14.000000
792.145144  20.000000
792.675187  15.000000
793.205261   9.000000
793.735363  16.000000
794.265496  12.000000
794.795658  13.000000
795.325849  15.000000
795.856070  14.000000
796.386321  14.000000
796.916601  14.000000
797.446911  10.000000
797.977250  14.000000
798.507619  11.000000
799.038018  12.000000
799.568446  24.000000
800.098903  15.000000
800.629390  22.000000
801.159907  16.000000
801.690454  11.000000
802.221029  13.000000
802.751635  13.000000
803.282270  15.000000
803.812935  17.000000
804.343629  15.000000
804.874353  17.000000
805.405106  12.000000
805.935889  16.000000
806.466701  15.000000
806.997543  12.000000
807.528415  17.000000
808.059316  21.000000
808.590247  22.000000
809.121207  18.000000
809.652197  11.000000
810.183217  19.000000
810.714266  17.000000
811.245345  18.000000
811.776453  17.000000
812.307590  11.000000
812.838758  14.000000
813.369955  16.000000
813.901181  12.000000
814.432437   9.000000
814.963723  15.000000
815.495038   9.000000
816.026383  18.000000
816.557757  21.000000
817.089161   5.000000
817.620595  12.000000
818.152058  23.000000
818.683550  13.000000
819.215073  11.000000
819.746624  17.000000
820.278206  12.000000
820.809817  13.000000
821.341457  14.000000
821.873127  11.000000
822.404827  16.000000
822.936556  18.000000
823.468315  10.000000
824.000103  12.000000
824.531921  18.000000
825.063768  16.000000
825.595646  16.000000
826.127552  22.000000
826.659488  18.000000
827.191454  16.000000
827.723449  12.000000
828.255474  14.000000
828.787529  10.000000
829.319613  17.000000
829.851727  16.000000
830.383870  21.000000
830.916043  17.000000
831.448245  15.000000
831.980477  10.000000
832.512738  15.000000
833.045029  11.000000
833.577350  19.000000
834.109700  15.000000
834.642080  17.000000
835.174489  11.000000
835.706928  17.000000
836.239397  15.000000
836.771895  22.000000
837.304422  12.000000
837.836980  11.000000
838.369566  14.000000
838.902183  17.000000
839.434829  10.000000
839.967504  12.000000
840.500209  18.000000
841.032944  16.000000
841.565708  11.000000
842.098502  14.000000
842.631325  14.000000
843.164178  14.000000
843.697060  12.000000
844.229973  12.000000
844.762914  11.000000
845.295885  11.000000
845.828886  20.000000
846.361916  17.000000
846.894976  20.000000
847.428066  18.000000
847.961185  14.000000
848.494334  10.000000
849.027512  15.000000
849.560720  22.000000
850.093957  18.000000
850.627224  16.000000
851.160520  15.000000
851.693846  14.000000
852.227202  21.000000
852.760587  14.000000
853.294002   5.000000
853.827446  23.000000
854.360920   6.000000
854.894424  18.000000
855.427957   9.000000
855.961519  14.000000
856.495112  12.000000
857.028733   9.000000
857.562385  11.000000
858.096066  15.000000
858.629776  18.000000
859.163516  14.000000
859.697286  10.000000
860.231085  15.000000
860.764914  15.000000
861.298772  16.000000
861.832660  14.000000
862.366577  17.000000
862.900525  11.000000
863.434501  20.000000
863.968507  16.000000
864.502543   9.000000
865.036608  12.000000
865.570703   9.000000
866.104828  14.000000
866.638982  13.000000
867.173166  11.000000
867.707379  16.000000
868.241622  10.000000
868.775894  18.000000
869.310196  14.000000
869.844527  10.000000
870.378888  13.000000
870.913279  15.000000
871.447699  21.000000
871.982149  17.000000
872.516628  23.000000
873.051137  18.000000
873.585676  19.000000
874.120244  16.000000
874.654841  20.000000
875.189469  18.000000
875.724125  15.000000
876.258812   8.000000
876.793528  15.000000
877.328273  14.000000
877.863048  11.000000
878.397853  19.000000
878.932687  16.000000
879.467551  13.000000
880.002444  18.000000
880.537367  11.000000
881.072319  13.000000
881.607302   9.000000
882.142313  12.000000
882.677354  13.000000
883.212425  17.000000
883.747525  11.000000
884.282655  14.000000
884.817815  15.000000
885.353004  13.000000
885.888223  14.000000
886.423471  20.000000
886.958748  12.000000
887.494056  15.000000
888.029393  10.000000
888.564759  13.000000
889.100155  10.000000
889.635581  19.000000
890.171036  12.000000
890.706521  14.000000
891.242035  17.000000
891.777579  11.000000
892.313153  18.000000
892.848756   7.000000
893.384388  19.000000
893.920050  14.000000
894.455742   9.000000
894.991464  18.000000
895.527215  10.000000
896.062995  14.000000
896.598805  15.000000
897.134645   9.000000
897.670514  21.000000
898.206413  14.000000
898.742341  13.000000
899.278299  15.000000
899.814286  14.000000
900.350303  10.000000
900.886350  17.000000
901.422426  27.000000
901.958532  22.000000
902.494667  16.000000
903.030832  15.000000
903.567027  19.000000
904.103251  15.000000
904.639504  14.000000
905.175788  12.000000
905.712100  13.000000
906.248443  13.000000
906.784815  17.000000
907.321216  13.000000
907.857647  19.000000
908.394108  23.000000
908.930598  11.000000
909.467118  25.000000
910.003667  18.000000
910.540246  19.000000
911.076855  11.000000
911.613493  16.000000
912.150160   9.000000
912.686857  21.000000
913.223584  12.000000
913.760340  26.000000
914.297126  19.000000
914.833942  18.000000
915.370787  16.000000
915.907662  17.000000
916.444566  16.000000
916.981500  16.000000
917.518463  15.000000
918.055456  20.000000
918.592478  13.000000
919.129530  19.000000
919.666612  27.000000
920.203723  15.000000
920.740864  15.000000
921.278034  19.000000
921.815234  13.000000
922.352464  12.000000
922.889723  21.000000
923.427011  15.000000
923.964330  15.000000
924.501677  17.000000
925.039055  15.000000
925.576462  18.000000
926.113898  17.000000
926.651364  15.000000
927.188860   7.000000
927.726385   9.000000
928.263940  17.000000
928.801524  16.000000
929.339138  14.000000
929.876781  16.000000
930.414454  18.000000
930.952157  13.000000
931.489889  11.000000
932.027651  11.000000
932.565442  19.000000
933.103263  14.000000
933.641114  13.000000
934.178994  12.000000
934.716903  19.000000
935.254843  21.000000
935.792811  13.000000
936.330810  15.000000
936.868838  12.000000
937.406895  13.000000
937.944982  13.000000
938.483099  23.000000
939.021245  12.000000
939.559421  12.000000
940.097626  16.000000
940.635861  16.000000
941.174125  13.000000
941.712420  16.000000
942.250743  13.000000
942.789096  13.000000
943.327479  15.000000
943.865891  18.000000
944.404333  18.000000
944.942805  19.000000
945.481306  12.000000
946.019837  13.000000
946.558397  10.000000
947.096986  19.000000
947.635606  20.000000
948.174255  18.000000
948.712933  15.000000
949.251641  10.000000
949.790379  14.000000
950.329146  17.000000
950.867943  13.000000
951.406769  12.000000
951.945625  13.000000
952.484511  18.000000
953.023426  17.000000
953.562370  17.000000
954.101344  17.000000
954.640348  17.000000
955.179382  17.000000
955.718444  12.000000
956.257537   6.000000
956.796659  12.000000
957.335811  16.000000
957.874992  17.000000
958.414203  10.000000
958.953443  16.000000
959.492713  12.000000
960.032012  18.000000
960.571341  15.000000
961.110700  16.000000
961.650088  14.000000
962.189506  18.000000
962.728953  11.000000
963.268430  13.000000
963.807937  13.000000
964.347473  15.000000
964.887038   5.000000
965.426634  20.000000
965.966258  15.000000
966.505913   9.000000
967.045597  13.000000
967.585310  21.000000
968.125053  10.000000
968.664826  18.000000
969.204628  11.000000
969.744460   9.000000
970.284321  18.000000
970.824212  13.000000
971.364132  17.000000
971.904082  22.000000
972.444062  19.000000
972.984071  12.000000
973.524110  17.000000
974.064178  13.000000
974.604276  17.000000
975.144404   9.000000
975.684561  17.000000
976.224747  10.000000
976.764964  12.000000
977.305209  15.000000
977.845485  24.000000
978.385790  13.000000
978.926124  15.000000
979.466488   7.000000
980.006882  10.000000
980.547305  12.000000
981.087758  17.000000
981.628240  20.000000
982.168752  15.000000
982.709293  11.000000
983.249864  14.000000
983.790465  16.000000
984.331095   9.000000
984.871755  10.000000
985.412444  19.000000
985.953163  15.000000
986.493912  10.000000
987.034690  12.000000
987.575497  18.000000
988.116335  17.000000
988.657201  16.000000
989.198098  12.000000
989.739024  15.000000
990.279979  10.000000
990.820964  19.000000
991.361979   9.000000
991.903023  11.000000
992.444097  13.000000
992.985200  15.000000
993.526333   5.000000
994.067495  12.000000
994.608688   8.000000
995.149909  11.000000
995.691160   9.000000
996.232441  13.000000
996.773751  10.000000
997.315091  12.000000
997.856461  14.000000
998.397860  11.000000
998.939288   8.000000
999.480747  13.000000
1000.022234  17.000000
1000.563752  14.000000
1001.105299   8.000000
1001.646875  11.000000
1002.188481  14.000000
1002.730117  16.000000
1003.271782  10.000000
1003.813477  17.000000
1004.355201  10.000000
1004.896955   7.000000
1005.438739  12.000000
1005.980552  13.000000
1006.522394  12.000000
1007.064266   9.000000
1007.606168  11.000000
1008.148099  14.000000
1008.690060  15.000000
1009.232051  13.000000
1009.774071  14.000000
1010.316121   8.000000
1010.858200  10.000000
1011.400308  12.000000
1011.942447  11.000000
1012.484615  13.000000
1013.026812   7.000000
1013.569039  17.000000
1014.111296  11.000000
1014.653582  14.000000
1015.195898   7.000000
1015.738243  10.000000
1016.280618  10.000000
1016.823023   7.000000
1017.365457   9.000000
1017.907920   7.000000
1018.450413  11.000000
1018.992936  11.000000
1019.535488  12.000000
1020.078070  12.000000
1020.620682   9.000000
1021.163323  11.000000
1021.705994  16.000000
1022.248694   8.000000
1022.791423  11.000000
1023.334183  10.000000
1023.876972   9.000000
1024.419790   8.000000
1024.962638   8.000000
1025.505516  12.000000
1026.048423   9.000000
1026.591360   7.000000
1027.134326  14.000000
1027.677322   6.000000
1028.220348   9.000000
1028.763403   9.000000
1029.306487  11.000000
1029.849601  18.000000
1030.392745   8.000000
1030.935918   6.000000
1031.479121   7.000000
1032.022354  12.000000
1032.565616  12.000000
1033.108908  12.000000
1033.652229  17.000000
1034.195579  16.000000
1034.738960  14.000000
1035.282370  17.000000
1035.825809   9.000000
1036.369278   7.000000
1036.912777   6.000000
1037.456305  16.000000
1037.999863  10.000000
1038.543450  15.000000
1039.087067  14.000000
1039.630714   8.000000
1040.174390  11.000000
1040.718095   8.000000
1041.261830  13.000000
1041.805595  10.000000
1042.349389  13.000000
1042.893213   9.000000
1043.437067   9.000000
1043.980950  10.000000
1044.524863  15.000000
1045.068805  16.000000
1045.612776   8.000000
1046.156778  12.000000
1046.700809   9.000000
1047.244869  10.000000
1047.788959   3.000000
1048.333079   6.000000
1048.877228  13.000000
1049.421407  16.000000
1049.965615  10.000000
1050.509853  16.000000
1051.054121   6.000000
1051.598418   8.000000
1052.142744  12.000000
1052.687100   9.000000
1053.231486  13.000000
1053.775901  10.000000
1054.320346  10.000000
1054.864821  11.000000
1055.409325  10.000000
1055.953859  12.000000
1056.498422   9.000000
1057.043014   8.000000
1057.587637   9.000000
1058.132289  15.000000
1058.676970   6.000000
1059.221681  16.000000
1059.766422   6.000000
1060.311192   8.000000
1060.855992   6.000000
1061.400821   9.000000
1061.945680   9.000000
1062.490568   7.000000
1063.035487  13.000000
1063.580434   5.000000
1064.125411   5.000000
1064.670418   5.000000
1065.215454   7.000000
1065.760520   7.000000
1066.305616   7.000000
1066.850741  16.000000
1067.395895  10.000000
1067.941080  18.000000
1068.486293   9.000000
1069.031537  10.000000
1069.576810  10.000000
1070.122112  20.000000
1070.667444   5.000000
1071.212806  12.000000
1071.758197  11.000000
1072.303618  13.000000
1072.849068  15.000000
1073.394548  11.000000
1073.940057  11.000000
1074.485596  16.000000
1075.031165  11.000000
1075.576763  10.000000
1076.122391  13.000000
1076.668048   9.000000
1077.213735   5.000000
1077.759452  11.000000
1078.305198  11.000000
1078.850973  12.000000
1079.396779  13.000000
1079.942613   8.000000
1080.488478   6.000000
1081.034372  11.000000
1081.580295   8.000000
1082.126248   8.000000
1082.672231  12.000000
1083.218243  11.000000
1083.764285  12.000000
1084.310356   8.000000
1084.856457  10.000000
1085.402587  12.000000
1085.948747  13.000000
1086.494937   6.000000
1087.041156  11.000000
1087.587405   8.000000
1088.133683   8.000000
1088.679991   9.000000
1089.226329  10.000000
1089.772696   8.000000
1090.319092   8.000000
1090.865519  17.000000
1091.411974   8.000000
1091.958460   6.000000
1092.504975  10.000000
1093.051519   9.000000
1093.598093   8.000000
1094.144697  11.000000
1094.691330   8.000000
1095.237993   9.000000
1095.784685  15.000000
1096.331407  11.000000
1096.878158  17.000000
1097.424939  11.000000
1097.971750  11.000000
1098.518590  16.000000
1099.065460  16.000000
1099.612359  13.000000
1100.159288   8.000000
1100.706247  10.000000
1101.253235   8.000000
1101.800252  10.000000
1102.347299   6.000000
1102.894376  10.000000
1103.441483   9.000000
1103.988618  10.000000
1104.535784  12.000000
1105.082979  11.000000
1105.630204  14.000000
1106.177458  13.000000
1106.724742  12.000000
1107.272055  12.000000
1107.819398  11.000000
1108.366770   8.000000
1108.914172   8.000000
1109.461604  11.000000
1110.009065   5.000000
1110.556556   9.000000
1111.104076   8.000000
1111.651626  11.000000
1112.199206   8.000000
1112.746815  10.000000
1113.294453  10.000000
1113.842121   9.000000
1114.389819  16.000000
1114.937546   7.000000
1115.485303   9.000000
1116.033090   9.000000
1116.580906   8.000000
1117.128752  10.000000
1117.676627  13.000000
1118.224531  12.000000
1118.772466  10.000000
1119.320430   6.000000
1119.868423  12.000000
1120.416446   8.000000
1120.964499   6.000000
1121.512581   8.000000
1122.060693   9.000000
1122.608834  11.000000
1123.157005  11.000000
1123.705205  12.000000
1124.253435   6.000000
1124.801695  19.000000
1125.349984   9.000000
1125.898303  14.000000
1126.446651  13.000000
1126.995029  12.000000
1127.543437  17.000000
1128.091874  20.000000
1128.640340  12.000000
1129.188837  13.000000
1129.737362  13.000000
1130.285918  11.000000
1130.834503  11.000000
1131.383117  13.000000
1131.931761  10.000000
1132.480435  20.000000
1133.029138  15.000000
1133.577871   8.000000
1134.126633   8.000000
1134.675425   8.000000
1135.224246   9.000000
1135.773097  15.000000
1136.321978  14.000000
1136.870888  11.000000
1137.419828  10.000000
1137.968797   6.000000
1138.517796  14.000000
1139.066825   6.000000
1139.615883  16.000000
1140.164970   6.000000
1140.714087   6.000000
1141.263234  12.000000
1141.812411   7.000000
1142.361616   7.000000
1142.910852  11.000000
1143.460117  17.000000
1144.009412  14.000000
1144.558736  13.000000
1145.108090  10.000000
1145.657473  11.000000
1146.206886   9.000000
1146.756328   6.000000
1147.305800  13.000000
1147.855302  14.000000
1148.404833   9.000000
1148.954394  10.000000
1149.503984  25.000000
1150.053604   4.000000
1150.603254  11.000000
1151.152933  10.000000
1151.702641   8.000000
1152.252379  16.000000
1152.802147  15.000000
1153.351944   8.000000
1153.901771   7.000000
1154.451628  12.000000
1155.001514  10.000000
1155.551429   8.000000
1156.101375   6.000000
1156.651349   8.000000
1157.201354   7.000000
1157.751388  14.000000
1158.301451  12.000000
1158.851544   9.000000
1159.401667  12.000000
1159.951819  11.000000
1160.502001  13.000000
1161.052212   8.000000
1161.602453   6.000000
1162.152723  12.000000
1162.703023  10.000000
1163.253353  11.000000
1163.803712   9.000000
1164.354101   5.000000
1164.904519   9.000000
1165.454967  10.000000
1166.005445  13.000000
1166.555952  12.000000
1167.106488  10.000000
1167.657054  11.000000
1168.207650   7.000000
1168.758276  12.000000
1169.308930  10.000000
1169.859615  10.000000
1170.410329   7.000000
1170.961073   4.000000
1171.511846   6.000000
1172.062649   9.000000
1172.613481  12.000000
1173.164343  10.000000
1173.715234  11.000000
1174.266155   8.000000
1174.817106   7.000000
1175.368086  16.000000
1175.919096  11.000000
1176.470135   8.000000
1177.021204  11.000000
1177.572303   3.000000
1178.123431   7.000000
1178.674588  10.000000
1179.225775   9.000000
1179.776992   7.000000
1180.328238  10.000000
1180.879514  11.000000
1181.430820   4.000000
1181.982155  11.000000
1182.533519   3.000000
1183.084914  11.000000
1183.636337  15.000000
1184.187791  11.000000
1184.739274   7.000000
1185.290786   9.000000
1185.842328  13.000000
1186.393900   9.000000
1186.945501   6.000000
1187.497132  13.000000
1188.048792   7.000000
1188.600482   8.000000
1189.152201   5.000000
1189.703950  10.000000
1190.255729   9.000000
1190.807537   7.000000
1191.359375   7.000000
1191.911242  16.000000
1192.463139  10.000000
1193.015066   4.000000
1193.567022   6.000000
1194.119007   5.000000
1194.671022  10.000000
1195.223067  13.000000
1195.775142  12.000000
1196.327245  11.000000
1196.879379  11.000000
1197.431542   6.000000
1197.983735  10.000000
1198.535957   8.000000
1199.088208   7.000000
1199.640490   7.000000
1200.192801   9.000000
1200.745141   4.000000
1201.297511   6.000000
1201.849911   7.000000
1202.402340  14.000000
1202.954799   9.000000
1203.507287   8.000000
1204.059805   8.000000
1204.612352  10.000000
1205.164929  11.000000
1205.717536   9.000000
1206.270172   8.000000
1206.822838   8.000000
1207.375533   3.000000
1207.928258   9.000000
1208.481013   8.000000
1209.033797   8.000000
1209.586610   5.000000
1210.139454   5.000000
1210.692326   6.000000
1211.245229  11.000000
1211.798160   7.000000
1212.351122   9.000000
1212.904113  10.000000
1213.457134  13.000000
1214.010184   6.000000
1214.563264  10.000000
1215.116373   6.000000
1215.669512   5.000000
1216.222680  10.000000
1216.775878   7.000000
1217.329106   8.000000
1217.882363   8.000000
1218.435650   6.000000
1218.988966   4.000000
1219.542312   9.000000
1220.095687   6.000000
1220.649093   9.000000
1221.202527   4.000000
1221.755991   4.000000
1222.309485   8.000000
1222.863008   5.000000
1223.416561  13.000000
1223.970144  10.000000
1224.523756  10.000000
1225.077397   7.000000
1225.631069   5.000000
1226.184769  11.000000
1226.738500   2.000000
1227.292260  14.000000
1227.846049   5.000000
1228.399868   5.000000
1228.953717   7.000000
1229.507595  10.000000
1230.061503   7.000000
1230.615440  10.000000
1231.169407   9.000000
1231.723403   5.000000
1232.277429  12.000000
1232.831485   2.000000
1233.385570   6.000000
1233.939685   9.000000
1234.493829   8.000000
1235.048003  10.000000
1235.602207  10.000000
1236.156440   9.000000
1236.710702   7.000000
1237.264994  10.000000
1237.819316   8.000000
1238.373667   5.000000
1238.928048   7.000000
1239.482459   7.000000
1240.036899   4.000000
1240.591368   4.000000
1241.145868   7.000000
1241.700396  13.000000
1242.254955   7.000000
1242.809543   7.000000
1243.364160   3.000000
1243.918807   6.000000
1244.473484   6.000000
1245.028190  16.000000
1245.582926  15.000000
1246.137691   7.000000
1246.692486   2.000000
1247.247310   3.000000
1247.802164  10.000000
1248.357048   3.000000
1248.911961   5.000000
1249.466904   7.000000
1250.021876   6.000000
1250.576878   5.000000
1251.131910   4.000000
1251.686971   7.000000
1252.242061   8.000000
1252.797181  12.000000
1253.352331   6.000000
1253.907510   8.000000
1254.462719  12.000000
1255.017958   1.000000
1255.573226   5.000000
1256.128523   7.000000
1256.683851   5.000000
1257.239207   9.000000
1257.794594  10.000000
1258.350010   5.000000
1258.905455  12.000000
1259.460930   8.000000
1260.016435   7.000000
1260.571969   9.000000
1261.127533   8.000000
1261.683126   5.000000
1262.238749  12.000000
1262.794401   4.000000
1263.350083   3.000000
1263.905795   3.000000
1264.461536   4.000000
1265.017307   7.000000
1265.573107   4.000000
1266.128937   5.000000
1266.684797   5.000000
1267.240686   9.000000
1267.796604   4.000000
1268.352552   4.000000
1268.908530   8.000000
1269.464537   9.000000
1270.020574   4.000000
1270.576641   9.000000
1271.132737   7.000000
1271.688862  12.000000
1272.245018  11.000000
1272.801202   7.000000
1273.357417   7.000000
1273.913661   5.000000
1274.469934   3.000000
1275.026237  10.000000
1275.582570   4.000000
1276.138932   6.000000
1276.695324   7.000000
1277.251745   7.000000
1277.808196   9.000000
1278.364676   2.000000
1278.921186  12.000000
1279.477726   7.000000
1280.034295   8.000000
1280.590894   8.000000
1281.147522   5.000000
1281.704180   5.000000
1282.260868   7.000000
1282.817585   6.000000
1283.374331   9.000000
1283.931107   6.000000
1284.487913   6.000000
1285.044748   7.000000
1285.601613   6.000000
1286.158508   4.000000
1286.715432   6.000000
1287.272385   7.000000
1287.829369   3.000000
1288.386381   7.000000
1288.943424   6.000000
1289.500496   8.000000
1290.057597   6.000000
1290.614728   4.000000
1291.171889   2.000000
1291.729079   2.000000
1292.286299   4.000000
1292.843548   4.000000
1293.400827   5.000000
1293.958135   6.000000
1294.515473   6.000000
1295.072841   6.000000
1295.630238   4.000000
1296.187665   6.000000
1296.745121   5.000000
1297.302607   6.000000
1297.860122   8.000000
1298.417668   8.000000
1298.975242   8.000000
1299.532846   6.000000
1300.090480   6.000000
1300.648143   4.000000
1301.205836   4.000000
1301.763559   2.000000
1302.321311   5.000000
1302.879092  10.000000
1303.436904   2.000000
1303.994744   5.000000
1304.552615   9.000000
1305.110515   4.000000
1305.668444   3.000000
1306.226403   7.000000
1306.784392   3.000000
1307.342410   3.000000
1307.900458   1.000000
1308.458535   1.000000
1309.016642   3.000000
1309.574778  11.000000
1310.132944   8.000000
1310.691140  10.000000
1311.249365   5.000000
1311.807620   1.000000
1312.365904   5.000000
1312.924218   4.000000
1313.482561   6.000000
1314.040934   4.000000
1314.599337   3.000000
1315.157769   2.000000
1315.716231   4.000000
1316.274722   4.000000
1316.833243   5.000000
1317.391794   3.000000
1317.950374   2.000000
1318.508983   6.000000
1319.067622   2.000000
1319.626291   4.000000
1320.184990   8.000000
1320.743717   3.000000
1321.302475   4.000000
1321.861262  10.000000
1322.420079   5.000000
1322.978925   6.000000
1323.537800   4.000000
1324.096706   4.000000
1324.655641   5.000000
1325.214605   5.000000
1325.773599   2.000000
1326.332623   3.000000
1326.891676   4.000000
1327.450759   6.000000
1328.009871   6.000000
1328.569013   2.000000
1329.128184   2.000000
1329.687385   6.000000
1330.246616   4.000000
1330.805876   5.000000
1331.365166   8.000000
1331.924485   2.000000
1332.483834   4.000000
1333.043213   5.000000
1333.602621   3.000000
1334.162058   3.000000
1334.721525   1.000000
1335.281022   6.000000
1335.840548   1.000000
1336.400104   2.000000
1336.959690   4.000000
1337.519305   4.000000
1338.078949   5.000000
1338.638624   4.000000
1339.198327   3.000000
1339.758061   5.000000
1340.317824   4.000000
1340.877616   2.000000
1341.437438   3.000000
1341.997290   4.000000
1342.557171   7.000000
1343.117082   4.000000
1343.677022   5.000000
1344.236992   8.000000
1344.796991   7.000000
1345.357020   3.000000
1345.917079   4.000000
1346.477167   1.000000
1347.037285   6.000000
1347.597432   6.000000
1348.157609   3.000000
1348.717815   4.000000
1349.278051   1.000000
1349.838317   3.000000
1350.398612   5.000000
1350.958937   1.000000
1351.519291   7.000000
1352.079675   0.000000
1352.640089   6.000000
1353.200532   4.000000
1353.761004   7.000000
1354.321506   2.000000
1354.882038   4.000000
1355.442600   7.000000
1356.003190   4.000000
1356.563811   6.000000
1357.124461   7.000000
1357.685141   1.000000
1358.245850   2.000000
1358.806588   4.000000
1359.367357   4.000000
1359.928155   6.000000
1360.488982   5.000000
1361.049839   6.000000
1361.610726   3.000000
1362.171642   2.000000
1362.732588   3.000000
1363.293563   3.000000
1363.854568   8.000000
1364.415602   6.000000
1364.976666  10.000000
1365.537760   4.000000
1366.098883   6.000000
1366.660036   6.000000
1367.221218   5.000000
1367.782430   3.000000
1368.343672   3.000000
1368.904943   3.000000
1369.466243   1.000000
1370.027573   2.000000
1370.588933   3.000000
1371.150322   0.000000
1371.711741   5.000000
1372.273190   2.000000
1372.834668   1.000000
1373.396175   5.000000
1373.957713   3.000000
1374.519279   3.000000
1375.080876   4.000000
1375.642501   3.000000
1376.204157   3.000000
1376.765842   3.000000
1377.327557   5.000000
1377.889301   7.000000
1378.451074   3.000000
1379.012878   3.000000
1379.574711   7.000000
1380.136573   5.000000
1380.698465   5.000000
1381.260387   6.000000
1381.822338   4.000000
1382.384319   6.000000
1382.946329   4.000000
1383.508369   4.000000
1384.070438   7.000000
1384.632537   3.000000
1385.194666   4.000000
1385.756824   8.000000
1386.319012   4.000000
1386.881229   4.000000
1387.443476   7.000000
1388.005753   6.000000
1388.568059   2.000000
1389.130394   8.000000
1389.692759   4.000000
1390.255154   5.000000
1390.817578   5.000000
1391.380032   3.000000
1391.942516   3.000000
1392.505029   2.000000
1393.067571   8.000000
1393.630144   5.000000
1394.192745   6.000000
1394.755377   7.000000
1395.318037   5.000000
1395.880728   2.000000
1396.443448   6.000000
1397.006198   4.000000
1397.568977   9.000000
1398.131785  10.000000
1398.694624  10.000000
1399.257492   1.000000
1399.820389   5.000000
1400.383316   4.000000
1400.946273   6.000000
1401.509259   6.000000
1402.072275   7.000000
1402.635320   4.000000
1403.198395   7.000000
1403.761499   6.000000
1404.324633   6.000000
1404.887797   3.000000
1405.450990   7.000000
1406.014213  13.000000
1406.577465   7.000000
1407.140747   4.000000
1407.704059   5.000000
1408.267400   5.000000
1408.830770   6.000000
1409.394170  10.000000
1409.957600   9.000000
1410.521059  11.000000
1411.084548   6.000000
1411.648067   8.000000
1412.211615   5.000000
1412.775192   9.000000
1413.338800   9.000000
1413.902436   7.000000
1414.466103  13.000000
1415.029798  14.000000
1415.593524   7.000000
1416.157279   9.000000
1416.721064  11.000000
1417.284878   7.000000
1417.848721  11.000000
1418.412595   4.000000
1418.976498  15.000000
1419.540430   4.000000
1420.104392   9.000000
1420.668384   9.000000
1421.232405   3.000000
1421.796456  12.000000
1422.360536   8.000000
1422.924646  14.000000
1423.488785  11.000000
1424.052954   9.000000
1424.617153   5.000000
1425.181381  12.000000
1425.745639   9.000000
1426.309926  10.000000
1426.874243  10.000000
1427.438590  11.000000
1428.002966  12.000000
1428.567371   9.000000
1429.131806  15.000000
1429.696271  14.000000
1430.260765  11.000000
1430.825289  13.000000
1431.389843  15.000000
1431.954426   6.000000
1432.519038  17.000000
1433.083681  13.000000
1433.648352  10.000000
1434.213054   9.000000
1434.777784  14.000000
1435.342545  16.000000
1435.907335  13.000000
1436.472155  14.000000
1437.037004  10.000000
1437.601882  19.000000
1438.166791  17.000000
1438.731729  13.000000
1439.296696  16.000000
1439.861693  21.000000
1440.426720  15.000000
1440.991776  15.000000
1441.556862  19.000000
1442.121977  11.000000
1442.687122  15.000000
1443.252296  18.000000
1443.817500  12.000000
1444.382734  15.000000
1444.947997  17.000000
1445.513290  17.000000
1446.078612  17.000000
1446.643964  10.000000
1447.209345  19.000000
1447.774756  18.000000
1448.340197   8.000000
1448.905667  10.000000
1449.471167  13.000000
1450.036696  17.000000
1450.602255  11.000000
1451.167844  15.000000
1451.733462  17.000000
1452.299109  25.000000
1452.864786  17.000000
1453.430493  14.000000
1453.996229  17.000000
1454.561995  21.000000
1455.127791  16.000000
1455.693616  23.000000
1456.259470  12.000000
1456.825355  17.000000
1457.391268  16.000000
1457.957212  22.000000
1458.523185  17.000000
1459.089187  25.000000
1459.655219  17.000000
1460.221281  16.000000
1460.787372  13.000000
1461.353493  19.000000
1461.919643  18.000000
1462.485823  15.000000
1463.052032  21.000000
1463.618271  15.000000
1464.184540  23.000000
1464.750838  25.000000
1465.317166  13.000000
1465.883523  22.000000
1466.449910  17.000000
1467.016326  21.000000
1467.582772  19.000000
1468.149248  21.000000
1468.715753  16.000000
1469.282288  12.000000
1469.848852  22.000000
1470.415446  15.000000
1470.982070  23.000000
1471.548723  24.000000
1472.115405  20.000000
1472.682117  23.000000
1473.248859  17.000000
1473.815630  14.000000
1474.382431  17.000000
1474.949262  11.000000
1475.516122  19.000000
1476.083011  14.000000
1476.649930  21.000000
1477.216879  20.000000
1477.783858  19.000000
1478.350865  17.000000
1478.917903   6.000000
1479.484970  16.000000
1480.052066  24.000000
1480.619193  17.000000
1481.186348  11.000000
1481.753534  15.000000
1482.320749  13.000000
1482.887993  16.000000
1483.455267  13.000000
1484.022571  15.000000
1484.589904  15.000000
1485.157267  11.000000
1485.724659   9.000000
1486.292081  15.000000
1486.859532  25.000000
1487.427013  10.000000
1487.994524  12.000000
1488.562064  15.000000
1489.129634  10.000000
1489.697233  10.000000
1490.264862  10.000000
1490.832520   8.000000
1491.400208  14.000000
1491.967926  13.000000
1492.535673  11.000000
1493.103450  17.000000
1493.671256  15.000000
1494.239092  13.000000
1494.806958  11.000000
1495.374853   8.000000
1495.942777  12.000000
1496.510731   6.000000
1497.078715   9.000000
1497.646728  12.000000
1498.214771  15.000000
1498.782844  10.000000
1499.350946  12.000000
1499.919077   6.000000
1500.487238   6.000000
1501.055429   8.000000
1501.623650   7.000000
1502.191899  15.000000
1502.760179   6.000000
1503.328488  15.000000
1503.896826   9.000000
1504.465195   5.000000
1505.033592   5.000000
1505.602020   5.000000
1506.170477   9.000000
1506.738963  13.000000
1507.307479   1.000000
1507.876025   7.000000
1508.444600   9.000000
1509.013205   6.000000
1509.581839   8.000000
1510.150503   4.000000
1510.719196   6.000000
1511.287919   5.000000
1511.856672   7.000000
1512.425454   7.000000
1512.994266   7.000000
1513.563107   7.000000
1514.131978   5.000000
1514.700878   5.000000
1515.269808   8.000000
1515.838768   4.000000
1516.407757   4.000000
1516.976776   7.000000
1517.545824   4.000000
1518.114902   4.000000
1518.684010   5.000000
1519.253147   6.000000
1519.822313   3.000000
1520.391509  12.000000
1520.960735   4.000000
1521.529990   9.000000
1522.099275   7.000000
1522.668590   5.000000
1523.237934   7.000000
1523.807307   5.000000
1524.376710   4.000000
1524.946143   3.000000
1525.515605   5.000000
1526.085097   2.000000
1526.654619   3.000000
1527.224170   6.000000
1527.793750   3.000000
1528.363361   4.000000
1528.933000   3.000000
1529.502670   4.000000
1530.072369   3.000000
1530.642097   7.000000
1531.211855   5.000000
1531.781643   5.000000
1532.351460   3.000000
1532.921306   7.000000
1533.491183   4.000000
1534.061089   2.000000
1534.631024   1.000000
1535.200989   2.000000
1535.770984   1.000000
1536.341008   2.000000
1536.911062   3.000000
1537.481145   3.000000
1538.051258   3.000000
1538.621400   3.000000
1539.191572   3.000000
1539.761774   4.000000
1540.332005   2.000000
1540.902266   1.000000
1541.472556   7.000000
1542.042876   3.000000
1542.613225   5.000000
1543.183604   1.000000
1543.754013   3.000000
1544.324451   4.000000
1544.894919   4.000000
1545.465416   1.000000
1546.035943   4.000000
1546.606500   0.000000
1547.177086   5.000000
1547.747701   5.000000
1548.318346   3.000000
1548.889021   1.000000
1549.459725   3.000000
1550.030459   3.000000
1550.601223   4.000000
1551.172016   2.000000
1551.742838   1.000000
1552.313691   3.000000
1552.884572   2.000000
1553.455484   3.000000
1554.026424   3.000000
1554.597395   5.000000
1555.168395   1.000000
1555.739424   5.000000
1556.310484   5.000000
1556.881572   5.000000
1557.452691   3.000000
1558.023839   1.000000
1558.595016   5.000000
1559.166223   3.000000
1559.737460   4.000000
1560.308726   5.000000
1560.880022   1.000000
1561.451347   0.000000
1562.022702   1.000000
1562.594086   3.000000
1563.165500   4.000000
1563.736944   1.000000
1564.308417   2.000000
1564.879920   2.000000
1565.451452   2.000000
1566.023014   3.000000
1566.594605   4.000000
1567.166226   4.000000
1567.737877   8.000000
1568.309557   3.000000
1568.881267   2.000000
1569.453006   6.000000
1570.024775   3.000000
1570.596573   3.000000
1571.168401   3.000000
1571.740259   2.000000
1572.312146   5.000000
1572.884063   2.000000
1573.456009   6.000000
1574.027985   5.000000
1574.599991   2.000000
1575.172026   3.000000
1575.744090   3.000000
1576.316184   4.000000
1576.888308   1.000000
1577.460461   1.000000
1578.032644   4.000000
1578.604857   2.000000
1579.177099   2.000000
1579.749370   4.000000
1580.321671   3.000000
1580.894002   2.000000
1581.466363   2.000000
1582.038752   7.000000
1582.611172   1.000000
1583.183621   4.000000
1583.756099   3.000000
1584.328608   3.000000
1584.901145   2.000000
1585.473713   3.000000
1586.046310   2.000000
1586.618936   2.000000
1587.191592   2.000000
1587.764278   2.000000
1588.336993   1.000000
1588.909737   6.000000
1589.482512   4.000000
1590.055316   7.000000
1590.628149   3.000000
1591.201012   3.000000
1591.773905   2.000000
1592.346827   8.000000
1592.919779   2.000000
1593.492760   4.000000
1594.065771   5.000000
1594.638811   2.000000
1595.211881   4.000000
1595.784981   1.000000
1596.358110   5.000000
1596.931269   2.000000
1597.504457   2.000000
1598.077675   4.000000
1598.650922   1.000000
1599.224199   1.000000
1599.797506   6.000000
1600.370842   2.000000
1600.944208   2.000000
1601.517603   3.000000
1602.091028   3.000000
1602.664483   4.000000
1603.237967   9.000000
1603.811480   1.000000
1604.385023   3.000000
1604.958596   2.000000
1605.532198   4.000000
1606.105830   4.000000
1606.679492   2.000000
1607.253183   2.000000
1607.826903   2.000000
1608.400653   2.000000
1608.974433   2.000000
1609.548242   5.000000
1610.122081   3.000000
1610.695950   3.000000
1611.269848   3.000000
1611.843775   3.000000
1612.417733   1.000000
1612.991719   2.000000
1613.565736   2.000000
1614.139781   1.000000
1614.713857   2.000000
1615.287962   2.000000
1615.862097   1.000000
1616.436261   4.000000
1617.010454   4.000000
1617.584678   5.000000
1618.158931   4.000000
1618.733213   4.000000
1619.307525   2.000000
1619.881867   4.000000
1620.456238   5.000000
1621.030639   3.000000
1621.605069   7.000000
1622.179529   0.000000
1622.754018   7.000000
1623.328537   5.000000
1623.903086   1.000000
1624.477664   2.000000
1625.052272   1.000000
1625.626909   2.000000
1626.201576   0.000000
1626.776272   0.000000
1627.350998   3.000000
1627.925754   9.000000
1628.500539   2.000000
1629.075354   3.000000
1629.650198   3.000000
1630.225072   3.000000
1630.799975   1.000000
1631.374908   0.000000
1631.949871   2.000000
1632.524863   1.000000
1633.099885   3.000000
1633.674936   2.000000
1634.250017   2.000000
1634.825127   3.000000
1635.400268   2.000000
1635.975437   2.000000
1636.550636   0.000000
1637.125865   2.000000
1637.701123   2.000000
1638.276411   0.000000
1638.851729   2.000000
1639.427076   1.000000
1640.002452   2.000000
1640.577858   2.000000
1641.153294   1.000000
1641.728759   2.000000
1642.304254   3.000000
1642.879779   1.000000
1643.455333   1.000000
1644.030916   0.000000
1644.606529   2.000000
1645.182172   1.000000
1645.757845   1.000000
1646.333546   3.000000
1646.909278   3.000000
1647.485039   5.000000
1648.060829   0.000000
1648.636650   0.000000
1649.212499   0.000000
1649.788379   2.000000
1650.364288   2.000000
1650.940226   3.000000
1651.516194   2.000000
1652.092192   1.000000
1652.668219   4.000000
1653.244275   2.000000
1653.820362   2.000000
1654.396478   4.000000
1654.972623   4.000000
1655.548798   1.000000
1656.125003   1.000000
1656.701237   4.000000
1657.277501   1.000000
1657.853794   3.000000
1658.430117   1.000000
1659.006469   2.000000
1659.582851   2.000000
1660.159263   4.000000
1660.735704   4.000000
1661.312175   0.000000
1661.888675   0.000000
1662.465205   1.000000
1663.041764   0.000000
1663.618353   1.000000
1664.194972   2.000000
1664.771620   3.000000
1665.348298   2.000000
1665.925005   2.000000
1666.501742   1.000000
1667.078508   2.000000
1667.655304   3.000000
1668.232130   1.000000
1668.808985   0.000000
1669.385870   2.000000
1669.962784   3.000000
1670.539728   1.000000
1671.116701   2.000000
1671.693705   1.000000
1672.270737   0.000000
1672.847799   3.000000
1673.424891   0.000000
1674.002012   3.000000
1674.579163   2.000000
1675.156344   1.000000
1675.733554   1.000000
1676.310793   2.000000
1676.888062   2.000000
1677.465361   3.000000
1678.042689   2.000000
1678.620047   2.000000
1679.197435   1.000000
1679.774852   3.000000
1680.352298   1.000000
1680.929774   0.000000
1681.507280   4.000000
1682.084815   0.000000
1682.662380   3.000000
1683.239975   2.000000
1683.817599   2.000000
1684.395252   0.000000
1684.972936   1.000000
1685.550648   2.000000
1686.128391   2.000000
1686.706162   2.000000
1687.283964   0.000000
1687.861795   8.000000
1688.439655   1.000000
1689.017546   0.000000
1689.595465   3.000000
1690.173415   2.000000
1690.751394   1.000000
1691.329402   2.000000
1691.907440   3.000000
1692.485508   2.000000
1693.063605   1.000000
1693.641731   2.000000
1694.219888   0.000000
1694.798074   1.000000
1695.376289   2.000000
1695.954534   2.000000
1696.532809   1.000000
1697.111113   0.000000
1697.689447   3.000000
1698.267810   2.000000
1698.846203   1.000000
1699.424625   0.000000
1700.003077   2.000000
1700.581559   2.000000
1701.160070   0.000000
1701.738611   4.000000
1702.317181   0.000000
1702.895781   1.000000
1703.474410   1.000000
1704.053069   2.000000
1704.631758   1.000000
1705.210476   2.000000
1705.789224   5.000000
1706.368001   1.000000
1706.946808   3.000000
1707.525644   4.000000
1708.104510   0.000000
1708.683406   2.000000
1709.262331   2.000000
1709.841286   0.000000
1710.420270   2.000000
1710.999284   2.000000
1711.578327   3.000000
1712.157400   2.000000
1712.736503   4.000000
1713.315635   1.000000
1713.894797   3.000000
1714.473988   6.000000
1715.053209   1.000000
1715.632460   4.000000
1716.211740   1.000000
1716.791049   3.000000
1717.370388   2.000000
1717.949757   0.000000
1718.529155   2.000000
1719.108583   3.000000
1719.688041   4.000000
1720.267528   4.000000
1720.847044   4.000000
1721.426590   1.000000
1722.006166   1.000000
1722.585771   2.000000
1723.165406   0.000000
1723.745071   2.000000
1724.324765   2.000000
1724.904488   0.000000
1725.484241   0.000000
1726.064024   1.000000
1726.643837   1.000000
1727.223678   0.000000
1727.803550   1.000000
1728.383451   1.000000
1728.963381   3.000000
1729.543342   3.000000
1730.123331   2.000000
1730.703351   2.000000
1731.283399   0.000000
1731.863478   2.000000
1732.443586   1.000000
1733.023723   0.000000
1733.603891   1.000000
1734.184087   3.000000
1734.764314   2.000000
1735.344570   0.000000
1735.924855   5.000000
1736.505170   5.000000
1737.085515   2.000000
1737.665889   4.000000
1738.246292   1.000000
1738.826726   1.000000
1739.407189   0.000000
1739.987681   3.000000
1740.568203   2.000000
1741.148755   1.000000
1741.729336   2.000000
1742.309947   2.000000
1742.890587   2.000000
1743.471257   2.000000
1744.051956   0.000000
1744.632685   1.000000
1745.213444   2.000000
1745.794232   1.000000
1746.375050   3.000000
1746.955897   1.000000
1747.536774   2.000000
1748.117680   1.000000
1748.698616   3.000000
1749.279582   2.000000
1749.860577   3.000000
1750.441602   2.000000
1751.022656   1.000000
1751.603740   2.000000
1752.184853   3.000000
1752.765996   3.000000
1753.347169   1.000000
1753.928371   3.000000
1754.509603   3.000000
1755.090864   0.000000
1755.672155   2.000000
1756.253475   4.000000
1756.834825   4.000000
1757.416205   4.000000
1757.997614   2.000000
1758.579053   2.000000
1759.160521   1.000000
1759.742019   4.000000
1760.323546   1.000000
1760.905103   6.000000
1761.486690   2.000000
1762.068306   3.000000
1762.649952   5.000000
1763.231627   3.000000
1763.813332   2.000000
1764.395067   5.000000
1764.976831   2.000000
1765.558624   3.000000
1766.140447   3.000000
1766.722300   1.000000
1767.304182   2.000000
1767.886094   2.000000
1768.468036   4.000000
1769.050007   2.000000
1769.632007   3.000000
1770.214037   3.000000
1770.796097   1.000000
1771.378186   4.000000
1771.960305   5.000000
1772.542454   3.000000
1773.124632   4.000000
1773.706839   1.000000
1774.289076   3.000000
1774.871343   2.000000
1775.453639   1.000000
1776.035965   1.000000
1776.618321   3.000000
1777.200706   3.000000
1777.783120   5.000000
1778.365564   1.000000
1778.948038   3.000000
1779.530541   2.000000
1780.113074   2.000000
1780.695637   2.000000
1781.278229   2.000000
1781.860850   0.000000
1782.443502   6.000000
1783.026182   2.000000
1783.608893   1.000000
1784.191632   0.000000
1784.774402   0.000000
1785.357201   0.000000
1785.940029   4.000000
1786.522888   1.000000
1787.105775   1.000000
1787.688693   2.000000
1788.271639   1.000000
1788.854616   1.000000
1789.437622   3.000000
1790.020658   2.000000
1790.603723   1.000000
1791.186817   2.000000
1791.769942   1.000000
1792.353096   2.000000
1792.936279   1.000000
1793.519492   2.000000
1794.102735   3.000000
1794.686007   4.000000
1795.269308   2.000000
1795.852640   0.000000
1796.436001   3.000000
1797.019391   2.000000
1797.602811   0.000000
1798.186261   1.000000
1798.769740   1.000000
1799.353249   2.000000
1799.936787   1.000000
1800.520355   3.000000
1801.103952   3.000000
1801.687579   3.000000
1802.271236   1.000000
1802.854922   2.000000
1803.438638   2.000000
1804.022383   1.000000
1804.606158   4.000000
1805.189962   1.000000
1805.773796   2.000000
1806.357660   4.000000
1806.941553   4.000000
1807.525476   1.000000
1808.109428   1.000000
1808.693410   1.000000
1809.277421   1.000000
1809.861462   0.000000
1810.445533   1.000000
1811.029633   0.000000
1811.613763   2.000000
1812.197922   1.000000
1812.782111   6.000000
1813.366329   1.000000
1813.950577   5.000000
1814.534855   0.000000
1815.119162   1.000000
1815.703499   2.000000
1816.287865   1.000000
1816.872261   3.000000
1817.456686   3.000000
1818.041141   1.000000
1818.625626   2.000000
1819.210140   2.000000
1819.794684   2.000000
1820.379257   1.000000
1820.963860   1.000000
1821.548492   3.000000
1822.133154   1.000000
1822.717846   3.000000
1823.302567   1.000000
1823.887318   0.000000
1824.472098   3.000000
1825.056908   0.000000
1825.641747   2.000000
1826.226616   3.000000
1826.811515   2.000000
1827.396443   1.000000
1827.981401   4.000000
1828.566388   1.000000
1829.151405   3.000000
1829.736451   1.000000
1830.321528   1.000000
1830.906633   0.000000
1831.491768   0.000000
1832.076933   2.000000
1832.662127   2.000000
1833.247351   0.000000
1833.832605   2.000000
1834.417888   3.000000
1835.003200   2.000000
1835.588542   1.000000
1836.173914   0.000000
1836.759315   4.000000
1837.344746   4.000000
1837.930207   2.000000
1838.515697   1.000000
1839.101216   0.000000
1839.686765   0.000000
1840.272344   1.000000
1840.857952   0.000000
1841.443590   1.000000
1842.029258   3.000000
1842.614955   1.000000
1843.200681   0.000000
1843.786437   3.000000
1844.372223   2.000000
1844.958038   1.000000
1845.543883   3.000000
1846.129758   1.000000
1846.715662   1.000000
1847.301595   1.000000
1847.887558   0.000000
1848.473551   1.000000
1849.059573   3.000000
1849.645625   1.000000
1850.231707   0.000000
1850.817818   2.000000
1851.403958   1.000000
1851.990128   3.000000
1852.576328   1.000000
1853.162557   0.000000
1853.748816   0.000000
1854.335105   0.000000
1854.921423   1.000000
1855.507770   2.000000
1856.094148   1.000000
1856.680554   0.000000
1857.266991   0.000000
1857.853456   0.000000
1858.439952   1.000000
1859.026477   1.000000
1859.613031   0.000000
1860.199616   2.000000
1860.786229   1.000000
1861.372873   2.000000
1861.959545   2.000000
1862.546248   1.000000
1863.132980   2.000000
1863.719741   1.000000
1864.306533   0.000000
1864.893353   1.000000
1865.480204   2.000000
1866.067083   0.000000
1866.653993   1.000000
1867.240932   1.000000
1867.827900   0.000000
1868.414899   2.000000
1869.001926   0.000000
1869.588984   2.000000
1870.176070   1.000000
1870.763187   1.000000
1871.350333   1.000000
1871.937509   3.000000
1872.524714   2.000000
1873.111948   0.000000
1873.699213   1.000000
1874.286507   0.000000
1874.873830   1.000000
1875.461183   1.000000
1876.048566   3.000000
1876.635978   1.000000
1877.223419   1.000000
1877.810891   0.000000
1878.398392   2.000000
1878.985922   1.000000
1879.573482   0.000000
1880.161072   1.000000
1880.748691   0.000000
1881.336339   0.000000
1881.924018   0.000000
1882.511726   1.000000
1883.099463   3.000000
1883.687230   1.000000
1884.275027   1.000000
1884.862853   1.000000
1885.450708   2.000000
1886.038594   0.000000
1886.626509   3.000000
1887.214453   2.000000
1887.802427   1.000000
1888.390431   1.000000
1888.978464   0.000000
1889.566527   0.000000
1890.154619   2.000000
1890.742741   1.000000
1891.330892   2.000000
1891.919073   2.000000
1892.507284   1.000000
1893.095524   1.000000
1893.683794   1.000000
1894.272093   2.000000
1894.860422   2.000000
1895.448780   1.000000
1896.037168   5.000000
1896.625586   1.000000
1897.214033   1.000000
1897.802510   2.000000
1898.391016   1.000000
1898.979552   2.000000
1899.568117   1.000000
1900.156712   2.000000
1900.745337   0.000000
1901.333991   1.000000
1901.922675   0.000000
1902.511388   0.000000
1903.100131   0.000000
1903.688903   3.000000
1904.277705   1.000000
1904.866537   1.000000
1905.455398   1.000000
1906.044289   1.000000
1906.633209   2.000000
1907.222159   0.000000
1907.811138   0.000000
1908.400147   2.000000
1908.989186   1.000000
1909.578254   1.000000
1910.167352   0.000000
1910.756479   1.000000
1911.345636   3.000000
1911.934822   0.000000
1912.524038   1.000000
1913.113284   2.000000
1913.702559   3.000000
1914.291864   2.000000
1914.881198   0.000000
1915.470562   2.000000
1916.059955   1.000000
1916.649378   0.000000
1917.238831   1.000000
1917.828313   1.000000
1918.417825   3.000000
1919.007366   1.000000
1919.596937   1.000000
1920.186537   0.000000
1920.776167   0.000000
1921.365827   0.000000
1921.955516   1.000000
1922.545235   0.000000
1923.134983   2.000000
1923.724761   2.000000
1924.314568   3.000000
1924.904405   3.000000
1925.494272   0.000000
1926.084168   2.000000
1926.674094   0.000000
1927.264049   1.000000
1927.854034   2.000000
1928.444048   0.000000
1929.034092   1.000000
1929.624166   3.000000
1930.214269   1.000000
1930.804402   1.000000
1931.394564   1.000000
1931.984756   2.000000
1932.574977   0.000000
1933.165228   4.000000
1933.755509   2.000000
1934.345819   0.000000
1934.936159   2.000000
1935.526528   0.000000
1936.116927   5.000000
1936.707355   2.000000
1937.297813   1.000000
1937.888301   2.000000
1938.478818   1.000000
1939.069365   1.000000
1939.659941   5.000000
1940.250547   0.000000
1940.841182   2.000000
1941.431847   2.000000
1942.022542   1.000000
1942.613266   1.000000
1943.204020   1.000000
1943.794803   1.000000
1944.385616   0.000000
1944.976458   1.000000
1945.567330   2.000000
1946.158232   2.000000
1946.749163   0.000000
1947.340124   0.000000
1947.931114   0.000000
1948.522134   0.000000
1949.113183   1.000000
1949.704262   3.000000
1950.295371   1.000000
1950.886509   0.000000
1951.477677   1.000000
1952.068874   2.000000
1952.660101   2.000000
1953.251357   0.000000
1953.842643   1.000000
1954.433959   1.000000
1955.025304   0.000000
1955.616679   2.000000
1956.208083   3.000000
1956.799517   0.000000
1957.390980   1.000000
1957.982473   0.000000
1958.573996   2.000000
1959.165548   1.000000
1959.757130   1.000000
1960.348741   0.000000
1960.940382   0.000000
1961.532052   1.000000
1962.123752   0.000000
1962.715482   0.000000
1963.307241   0.000000
1963.899030   1.000000
1964.490848   0.000000
1965.082696   1.000000
1965.674573   0.000000
1966.266480   1.000000
1966.858417   0.000000
1967.450383   1.000000
1968.042379   1.000000
1968.634404   0.000000
1969.226459   2.000000
1969.818543   1.000000
1970.410657   0.000000
1971.002801   0.000000
1971.594974   0.000000
1972.187177   1.000000
1972.779409   1.000000
1973.371671   2.000000
1973.963962   0.000000
1974.556283   2.000000
1975.148634   0.000000
1975.741014   1.000000
1976.333424   3.000000
1976.925863   2.000000
1977.518332   0.000000
1978.110830   1.000000
1978.703358   1.000000
1979.295916   0.000000
1979.888503   0.000000
1980.481120   0.000000
1981.073766   0.000000
1981.666442   0.000000
1982.259147   2.000000
1982.851882   1.000000
1983.444647   2.000000
1984.037441   2.000000
1984.630265   1.000000
1985.223118   1.000000
1985.816001   0.000000
1986.408913   0.000000
1987.001855   2.000000
1987.594827   1.000000
1988.187828   1.000000
1988.780859   2.000000
1989.373919   0.000000
1989.967009   0.000000
1990.560128   0.000000
1991.153277   0.000000
1991.746456   2.000000
1992.339664   0.000000
1992.932902   2.000000
1993.526169   2.000000
1994.119466   0.000000
1994.712792   0.000000
1995.306148   0.000000
1995.899534   0.000000
1996.492949   0.000000
1997.086394   2.000000
1997.679868   1.000000
1998.273372   4.000000
1998.866905   0.000000
1999.460468   0.000000
2000.054061   2.000000
2000.647683   0.000000
2001.241335   1.000000
2001.835016   4.000000
2002.428727   0.000000
2003.022467   0.000000
2003.616237   2.000000
2004.210037   3.000000
2004.803866   0.000000
2005.397725   3.000000
2005.991613   1.000000
2006.585531   1.000000
2007.179478   2.000000
2007.773455   0.000000
2008.367462   1.000000
2008.961498   1.000000
2009.555564   0.000000
2010.149659   0.000000
2010.743784   0.000000
2011.337938   0.000000
2011.932122   0.000000
2012.526336   0.000000
2013.120579   0.000000
2013.714852   1.000000
2014.309154   0.000000
2014.903486   0.000000
2015.497847   0.000000
2016.092238   2.000000
2016.686659   1.000000
2017.281109   0.000000
2017.875589   1.000000
2018.470098   1.000000
2019.064637   1.000000
2019.659205   1.000000
2020.253803   1.000000
2020.848431   2.000000
2021.443088   1.000000
2022.037775   0.000000
2022.632491   0.000000
2023.227237   2.000000
2023.822012   0.000000
2024.416817   0.000000
2025.011652   0.000000
2025.606516   1.000000
2026.201410   2.000000
2026.796333   0.000000
2027.391286   1.000000
2027.986268   0.000000
2028.581280   0.000000
2029.176322   1.000000
2029.771393   3.000000
2030.366494   2.000000
2030.961624   0.000000
2031.556784   0.000000
2032.151973   2.000000
2032.747192   0.000000
2033.342441   2.000000
2033.937719   0.000000
2034.533027   1.000000
2035.128364   0.000000
2035.723731   2.000000
2036.319127   1.000000
2036.914553   0.000000
2037.510009   3.000000
2038.105494   0.000000
2038.701009   2.000000
2039.296553   1.000000
2039.892127   1.000000
2040.487730   2.000000
2041.083363   0.000000
2041.679026   4.000000
2042.274718   2.000000
2042.870440   1.000000
2043.466191   1.000000
2044.061972   3.000000
2044.657782   3.000000
2045.253622   1.000000
2045.849492   0.000000
2046.445391   3.000000
2047.041320   1.000000
2047.637278   1.000000
2048.233266   2.000000
2048.829283   2.000000
2049.425330   1.000000
2050.021407   0.000000
2050.617513   1.000000
2051.213649   1.000000
2051.809814   0.000000
2052.406009   0.000000
2053.002233   0.000000
2053.598487   0.000000
2054.194771   0.000000
2054.791084   2.000000
2055.387427   1.000000
2055.983799   1.000000
2056.580201   1.000000
2057.176632   0.000000
2057.773093   1.000000
2058.369584   2.000000
2058.966104   1.000000
2059.562654   0.000000
2060.159233   2.000000
2060.755842   3.000000
2061.352480   2.000000
2061.949148   0.000000
2062.545846   3.000000
2063.142573   1.000000
2063.739330   1.000000
2064.336116   1.000000
2064.932932   1.000000
2065.529777   1.000000
2066.126652   0.000000
2066.723557   1.000000
2067.320491   0.000000
2067.917454   2.000000
2068.514448   0.000000
2069.111471   3.000000
2069.708523   2.000000
2070.305605   2.000000
2070.902717   0.000000
2071.499858   0.000000
2072.097028   1.000000
2072.694229   1.000000
2073.291459   0.000000
2073.888718   2.000000
2074.486007   1.000000
2075.083326   1.000000
2075.680674   3.000000
2076.278051   0.000000
2076.875459   1.000000
2077.472896   0.000000
2078.070362   0.000000
2078.667858   0.000000
2079.265384   3.000000
2079.862939   0.000000
2080.460523   0.000000
2081.058138   0.000000
2081.655782   4.000000
2082.253455   2.000000
2082.851158   2.000000
2083.448890   1.000000
2084.046653   3.000000
2084.644444   1.000000
2085.242266   1.000000
2085.840116   1.000000
2086.437997   3.000000
2087.035907   0.000000
2087.633846   2.000000
2088.231816   2.000000
2088.829814   1.000000
2089.427843   2.000000
2090.025900   1.000000
2090.623988   0.000000
2091.222105   0.000000
2091.820251   2.000000
2092.418428   4.000000
2093.016633   1.000000
2093.614869   1.000000
2094.213133   5.000000
2094.811428   1.000000
2095.409752   2.000000
2096.008105   1.000000
2096.606489   1.000000
2097.204901   4.000000
2097.803344   0.000000
2098.401815   2.000000
2099.000317   1.000000
2099.598848   3.000000
2100.197408   3.000000
2100.795998   1.000000
2101.394618   1.000000
2101.993267   2.000000
2102.591946   1.000000
2103.190655   1.000000
2103.789393   3.000000
2104.388160   2.000000
2104.986957   0.000000
2105.585784   3.000000
2106.184640   2.000000
2106.783526   2.000000
2107.382442   1.000000
2107.981387   1.000000
2108.580361   0.000000
2109.179365   1.000000
2109.778399   0.000000
2110.377462   3.000000
2110.976555   1.000000
2111.575678   1.000000
2112.174830   1.000000
2112.774011   1.000000
2113.373222   3.000000
2113.972463   2.000000
2114.571733   3.000000
2115.171033   2.000000
2115.770363   2.000000
2116.369722   2.000000
2116.969110   1.000000
2117.568528   3.000000
2118.167976   4.000000
2118.767453   0.000000
2119.366960   2.000000
2119.966497   1.000000
2120.566063   2.000000
2121.165658   0.000000
2121.765283   0.000000
2122.364938   1.000000
2122.964622   1.000000
2123.564336   1.000000
2124.164080   3.000000
2124.763852   1.000000
2125.363655   1.000000
2125.963487   3.000000
2126.563349   6.000000
2127.163240   0.000000
2127.763161   1.000000
2128.363111   2.000000
2128.963091   1.000000
2129.563101   0.000000
2130.163140   0.000000
2130.763209   0.000000
2131.363307   1.000000
2131.963435   1.000000
2132.563592   1.000000
2133.163779   4.000000
2133.763996   1.000000
2134.364242   3.000000
2134.964518   0.000000
2135.564823   2.000000
2136.165158   0.000000
2136.765522   2.000000
2137.365916   2.000000
2137.966340   1.000000
2138.566793   1.000000
2139.167276   3.000000
2139.767788   2.000000
2140.368330   1.000000
2140.968901   4.000000
2141.569502   2.000000
2142.170133   3.000000
2142.770793   3.000000
2143.371483   0.000000
2143.972202   2.000000
2144.572951   2.000000
2145.173729   0.000000
2145.774537   1.000000
2146.375375   3.000000
2146.976242   2.000000
2147.577139   1.000000
2148.178065   2.000000
2148.779021   1.000000
2149.380006   1.000000
2149.981021   1.000000
2150.582066   2.000000
2151.183140   1.000000
2151.784244   2.000000
2152.385377   3.000000
2152.986540   1.000000
2153.587732   0.000000
2154.188954   0.000000
2154.790206   2.000000
2155.391487   0.000000
2155.992798   1.000000
2156.594138   1.000000
2157.195508   3.000000
2157.796907   1.000000
2158.398336   2.000000
2158.999795   0.000000
2159.601283   2.000000
2160.202800   1.000000
2160.804348   3.000000
2161.405925   1.000000
2162.007531   1.000000
2162.609167   0.000000
2163.210833   3.000000
2163.812528   2.000000
2164.414252   0.000000
2165.016007   1.000000
2165.617791   0.000000
2166.219604   1.000000
2166.821447   3.000000
2167.423319   1.000000
2168.025222   2.000000
2168.627153   2.000000
2169.229115   1.000000
2169.831105   1.000000
2170.433126   2.000000
2171.035176   4.000000
2171.637255   0.000000
2172.239365   0.000000
2172.841503   2.000000
2173.443672   2.000000
2174.045869   1.000000
2174.648097   1.000000
2175.250354   0.000000
2175.852640   0.000000
2176.454956   0.000000
2177.057302   0.000000
2177.659677   0.000000
2178.262082   1.000000
2178.864517   3.000000
2179.466981   1.000000
2180.069474   1.000000
2180.671997   2.000000
2181.274550   1.000000
2181.877132   0.000000
2182.479744   1.000000
2183.082386   5.000000
2183.685057   0.000000
2184.287757   1.000000
2184.890487   4.000000
2185.493247   2.000000
2186.096036   0.000000
2186.698855   2.000000
2187.301704   3.000000
2187.904582   1.000000
2188.507489   1.000000
2189.110426   1.000000
2189.713393   1.000000
2190.316389   1.000000
2190.919415   2.000000
2191.522471   0.000000
2192.125556   2.000000
2192.728670   2.000000
2193.331814   1.000000
2193.934988   2.000000
2194.538191   2.000000
2195.141424   2.000000
2195.744686   1.000000
2196.347978   0.000000
2196.951300   0.000000
2197.554651   2.000000
2198.158032   0.000000
2198.761442   0.000000
2199.364882   0.000000
2199.968351   1.000000
2200.571850   1.000000
2201.175379   2.000000
2201.778937   0.000000
2202.382525   1.000000
2202.986142   1.000000
2203.589789   1.000000
2204.193465   1.000000
2204.797171   1.000000
2205.400907   1.000000
2206.004672   1.000000
2206.608467   1.000000
2207.212291   0.000000
2207.816145   3.000000
2208.420028   1.000000
2209.023941   1.000000
2209.627884   1.000000
2210.231856   1.000000
2210.835858   2.000000
2211.439889   0.000000
2212.043950   1.000000
2212.648040   2.000000
2213.252160   0.000000
2213.856310   2.000000
2214.460489   1.000000
2215.064698   2.000000
2215.668936   2.000000
2216.273204   4.000000
2216.877501   0.000000
2217.481828   0.000000
2218.086185   1.000000
2218.690571   1.000000
2219.294986   2.000000
2219.899432   1.000000
2220.503907   1.000000
2221.108411   1.000000
2221.712945   1.000000
2222.317509   0.000000
2222.922102   1.000000
2223.526724   0.000000
2224.131377   0.000000
2224.736058   0.000000
2225.340770   0.000000
2225.945511   0.000000
2226.550281   0.000000
2227.155082   0.000000
2227.759911   2.000000
2228.364771   0.000000
2228.969659   2.000000
2229.574578   1.000000
2230.179526   2.000000
2230.784503   1.000000
2231.389511   2.000000
2231.994547   0.000000
2232.599613 2382.000000
