2019_09_27_09_36_49_409 /home/raspion_user/data/Beacon_Calibration4.sp 1213659  600.000  529.450 2.734449 0.485940  0.0000147857
  2.734449 293.000000
  3.706608  28.033585
  4.678917  32.000184
  5.651331  43.004265
  6.623863  36.992045
  7.596512  58.022761
  8.569279  65.010698
  9.542165  68.043635
 10.515170  72.016681
 11.488292  80.045525
 12.461533 110.006427
 13.434893 120.996660
 14.408370 145.213644
 15.381966 164.968262
 16.355681 207.040563
 17.329513 233.059175
 18.303464 253.368797
 19.277534 311.091217
 20.251721 328.994514
 21.226028 401.333812
 22.200452 428.177592
 23.174995 521.298510
 24.149656 555.554814
 25.124435 584.247327
 26.099333 621.335761
 27.074349 753.143302
 28.049484 812.474742
 29.024736 845.448716
 30.000108 842.580439
 30.975597 895.490383
 31.951205 980.095039
 32.926931 954.341488
 33.902776 988.135749
 34.878739 1039.965135
 35.854820 1070.311350
 36.831019 1143.272745
 37.807337 1133.399943
 38.783773 1165.977093
 39.760328 1232.515979
 40.737001 1254.442729
 41.713792 1362.487222
 42.690702 1454.967130
 43.667730 1286.452633
 44.644876 1162.738100
 45.622141 1046.128389
 46.599524 982.093753
 47.577025 929.708514
 48.554645 831.353191
 49.532383 817.161267
 50.510239 796.487571
 51.488214 736.697867
 52.466307 719.334092
 53.444518 748.639723
 54.422848 737.008501
 55.401296 702.840912
 56.379863 709.588902
 57.358547 680.528220
 58.337350 711.096988
 59.316272 725.768730
 60.295312 756.320594
 61.274470 796.688065
 62.253746 855.744261
 63.233141 797.435648
 64.212654 844.727052
 65.192286 843.821357
 66.172036 844.544289
 67.151904 904.742471
 68.131891 873.090453
 69.111995 878.650542
 70.092219 920.374495
 71.072560 988.239663
 72.053020 975.881564
 73.033598 882.811792
 74.014295 1070.767207
 74.995110 1069.657573
 75.976043 1065.218299
 76.957095 1087.028083
 77.938265 1150.442756
 78.919553 1105.507129
 79.900960 1172.903770
 80.882485 1254.649302
 81.864128 1331.911000
 82.845890 1326.538120
 83.827770 1419.756325
 84.809768 1400.298819
 85.791885 1505.247266
 86.774120 1506.110595
 87.756474 1649.584457
 88.738945 1580.679244
 89.721535 1744.582480
 90.704244 1808.413482
 91.687071 1918.558515
 92.670016 1769.866162
 93.653079 1990.260229
 94.636261 1974.077558
 95.619561 2131.067989
 96.602980 2211.326061
 97.586517 2187.054208
 98.570172 2370.059973
 99.553945 2357.928772
100.537837 2375.394493
101.521847 2424.059916
102.505976 2631.021611
103.490223 2705.002550
104.474588 2722.456078
105.459072 2764.033413
106.443674 2933.251547
107.428394 3149.069076
108.413233 3209.546837
109.398190 3338.465646
110.383265 3364.941182
111.368459 3657.502634
112.353771 3811.670791
113.339201 3910.668128
114.324750 4045.676830
115.310417 4295.207633
116.296202 4221.417901
117.282106 4758.111588
118.268128 4721.942937
119.254268 5062.507709
120.240527 5093.342000
121.226904 5387.483960
122.213400 5420.288576
123.200013 5662.768983
124.186745 5546.029906
125.173596 5610.508462
126.160565 5597.020141
127.147652 5484.580569
128.134857 5562.829015
129.122181 5395.881466
130.109623 5101.133435
131.097184 5032.626206
132.084863 4543.422723
133.072660 4376.423897
134.060576 3995.375427
135.048609 3786.929919
136.036762 3397.385233
137.025032 3138.818791
138.013421 2968.563683
139.001928 2766.911865
139.990554 2430.192766
140.979298 2339.283821
141.968160 2120.265340
142.957141 1962.818069
143.946240 1818.257107
144.935457 1579.857306
145.924793 1500.793039
146.914247 1409.449401
147.903819 1300.194818
148.893510 1287.189109
149.883319 1200.740467
150.873247 1152.603922
151.863292 1031.107098
152.853456 1018.250772
153.843739 948.859707
154.834140 951.958220
155.824659 851.953232
156.815296 851.303932
157.806052 816.842746
158.796926 849.918780
159.787918 746.705572
160.779029 744.814599
161.770258 751.760931
162.761606 746.388354
163.753072 663.948774
164.744656 649.524224
165.736359 686.331838
166.728180 651.996654
167.720119 659.565002
168.712176 663.493361
169.704352 621.266698
170.696646 623.388474
171.689059 606.991118
172.681590 650.984060
173.674239 593.840361
174.667007 626.853355
175.659893 583.378678
176.652897 605.763476
177.646020 609.569788
178.639261 633.439297
179.632620 621.924351
180.626098 652.783987
181.619694 639.480028
182.613408 621.991676
183.607241 550.340367
184.601192 596.813220
185.595262 623.434761
186.589449 690.683975
187.583755 658.545320
188.578180 671.640597
189.572723 606.453891
190.567384 674.639269
191.562163 623.393696
192.557061 645.806496
193.552077 696.265342
194.547212 636.940205
195.542465 683.541104
196.537836 659.764611
197.533325 640.072740
198.528933 687.150271
199.524659 687.340012
200.520504 651.094836
201.516467 643.999326
202.512548 669.668563
203.508748 657.133115
204.505066 653.571467
205.501502 634.916307
206.498057 663.145056
207.494730 600.177513
208.491521 615.593879
209.488431 627.075705
210.485459 661.184923
211.482605 626.783605
212.479870 678.603666
213.477253 625.486862
214.474754 625.272795
215.472374 576.982338
216.470112 626.752679
217.467968 625.617407
218.465943 632.744935
219.464036 627.740705
220.462247 617.737762
221.460577 557.190179
222.459025 562.611149
223.457592 624.400630
224.456277 599.602577
225.455080 627.327975
226.454001 607.738994
227.453041 552.032102
228.452199 599.710516
229.451476 592.035572
230.450871 583.072348
231.450384 574.188853
232.450015 604.336335
233.449765 577.558734
234.449633 596.268555
235.449620 584.712438
236.449725 614.178385
237.449948 597.836409
238.450290 588.934610
239.450750 544.938788
240.451328 585.589610
241.452025 520.989983
242.452840 569.010581
243.453773 506.470450
244.454825 553.652389
245.455995 552.225592
246.457283 538.746905
247.458690 506.849111
248.460215 515.933668
249.461858 553.185380
250.463620 587.412830
251.465500 469.435130
252.467498 523.395697
253.469615 516.139492
254.471850 543.206941
255.474204 542.099856
256.476676 480.167182
257.479266 464.948809
258.481974 491.659779
259.484801 487.086000
260.487746 527.252504
261.490810 478.765010
262.493992 513.623009
263.497292 456.177940
264.500710 489.408390
265.504247 519.789276
266.507902 477.027111
267.511676 469.313851
268.515568 453.020579
269.519578 490.117854
270.523707 493.903289
271.527954 509.648269
272.532319 456.153589
273.536803 468.620885
274.541405 495.847632
275.546125 455.336397
276.550964 480.854033
277.555921 445.030529
278.560996 430.066198
279.566190 443.536976
280.571502 426.455009
281.576932 429.234620
282.582481 431.571523
283.588148 466.436494
284.593933 473.712357
285.599837 424.604013
286.605859 449.873678
287.611999 445.638935
288.618258 464.156061
289.624635 409.089660
290.631131 431.361135
291.637745 423.558627
292.644477 467.100003
293.651327 463.615592
294.658296 427.803053
295.665383 449.531345
296.672589 463.540665
297.679913 440.676133
298.687355 452.591149
299.694916 432.965435
300.702594 419.342152
301.710392 423.417825
302.718307 398.560116
303.726341 419.105914
304.734493 456.851740
305.742764 427.131478
306.751153 436.523580
307.759660 411.497205
308.768286 400.415348
309.777030 381.444274
310.785892 424.739718
311.794873 393.302503
312.803972 413.927373
313.813189 362.987864
314.822525 419.404334
315.831979 394.692794
316.841552 419.939269
317.851242 376.337683
318.861051 408.530958
319.870979 420.616263
320.881025 410.855933
321.891189 383.593041
322.901471 413.701823
323.911872 404.340941
324.922391 412.169552
325.933029 381.734952
326.943784 418.878504
327.954659 386.006176
328.965651 418.285114
329.976762 413.619344
330.987991 406.308967
331.999339 386.239380
333.010805 408.651968
334.022389 363.962623
335.034091 415.137196
336.045912 401.309513
337.057852 415.762980
338.069909 418.381881
339.082085 444.148189
340.094379 375.013643
341.106792 413.472747
342.119323 370.438105
343.131972 374.863542
344.144740 344.137411
345.157626 383.063024
346.170630 363.199006
347.183753 425.084319
348.196994 366.535426
349.210354 410.135604
350.223831 351.215540
351.237427 413.311775
352.251142 384.135389
353.264975 407.760075
354.278926 400.609585
355.292995 425.997091
356.307183 404.354570
357.321489 368.426045
358.335913 378.439493
359.350456 413.857752
360.365117 383.112984
361.379897 418.238879
362.394795 380.051348
363.409811 386.671127
364.424946 393.270827
365.440198 391.277255
366.455570 335.075237
367.471059 390.654198
368.486667 392.692886
369.502393 389.682417
370.518238 375.850459
371.534201 417.578555
372.550282 354.876007
373.566482 374.311350
374.582800 395.867048
375.599236 397.432995
376.615791 341.843516
377.632464 392.587682
378.649255 354.854645
379.666165 348.378982
380.683193 352.316686
381.700339 359.451891
382.717604 397.268353
383.734987 422.578081
384.752488 392.298527
385.770108 364.388115
386.787846 369.992116
387.805703 420.836593
388.823677 387.532612
389.841771 385.422432
390.859982 357.795527
391.878312 381.769992
392.896760 378.230918
393.915326 386.143159
394.934011 348.019482
395.952815 380.740102
396.971736 387.956639
397.990776 374.638697
399.009934 429.547837
400.029211 414.142357
401.048606 375.066816
402.068119 377.158936
403.087750 361.345174
404.107500 377.939676
405.127369 394.502065
406.147355 410.217482
407.167460 396.306705
408.187683 385.463817
409.208025 398.691377
410.228485 413.064873
411.249063 384.843613
412.269760 366.830506
413.290575 356.398583
414.311508 338.899053
415.332560 374.344266
416.353730 396.015769
417.375019 386.324074
418.396425 390.450403
419.417950 394.381472
420.439594 392.861251
421.461356 376.636267
422.483236 405.520451
423.505234 367.152902
424.527351 368.164508
425.549586 371.422318
426.571940 392.683877
427.594411 384.366570
428.617002 364.337831
429.639710 397.145063
430.662537 386.432694
431.685482 368.296324
432.708546 389.302389
433.731728 383.646700
434.755028 375.859328
435.778446 399.611194
436.801983 355.619475
437.825639 362.621435
438.849412 336.366588
439.873304 360.934189
440.897314 383.834871
441.921443 361.884288
442.945690 406.474110
443.970055 378.725256
444.994539 366.078466
446.019141 316.700500
447.043861 365.829201
448.068700 349.183478
449.093657 354.704368
450.118732 352.498175
451.143926 339.285835
452.169238 381.855484
453.194669 356.079263
454.220217 351.836869
455.245885 341.134863
456.271670 320.207809
457.297574 339.550769
458.323596 316.659215
459.349736 336.641292
460.375995 314.932580
461.402372 328.389884
462.428868 289.609112
463.455482 320.012432
464.482214 300.293233
465.509064 304.368489
466.536033 320.266492
467.563121 296.779717
468.590326 284.110697
469.617650 299.600269
470.645092 281.888408
471.672653 282.681711
472.700332 272.113826
473.728129 258.167798
474.756045 239.474703
475.784079 268.819236
476.812231 243.450963
477.840502 243.349526
478.868891 236.080161
479.897398 245.858473
480.926024 232.617735
481.954768 240.208188
482.983630 211.182859
484.012611 226.582421
485.041710 216.946448
486.070927 252.438660
487.100263 224.997718
488.129717 210.835473
489.159289 207.086455
490.188980 203.750550
491.218789 198.977998
492.248717 216.204854
493.278763 214.307848
494.308927 184.080838
495.339209 201.853733
496.369610 203.318541
497.400129 208.192862
498.430767 180.650556
499.461523 189.736177
500.492397 192.951415
501.523389 184.706301
502.554500 196.575666
503.585729 180.083168
504.617077 195.683762
505.648543 163.550783
506.680127 179.421872
507.711830 182.344009
508.743651 179.378975
509.775590 164.966988
510.807648 160.431392
511.839824 185.905718
512.872118 166.862966
513.904531 173.896896
514.937062 189.261341
515.969711 155.652111
517.002479 160.164177
518.035365 166.198092
519.068369 184.962590
520.101492 152.480433
521.134733 180.511218
522.168092 155.666921
523.201570 146.315344
524.235166 162.462814
525.268881 163.469171
526.302714 153.212552
527.336665 172.283589
528.370734 159.643873
529.404922 150.709253
530.439228 158.381591
531.473653 154.325818
532.508196 133.364476
533.542857 165.370891
534.577636 154.162965
535.612534 132.680463
536.647550 134.880292
537.682685 156.162342
538.717938 145.789662
539.753309 142.924969
540.788799 131.762235
541.824407 159.184078
542.860133 129.572111
543.895978 144.146133
544.931941 134.297833
545.968022 151.855351
547.004222 133.414538
548.040540 139.676521
549.076976 134.207935
550.113531 142.451446
551.150204 142.124622
552.186995 144.119924
553.223905 149.241151
554.260933 118.453798
555.298079 149.918030
556.335344 138.274847
557.372727 153.877306
558.410228 142.740517
559.447848 131.587344
560.485586 142.480808
561.523443 135.453041
562.561418 150.213714
563.599511 131.148315
564.637722 124.811365
565.676052 147.828269
566.714500 143.841577
567.753067 116.328977
568.791752 140.381353
569.830555 128.146175
570.869476 137.233562
571.908516 125.098635
572.947675 152.381473
573.986951 123.433993
575.026346 144.735797
576.065859 132.703418
577.105491 132.053312
578.145241 134.335043
579.185109 154.965976
580.225096 130.680754
581.265201 154.316528
582.305424 143.941190
583.345766 149.454338
584.386226 142.933830
585.426804 129.634956
586.467501 147.352542
587.508316 157.126217
588.549250 159.472265
589.590301 145.357854
590.631471 155.650880
591.672760 152.984624
592.714167 163.045503
593.755692 154.463985
594.797335 163.353194
595.839097 158.283393
596.880977 177.782557
597.922976 168.784385
598.965092 172.441568
600.007328 205.413473
601.049681 177.522638
602.092153 213.426350
603.134743 209.413480
604.177452 216.754546
605.220279 223.569518
606.263224 225.074940
607.306287 244.348218
608.349469 251.940931
609.392770 267.783530
610.436188 284.394389
611.479725 274.266723
612.523380 277.195318
613.567154 312.587804
614.611046 329.376828
615.655056 338.415204
616.699185 353.194169
617.743432 384.538243
618.787797 386.820296
619.832281 394.271826
620.876883 463.900985
621.921603 460.487186
622.966442 511.355415
624.011399 581.656688
625.056475 557.424949
626.101668 602.953862
627.146981 602.020336
628.192411 615.373131
629.237960 656.589005
630.283627 691.154967
631.329412 785.174075
632.375316 818.389711
633.421338 860.959901
634.467479 855.948738
635.513738 934.767087
636.560115 946.304507
637.606610 1012.087692
638.653224 1095.664477
639.699957 1135.752526
640.746807 1098.973553
641.793776 1232.480809
642.840863 1223.512268
643.888069 1261.333021
644.935393 1322.202220
645.982835 1396.931748
647.030396 1434.719239
648.078075 1462.565650
649.125872 1491.834847
650.173788 1543.638822
651.221822 1565.042740
652.269974 1637.782954
653.318245 1619.573008
654.366634 1662.516405
655.415141 1659.356687
656.463767 1773.107493
657.512511 1713.902787
658.561373 1719.231958
659.610354 1787.224384
660.659453 1769.213629
661.708671 1755.878671
662.758006 1885.481083
663.807460 1889.817955
664.857033 1739.509325
665.906724 1853.747508
666.956533 1731.614783
668.006460 1763.006624
669.056506 1698.681677
670.106670 1717.992664
671.156953 1637.410057
672.207354 1581.721016
673.257873 1547.162926
674.308511 1526.561977
675.359266 1450.886475
676.410141 1397.426168
677.461133 1453.430979
678.512244 1370.976536
679.563473 1320.483352
680.614821 1278.169245
681.666287 1210.728289
682.717871 1271.169661
683.769574 1110.999256
684.821395 1033.858540
685.873334 979.667003
686.925392 960.622107
687.977568 929.556770
689.029862 870.781093
690.082275 875.220444
691.134806 764.394617
692.187455 735.486910
693.240223 726.412425
694.293109 677.258221
695.346114 591.173135
696.399236 601.010323
697.452478 579.457480
698.505837 518.528707
699.559315 501.987955
700.612911 450.772971
701.666625 431.771962
702.720458 432.108313
703.774409 355.902729
704.828479 394.679371
705.882667 312.997524
706.936973 324.001470
707.991398 297.369410
709.045940 292.579166
710.100602 270.780414
711.155381 268.592203
712.210279 237.561335
713.265295 238.120225
714.320430 234.541216
715.375683 208.923210
716.431054 223.809076
717.486544 198.610415
718.542152 185.940418
719.597878 181.307299
720.653723 175.667006
721.709686 178.663602
722.765767 139.486468
723.821967 161.149285
724.878285 142.205097
725.934721 153.814524
726.991276 169.242191
728.047949 148.667503
729.104740 148.605912
730.161650 139.244142
731.218678 152.709529
732.275825 141.623511
733.333090 117.700788
734.390473 157.426859
735.447974 134.288847
736.505594 125.057592
737.563332 127.757384
738.621189 123.461305
739.679163 127.087671
740.737257 139.103156
741.795468 138.507002
742.853798 133.366465
743.912246 120.114049
744.970813 127.154073
746.029498 116.775460
747.088301 109.754678
748.147223 108.073124
749.206263 109.718864
750.265421 122.918861
751.324697 108.831322
752.384092 123.828395
753.443606  98.240992
754.503237 109.639490
755.562987 110.930478
756.622856 115.166697
757.682842 113.140562
758.742947 112.784077
759.803171 116.147088
760.863512 104.235433
761.923973 111.729169
762.984551  89.823970
764.045248 105.416287
765.106063 105.990764
766.166996 125.109109
767.228048  87.349709
768.289218 101.425883
769.350507 107.314986
770.411913  96.242891
771.473438 106.394153
772.535082 108.928363
773.596844  96.669345
774.658724  97.477869
775.720722 100.906798
776.782839 112.345954
777.845075 112.825863
778.907428 103.153860
779.969900 110.101569
781.032490 104.567812
782.095199 103.200543
783.158026  84.238726
784.220971 103.897387
785.284035 106.589387
786.347217  96.078406
787.410517  99.789741
788.473935 100.790271
789.537472  95.265724
790.601128 105.616700
791.664901 109.326446
792.728793 104.967215
793.792804  89.120756
794.856933 111.671661
795.921180  93.626026
796.985545  98.746968
798.050029  95.522987
799.114631  87.746931
800.179351 107.961035
801.244190  89.390622
802.309147 101.771914
803.374223  89.578335
804.439416 109.877174
805.504728  98.895022
806.570159  87.526305
807.635708  99.235710
808.701375  97.618157
809.767160  93.188566
810.833064 110.726047
811.899086  84.014204
812.965227  94.905429
814.031486  95.597921
815.097863 102.007075
816.164359  87.289023
817.230973  94.921990
818.297705 102.150181
819.364555 115.006080
820.431524  82.120597
821.498612  89.694772
822.565817  96.337669
823.633141  79.363048
824.700584  89.841928
825.768144  89.910117
826.835823  97.303528
827.903621  90.679140
828.971536  87.796885
830.039570 102.581877
831.107723  99.328022
832.175993  96.557507
833.244382  81.502232
834.312890  84.074041
835.381516  89.459421
836.450260  85.996205
837.519122  83.775106
838.588103  97.500105
839.657202  81.079819
840.726419 102.035444
841.795755  79.684901
842.865209  91.248953
843.934782 100.275525
845.004473  84.287889
846.074282  82.163178
847.144210 106.033190
848.214255  81.020485
849.284420  80.688971
850.354702  86.990716
851.425103  77.272941
852.495622 102.273070
853.566260  95.647392
854.637016  92.732620
855.707890  79.149990
856.778883  76.318926
857.849994  82.918061
858.921223  86.862736
859.992571  96.155225
861.064037  82.371000
862.135621  95.389121
863.207324  89.938281
864.279145  82.802912
865.351084  88.209404
866.423142  77.078894
867.495318  98.167962
868.567612  99.538483
869.640025  86.450871
870.712556 104.724925
871.785205 100.743532
872.857973  76.742200
873.930859  87.025128
875.003864  91.804804
876.076987  89.633112
877.150228  74.914316
878.223587  85.806114
879.297065 101.423172
880.370661  79.194055
881.444376  88.134477
882.518209  92.422897
883.592160  93.577794
884.666229  98.319093
885.740417  74.062340
886.814723  94.016774
887.889148  86.324873
888.963691  87.273046
890.038352  90.024869
891.113132  96.632917
892.188030  85.990646
893.263046  81.871681
894.338181  89.387200
895.413434  93.002746
896.488805  92.917296
897.564295  90.444417
898.639903  87.788094
899.715629  88.056225
900.791474  93.071019
901.867437  84.566985
902.943518  96.989976
904.019718  78.895299
905.096036  85.175405
906.172472  88.495582
907.249027  86.199322
908.325700  81.435423
909.402492  90.049233
910.479401  77.402687
911.556430  94.529450
912.633576  81.415270
913.710841  83.957221
914.788224  80.078142
915.865725  87.974993
916.943345  91.771840
918.021083  80.164856
919.098940  84.561692
920.176915  82.670263
921.255008  84.262726
922.333220  69.850586
923.411550  79.270181
924.489998  66.804616
925.568564  77.948963
926.647249  90.139436
927.726053  63.516213
928.804974  83.716053
929.884014  69.810154
930.963173  84.584544
932.042449  85.717707
933.121844  78.904666
934.201358  77.232935
935.280989  60.562168
936.360739  68.195865
937.440608  87.807778
938.520594  68.045848
939.600699  77.481797
940.680923  67.184053
941.761265  66.552246
942.841725  71.814784
943.922303  82.067742
945.003000  60.518529
946.083815  83.276574
947.164748  78.250998
948.245800  70.790696
949.326970  66.595593
950.408259  81.769831
951.489666  73.824144
952.571191  69.249451
953.652834  74.588042
954.734596  69.744188
955.816476  72.667255
956.898475  57.462667
957.980592  73.098183
959.062827  74.380501
960.145181  59.086324
961.227653  71.038520
962.310243  71.401903
963.392952  59.048972
964.475779  64.478272
965.558724  59.667285
966.641787  77.227912
967.724969  64.216545
968.808270  63.987988
969.891688  74.605868
970.975225  66.987084
972.058881  65.761744
973.142655  72.007869
974.226547  71.275437
975.310557  66.046267
976.394686  61.604953
977.478933  67.923058
978.563298  66.622108
979.647782  59.840727
980.732384  71.548831
981.817105  61.332497
982.901943  62.974369
983.986900  67.380109
985.071976  61.646407
986.157170  58.748112
987.242482  59.460478
988.327912  57.119326
989.413461  55.708130
990.499128  54.963501
991.584914  80.544489
992.670818  75.307531
993.756840  60.290720
994.842981  54.049263
995.929240  65.118779
997.015617  57.336685
998.102112  59.333166
999.188726  72.244017
1000.275459  68.356856
1001.362309  52.041562
1002.449278  50.754645
1003.536366  62.639956
1004.623571  59.982484
1005.710895  63.368190
1006.798338  51.781353
1007.885898  58.286204
1008.973577  79.430340
1010.061375  62.967477
1011.149290  63.180281
1012.237325  59.490980
1013.325477  53.493060
1014.413748  59.697236
1015.502137  66.912535
1016.590644  63.501527
1017.679270  52.797766
1018.768014  65.913353
1019.856877  57.056315
1020.945857  56.247195
1022.034957  64.897641
1023.124174  62.012275
1024.213510  40.489702
1025.302964  68.746297
1026.392537  60.103206
1027.482228  34.930264
1028.572037  60.862763
1029.661964  47.604188
1030.752010  51.118230
1031.842174  77.043945
1032.932457  52.823930
1034.022858  65.748341
1035.113377  54.323852
1036.204015  53.385928
1037.294771  57.568642
1038.385645  52.233343
1039.476638  63.158476
1040.567749  67.460913
1041.658978  44.632884
1042.750326  62.706412
1043.841792  41.642875
1044.933376  45.532816
1046.025079  62.115447
1047.116900  59.522578
1048.208839  59.018930
1049.300897  55.234430
1050.393073  59.294185
1051.485368  51.307994
1052.577780  58.648671
1053.670311  55.507278
1054.762961  46.845611
1055.855729  48.594664
1056.948615  61.245030
1058.041619  50.074986
1059.134742  49.801323
1060.227983  59.932977
1061.321343  64.081557
1062.414821  52.159837
1063.508417  44.857096
1064.602132  51.051938
1065.695964  56.614388
1066.789916  49.576318
1067.883985  42.422181
1068.978173  57.948430
1070.072479  47.310658
1071.166904  47.863292
1072.261447  51.943155
1073.356108  39.048931
1074.450888  43.916787
1075.545786  48.061249
1076.640802  46.231270
1077.735937  43.671682
1078.831190  55.809119
1079.926561  42.006989
1081.022051  47.989784
1082.117659  46.851373
1083.213385  44.309723
1084.309230  48.766715
1085.405193  44.033153
1086.501275  34.640047
1087.597474  45.788096
1088.693792  48.111435
1089.790229  37.493728
1090.886784  38.500680
1091.983457  45.005629
1093.080248  41.467264
1094.177158  49.000360
1095.274186  42.761314
1096.371333  52.948362
1097.468598  49.605370
1098.565981  48.947570
1099.663482  49.022437
1100.761102  50.485054
1101.858840  45.292931
1102.956697  57.192707
1104.054672  51.878193
1105.152765  52.858911
1106.250977  37.965293
1107.349307  55.630122
1108.447755  52.786943
1109.546322  56.977931
1110.645007  47.396604
1111.743810  60.307844
1112.842732  51.375196
1113.941772  55.351046
1115.040930  59.945502
1116.140207  58.888365
1117.239602  55.921381
1118.339115  57.851669
1119.438747  56.763762
1120.538497  63.142873
1121.638365  69.109984
1122.738352  64.622656
1123.838457  76.746508
1124.938680  76.088600
1126.039022  76.860341
1127.139482  85.129113
1128.240061  76.811367
1129.340758  77.867543
1130.441573  78.852829
1131.542506  92.291159
1132.643558  81.549865
1133.744728  71.089007
1134.846017  93.592989
1135.947424  92.430197
1137.048949  94.610970
1138.150592 102.848579
1139.252354 101.347899
1140.354235  99.764648
1141.456233 117.361167
1142.558350 107.463292
1143.660585 110.781972
1144.762939 124.090780
1145.865411 113.256998
1146.968001 114.526775
1148.070710 135.078737
1149.173537 128.248155
1150.276482 116.553056
1151.379546 120.481013
1152.482728 126.250805
1153.586028 131.307940
1154.689447 136.022859
1155.792984 140.243166
1156.896639 137.215213
1158.000413 131.142144
1159.104305 156.680745
1160.208316 149.994197
1161.312444 141.208258
1162.416692 149.098887
1163.521057 138.691096
1164.625541 160.723468
1165.730143 161.428913
1166.834863 169.907761
1167.939702 160.145845
1169.044659 156.158240
1170.149735 146.608824
1171.254929 153.837495
1172.360241 170.130956
1173.465672 143.154439
1174.571220 166.697783
1175.676888 143.838727
1176.782673 138.247942
1177.888577 163.428735
1178.994599 129.566424
1180.100740 167.243951
1181.206999 137.539064
1182.313376 138.110783
1183.419872 151.128133
1184.526486 148.591568
1185.633218 140.585029
1186.740069 131.926391
1187.847038 146.712362
1188.954125 134.367176
1190.061331 119.785452
1191.168655 133.751646
1192.276097 117.575277
1193.383658 124.689928
1194.491337 115.918273
1195.599135 116.265143
1196.707050 116.968853
1197.815084  95.442167
1198.923237 105.011012
1200.031508  98.736592
1201.139897  98.827871
1202.248404  94.726243
1203.357030  90.441881
1204.465774 104.856397
1205.574637  87.094569
1206.683618  77.688313
1207.792717  85.203535
1208.901934  72.605146
1210.011270  60.879969
1211.120724  74.173670
1212.230297  70.437683
1213.339988  55.853929
1214.449797  65.490840
1215.559725  76.623580
1216.669771  55.300975
1217.779935  63.949247
1218.890218  58.867165
1220.000619  52.265354
1221.111138  43.345611
1222.221775  42.581189
1223.332531  52.007744
1224.443406  44.826997
1225.554398  52.248023
1226.665510  47.977376
1227.776739  43.666630
1228.888087  37.754287
1229.999553  42.776290
1231.111137  32.504626
1232.222840  36.819993
1233.334661  47.918916
1234.446600  44.773201
1235.558658  35.534846
1236.670834  34.883567
1237.783129  27.586242
1238.895541  35.115661
1240.008073  36.421879
1241.120722  25.525728
1242.233490  27.079889
1243.346376  24.363067
1244.459381  34.809043
1245.572504  29.215154
1246.685745  26.477224
1247.799104  30.115094
1248.912582  29.515559
1250.026178  36.264570
1251.139893  35.079688
1252.253726  34.169701
1253.367677  31.116949
1254.481747  34.679290
1255.595935  30.562012
1256.710241  28.558199
1257.824666  32.435900
1258.939209  33.212665
1260.053870  30.623743
1261.168650  30.690287
1262.283548  28.296302
1263.398564  37.739381
1264.513699  28.340289
1265.628952  37.121036
1266.744323  41.744176
1267.859813  30.672901
1268.975421  39.182666
1270.091147  41.050891
1271.206992  37.207301
1272.322955  39.365308
1273.439037  39.327076
1274.555237  44.582661
1275.671555  47.086772
1276.787991  46.779471
1277.904546  48.710051
1279.021219  41.382414
1280.138011  52.864488
1281.254920  60.389467
1282.371949  61.967456
1283.489095  47.944066
1284.606360  53.475301
1285.723743  60.276932
1286.841245  71.528201
1287.958865  55.297492
1289.076603  49.051644
1290.194460  70.345641
1291.312435  75.153634
1292.430528  73.170636
1293.548740  63.974103
1294.667070  70.603514
1295.785518  83.722644
1296.904084  59.953683
1298.022769  72.707527
1299.141573  71.439135
1300.260495 103.544039
1301.379535  81.361390
1302.498693  88.251776
1303.617970  85.910588
1304.737365  87.213608
1305.856878  82.836295
1306.976510 113.379510
1308.096260  77.081003
1309.216128 111.046257
1310.336115  96.109920
1311.456220  95.539536
1312.576444 102.950263
1313.696786 110.997644
1314.817246  93.997061
1315.937824 116.942134
1317.058521 100.052492
1318.179336 103.662128
1319.300270 121.043078
1320.421322  98.071582
1321.542492 111.148052
1322.663780 129.931430
1323.785187 125.253979
1324.906713 123.202842
1326.028356 117.870633
1327.150118 115.725092
1328.271998 125.866723
1329.393997 124.580688
1330.516114 115.407996
1331.638349 122.895490
1332.760703 127.818920
1333.883175 122.084559
1335.005765 123.904551
1336.128474 116.003055
1337.251301 127.916648
1338.374246 116.566396
1339.497310 125.747267
1340.620492 129.671007
1341.743792 125.368733
1342.867211  91.231749
1343.990748 105.556318
1345.114404 110.375239
1346.238178 107.294264
1347.362070 106.791698
1348.486080 109.214188
1349.610209  97.510117
1350.734456 108.358928
1351.858822  95.704303
1352.983305 107.297548
1354.107908 106.662950
1355.232628 104.459241
1356.357467  92.790652
1357.482424  84.910384
1358.607500  73.841912
1359.732694  77.814337
1360.858006  82.606547
1361.983436  78.440079
1363.108985  72.629544
1364.234653  68.370414
1365.360438  83.727428
1366.486342  79.307266
1367.612364  61.550569
1368.738505  65.500785
1369.864764  69.650098
1370.991141  58.635970
1372.117637  61.512136
1373.244251  57.803717
1374.370983  49.842664
1375.497834  41.798609
1376.624803  58.737693
1377.751890  54.377940
1378.879096  44.491942
1380.006420  40.602421
1381.133863  38.748869
1382.261423  44.336532
1383.389103  40.165100
1384.516900  30.265288
1385.644816  36.589322
1386.772850  44.989500
1387.901002  31.984863
1389.029273  25.222196
1390.157662  38.026920
1391.286170  30.238400
1392.414796  26.195135
1393.543540  26.072258
1394.672402  27.194033
1395.801383  25.112312
1396.930483  23.565943
1398.059700  21.665377
1399.189036  20.469455
1400.318490  27.231805
1401.448063  17.598737
1402.577754  18.699023
1403.707563  17.537158
1404.837491  17.185729
1405.967537  21.643961
1407.097701  21.206394
1408.227984  22.545791
1409.358385  17.225037
1410.488904  18.474597
1411.619542  13.929236
1412.750298  18.120314
1413.881172  13.348373
1415.012165  15.540476
1416.143276  14.774217
1417.274505  14.074294
1418.405853  14.015989
1419.537319  12.336330
1420.668904  13.721270
1421.800606  15.373981
1422.932427  11.081679
1424.064367  16.698137
1425.196425   8.878603
1426.328601   8.978854
1427.460895  12.526083
1428.593308   7.564570
1429.725839   8.885141
1430.858489  18.408967
1431.991257   7.605313
1433.124143  11.018924
1434.257148  15.129064
1435.390270   8.560165
1436.523512  10.152733
1437.656871  10.554314
1438.790349  11.321215
1439.923945  11.598792
1441.057660   7.890928
1442.191493  12.614510
1443.325444  10.423866
1444.459514  12.272610
1445.593702   7.534333
1446.728008  13.192581
1447.862433  12.434651
1448.996976   9.016451
1450.131637   9.431573
1451.266417   3.057570
1452.401315   9.033189
1453.536332  10.426091
1454.671466   3.607753
1455.806719  10.128147
1456.942091   3.829607
1458.077581  10.593936
1459.213189   9.326114
1460.348915   8.210598
1461.484760   8.874391
1462.620723   9.355344
1463.756804   8.869297
1464.893004   4.781330
1466.029322   5.782039
1467.165759   5.148322
1468.302314   8.971133
1469.438987   6.483792
1470.575779  10.331901
1471.712688  11.565369
1472.849717   9.458009
1473.986863   8.187038
1475.124128  10.328141
1476.261511   4.996873
1477.399013   8.658082
1478.536633   7.619784
1479.674371   7.414430
1480.812228   3.478028
1481.950203   3.587055
1483.088296   4.551472
1484.226508   7.980422
1485.364838   4.898742
1486.503286   5.152152
1487.641853  11.374457
1488.780538   5.543916
1489.919341   5.903592
1491.058263   4.171122
1492.197303   3.583394
1493.336462   4.298997
1494.475738   2.734473
1495.615133   1.840793
1496.754647   9.225913
1497.894279   4.741532
1499.034029   2.122140
1500.173897   6.294027
1501.313884   5.469543
1502.453989   5.454832
1503.594213   4.365395
1504.734555   3.454727
1505.875015   3.678536
1507.015593   4.288944
1508.156290   2.668290
1509.297105   1.703397
1510.438039   3.033843
1511.579091   4.643212
1512.720261   5.900541
1513.861550   5.088662
1515.002957   5.213490
1516.144482   2.629443
1517.286126   1.901021
1518.427887   5.507412
1519.569768   4.833867
1520.711766   0.983321
1521.853883   3.013100
1522.996119   4.851794
1524.138472   5.505867
1525.280944   1.867829
1526.423535   3.009737
1527.566244   3.025296
1528.709071   2.741867
1529.852016   5.473862
1530.995080   2.058477
1532.138262   4.048902
1533.281562   2.352654
1534.424981   5.852203
1535.568518   1.479336
1536.712174   4.422412
1537.855947   4.083115
1538.999840   2.985550
1540.143850   7.198389
1541.287979   1.080714
1542.432226   3.646332
1543.576592   2.521960
1544.721075   1.803576
1545.865678   2.493883
1547.010398   4.325360
1548.155237   2.253769
1549.300194   2.150759
1550.445270   3.437884
1551.590464   2.891920
1552.735776   1.140569
1553.881207   3.568054
1555.026756   2.936585
1556.172423   3.066274
1557.318209   1.256710
1558.464113   0.438136
1559.610135   1.453838
1560.756276   3.064642
1561.902535   4.910083
1563.048912   1.097385
1564.195408   6.949288
1565.342022   2.900823
1566.488754   1.710178
1567.635605   3.799942
1568.782574   2.670722
1569.929661   4.488574
1571.076867   4.311245
1572.224191   2.274338
1573.371634   1.171163
1574.519194   1.971984
1575.666874   3.542875
1576.814671   1.725555
1577.962587   0.176764
1579.110621   0.820855
1580.258774   3.777063
1581.407044   1.674943
1582.555434   3.265984
1583.703941   0.935003
1584.852567   0.983781
1586.001311   1.074882
1587.150174   2.339041
1588.299155   1.151491
1589.448254   1.934366
1590.597472   5.337600
1591.746808   2.263723
1592.896262   2.161100
1594.045834   1.266003
1595.195525   4.926978
1596.345335   1.614414
1597.495262   0.834767
1598.645308   1.445129
1599.795473   4.626578
1600.945755   3.551125
1602.096156   3.361599
1603.246676   0.507333
1604.397314   1.427645
1605.548070   1.302400
1606.698944   0.745450
1607.849937   0.815923
1609.001048   0.722081
1610.152277   1.972868
1611.303625   0.191273
1612.455091   0.808317
1613.606676   4.169914
1614.758378   0.875438
1615.910200   2.720405
1617.062139   3.504473
1618.214197   1.874753
1619.366373   3.435837
1620.518668   1.196810
1621.671081   0.867148
1622.823612   1.340610
1623.976261   1.545280
1625.129029   3.449387
1626.281915   2.218845
1627.434920   1.338131
1628.588043   2.034766
1629.741284   1.717166
1630.894644   2.126423
1632.048122   2.123424
1633.201718   4.540672
1634.355433   0.561022
1635.509266   0.724215
1636.663217   1.525829
1637.817287   0.917911
1638.971475   1.334780
1640.125781   2.777703
1641.280206   0.763818
1642.434749   5.204435
1643.589410   1.268078
1644.744190   1.196470
1645.899088   1.911822
1647.054105   1.583223
1648.209239   1.548290
1649.364492  -0.032716
1650.519864   3.534727
1651.675354   3.109757
1652.830962   1.003530
1653.986688   3.881086
1655.142533   3.277114
1656.298496   2.559404
1657.454578   0.967991
1658.610778   0.644637
1659.767096   2.128282
1660.923532   0.952089
1662.080087   1.007183
1663.236761   1.590833
1664.393552   0.164027
1665.550462   1.054751
1666.707490   0.079992
1667.864637   0.566474
1669.021902   1.519478
1670.179285   1.910240
1671.336787   0.700298
1672.494407   1.499315
1673.652145   1.112343
1674.810002  -0.259590
1675.967977   1.304963
1677.126070   1.181596
1678.284282   1.801563
1679.442612   1.550139
1680.601060   0.140159
1681.759627   0.869811
1682.918312   2.706513
1684.077115   2.132844
1685.236037   0.666302
1686.395077   0.000361
1687.554236   2.297988
1688.713513   3.689417
1689.872908   1.664320
1691.032421  -0.239617
1692.192053   0.665092
1693.351803   2.038936
1694.511672   1.961121
1695.671659   0.629992
1696.831764   2.349496
1697.991987   4.177989
1699.152329   3.688671
1700.312789   1.279368
1701.473368   0.225299
1702.634065   0.744435
1703.794880   2.148022
1704.955814   1.725635
1706.116866   4.150565
1707.278036   1.751010
1708.439325   0.844915
1709.600731   2.117865
1710.762257   0.757067
1711.923900   2.357822
1713.085662   0.915661
1714.247543  -0.277094
1715.409541   0.953054
1716.571658   1.034979
1717.733894   1.778286
1718.896248   0.514046
1720.058720   2.476674
1721.221310   1.569979
1722.384019   1.966736
1723.546846   1.943911
1724.709791   0.270349
1725.872855   1.157430
1727.036037  -0.047832
1728.199338  -0.116294
1729.362756   0.212992
1730.526294  -0.068634
1731.689949   1.118297
1732.853723  -0.259322
1734.017615   0.518920
1735.181626   2.749297
1736.345755   2.712197
1737.510002   0.877471
1738.674367   0.943966
1739.838851  -0.162575
1741.003453   0.682106
1742.168174   0.977975
1743.333013   0.660688
1744.497970   1.086703
1745.663046   1.243736
1746.828240   1.792955
1747.993552   0.210138
1749.158983   0.186083
1750.324532   2.152921
1751.490199   2.649315
1752.655985   2.791396
1753.821889  -0.347682
1754.987911   1.319493
1756.154052  -0.075223
1757.320311   2.061939
1758.486688   0.605663
1759.653184   0.235712
1760.819798   0.175999
1761.986530   2.060709
1763.153381  -0.175535
1764.320350   1.022083
1765.487438   0.828571
1766.654644   3.035446
1767.821968   1.315729
1768.989410   0.911549
1770.156971   1.159353
1771.324650   3.195194
1772.492448   1.548329
1773.660364   1.298568
1774.828398   2.783906
1775.996550   0.803767
1777.164821   0.873155
1778.333210   0.556022
1779.501718   0.533213
1780.670344   3.929780
1781.839088  -0.451357
1783.007951   2.322313
1784.176932   0.726792
1785.346031   0.270749
1786.515249   2.450994
1787.684585   2.947165
1788.854039   0.650589
1790.023612   2.857216
1791.193303   2.292421
1792.363112  -0.245858
1793.533040   1.326281
1794.703086   0.859069
1795.873250   1.949659
1797.043533   1.876315
1798.213934   0.815802
1799.384453   0.220582
1800.555091   0.173242
1801.725847   2.835454
1802.896722   1.849696
1804.067714   2.260305
1805.238825   1.000763
1806.410055   1.908220
1807.581403   0.016978
1808.752869   1.062046
1809.924453   1.824487
1811.096156   0.920992
1812.267977   1.253614
1813.439917   1.079546
1814.611975   0.330812
1815.784151   0.029239
1816.956446   3.925169
1818.128858  -0.339643
1819.301390   1.324668
1820.474039   1.783364
1821.646807   0.968674
1822.819694   1.908653
1823.992698  -0.020462
1825.165821   0.004701
1826.339062   1.288982
1827.512422  -0.116437
1828.685900   0.197651
1829.859496   1.001134
1831.033211   5.593137
1832.207044   0.094206
1833.380995   0.755602
1834.555065   0.315062
1835.729253   0.950880
1836.903560  -0.241972
1838.077984   0.250278
1839.252527   1.062948
1840.427189   1.093895
1841.601969   0.740107
1842.776867   1.144162
1843.951883   0.913655
1845.127018   1.153866
1846.302271   0.897109
1847.477643   0.315239
1848.653133   0.987715
1849.828741   0.819338
1851.004467   0.790263
1852.180312   1.204454
1853.356275   0.961102
1854.532357   0.924955
1855.708557   0.726016
1856.884875   2.682085
1858.061312   0.473251
1859.237866   2.137877
1860.414540   1.767420
1861.591331   1.021054
1862.768241  -0.023017
1863.945270   0.774601
1865.122416   1.016673
1866.299681   0.083062
1867.477065   0.137709
1868.654566   0.341533
1869.832186   0.896812
1871.009925   0.894522
1872.187781   1.047694
1873.365756   1.035958
1874.543850   0.112418
1875.722061   1.196234
1876.900392   1.013671
1878.078840   0.999167
1879.257407   0.974783
1880.436092   0.028070
1881.614895   0.199103
1882.793817   1.911617
1883.972857  -0.251542
1885.152016   0.296695
1886.331292   0.887542
1887.510688   0.094609
1888.690201  -0.144709
1889.869833   1.255847
1891.049583   0.844648
1892.229452  -0.025696
1893.409439   2.224743
1894.589544   0.889494
1895.769767  -0.284548
1896.950109   1.276208
1898.130570   0.067277
1899.311148   1.129894
1900.491845   0.954262
1901.672660   0.862251
1902.853594   1.074895
1904.034646   0.853836
1905.215816   0.824557
1906.397105   1.330673
1907.578512  -0.017627
1908.760037   3.127951
1909.941681   4.658489
1911.123443   0.905819
1912.305323  -0.172868
1913.487322   2.015032
1914.669439   0.201704
1915.851675  -0.065471
1917.034028   0.175964
1918.216500   1.978311
1919.399091   1.798420
1920.581800   0.947689
1921.764627   0.893165
1922.947572   0.167735
1924.130636   1.165785
1925.313818   2.793931
1926.497119   0.015256
1927.680538  -0.122968
1928.864075   2.097228
1930.047730   0.070446
1931.231504  -0.053645
1932.415396   1.088621
1933.599407  -0.023153
1934.783536  -0.002093
1935.967783  -0.006233
1937.152149  -0.084919
1938.336633   0.038451
1939.521235   0.119750
1940.705955  -0.072164
1941.890794   0.081732
1943.075752   2.080104
1944.260827   0.855575
1945.446021   0.973507
1946.631334   0.089640
1947.816764   0.006406
1949.002313   0.002147
1950.187981   0.023601
1951.373766   1.013976
1952.559670   1.935893
1953.745693   0.931667
1954.931834   0.939877
1956.118093  -0.014988
1957.304470   0.918332
1958.490966   1.092921
1959.677580   1.923825
1960.864312  -0.049394
1962.051163   0.820805
1963.238132   0.179614
1964.425220  -0.060894
1965.612426   0.102089
1966.799750  -0.055193
1967.987192   0.951882
1969.174753   1.138240
1970.362432   2.869322
1971.550230   0.121671
1972.738146  -0.115250
1973.926180   1.180119
1975.114333  -0.016393
1976.302604  -0.056019
1977.490993   1.033356
1978.679500   1.887536
1979.868126   0.081636
1981.056871   0.109761
1982.245733   0.009991
1983.434714   0.031730
1984.623814   1.871034
1985.813031  -0.161365
1987.002367   0.292200
1988.191822   0.020639
1989.381394   0.001541
1990.571085   0.001041
1991.760895   0.012996
1992.950823   0.907660
1994.140869   0.014115
1995.331033   1.003602
1996.521316  -0.015245
1997.711717  -0.226674
1998.902236   1.307187
2000.092874   0.139921
2001.283630   1.056189
2002.474505   2.070543
2003.665497   1.936773
2004.856609   0.931715
2006.047838  -0.014994
2007.239186   0.905950
2008.430652  -0.064240
2009.622237   0.173340
2010.813940  -0.049562
2012.005761   0.103517
2013.197700   0.989225
2014.389758  -0.009769
2015.581935   0.918746
2016.774229   0.061295
2017.966642   0.004011
2019.159173  -0.004017
2020.351823  -0.059959
2021.544591   0.097926
2022.737477   0.989100
2023.930482  -0.025613
2025.123605  -0.065283
2026.316846   0.027625
2027.510206   0.955971
2028.703684   0.222816
2029.897280   4.949011
2031.090995   0.877863
2032.284828  -0.090310
2033.478779   0.017333
2034.672849   0.091383
2035.867037   0.914340
2037.061344  -0.214299
2038.255769   1.374407
2039.450312   0.936369
2040.644973   0.054384
2041.839753   0.000895
2043.034651  -0.040760
2044.229668   1.056015
2045.424802  -0.054395
2046.620056   1.056970
2047.815427  -0.017801
2049.010917  -0.055602
2050.206525   0.065562
2051.402252  -0.052671
2052.598097   0.015405
2053.794060   0.068668
2054.990141  -0.058015
2056.186341  -0.075756
2057.382660   1.194944
2058.579096   0.012579
2059.775651   1.013158
2060.972325   1.918920
2062.169116   0.967011
2063.366026   0.049369
2064.563054   0.003941
2065.760201   0.006491
2066.957466   0.889895
2068.154850   0.109180
2069.352351   0.018216
2070.549971   0.953700
2071.747710   1.021409
2072.945566   2.962806
2074.143541  -0.084652
2075.341635   0.065343
2076.539847  -0.033954
2077.738177   4.002589
2078.936625   0.122990
2080.135192  -0.025175
2081.333877   1.049129
2082.532681  -0.010996
2083.731602  -0.000019
2084.930643   0.010567
2086.129801   0.970837
2087.329078   2.024005
2088.528473  -0.025472
2089.727987   0.008447
2090.927619   0.971544
2092.127369   2.020222
2093.327237  -0.071448
2094.527224   0.008338
2095.727330   0.065997
2096.927553   0.988245
2098.127895  -0.130534
2099.328355   1.101397
2100.528934   0.046958
2101.729631   0.000949
2102.930446  -0.032796
2104.131380   0.995671
2105.332432  -0.044873
2106.533602   0.047520
2107.734891   3.043259
2108.936298   0.016508
2110.137823   0.002447
2111.339467   0.017909
2112.541229   1.951307
2113.743110   0.030783
2114.945108   0.994034
2116.147225  -0.038180
2117.349461   1.044239
2118.551815   0.947397
2119.754287  -0.005454
2120.956877   0.044883
2122.159586   0.013152
2123.362413   1.003011
2124.565359   0.959714
2125.768423   1.033259
2126.971605   0.986705
2128.174905  -0.013703
2129.378324  -0.036548
2130.581861   0.005369
2131.785517   0.041727
2132.989291   0.017779
2134.193183   1.958586
2135.397194  -0.005836
2136.601323   1.038102
2137.805570   0.936264
2139.009936   1.065187
2140.214419   0.991452
2141.419022  -0.009470
2142.623742   0.000352
2143.828581   0.014113
2145.033539   1.972205
2146.238614   1.009684
2147.443808  -0.039811
2148.649121  -0.023635
2149.854552   0.079958
2151.060101   2.004896
2152.265768   0.962652
2153.471554   1.032358
2154.677458   1.988048
2155.883480  -0.020698
2157.089621   3.025511
2158.295880   0.956548
2159.502258   0.989925
2160.708753  -0.003273
2161.915368   0.026663
2163.122100  -0.021786
2164.328951   0.026161
2165.535920   0.001790
2166.743008  -0.000623
2167.950213  -0.010313
2169.157538   2.021586
2170.364980   0.000987
2171.572541   2.001880
2172.780220   0.990149
2173.988018   0.971342
2175.195934   0.021562
2176.403968   1.005162
2177.612121   0.995406
2178.820392   0.954325
2180.028781   0.034981
2181.237289   0.002199
2182.445915  -0.003379
2183.654659  -0.048475
2184.863522   1.054500
2186.072503  -0.010050
2187.281602   1.999539
2188.490820   0.014047
2189.700156   1.004006
2190.909610   0.994715
2192.119183  -0.004656
2193.328874  -0.000324
2194.538683  -0.000003
2195.748611   0.000264
2196.958657   0.003604
2198.168822   0.998424
2199.379104  -0.016402
2200.589505   0.016389
2201.800025   0.999751
2203.010663  -0.011725
2204.221419   1.014577
2205.432293   0.998870
2206.643286   0.978026
2207.854397   1.020919
2209.065627   0.997624
2210.276975  -0.009640
2211.488441   1.011597
2212.700026   0.997919
2213.911729  -0.002307
2215.123550   0.002157
2216.335489   1.001850
2217.547547   0.997791
2218.759724  -0.001920
2219.972018   0.001716
2221.184431   1.001073
2222.396963   0.992476
2223.609612   0.004077
2224.822380   0.001716
2226.035267   1.001214
2227.248271   0.999055
2228.461394   0.987890
2229.674636   1.006070
2230.887995   0.002488
2232.101473  -0.005226
2233.315070   0.005412
2234.528785   1.000692
2235.742618   0.998444
2236.956569   1.000885
2238.170642   4.000261
2239.384848   2.000113
2240.599133   1.000000
