2019_09_27_09_36_49_409 /home/raspion_user/data/Beacon_Calibration4.sp 1213659  600.000  529.450 2.734449 0.490977  0.0000147857
  2.734449 293.000000
  3.716685  28.033585
  4.699071  32.000184
  5.681562  43.004265
  6.664170  36.992045
  7.646897  58.022761
  8.629741  65.010698
  9.612704  68.043635
 10.595785  72.016681
 11.578985  80.045525
 12.562303 110.006427
 13.545739 120.996660
 14.529293 145.213644
 15.512966 164.968262
 16.496758 207.040563
 17.480667 233.059175
 18.464695 253.368797
 19.448842 311.091217
 20.433106 328.994514
 21.417489 401.333812
 22.401991 428.177592
 23.386610 521.298510
 24.371348 555.554814
 25.356205 584.247327
 26.341179 621.335761
 27.326272 753.143302
 28.311484 812.474742
 29.296814 845.448716
 30.282262 842.580439
 31.267828 895.490383
 32.253513 980.095039
 33.239316 954.341488
 34.225237 988.135749
 35.211277 1039.965135
 36.197435 1070.311350
 37.183712 1143.272745
 38.170107 1133.399943
 39.156620 1165.977093
 40.143251 1232.515979
 41.130001 1254.442729
 42.116870 1362.487222
 43.103856 1454.967130
 44.090961 1286.452633
 45.078184 1162.738100
 46.065526 1046.128389
 47.052986 982.093753
 48.040564 929.708514
 49.028261 831.353191
 50.016076 817.161267
 51.004009 796.487571
 51.992061 736.697867
 52.980231 719.334092
 53.968519 748.639723
 54.956926 737.008501
 55.945451 702.840912
 56.934094 709.588902
 57.922856 680.528220
 58.911736 711.096988
 59.900734 725.768730
 60.889851 756.320594
 61.879086 796.688065
 62.868439 855.744261
 63.857911 797.435648
 64.847501 844.727052
 65.837210 843.821357
 66.827036 844.544289
 67.816982 904.742471
 68.807045 873.090453
 69.797227 878.650542
 70.787527 920.374495
 71.777946 988.239663
 72.768482 975.881564
 73.759138 882.811792
 74.749911 1070.767207
 75.740803 1069.657573
 76.731813 1065.218299
 77.722942 1087.028083
 78.714189 1150.442756
 79.705554 1105.507129
 80.697038 1172.903770
 81.688640 1254.649302
 82.680360 1331.911000
 83.672198 1326.538120
 84.664155 1419.756325
 85.656231 1400.298819
 86.648424 1505.247266
 87.640736 1506.110595
 88.633167 1649.584457
 89.625715 1580.679244
 90.618382 1744.582480
 91.611168 1808.413482
 92.604072 1918.558515
 93.597094 1769.866162
 94.590234 1990.260229
 95.583493 1974.077558
 96.576870 2131.067989
 97.570365 2211.326061
 98.563979 2187.054208
 99.557711 2370.059973
100.551562 2357.928772
101.545531 2375.394493
102.539618 2424.059916
103.533823 2631.021611
104.528147 2705.002550
105.522589 2722.456078
106.517150 2764.033413
107.511829 2933.251547
108.506626 3149.069076
109.501541 3209.546837
110.496575 3338.465646
111.491728 3364.941182
112.486998 3657.502634
113.482387 3811.670791
114.477894 3910.668128
115.473520 4045.676830
116.469264 4295.207633
117.465126 4221.417901
118.461107 4758.111588
119.457206 4721.942937
120.453423 5062.507709
121.449759 5093.342000
122.446213 5387.483960
123.442785 5420.288576
124.439476 5662.768983
125.436285 5546.029906
126.433212 5610.508462
127.430258 5597.020141
128.427422 5484.580569
129.424705 5562.829015
130.422106 5395.881466
131.419625 5101.133435
132.417262 5032.626206
133.415018 4543.422723
134.412892 4376.423897
135.410885 3995.375427
136.408995 3786.929919
137.407225 3397.385233
138.405572 3138.818791
139.404038 2968.563683
140.402622 2766.911865
141.401325 2430.192766
142.400146 2339.283821
143.399085 2120.265340
144.398142 1962.818069
145.397318 1818.257107
146.396613 1579.857306
147.396025 1500.793039
148.395556 1409.449401
149.395205 1300.194818
150.394973 1287.189109
151.394859 1200.740467
152.394863 1152.603922
153.394986 1031.107098
154.395227 1018.250772
155.395586 948.859707
156.396064 951.958220
157.396660 851.953232
158.397375 851.303932
159.398207 816.842746
160.399158 849.918780
161.400228 746.705572
162.401416 744.814599
163.402722 751.760931
164.404146 746.388354
165.405689 663.948774
166.407350 649.524224
167.409129 686.331838
168.411027 651.996654
169.413043 659.565002
170.415178 663.493361
171.417431 621.266698
172.419802 623.388474
173.422292 606.991118
174.424899 650.984060
175.427626 593.840361
176.430470 626.853355
177.433433 583.378678
178.436514 605.763476
179.439714 609.569788
180.443032 633.439297
181.446468 621.924351
182.450023 652.783987
183.453696 639.480028
184.457487 621.991676
185.461397 550.340367
186.465425 596.813220
187.469571 623.434761
188.473836 690.683975
189.478219 658.545320
190.482720 671.640597
191.487340 606.453891
192.492078 674.639269
193.496934 623.393696
194.501909 645.806496
195.507002 696.265342
196.512214 636.940205
197.517543 683.541104
198.522992 659.764611
199.528558 640.072740
200.534243 687.150271
201.540046 687.340012
202.545968 651.094836
203.552007 643.999326
204.558166 669.668563
205.564442 657.133115
206.570837 653.571467
207.577350 634.916307
208.583982 663.145056
209.590732 600.177513
210.597600 615.593879
211.604586 627.075705
212.611691 661.184923
213.618915 626.783605
214.626256 678.603666
215.633716 625.486862
216.641295 625.272795
217.648991 576.982338
218.656806 626.752679
219.664739 625.617407
220.672791 632.744935
221.680961 627.740705
222.689250 617.737762
223.697656 557.190179
224.706181 562.611149
225.714825 624.400630
226.723586 599.602577
227.732467 627.327975
228.741465 607.738994
229.750582 552.032102
230.759817 599.710516
231.769170 592.035572
232.778642 583.072348
233.788232 574.188853
234.797941 604.336335
235.807768 577.558734
236.817713 596.268555
237.827776 584.712438
238.837958 614.178385
239.848258 597.836409
240.858677 588.934610
241.869214 544.938788
242.879869 585.589610
243.890642 520.989983
244.901534 569.010581
245.912545 506.470450
246.923673 553.652389
247.934920 552.225592
248.946286 538.746905
249.957769 506.849111
250.969371 515.933668
251.981091 553.185380
252.992930 587.412830
254.004887 469.435130
255.016962 523.395697
256.029156 516.139492
257.041468 543.206941
258.053899 542.099856
259.066447 480.167182
260.079114 464.948809
261.091900 491.659779
262.104804 487.086000
263.117826 527.252504
264.130966 478.765010
265.144225 513.623009
266.157602 456.177940
267.171098 489.408390
268.184711 519.789276
269.198443 477.027111
270.212294 469.313851
271.226263 453.020579
272.240350 490.117854
273.254556 493.903289
274.268879 509.648269
275.283322 456.153589
276.297882 468.620885
277.312561 495.847632
278.327358 455.336397
279.342274 480.854033
280.357308 445.030529
281.372460 430.066198
282.387731 443.536976
283.403120 426.455009
284.418627 429.234620
285.434253 431.571523
286.449997 466.436494
287.465859 473.712357
288.481840 424.604013
289.497939 449.873678
290.514156 445.638935
291.530492 464.156061
292.546946 409.089660
293.563518 431.361135
294.580209 423.558627
295.597018 467.100003
296.613946 463.615592
297.630991 427.803053
298.648155 449.531345
299.665438 463.540665
300.682839 440.676133
301.700358 452.591149
302.717995 432.965435
303.735751 419.342152
304.753625 423.417825
305.771618 398.560116
306.789729 419.105914
307.807958 456.851740
308.826306 427.131478
309.844771 436.523580
310.863356 411.497205
311.882058 400.415348
312.900879 381.444274
313.919818 424.739718
314.938876 393.302503
315.958052 413.927373
316.977346 362.987864
317.996759 419.404334
319.016290 394.692794
320.035939 419.939269
321.055707 376.337683
322.075593 408.530958
323.095597 420.616263
324.115720 410.855933
325.135961 383.593041
326.156320 413.701823
327.176798 404.340941
328.197394 412.169552
329.218109 381.734952
330.238941 418.878504
331.259893 386.006176
332.280962 418.285114
333.302150 413.619344
334.323456 406.308967
335.344880 386.239380
336.366423 408.651968
337.388084 363.962623
338.409864 415.137196
339.431762 401.309513
340.453778 415.762980
341.475913 418.381881
342.498165 444.148189
343.520537 375.013643
344.543026 413.472747
345.565634 370.438105
346.588360 374.863542
347.611205 344.137411
348.634168 383.063024
349.657249 363.199006
350.680449 425.084319
351.703767 366.535426
352.727203 410.135604
353.750758 351.215540
354.774431 413.311775
355.798222 384.135389
356.822132 407.760075
357.846160 400.609585
358.870306 425.997091
359.894571 404.354570
360.918954 368.426045
361.943455 378.439493
362.968075 413.857752
363.992813 383.112984
365.017670 418.238879
366.042645 380.051348
367.067738 386.671127
368.092949 393.270827
369.118279 391.277255
370.143727 335.075237
371.169294 390.654198
372.194978 392.692886
373.220782 389.682417
374.246703 375.850459
375.272743 417.578555
376.298901 354.876007
377.325178 374.311350
378.351573 395.867048
379.378086 397.432995
380.404718 341.843516
381.431467 392.587682
382.458336 354.854645
383.485322 348.378982
384.512427 352.316686
385.539651 359.451891
386.566992 397.268353
387.594452 422.578081
388.622031 392.298527
389.649727 364.388115
390.677542 369.992116
391.705476 420.836593
392.733527 387.532612
393.761697 385.422432
394.789986 357.795527
395.818393 381.769992
396.846918 378.230918
397.875561 386.143159
398.904323 348.019482
399.933203 380.740102
400.962201 387.956639
401.991318 374.638697
403.020553 429.547837
404.049907 414.142357
405.079379 375.066816
406.108969 377.158936
407.138677 361.345174
408.168504 377.939676
409.198449 394.502065
410.228513 410.217482
411.258695 396.306705
412.288995 385.463817
413.319414 398.691377
414.349951 413.064873
415.380606 384.843613
416.411380 366.830506
417.442271 356.398583
418.473282 338.899053
419.504410 374.344266
420.535657 396.015769
421.567023 386.324074
422.598506 390.450403
423.630108 394.381472
424.661829 392.861251
425.693667 376.636267
426.725624 405.520451
427.757700 367.152902
428.789894 368.164508
429.822206 371.422318
430.854636 392.683877
431.887185 384.366570
432.919852 364.337831
433.952637 397.145063
434.985541 386.432694
436.018563 368.296324
437.051704 389.302389
438.084963 383.646700
439.118340 375.859328
440.151835 399.611194
441.185449 355.619475
442.219181 362.621435
443.253032 336.366588
444.287001 360.934189
445.321088 383.834871
446.355294 361.884288
447.389617 406.474110
448.424060 378.725256
449.458620 366.078466
450.493299 316.700500
451.528096 365.829201
452.563012 349.183478
453.598046 354.704368
454.633198 352.498175
455.668469 339.285835
456.703858 381.855484
457.739365 356.079263
458.774991 351.836869
459.810735 341.134863
460.846598 320.207809
461.882578 339.550769
462.918677 316.659215
463.954895 336.641292
464.991230 314.932580
466.027685 328.389884
467.064257 289.609112
468.100948 320.012432
469.137757 300.293233
470.174684 304.368489
471.211730 320.266492
472.248894 296.779717
473.286177 284.110697
474.323578 299.600269
475.361097 281.888408
476.398734 282.681711
477.436490 272.113826
478.474364 258.167798
479.512357 239.474703
480.550468 268.819236
481.588697 243.450963
482.627045 243.349526
483.665511 236.080161
484.704095 245.858473
485.742797 232.617735
486.781618 240.208188
487.820558 211.182859
488.859615 226.582421
489.898791 216.946448
490.938086 252.438660
491.977498 224.997718
493.017029 210.835473
494.056679 207.086455
495.096446 203.750550
496.136333 198.977998
497.176337 216.204854
498.216460 214.307848
499.256701 184.080838
500.297060 201.853733
501.337538 203.318541
502.378134 208.192862
503.418849 180.650556
504.459681 189.736177
505.500632 192.951415
506.541702 184.706301
507.582890 196.575666
508.624196 180.083168
509.665620 195.683762
510.707163 163.550783
511.748824 179.421872
512.790604 182.344009
513.832502 179.378975
514.874518 164.966988
515.916653 160.431392
516.958906 185.905718
518.001277 166.862966
519.043767 173.896896
520.086374 189.261341
521.129101 155.652111
522.171945 160.164177
523.214908 166.198092
524.257990 184.962590
525.301189 152.480433
526.344507 180.511218
527.387944 155.666921
528.431498 146.315344
529.475171 162.462814
530.518963 163.469171
531.562873 153.212552
532.606901 172.283589
533.651047 159.643873
534.695312 150.709253
535.739695 158.381591
536.784196 154.325818
537.828816 133.364476
538.873554 165.370891
539.918411 154.162965
540.963386 132.680463
542.008479 134.880292
543.053690 156.162342
544.099020 145.789662
545.144468 142.924969
546.190035 131.762235
547.235720 159.184078
548.281523 129.572111
549.327444 144.146133
550.373484 134.297833
551.419643 151.855351
552.465919 133.414538
553.512314 139.676521
554.558827 134.207935
555.605459 142.451446
556.652209 142.124622
557.699077 144.119924
558.746064 149.241151
559.793169 118.453798
560.840392 149.918030
561.887734 138.274847
562.935194 153.877306
563.982772 142.740517
565.030469 131.587344
566.078284 142.480808
567.126217 135.453041
568.174269 150.213714
569.222439 131.148315
570.270728 124.811365
571.319135 147.828269
572.367660 143.841577
573.416303 116.328977
574.465065 140.381353
575.513945 128.146175
576.562944 137.233562
577.612060 125.098635
578.661296 152.381473
579.710649 123.433993
580.760121 144.735797
581.809711 132.703418
582.859420 132.053312
583.909247 134.335043
584.959192 154.965976
586.009255 130.680754
587.059437 154.316528
588.109738 143.941190
589.160156 149.454338
590.210693 142.933830
591.261348 129.634956
592.312122 147.352542
593.363014 157.126217
594.414024 159.472265
595.465153 145.357854
596.516400 155.650880
597.567765 152.984624
598.619249 163.045503
599.670851 154.463985
600.722572 163.353194
601.774410 158.283393
602.826367 177.782557
603.878443 168.784385
604.930637 172.441568
605.982949 205.413473
607.035379 177.522638
608.087928 213.426350
609.140595 209.413480
610.193381 216.754546
611.246284 223.569518
612.299307 225.074940
613.352447 244.348218
614.405706 251.940931
615.459083 267.783530
616.512579 284.394389
617.566193 274.266723
618.619925 277.195318
619.673775 312.587804
620.727744 329.376828
621.781831 338.415204
622.836037 353.194169
623.890361 384.538243
624.944803 386.820296
625.999364 394.271826
627.054043 463.900985
628.108840 460.487186
629.163756 511.355415
630.218790 581.656688
631.273942 557.424949
632.329213 602.953862
633.384602 602.020336
634.440109 615.373131
635.495735 656.589005
636.551479 691.154967
637.607342 785.174075
638.663322 818.389711
639.719421 860.959901
640.775639 855.948738
641.831975 934.767087
642.888429 946.304507
643.945001 1012.087692
645.001692 1095.664477
646.058501 1135.752526
647.115429 1098.973553
648.172475 1232.480809
649.229639 1223.512268
650.286921 1261.333021
651.344322 1322.202220
652.401841 1396.931748
653.459479 1434.719239
654.517235 1462.565650
655.575109 1491.834847
656.633102 1543.638822
657.691213 1565.042740
658.749442 1637.782954
659.807789 1619.573008
660.866255 1662.516405
661.924840 1659.356687
662.983542 1773.107493
664.042363 1713.902787
665.101303 1719.231958
666.160360 1787.224384
667.219536 1769.213629
668.278831 1755.878671
669.338243 1885.481083
670.397774 1889.817955
671.457424 1739.509325
672.517192 1853.747508
673.577078 1731.614783
674.637082 1763.006624
675.697205 1698.681677
676.757446 1717.992664
677.817805 1637.410057
678.878283 1581.721016
679.938879 1547.162926
680.999594 1526.561977
682.060427 1450.886475
683.121378 1397.426168
684.182447 1453.430979
685.243635 1370.976536
686.304941 1320.483352
687.366366 1278.169245
688.427909 1210.728289
689.489570 1271.169661
690.551350 1110.999256
691.613248 1033.858540
692.675264 979.667003
693.737399 960.622107
694.799651 929.556770
695.862023 870.781093
696.924512 875.220444
697.987120 764.394617
699.049847 735.486910
700.112691 726.412425
701.175654 677.258221
702.238736 591.173135
703.301935 601.010323
704.365253 579.457480
705.428690 518.528707
706.492245 501.987955
707.555918 450.772971
708.619709 431.771962
709.683619 432.108313
710.747647 355.902729
711.811793 394.679371
712.876058 312.997524
713.940441 324.001470
715.004943 297.369410
716.069563 292.579166
717.134301 270.780414
718.199157 268.592203
719.264132 237.561335
720.329225 238.120225
721.394437 234.541216
722.459767 208.923210
723.525215 223.809076
724.590782 198.610415
725.656466 185.940418
726.722270 181.307299
727.788191 175.667006
728.854231 178.663602
729.920389 139.486468
730.986666 161.149285
732.053061 142.205097
733.119574 153.814524
734.186206 169.242191
735.252956 148.667503
736.319824 148.605912
737.386811 139.244142
738.453916 152.709529
739.521139 141.623511
740.588481 117.700788
741.655941 157.426859
742.723520 134.288847
743.791216 125.057592
744.859032 127.757384
745.926965 123.461305
746.995017 127.087671
748.063187 139.103156
749.131475 138.507002
750.199882 133.366465
751.268407 120.114049
752.337051 127.154073
753.405813 116.775460
754.474693 109.754678
755.543691 108.073124
756.612808 109.718864
757.682043 122.918861
758.751397 108.831322
759.820869 123.828395
760.890459  98.240992
761.960168 109.639490
763.029995 110.930478
764.099940 115.166697
765.170003 113.140562
766.240185 112.784077
767.310486 116.147088
768.380904 104.235433
769.451441 111.729169
770.522097  89.823970
771.592870 105.416287
772.663762 105.990764
773.734773 125.109109
774.805901  87.349709
775.877148 101.425883
776.948514 107.314986
778.019998  96.242891
779.091600 106.394153
780.163320 108.928363
781.235159  96.669345
782.307116  97.477869
783.379191 100.906798
784.451385 112.345954
785.523697 112.825863
786.596128 103.153860
787.668677 110.101569
788.741344 104.567812
789.814129 103.200543
790.887033  84.238726
791.960055 103.897387
793.033196 106.589387
794.106455  96.078406
795.179832  99.789741
796.253328 100.790271
797.326942  95.265724
798.400674 105.616700
799.474524 109.326446
800.548493 104.967215
801.622581  89.120756
802.696786 111.671661
803.771110  93.626026
804.845553  98.746968
805.920113  95.522987
806.994792  87.746931
808.069590 107.961035
809.144505  89.390622
810.219539 101.771914
811.294692  89.578335
812.369962 109.877174
813.445352  98.895022
814.520859  87.526305
815.596485  99.235710
816.672229  97.618157
817.748091  93.188566
818.824072 110.726047
819.900171  84.014204
820.976389  94.905429
822.052724  95.597921
823.129179 102.007075
824.205751  87.289023
825.282442  94.921990
826.359251 102.150181
827.436179 115.006080
828.513225  82.120597
829.590389  89.694772
830.667671  96.337669
831.745072  79.363048
832.822591  89.841928
833.900229  89.910117
834.977985  97.303528
836.055859  90.679140
837.133852  87.796885
838.211963 102.581877
839.290192  99.328022
840.368540  96.557507
841.447006  81.502232
842.525590  84.074041
843.604293  89.459421
844.683114  85.996205
845.762053  83.775106
846.841111  97.500105
847.920287  81.079819
848.999581 102.035444
850.078994  79.684901
851.158525  91.248953
852.238175 100.275525
853.317942  84.287889
854.397829  82.163178
855.477833 106.033190
856.557956  81.020485
857.638197  80.688971
858.718556  86.990716
859.799034  77.272941
860.879630 102.273070
861.960345  95.647392
863.041178  92.732620
864.122129  79.149990
865.203199  76.318926
866.284386  82.918061
867.365693  86.862736
868.447117  96.155225
869.528660  82.371000
870.610321  95.389121
871.692101  89.938281
872.773999  82.802912
873.856015  88.209404
874.938150  77.078894
876.020403  98.167962
877.102774  99.538483
878.185264  86.450871
879.267872 104.724925
880.350598 100.743532
881.433443  76.742200
882.516406  87.025128
883.599487  91.804804
884.682687  89.633112
885.766005  74.914316
886.849442  85.806114
887.932996 101.423172
889.016670  79.194055
890.100461  88.134477
891.184371  92.422897
892.268399  93.577794
893.352545  98.319093
894.436810  74.062340
895.521193  94.016774
896.605695  86.324873
897.690315  87.273046
898.775053  90.024869
899.859909  96.632917
900.944884  85.990646
902.029978  81.871681
903.115189  89.387200
904.200519  93.002746
905.285967  92.917296
906.371534  90.444417
907.457219  87.788094
908.543022  88.056225
909.628944  93.071019
910.714984  84.566985
911.801142  96.989976
912.887419  78.895299
913.973814  85.175405
915.060327  88.495582
916.146959  86.199322
917.233709  81.435423
918.320577  90.049233
919.407564  77.402687
920.494669  94.529450
921.581892  81.415270
922.669234  83.957221
923.756694  80.078142
924.844273  87.974993
925.931969  91.771840
927.019785  80.164856
928.107718  84.561692
929.195770  82.670263
930.283940  84.262726
931.372228  69.850586
932.460635  79.270181
933.549160  66.804616
934.637804  77.948963
935.726566  90.139436
936.815446  63.516213
937.904445  83.716053
938.993562  69.810154
940.082797  84.584544
941.172150  85.717707
942.261622  78.904666
943.351213  77.232935
944.440921  60.562168
945.530748  68.195865
946.620693  87.807778
947.710757  68.045848
948.800939  77.481797
949.891239  67.184053
950.981658  66.552246
952.072195  71.814784
953.162850  82.067742
954.253624  60.518529
955.344516  83.276574
956.435527  78.250998
957.526655  70.790696
958.617902  66.595593
959.709268  81.769831
960.800752  73.824144
961.892354  69.249451
962.984074  74.588042
964.075913  69.744188
965.167870  72.667255
966.259946  57.462667
967.352139  73.098183
968.444452  74.380501
969.536882  59.086324
970.629431  71.038520
971.722098  71.401903
972.814884  59.048972
973.907788  64.478272
975.000810  59.667285
976.093950  77.227912
977.187209  64.216545
978.280587  63.987988
979.374082  74.605868
980.467696  66.987084
981.561429  65.761744
982.655279  72.007869
983.749248  71.275437
984.843335  66.046267
985.937541  61.604953
987.031865  67.923058
988.126307  66.622108
989.220868  59.840727
990.315547  71.548831
991.410345  61.332497
992.505260  62.974369
993.600294  67.380109
994.695447  61.646407
995.790718  58.748112
996.886107  59.460478
997.981614  57.119326
999.077240  55.708130
1000.172984  54.963501
1001.268846  80.544489
1002.364827  75.307531
1003.460926  60.290720
1004.557144  54.049263
1005.653480  65.118779
1006.749934  57.336685
1007.846507  59.333166
1008.943197  72.244017
1010.040007  68.356856
1011.136934  52.041562
1012.233980  50.754645
1013.331144  62.639956
1014.428427  59.982484
1015.525828  63.368190
1016.623347  51.781353
1017.720985  58.286204
1018.818741  79.430340
1019.916615  62.967477
1021.014608  63.180281
1022.112719  59.490980
1023.210948  53.493060
1024.309296  59.697236
1025.407762  66.912535
1026.506346  63.501527
1027.605049  52.797766
1028.703870  65.913353
1029.802809  57.056315
1030.901867  56.247195
1032.001043  64.897641
1033.100338  62.012275
1034.199750  40.489702
1035.299282  68.746297
1036.398931  60.103206
1037.498699  34.930264
1038.598585  60.862763
1039.698589  47.604188
1040.798712  51.118230
1041.898953  77.043945
1042.999313  52.823930
1044.099791  65.748341
1045.200387  54.323852
1046.301102  53.385928
1047.401934  57.568642
1048.502886  52.233343
1049.603955  63.158476
1050.705143  67.460913
1051.806449  44.632884
1052.907874  62.706412
1054.009417  41.642875
1055.111078  45.532816
1056.212858  62.115447
1057.314756  59.522578
1058.416772  59.018930
1059.518907  55.234430
1060.621160  59.294185
1061.723531  51.307994
1062.826021  58.648671
1063.928629  55.507278
1065.031356  46.845611
1066.134200  48.594664
1067.237163  61.245030
1068.340245  50.074986
1069.443445  49.801323
1070.546763  59.932977
1071.650199  64.081557
1072.753754  52.159837
1073.857427  44.857096
1074.961218  51.051938
1076.065128  56.614388
1077.169156  49.576318
1078.273303  42.422181
1079.377568  57.948430
1080.481951  47.310658
1081.586453  47.863292
1082.691072  51.943155
1083.795811  39.048931
1084.900667  43.916787
1086.005642  48.061249
1087.110735  46.231270
1088.215947  43.671682
1089.321277  55.809119
1090.426725  42.006989
1091.532292  47.989784
1092.637977  46.851373
1093.743780  44.309723
1094.849702  48.766715
1095.955742  44.033153
1097.061900  34.640047
1098.168177  45.788096
1099.274572  48.111435
1100.381085  37.493728
1101.487717  38.500680
1102.594467  45.005629
1103.701336  41.467264
1104.808322  49.000360
1105.915427  42.761314
1107.022651  52.948362
1108.129993  49.605370
1109.237453  48.947570
1110.345031  49.022437
1111.452728  50.485054
1112.560543  45.292931
1113.668477  57.192707
1114.776528  51.878193
1115.884699  52.858911
1116.992987  37.965293
1118.101394  55.630122
1119.209919  52.786943
1120.318563  56.977931
1121.427325  47.396604
1122.536205  60.307844
1123.645204  51.375196
1124.754321  55.351046
1125.863556  59.945502
1126.972909  58.888365
1128.082381  55.921381
1129.191972  57.851669
1130.301680  56.763762
1131.411507  63.142873
1132.521453  69.109984
1133.631516  64.622656
1134.741698  76.746508
1135.851999  76.088600
1136.962417  76.860341
1138.072955  85.129113
1139.183610  76.811367
1140.294384  77.867543
1141.405276  78.852829
1142.516286  92.291159
1143.627415  81.549865
1144.738662  71.089007
1145.850028  93.592989
1146.961511  92.430197
1148.073113  94.610970
1149.184834 102.848579
1150.296673 101.347899
1151.408630  99.764648
1152.520705 117.361167
1153.632899 107.463292
1154.745212 110.781972
1155.857642 124.090780
1156.970191 113.256998
1158.082858 114.526775
1159.195644 135.078737
1160.308548 128.248155
1161.421570 116.553056
1162.534711 120.481013
1163.647970 126.250805
1164.761347 131.307940
1165.874842 136.022859
1166.988456 140.243166
1168.102189 137.215213
1169.216039 131.142144
1170.330008 156.680745
1171.444096 149.994197
1172.558302 141.208258
1173.672626 149.098887
1174.787068 138.691096
1175.901629 160.723468
1177.016308 161.428913
1178.131105 169.907761
1179.246021 160.145845
1180.361055 156.158240
1181.476207 146.608824
1182.591478 153.837495
1183.706867 170.130956
1184.822375 143.154439
1185.938001 166.697783
1187.053745 143.838727
1188.169607 138.247942
1189.285588 163.428735
1190.401687 129.566424
1191.517905 167.243951
1192.634241 137.539064
1193.750695 138.110783
1194.867268 151.128133
1195.983959 148.591568
1197.100768 140.585029
1198.217695 131.926391
1199.334741 146.712362
1200.451906 134.367176
1201.569188 119.785452
1202.686589 133.751646
1203.804109 117.575277
1204.921746 124.689928
1206.039502 115.918273
1207.157377 116.265143
1208.275369 116.968853
1209.393480  95.442167
1210.511710 105.011012
1211.630057  98.736592
1212.748523  98.827871
1213.867108  94.726243
1214.985811  90.441881
1216.104632 104.856397
1217.223571  87.094569
1218.342629  77.688313
1219.461805  85.203535
1220.581099  72.605146
1221.700512  60.879969
1222.820043  74.173670
1223.939693  70.437683
1225.059461  55.853929
1226.179347  65.490840
1227.299351  76.623580
1228.419474  55.300975
1229.539716  63.949247
1230.660075  58.867165
1231.780553  52.265354
1232.901149  43.345611
1234.021864  42.581189
1235.142697  52.007744
1236.263648  44.826997
1237.384718  52.248023
1238.505906  47.977376
1239.627212  43.666630
1240.748637  37.754287
1241.870180  42.776290
1242.991841  32.504626
1244.113621  36.819993
1245.235519  47.918916
1246.357535  44.773201
1247.479670  35.534846
1248.601923  34.883567
1249.724294  27.586242
1250.846784  35.115661
1251.969392  36.421879
1253.092118  25.525728
1254.214963  27.079889
1255.337926  24.363067
1256.461008  34.809043
1257.584207  29.215154
1258.707526  26.477224
1259.830962  30.115094
1260.954517  29.515559
1262.078190  36.264570
1263.201982  35.079688
1264.325891  34.169701
1265.449920  31.116949
1266.574066  34.679290
1267.698331  30.562012
1268.822714  28.558199
1269.947216  32.435900
1271.071836  33.212665
1272.196574  30.623743
1273.321431  30.690287
1274.446406  28.296302
1275.571499  37.739381
1276.696711  28.340289
1277.822041  37.121036
1278.947489  41.744176
1280.073056  30.672901
1281.198741  39.182666
1282.324544  41.050891
1283.450466  37.207301
1284.576506  39.365308
1285.702664  39.327076
1286.828941  44.582661
1287.955336  47.086772
1289.081849  46.779471
1290.208481  48.710051
1291.335231  41.382414
1292.462100  52.864488
1293.589086  60.389467
1294.716191  61.967456
1295.843415  47.944066
1296.970757  53.475301
1298.098217  60.276932
1299.225795  71.528201
1300.353492  55.297492
1301.481307  49.051644
1302.609241  70.345641
1303.737293  75.153634
1304.865463  73.170636
1305.993752  63.974103
1307.122159  70.603514
1308.250684  83.722644
1309.379327  59.953683
1310.508089  72.707527
1311.636970  71.439135
1312.765968 103.544039
1313.895085  81.361390
1315.024320  88.251776
1316.153674  85.910588
1317.283146  87.213608
1318.412736  82.836295
1319.542445 113.379510
1320.672272  77.081003
1321.802218 111.046257
1322.932281  96.109920
1324.062463  95.539536
1325.192764 102.950263
1326.323182 110.997644
1327.453720  93.997061
1328.584375 116.942134
1329.715149 100.052492
1330.846041 103.662128
1331.977051 121.043078
1333.108180  98.071582
1334.239427 111.148052
1335.370793 129.931430
1336.502277 125.253979
1337.633879 123.202842
1338.765599 117.870633
1339.897438 115.725092
1341.029395 125.866723
1342.161471 124.580688
1343.293665 115.407996
1344.425977 122.895490
1345.558408 127.818920
1346.690957 122.084559
1347.823624 123.904551
1348.956409 116.003055
1350.089313 127.916648
1351.222336 116.566396
1352.355476 125.747267
1353.488735 129.671007
1354.622113 125.368733
1355.755608  91.231749
1356.889222 105.556318
1358.022955 110.375239
1359.156805 107.294264
1360.290774 106.791698
1361.424862 109.214188
1362.559068  97.510117
1363.693392 108.358928
1364.827834  95.704303
1365.962395 107.297548
1367.097074 106.662950
1368.231871 104.459241
1369.366787  92.790652
1370.501821  84.910384
1371.636974  73.841912
1372.772245  77.814337
1373.907634  82.606547
1375.043141  78.440079
1376.178767  72.629544
1377.314511  68.370414
1378.450374  83.727428
1379.586355  79.307266
1380.722454  61.550569
1381.858672  65.500785
1382.995007  69.650098
1384.131462  58.635970
1385.268034  61.512136
1386.404725  57.803717
1387.541535  49.842664
1388.678462  41.798609
1389.815508  58.737693
1390.952673  54.377940
1392.089955  44.491942
1393.227356  40.602421
1394.364876  38.748869
1395.502513  44.336532
1396.640269  40.165100
1397.778144  30.265288
1398.916136  36.589322
1400.054247  44.989500
1401.192477  31.984863
1402.330825  25.222196
1403.469291  38.026920
1404.607875  30.238400
1405.746578  26.195135
1406.885399  26.072258
1408.024338  27.194033
1409.163396  25.112312
1410.302572  23.565943
1411.441867  21.665377
1412.581280  20.469455
1413.720811  27.231805
1414.860460  17.598737
1416.000228  18.699023
1417.140115  17.537158
1418.280119  17.185729
1419.420242  21.643961
1420.560483  21.206394
1421.700843  22.545791
1422.841321  17.225037
1423.981917  18.474597
1425.122632  13.929236
1426.263465  18.120314
1427.404416  13.348373
1428.545486  15.540476
1429.686674  14.774217
1430.827980  14.074294
1431.969405  14.015989
1433.110948  12.336330
1434.252609  13.721270
1435.394389  15.373981
1436.536287  11.081679
1437.678303  16.698137
1438.820438   8.878603
1439.962691   8.978854
1441.105062  12.526083
1442.247552   7.564570
1443.390160   8.885141
1444.532887  18.408967
1445.675732   7.605313
1446.818695  11.018924
1447.961776  15.129064
1449.104976   8.560165
1450.248294  10.152733
1451.391731  10.554314
1452.535286  11.321215
1453.678959  11.598792
1454.822750   7.890928
1455.966660  12.614510
1457.110688  10.423866
1458.254835  12.272610
1459.399100   7.534333
1460.543483  13.192581
1461.687985  12.434651
1462.832605   9.016451
1463.977343   9.431573
1465.122200   3.057570
1466.267175   9.033189
1467.412268  10.426091
1468.557480   3.607753
1469.702810  10.128147
1470.848258   3.829607
1471.993825  10.593936
1473.139510   9.326114
1474.285313   8.210598
1475.431235   8.874391
1476.577275   9.355344
1477.723433   8.869297
1478.869710   4.781330
1480.016105   5.782039
1481.162619   5.148322
1482.309250   8.971133
1483.456001   6.483792
1484.602869  10.331901
1485.749856  11.565369
1486.896961   9.458009
1488.044185   8.187038
1489.191526  10.328141
1490.338987   4.996873
1491.486565   8.658082
1492.634262   7.619784
1493.782077   7.414430
1494.930011   3.478028
1496.078063   3.587055
1497.226233   4.551472
1498.374522   7.980422
1499.522929   4.898742
1500.671454   5.152152
1501.820097  11.374457
1502.968859   5.543916
1504.117740   5.903592
1505.266738   4.171122
1506.415855   3.583394
1507.565091   4.298997
1508.714444   2.734473
1509.863916   1.840793
1511.013507   9.225913
1512.163216   4.741532
1513.313043   2.122140
1514.462988   6.294027
1515.613052   5.469543
1516.763234   5.454832
1517.913534   4.365395
1519.063953   3.454727
1520.214490   3.678536
1521.365146   4.288944
1522.515919   2.668290
1523.666812   1.703397
1524.817822   3.033843
1525.968951   4.643212
1527.120198   5.900541
1528.271564   5.088662
1529.423048   5.213490
1530.574650   2.629443
1531.726370   1.901021
1532.878209   5.507412
1534.030166   4.833867
1535.182242   0.983321
1536.334436   3.013100
1537.486748   4.851794
1538.639179   5.505867
1539.791728   1.867829
1540.944395   3.009737
1542.097181   3.025296
1543.250085   2.741867
1544.403107   5.473862
1545.556248   2.058477
1546.709507   4.048902
1547.862884   2.352654
1549.016380   5.852203
1550.169994   1.479336
1551.323726   4.422412
1552.477577   4.083115
1553.631546   2.985550
1554.785633   7.198389
1555.939839   1.080714
1557.094163   3.646332
1558.248606   2.521960
1559.403167   1.803576
1560.557846   2.493883
1561.712643   4.325360
1562.867559   2.253769
1564.022593   2.150759
1565.177746   3.437884
1566.333017   2.891920
1567.488406   1.140569
1568.643913   3.568054
1569.799539   2.936585
1570.955283   3.066274
1572.111146   1.256710
1573.267127   0.438136
1574.423226   1.453838
1575.579444   3.064642
1576.735780   4.910083
1577.892234   1.097385
1579.048807   6.949288
1580.205498   2.900823
1581.362307   1.710178
1582.519235   3.799942
1583.676281   2.670722
1584.833445   4.488574
1585.990728   4.311245
1587.148129   2.274338
1588.305648   1.171163
1589.463286   1.971984
1590.621042   3.542875
1591.778916   1.725555
1592.936909   0.176764
1594.095020   0.820855
1595.253250   3.777063
1596.411597   1.674943
1597.570064   3.265984
1598.728648   0.935003
1599.887351   0.983781
1601.046172   1.074882
1602.205111   2.339041
1603.364169   1.151491
1604.523346   1.934366
1605.682640   5.337600
1606.842053   2.263723
1608.001584   2.161100
1609.161234   1.266003
1610.321002   4.926978
1611.480888   1.614414
1612.640892   0.834767
1613.801015   1.445129
1614.961257   4.626578
1616.121616   3.551125
1617.282094   3.361599
1618.442691   0.507333
1619.603405   1.427645
1620.764238   1.302400
1621.925190   0.745450
1623.086259   0.815923
1624.247447   0.722081
1625.408754   1.972868
1626.570178   0.191273
1627.731721   0.808317
1628.893383   4.169914
1630.055163   0.875438
1631.217061   2.720405
1632.379077   3.504473
1633.541212   1.874753
1634.703465   3.435837
1635.865836   1.196810
1637.028326   0.867148
1638.190934   1.340610
1639.353661   1.545280
1640.516506   3.449387
1641.679469   2.218845
1642.842550   1.338131
1644.005750   2.034766
1645.169068   1.717166
1646.332505   2.126423
1647.496060   2.123424
1648.659733   4.540672
1649.823525   0.561022
1650.987435   0.724215
1652.151463   1.525829
1653.315609   0.917911
1654.479874   1.334780
1655.644258   2.777703
1656.808759   0.763818
1657.973379   5.204435
1659.138118   1.268078
1660.302974   1.196470
1661.467949   1.911822
1662.633043   1.583223
1663.798254   1.548290
1664.963584  -0.032716
1666.129033   3.534727
1667.294600   3.109757
1668.460285   1.003530
1669.626088   3.881086
1670.792010   3.277114
1671.958050   2.559404
1673.124208   0.967991
1674.290485   0.644637
1675.456880   2.128282
1676.623394   0.952089
1677.790026   1.007183
1678.956776   1.590833
1680.123644   0.164027
1681.290631   1.054751
1682.457736   0.079992
1683.624960   0.566474
1684.792302   1.519478
1685.959762   1.910240
1687.127341   0.700298
1688.295038   1.499315
1689.462853   1.112343
1690.630786  -0.259590
1691.798838   1.304963
1692.967009   1.181596
1694.135297   1.801563
1695.303704   1.550139
1696.472230   0.140159
1697.640873   0.869811
1698.809635   2.706513
1699.978516   2.132844
1701.147514   0.666302
1702.316631   0.000361
1703.485867   2.297988
1704.655220   3.689417
1705.824692   1.664320
1706.994283  -0.239617
1708.163992   0.665092
1709.333819   2.038936
1710.503764   1.961121
1711.673828   0.629992
1712.844010   2.349496
1714.014310   4.177989
1715.184729   3.688671
1716.355266   1.279368
1717.525922   0.225299
1718.696696   0.744435
1719.867588   2.148022
1721.038598   1.725635
1722.209727   4.150565
1723.380975   1.751010
1724.552340   0.844915
1725.723824   2.117865
1726.895426   0.757067
1728.067147   2.357822
1729.238986   0.915661
1730.410943  -0.277094
1731.583019   0.953054
1732.755213   1.034979
1733.927525   1.778286
1735.099956   0.514046
1736.272505   2.476674
1737.445172   1.569979
1738.617958   1.966736
1739.790862   1.943911
1740.963884   0.270349
1742.137025   1.157430
1743.310284  -0.047832
1744.483661  -0.116294
1745.657157   0.212992
1746.830771  -0.068634
1748.004503   1.118297
1749.178354  -0.259322
1750.352323   0.518920
1751.526411   2.749297
1752.700617   2.712197
1753.874941   0.877471
1755.049383   0.943966
1756.223944  -0.162575
1757.398623   0.682106
1758.573421   0.977975
1759.748337   0.660688
1760.923371   1.086703
1762.098523   1.243736
1763.273794   1.792955
1764.449183   0.210138
1765.624691   0.186083
1766.800317   2.152921
1767.976061   2.649315
1769.151924   2.791396
1770.327905  -0.347682
1771.504004   1.319493
1772.680222  -0.075223
1773.856558   2.061939
1775.033012   0.605663
1776.209585   0.235712
1777.386276   0.175999
1778.563085   2.060709
1779.740013  -0.175535
1780.917059   1.022083
1782.094223   0.828571
1783.271506   3.035446
1784.448907   1.315729
1785.626426   0.911549
1786.804064   1.159353
1787.981820   3.195194
1789.159695   1.548329
1790.337687   1.298568
1791.515799   2.783906
1792.694028   0.803767
1793.872376   0.873155
1795.050842   0.556022
1796.229427   0.533213
1797.408129   3.929780
1798.586951  -0.451357
1799.765890   2.322313
1800.944948   0.726792
1802.124124   0.270749
1803.303419   2.450994
1804.482832   2.947165
1805.662363   0.650589
1806.842012   2.857216
1808.021780   2.292421
1809.201667  -0.245858
1810.381671   1.326281
1811.561794   0.859069
1812.742036   1.949659
1813.922395   1.876315
1815.102873   0.815802
1816.283470   0.220582
1817.464184   0.173242
1818.645017   2.835454
1819.825969   1.849696
1821.007038   2.260305
1822.188226   1.000763
1823.369533   1.908220
1824.550958   0.016978
1825.732501   1.062046
1826.914162   1.824487
1828.095942   0.920992
1829.277840   1.253614
1830.459857   1.079546
1831.641991   0.330812
1832.824244   0.029239
1834.006616   3.925169
1835.189106  -0.339643
1836.371714   1.324668
1837.554441   1.783364
1838.737285   0.968674
1839.920249   1.908653
1841.103330  -0.020462
1842.286530   0.004701
1843.469848   1.288982
1844.653285  -0.116437
1845.836840   0.197651
1847.020513   1.001134
1848.204305   5.593137
1849.388215   0.094206
1850.572243   0.755602
1851.756390   0.315062
1852.940655   0.950880
1854.125038  -0.241972
1855.309540   0.250278
1856.494160   1.062948
1857.678898   1.093895
1858.863755   0.740107
1860.048730   1.144162
1861.233823   0.913655
1862.419035   1.153866
1863.604365   0.897109
1864.789813   0.315239
1865.975380   0.987715
1867.161065   0.819338
1868.346869   0.790263
1869.532790   1.204454
1870.718831   0.961102
1871.904989   0.924955
1873.091266   0.726016
1874.277661   2.682085
1875.464175   0.473251
1876.650806   2.137877
1877.837557   1.767420
1879.024425   1.021054
1880.211412  -0.023017
1881.398517   0.774601
1882.585741   1.016673
1883.773083   0.083062
1884.960543   0.137709
1886.148122   0.341533
1887.335819   0.896812
1888.523634   0.894522
1889.711567   1.047694
1890.899619   1.035958
1892.087790   0.112418
1893.276078   1.196234
1894.464485   1.013671
1895.653011   0.999167
1896.841655   0.974783
1898.030417   0.028070
1899.219297   0.199103
1900.408296   1.911617
1901.597413  -0.251542
1902.786648   0.296695
1903.976002   0.887542
1905.165474   0.094609
1906.355064  -0.144709
1907.544773   1.255847
1908.734600   0.844648
1909.924546  -0.025696
1911.114610   2.224743
1912.304792   0.889494
1913.495092  -0.284548
1914.685511   1.276208
1915.876048   0.067277
1917.066704   1.129894
1918.257478   0.954262
1919.448370   0.862251
1920.639380   1.074895
1921.830509   0.853836
1923.021757   0.824557
1924.213122   1.330673
1925.404606  -0.017627
1926.596208   3.127951
1927.787929   4.658489
1928.979768   0.905819
1930.171725  -0.172868
1931.363801   2.015032
1932.555995   0.201704
1933.748307  -0.065471
1934.940738   0.175964
1936.133287   1.978311
1937.325954   1.798420
1938.518740   0.947689
1939.711644   0.893165
1940.904667   0.167735
1942.097807   1.165785
1943.291066   2.793931
1944.484444   0.015256
1945.677940  -0.122968
1946.871554   2.097228
1948.065286   0.070446
1949.259137  -0.053645
1950.453106   1.088621
1951.647194  -0.023153
1952.841399  -0.002093
1954.035724  -0.006233
1955.230166  -0.084919
1956.424727   0.038451
1957.619406   0.119750
1958.814204  -0.072164
1960.009120   0.081732
1961.204154   2.080104
1962.399306   0.855575
1963.594577   0.973507
1964.789967   0.089640
1965.985474   0.006406
1967.181100   0.002147
1968.376844   0.023601
1969.572707   1.013976
1970.768688   1.935893
1971.964787   0.931667
1973.161005   0.939877
1974.357341  -0.014988
1975.553795   0.918332
1976.750368   1.092921
1977.947059   1.923825
1979.143869  -0.049394
1980.340796   0.820805
1981.537842   0.179614
1982.735007  -0.060894
1983.932290   0.102089
1985.129691  -0.055193
1986.327210   0.951882
1987.524848   1.138240
1988.722604   2.869322
1989.920479   0.121671
1991.118471  -0.115250
1992.316583   1.180119
1993.514812  -0.016393
1994.713160  -0.056019
1995.911626   1.033356
1997.110211   1.887536
1998.308914   0.081636
1999.507735   0.109761
2000.706674   0.009991
2001.905732   0.031730
2003.104908   1.871034
2004.304203  -0.161365
2005.503616   0.292200
2006.703147   0.020639
2007.902797   0.001541
2009.102565   0.001041
2010.302451   0.012996
2011.502456   0.907660
2012.702579   0.014115
2013.902820   1.003602
2015.103180  -0.015245
2016.303658  -0.226674
2017.504254   1.307187
2018.704969   0.139921
2019.905802   1.056189
2021.106753   2.070543
2022.307823   1.936773
2023.509011   0.931715
2024.710318  -0.014994
2025.911743   0.905950
2027.113286  -0.064240
2028.314947   0.173340
2029.516727  -0.049562
2030.718625   0.103517
2031.920642   0.989225
2033.122776  -0.009769
2034.325030   0.918746
2035.527401   0.061295
2036.729891   0.004011
2037.932499  -0.004017
2039.135226  -0.059959
2040.338071   0.097926
2041.541034   0.989100
2042.744116  -0.025613
2043.947315  -0.065283
2045.150634   0.027625
2046.354070   0.955971
2047.557625   0.222816
2048.761299   4.949011
2049.965090   0.877863
2051.169000  -0.090310
2052.373029   0.017333
2053.577175   0.091383
2054.781440   0.914340
2055.985824  -0.214299
2057.190325   1.374407
2058.394945   0.936369
2059.599684   0.054384
2060.804541   0.000895
2062.009516  -0.040760
2063.214609   1.056015
2064.419821  -0.054395
2065.625151   1.056970
2066.830599  -0.017801
2068.036166  -0.055602
2069.241851   0.065562
2070.447655  -0.052671
2071.653577   0.015405
2072.859617   0.068668
2074.065775  -0.058015
2075.272052  -0.075756
2076.478447   1.194944
2077.684961   0.012579
2078.891593   1.013158
2080.098343   1.918920
2081.305212   0.967011
2082.512199   0.049369
2083.719304   0.003941
2084.926527   0.006491
2086.133869   0.889895
2087.341330   0.109180
2088.548908   0.018216
2089.756605   0.953700
2090.964421   1.021409
2092.172354   2.962806
2093.380406  -0.084652
2094.588577   0.065343
2095.796865  -0.033954
2097.005272   4.002589
2098.213798   0.122990
2099.422441  -0.025175
2100.631204   1.049129
2101.840084  -0.010996
2103.049083  -0.000019
2104.258200   0.010567
2105.467435   0.970837
2106.676789   2.024005
2107.886261  -0.025472
2109.095852   0.008447
2110.305560   0.971544
2111.515388   2.020222
2112.725333  -0.071448
2113.935397   0.008338
2115.145579   0.065997
2116.355880   0.988245
2117.566299  -0.130534
2118.776836   1.101397
2119.987491   0.046958
2121.198265   0.000949
2122.409157  -0.032796
2123.620168   0.995671
2124.831297  -0.044873
2126.042544   0.047520
2127.253910   3.043259
2128.465394   0.016508
2129.676996   0.002447
2130.888717   0.017909
2132.100556   1.951307
2133.312513   0.030783
2134.524589   0.994034
2135.736783  -0.038180
2136.949095   1.044239
2138.161526   0.947397
2139.374075  -0.005454
2140.586742   0.044883
2141.799528   0.013152
2143.012432   1.003011
2144.225455   0.959714
2145.438596   1.033259
2146.651855   0.986705
2147.865232  -0.013703
2149.078728  -0.036548
2150.292342   0.005369
2151.506075   0.041727
2152.719925   0.017779
2153.933895   1.958586
2155.147982  -0.005836
2156.362188   1.038102
2157.576512   0.936264
2158.790955   1.065187
2160.005516   0.991452
2161.220195  -0.009470
2162.434992   0.000352
2163.649908   0.014113
2164.864943   1.972205
2166.080095   1.009684
2167.295366  -0.039811
2168.510755  -0.023635
2169.726263   0.079958
2170.941889   2.004896
2172.157633   0.962652
2173.373496   1.032358
2174.589477   1.988048
2175.805576  -0.020698
2177.021794   3.025511
2178.238130   0.956548
2179.454585   0.989925
2180.671157  -0.003273
2181.887848   0.026663
2183.104658  -0.021786
2184.321586   0.026161
2185.538632   0.001790
2186.755796  -0.000623
2187.973079  -0.010313
2189.190480   2.021586
2190.408000   0.000987
2191.625637   2.001880
2192.843394   0.990149
2194.061268   0.971342
2195.279261   0.021562
2196.497372   1.005162
2197.715602   0.995406
2198.933950   0.954325
2200.152416   0.034981
2201.371000   0.002199
2202.589703  -0.003379
2203.808525  -0.048475
2205.027464   1.054500
2206.246522  -0.010050
2207.465698   1.999539
2208.684993   0.014047
2209.904406   1.004006
2211.123937   0.994715
2212.343587  -0.004656
2213.563355  -0.000324
2214.783241  -0.000003
2216.003246   0.000264
2217.223369   0.003604
2218.443610   0.998424
2219.663970  -0.016402
2220.884448   0.016389
2222.105045   0.999751
2223.325759  -0.011725
2224.546592   1.014577
2225.767544   0.998870
2226.988614   0.978026
2228.209802   1.020919
2229.431108   0.997624
2230.652533  -0.009640
2231.874076   1.011597
2233.095738   0.997919
2234.317518  -0.002307
2235.539416   0.002157
2236.761432   1.001850
2237.983567   0.997791
2239.205820  -0.001920
2240.428192   0.001716
2241.650682   1.001073
2242.873290   0.992476
2244.096017   0.004077
2245.318862   0.001716
2246.541825   1.001214
2247.764907   0.999055
2248.988106   0.987890
2250.211425   1.006070
2251.434861   0.002488
2252.658416  -0.005226
2253.882090   0.005412
2255.105881   1.000692
2256.329792   0.998444
2257.553820   1.000885
2258.777970   4.000261
2260.002253   2.000113
2261.226615   1.000000
