2019_09_27_09_36_49_409 /home/raspion_user/data/Beacon_Calibration4.sp 1213659  600.000  529.450 2.734449 0.488168  0.0000147857
  2.734449 293.000000
  3.711065  28.033585
  4.687831  32.000184
  5.664703  43.004265
  6.641691  36.992045
  7.618798  58.022761
  8.596022  65.010698
  9.573366  68.043635
 10.550827  72.016681
 11.528407  80.045525
 12.506105 110.006427
 13.483921 120.996660
 14.461856 145.213644
 15.439909 164.968262
 16.418081 207.040563
 17.396371 233.059175
 18.374779 253.368797
 19.353305 311.091217
 20.331950 328.994514
 21.310714 401.333812
 22.289595 428.177592
 23.268595 521.298510
 24.247713 555.554814
 25.226950 584.247327
 26.206305 621.335761
 27.185778 753.143302
 28.165370 812.474742
 29.145080 845.448716
 30.124908 842.580439
 31.104855 895.490383
 32.084920 980.095039
 33.065103 954.341488
 34.045405 988.135749
 35.025825 1039.965135
 36.006363 1070.311350
 36.987020 1143.272745
 37.967795 1133.399943
 38.948688 1165.977093
 39.929700 1232.515979
 40.910830 1254.442729
 41.892079 1362.487222
 42.873445 1454.967130
 43.854931 1286.452633
 44.836534 1162.738100
 45.818256 1046.128389
 46.800096 982.093753
 47.782054 929.708514
 48.764131 831.353191
 49.746327 817.161267
 50.728640 796.487571
 51.711072 736.697867
 52.693622 719.334092
 53.676291 748.639723
 54.659078 737.008501
 55.641983 702.840912
 56.625006 709.588902
 57.608148 680.528220
 58.591409 711.096988
 59.574787 725.768730
 60.558284 756.320594
 61.541900 796.688065
 62.525633 855.744261
 63.509485 797.435648
 64.493456 844.727052
 65.477544 843.821357
 66.461751 844.544289
 67.446077 904.742471
 68.430520 873.090453
 69.415082 878.650542
 70.399763 920.374495
 71.384561 988.239663
 72.369479 975.881564
 73.354514 882.811792
 74.339668 1070.767207
 75.324940 1069.657573
 76.310330 1065.218299
 77.295839 1087.028083
 78.281466 1150.442756
 79.267212 1105.507129
 80.253076 1172.903770
 81.239058 1254.649302
 82.225158 1331.911000
 83.211377 1326.538120
 84.197714 1419.756325
 85.184170 1400.298819
 86.170744 1505.247266
 87.157436 1506.110595
 88.144247 1649.584457
 89.131175 1580.679244
 90.118223 1744.582480
 91.105388 1808.413482
 92.092672 1918.558515
 93.080075 1769.866162
 94.067595 1990.260229
 95.055234 1974.077558
 96.042992 2131.067989
 97.030867 2211.326061
 98.018861 2187.054208
 99.006974 2370.059973
 99.995204 2357.928772
100.983553 2375.394493
101.972021 2424.059916
102.960606 2631.021611
103.949311 2705.002550
104.938133 2722.456078
105.927074 2764.033413
106.916133 2933.251547
107.905310 3149.069076
108.894606 3209.546837
109.884020 3338.465646
110.873553 3364.941182
111.863203 3657.502634
112.852973 3811.670791
113.842860 3910.668128
114.832866 4045.676830
115.822990 4295.207633
116.813233 4221.417901
117.803594 4758.111588
118.794073 4721.942937
119.784670 5062.507709
120.775386 5093.342000
121.766221 5387.483960
122.757173 5420.288576
123.748244 5662.768983
124.739433 5546.029906
125.730741 5610.508462
126.722167 5597.020141
127.713711 5484.580569
128.705374 5562.829015
129.697155 5395.881466
130.689054 5101.133435
131.681072 5032.626206
132.673208 4543.422723
133.665462 4376.423897
134.657835 3995.375427
135.650326 3786.929919
136.642936 3397.385233
137.635663 3138.818791
138.628509 2968.563683
139.621474 2766.911865
140.614557 2430.192766
141.607758 2339.283821
142.601077 2120.265340
143.594515 1962.818069
144.588071 1818.257107
145.581746 1579.857306
146.575538 1500.793039
147.569450 1409.449401
148.563479 1300.194818
149.557627 1287.189109
150.551893 1200.740467
151.546278 1152.603922
152.540781 1031.107098
153.535402 1018.250772
154.530141 948.859707
155.524999 951.958220
156.519976 851.953232
157.515070 851.303932
158.510283 816.842746
159.505615 849.918780
160.501064 746.705572
161.496632 744.814599
162.492319 751.760931
163.488123 746.388354
164.484046 663.948774
165.480088 649.524224
166.476247 686.331838
167.472525 651.996654
168.468922 659.565002
169.465436 663.493361
170.462070 621.266698
171.458821 623.388474
172.455691 606.991118
173.452679 650.984060
174.449785 593.840361
175.447010 626.853355
176.444353 583.378678
177.441815 605.763476
178.439395 609.569788
179.437093 633.439297
180.434909 621.924351
181.432844 652.783987
182.430897 639.480028
183.429069 621.991676
184.427359 550.340367
185.425767 596.813220
186.424293 623.434761
187.422938 690.683975
188.421702 658.545320
189.420583 671.640597
190.419583 606.453891
191.418702 674.639269
192.417938 623.393696
193.417293 645.806496
194.416766 696.265342
195.416358 636.940205
196.416068 683.541104
197.415896 659.764611
198.415843 640.072740
199.415908 687.150271
200.416092 687.340012
201.416393 651.094836
202.416813 643.999326
203.417352 669.668563
204.418009 657.133115
205.418784 653.571467
206.419677 634.916307
207.420689 663.145056
208.421819 600.177513
209.423067 615.593879
210.424434 627.075705
211.425919 661.184923
212.427523 626.783605
213.429245 678.603666
214.431085 625.486862
215.433043 625.272795
216.435120 576.982338
217.437316 626.752679
218.439629 625.617407
219.442061 632.744935
220.444611 627.740705
221.447280 617.737762
222.450067 557.190179
223.452972 562.611149
224.455996 624.400630
225.459138 599.602577
226.462398 627.327975
227.465777 607.738994
228.469274 552.032102
229.472889 599.710516
230.476623 592.035572
231.480475 583.072348
232.484445 574.188853
233.488534 604.336335
234.492741 577.558734
235.497066 596.268555
236.501510 584.712438
237.506072 614.178385
238.510752 597.836409
239.515551 588.934610
240.520468 544.938788
241.525504 585.589610
242.530658 520.989983
243.535930 569.010581
244.541320 506.470450
245.546829 553.652389
246.552456 552.225592
247.558202 538.746905
248.564066 506.849111
249.570048 515.933668
250.576148 553.185380
251.582367 587.412830
252.588705 469.435130
253.595160 523.395697
254.601734 516.139492
255.608426 543.206941
256.615237 542.099856
257.622166 480.167182
258.629213 464.948809
259.636379 491.659779
260.643663 487.086000
261.651065 527.252504
262.658586 478.765010
263.666225 513.623009
264.673982 456.177940
265.681858 489.408390
266.689852 519.789276
267.697964 477.027111
268.706195 469.313851
269.714544 453.020579
270.723012 490.117854
271.731597 493.903289
272.740301 509.648269
273.749124 456.153589
274.758065 468.620885
275.767124 495.847632
276.776301 455.336397
277.785597 480.854033
278.795011 445.030529
279.804544 430.066198
280.814195 443.536976
281.823964 426.455009
282.833851 429.234620
283.843857 431.571523
284.853981 466.436494
285.864224 473.712357
286.874585 424.604013
287.885064 449.873678
288.895662 445.638935
289.906378 464.156061
290.917212 409.089660
291.928165 431.361135
292.939236 423.558627
293.950425 467.100003
294.961733 463.615592
295.973159 427.803053
296.984703 449.531345
297.996366 463.540665
299.008147 440.676133
300.020046 452.591149
301.032064 432.965435
302.044200 419.342152
303.056454 423.417825
304.068827 398.560116
305.081318 419.105914
306.093927 456.851740
307.106655 427.131478
308.119501 436.523580
309.132466 411.497205
310.145549 400.415348
311.158750 381.444274
312.172069 424.739718
313.185507 393.302503
314.199063 413.927373
315.212738 362.987864
316.226531 419.404334
317.240442 394.692794
318.254472 419.939269
319.268619 376.337683
320.282886 408.530958
321.297270 420.616263
322.311773 410.855933
323.326394 383.593041
324.341134 413.701823
325.355992 404.340941
326.370968 412.169552
327.386063 381.734952
328.401276 418.878504
329.416607 386.006176
330.432057 418.285114
331.447625 413.619344
332.463311 406.308967
333.479116 386.239380
334.495039 408.651968
335.511081 363.962623
336.527240 415.137196
337.543518 401.309513
338.559915 415.762980
339.576430 418.381881
340.593063 444.148189
341.609814 375.013643
342.626684 413.472747
343.643672 370.438105
344.660779 374.863542
345.678003 344.137411
346.695347 383.063024
347.712808 363.199006
348.730388 425.084319
349.748086 366.535426
350.765903 410.135604
351.783838 351.215540
352.801891 413.311775
353.820062 384.135389
354.838352 407.760075
355.856761 400.609585
356.875287 425.997091
357.893932 404.354570
358.912695 368.426045
359.931577 378.439493
360.950577 413.857752
361.969695 383.112984
362.988932 418.238879
364.008287 380.051348
365.027760 386.671127
366.047352 393.270827
367.067062 391.277255
368.086890 335.075237
369.106837 390.654198
370.126902 392.692886
371.147086 389.682417
372.167387 375.850459
373.187808 417.578555
374.208346 354.876007
375.229003 374.311350
376.249778 395.867048
377.270671 397.432995
378.291683 341.843516
379.312813 392.587682
380.334062 354.854645
381.355429 348.378982
382.376914 352.316686
383.398517 359.451891
384.420239 397.268353
385.442080 422.578081
386.464038 392.298527
387.486115 364.388115
388.508310 369.992116
389.530624 420.836593
390.553056 387.532612
391.575606 385.422432
392.598275 357.795527
393.621062 381.769992
394.643967 378.230918
395.666991 386.143159
396.690133 348.019482
397.713393 380.740102
398.736772 387.956639
399.760269 374.638697
400.783884 429.547837
401.807618 414.142357
402.831470 375.066816
403.855440 377.158936
404.879529 361.345174
405.903736 377.939676
406.928061 394.502065
407.952505 410.217482
408.977067 396.306705
410.001748 385.463817
411.026547 398.691377
412.051464 413.064873
413.076499 384.843613
414.101653 366.830506
415.126925 356.398583
416.152316 338.899053
417.177825 374.344266
418.203452 396.015769
419.229197 386.324074
420.255061 390.450403
421.281044 394.381472
422.307144 392.861251
423.333363 376.636267
424.359700 405.520451
425.386156 367.152902
426.412730 368.164508
427.439422 371.422318
428.466233 392.683877
429.493162 384.366570
430.520209 364.337831
431.547375 397.145063
432.574659 386.432694
433.602061 368.296324
434.629582 389.302389
435.657221 383.646700
436.684978 375.859328
437.712854 399.611194
438.740848 355.619475
439.768961 362.621435
440.797191 336.366588
441.825541 360.934189
442.854008 383.834871
443.882594 361.884288
444.911298 406.474110
445.940120 378.725256
446.969061 366.078466
447.998120 316.700500
449.027298 365.829201
450.056594 349.183478
451.086008 354.704368
452.115540 352.498175
453.145191 339.285835
454.174961 381.855484
455.204848 356.079263
456.234854 351.836869
457.264978 341.134863
458.295221 320.207809
459.325582 339.550769
460.356061 316.659215
461.386659 336.641292
462.417375 314.932580
463.448209 328.389884
464.479162 289.609112
465.510233 320.012432
466.541422 300.293233
467.572730 304.368489
468.604156 320.266492
469.635700 296.779717
470.667363 284.110697
471.699144 299.600269
472.731043 281.888408
473.763061 282.681711
474.795197 272.113826
475.827452 258.167798
476.859824 239.474703
477.892316 268.819236
478.924925 243.450963
479.957653 243.349526
480.990499 236.080161
482.023464 245.858473
483.056546 232.617735
484.089748 240.208188
485.123067 211.182859
486.156505 226.582421
487.190061 216.946448
488.223736 252.438660
489.257529 224.997718
490.291440 210.835473
491.325469 207.086455
492.359617 203.750550
493.393884 198.977998
494.428268 216.204854
495.462771 214.307848
496.497393 184.080838
497.532132 201.853733
498.566990 203.318541
499.601967 208.192862
500.637061 180.650556
501.672274 189.736177
502.707606 192.951415
503.743055 184.706301
504.778623 196.575666
505.814310 180.083168
506.850115 195.683762
507.886038 163.550783
508.922079 179.421872
509.958239 182.344009
510.994517 179.378975
512.030913 164.966988
513.067428 160.431392
514.104061 185.905718
515.140813 166.862966
516.177683 173.896896
517.214671 189.261341
518.251777 155.652111
519.289002 160.164177
520.326345 166.198092
521.363807 184.962590
522.401387 152.480433
523.439085 180.511218
524.476902 155.666921
525.514837 146.315344
526.552890 162.462814
527.591061 163.469171
528.629351 153.212552
529.667760 172.283589
530.706286 159.643873
531.744931 150.709253
532.783695 158.381591
533.822576 154.325818
534.861576 133.364476
535.900695 165.370891
536.939931 154.162965
537.979286 132.680463
539.018760 134.880292
540.058352 156.162342
541.098062 145.789662
542.137890 142.924969
543.177837 131.762235
544.217902 159.184078
545.258085 129.572111
546.298387 144.146133
547.338807 134.297833
548.379346 151.855351
549.420003 133.414538
550.460778 139.676521
551.501671 134.207935
552.542683 142.451446
553.583813 142.124622
554.625062 144.119924
555.666429 149.241151
556.707914 118.453798
557.749518 149.918030
558.791239 138.274847
559.833080 153.877306
560.875038 142.740517
561.917115 131.587344
562.959311 142.480808
564.001624 135.453041
565.044056 150.213714
566.086606 131.148315
567.129275 124.811365
568.172062 147.828269
569.214967 143.841577
570.257991 116.328977
571.301133 140.381353
572.344394 128.146175
573.387772 137.233562
574.431269 125.098635
575.474885 152.381473
576.518618 123.433993
577.562471 144.735797
578.606441 132.703418
579.650530 132.053312
580.694737 134.335043
581.739062 154.965976
582.783506 130.680754
583.828068 154.316528
584.872749 143.941190
585.917548 149.454338
586.962465 142.933830
588.007500 129.634956
589.052654 147.352542
590.097926 157.126217
591.143317 159.472265
592.188826 145.357854
593.234453 155.650880
594.280199 152.984624
595.326063 163.045503
596.372045 154.463985
597.418146 163.353194
598.464365 158.283393
599.510702 177.782557
600.557157 168.784385
601.603731 172.441568
602.650424 205.413473
603.697234 177.522638
604.744163 213.426350
605.791211 209.413480
606.838377 216.754546
607.885661 223.569518
608.933063 225.074940
609.980584 244.348218
611.028223 251.940931
612.075980 267.783530
613.123856 284.394389
614.171850 274.266723
615.219963 277.195318
616.268193 312.587804
617.316543 329.376828
618.365010 338.415204
619.413596 353.194169
620.462300 384.538243
621.511123 386.820296
622.560063 394.271826
623.609123 463.900985
624.658300 460.487186
625.707596 511.355415
626.757010 581.656688
627.806543 557.424949
628.856194 602.953862
629.905963 602.020336
630.955851 615.373131
632.005857 656.589005
633.055981 691.154967
634.106223 785.174075
635.156584 818.389711
636.207064 860.959901
637.257661 855.948738
638.308377 934.767087
639.359212 946.304507
640.410164 1012.087692
641.461236 1095.664477
642.512425 1135.752526
643.563733 1098.973553
644.615159 1232.480809
645.666703 1223.512268
646.718366 1261.333021
647.770147 1322.202220
648.822046 1396.931748
649.874064 1434.719239
650.926200 1462.565650
651.978455 1491.834847
653.030828 1543.638822
654.083319 1565.042740
655.135928 1637.782954
656.188656 1619.573008
657.241502 1662.516405
658.294467 1659.356687
659.347550 1773.107493
660.400751 1713.902787
661.454071 1719.231958
662.507508 1787.224384
663.561065 1769.213629
664.614739 1755.878671
665.668532 1885.481083
666.722443 1889.817955
667.776473 1739.509325
668.830621 1853.747508
669.884887 1731.614783
670.939272 1763.006624
671.993775 1698.681677
673.048396 1717.992664
674.103136 1637.410057
675.157994 1581.721016
676.212970 1547.162926
677.268065 1526.561977
678.323278 1450.886475
679.378610 1397.426168
680.434059 1453.430979
681.489627 1370.976536
682.545314 1320.483352
683.601119 1278.169245
684.657042 1210.728289
685.713083 1271.169661
686.769243 1110.999256
687.825521 1033.858540
688.881918 979.667003
689.938433 960.622107
690.995066 929.556770
692.051817 870.781093
693.108687 875.220444
694.165675 764.394617
695.222782 735.486910
696.280007 726.412425
697.337350 677.258221
698.394812 591.173135
699.452391 601.010323
700.510090 579.457480
701.567906 518.528707
702.625841 501.987955
703.683895 450.772971
704.742066 431.771962
705.800356 432.108313
706.858765 355.902729
707.917291 394.679371
708.975936 312.997524
710.034700 324.001470
711.093581 297.369410
712.152581 292.579166
713.211700 270.780414
714.270937 268.592203
715.330292 237.561335
716.389765 238.120225
717.449357 234.541216
718.509067 208.923210
719.568895 223.809076
720.628842 198.610415
721.688907 185.940418
722.749091 181.307299
723.809393 175.667006
724.869813 178.663602
725.930351 139.486468
726.991008 161.149285
728.051783 142.205097
729.112677 153.814524
730.173689 169.242191
731.234819 148.667503
732.296068 148.605912
733.357434 139.244142
734.418920 152.709529
735.480523 141.623511
736.542245 117.700788
737.604086 157.426859
738.666044 134.288847
739.728121 125.057592
740.790316 127.757384
741.852630 123.461305
742.915062 127.087671
743.977612 139.103156
745.040281 138.507002
746.103068 133.366465
747.165974 120.114049
748.228997 127.154073
749.292139 116.775460
750.355400 109.754678
751.418778 108.073124
752.482276 109.718864
753.545891 122.918861
754.609625 108.831322
755.673477 123.828395
756.737447  98.240992
757.801536 109.639490
758.865743 110.930478
759.930069 115.166697
760.994513 113.140562
762.059075 112.784077
763.123755 116.147088
764.188554 104.235433
765.253472 111.729169
766.318507  89.823970
767.383661 105.416287
768.448933 105.990764
769.514324 125.109109
770.579833  87.349709
771.645460 101.425883
772.711206 107.314986
773.777070  96.242891
774.843052 106.394153
775.909153 108.928363
776.975372  96.669345
778.041709  97.477869
779.108165 100.906798
780.174739 112.345954
781.241431 112.825863
782.308242 103.153860
783.375171 110.101569
784.442218 104.567812
785.509384 103.200543
786.576668  84.238726
787.644070 103.897387
788.711591 106.589387
789.779230  96.078406
790.846988  99.789741
791.914864 100.790271
792.982858  95.265724
794.050970 105.616700
795.119201 109.326446
796.187550 104.967215
797.256018  89.120756
798.324604 111.671661
799.393308  93.626026
800.462130  98.746968
801.531071  95.522987
802.600130  87.746931
803.669308 107.961035
804.738604  89.390622
805.808018 101.771914
806.877551  89.578335
807.947202 109.877174
809.016971  98.895022
810.086859  87.526305
811.156865  99.235710
812.226989  97.618157
813.297232  93.188566
814.367593 110.726047
815.438072  84.014204
816.508670  94.905429
817.579386  95.597921
818.650220 102.007075
819.721173  87.289023
820.792244  94.921990
821.863433 102.150181
822.934741 115.006080
824.006167  82.120597
825.077712  89.694772
826.149374  96.337669
827.221156  79.363048
828.293055  89.841928
829.365073  89.910117
830.437209  97.303528
831.509464  90.679140
832.581836  87.796885
833.654328 102.581877
834.726937  99.328022
835.799665  96.557507
836.872511  81.502232
837.945476  84.074041
839.018559  89.459421
840.091760  85.996205
841.165080  83.775106
842.238517  97.500105
843.312074  81.079819
844.385748 102.035444
845.459541  79.684901
846.533453  91.248953
847.607482 100.275525
848.681630  84.287889
849.755897  82.163178
850.830281 106.033190
851.904784  81.020485
852.979406  80.688971
854.054145  86.990716
855.129004  77.272941
856.203980 102.273070
857.279075  95.647392
858.354288  92.732620
859.429619  79.149990
860.505069  76.318926
861.580637  82.918061
862.656324  86.862736
863.732128  96.155225
864.808052  82.371000
865.884093  95.389121
866.960253  89.938281
868.036531  82.802912
869.112928  88.209404
870.189442  77.078894
871.266076  98.167962
872.342827  99.538483
873.419697  86.450871
874.496685 104.724925
875.573792 100.743532
876.651017  76.742200
877.728360  87.025128
878.805822  91.804804
879.883402  89.633112
880.961100  74.914316
882.038917  85.806114
883.116852 101.423172
884.194905  79.194055
885.273077  88.134477
886.351367  92.422897
887.429775  93.577794
888.508302  98.319093
889.586947  74.062340
890.665710  94.016774
891.744592  86.324873
892.823592  87.273046
893.902710  90.024869
894.981947  96.632917
896.061302  85.990646
897.140776  81.871681
898.220368  89.387200
899.300078  93.002746
900.379906  92.917296
901.459853  90.444417
902.539918  87.788094
903.620102  88.056225
904.700404  93.071019
905.780824  84.566985
906.861362  96.989976
907.942019  78.895299
909.022794  85.175405
910.103688  88.495582
911.184700  86.199322
912.265830  81.435423
913.347079  90.049233
914.428446  77.402687
915.509931  94.529450
916.591535  81.415270
917.673257  83.957221
918.755097  80.078142
919.837056  87.974993
920.919133  91.771840
922.001328  80.164856
923.083642  84.561692
924.166074  82.670263
925.248624  84.262726
926.331293  69.850586
927.414080  79.270181
928.496985  66.804616
929.580009  77.948963
930.663151  90.139436
931.746412  63.516213
932.829790  83.716053
933.913287  69.810154
934.996903  84.584544
936.080637  85.717707
937.164489  78.904666
938.248459  77.232935
939.332548  60.562168
940.416755  68.195865
941.501081  87.807778
942.585525  68.045848
943.670087  77.481797
944.754768  67.184053
945.839567  66.552246
946.924484  71.814784
948.009519  82.067742
949.094673  60.518529
950.179946  83.276574
951.265336  78.250998
952.350845  70.790696
953.436472  66.595593
954.522218  81.769831
955.608082  73.824144
956.694064  69.249451
957.780165  74.588042
958.866384  69.744188
959.952722  72.667255
961.039177  57.462667
962.125751  73.098183
963.212444  74.380501
964.299254  59.086324
965.386184  71.038520
966.473231  71.401903
967.560397  59.048972
968.647681  64.478272
969.735083  59.667285
970.822604  77.227912
971.910243  64.216545
972.998001  63.987988
974.085877  74.605868
975.173871  66.987084
976.261983  65.761744
977.350214  72.007869
978.438563  71.275437
979.527031  66.046267
980.615617  61.604953
981.704321  67.923058
982.793144  66.622108
983.882085  59.840727
984.971144  71.548831
986.060321  61.332497
987.149617  62.974369
988.239032  67.380109
989.328564  61.646407
990.418215  58.748112
991.507985  59.460478
992.597872  57.119326
993.687878  55.708130
994.778003  54.963501
995.868245  80.544489
996.958606  75.307531
998.049086  60.290720
999.139684  54.049263
1000.230400  65.118779
1001.321234  57.336685
1002.412187  59.333166
1003.503258  72.244017
1004.594447  68.356856
1005.685755  52.041562
1006.777181  50.754645
1007.868726  62.639956
1008.960389  59.982484
1010.052170  63.368190
1011.144069  51.781353
1012.236087  58.286204
1013.328223  79.430340
1014.420478  62.967477
1015.512851  63.180281
1016.605342  59.490980
1017.697952  53.493060
1018.790679  59.697236
1019.883526  66.912535
1020.976490  63.501527
1022.069573  52.797766
1023.162775  65.913353
1024.256094  57.056315
1025.349532  56.247195
1026.443088  64.897641
1027.536763  62.012275
1028.630556  40.489702
1029.724467  68.746297
1030.818497  60.103206
1031.912645  34.930264
1033.006912  60.862763
1034.101296  47.604188
1035.195799  51.118230
1036.290421  77.043945
1037.385161  52.823930
1038.480019  65.748341
1039.574995  54.323852
1040.670090  53.385928
1041.765303  57.568642
1042.860634  52.233343
1043.956084  63.158476
1045.051652  67.460913
1046.147339  44.632884
1047.243144  62.706412
1048.339067  41.642875
1049.435108  45.532816
1050.531268  62.115447
1051.627547  59.522578
1052.723943  59.018930
1053.820458  55.234430
1054.917091  59.294185
1056.013843  51.307994
1057.110713  58.648671
1058.207701  55.507278
1059.304808  46.845611
1060.402033  48.594664
1061.499376  61.245030
1062.596838  50.074986
1063.694418  49.801323
1064.792116  59.932977
1065.889933  64.081557
1066.987868  52.159837
1068.085921  44.857096
1069.184093  51.051938
1070.282383  56.614388
1071.380791  49.576318
1072.479318  42.422181
1073.577963  57.948430
1074.676726  47.310658
1075.775608  47.863292
1076.874608  51.943155
1077.973727  39.048931
1079.072963  43.916787
1080.172319  48.061249
1081.271792  46.231270
1082.371384  43.671682
1083.471094  55.809119
1084.570923  42.006989
1085.670869  47.989784
1086.770935  46.851373
1087.871118  44.309723
1088.971420  48.766715
1090.071840  44.033153
1091.172379  34.640047
1092.273036  45.788096
1093.373811  48.111435
1094.474705  37.493728
1095.575717  38.500680
1096.676847  45.005629
1097.778096  41.467264
1098.879463  49.000360
1099.980948  42.761314
1101.082552  52.948362
1102.184274  49.605370
1103.286114  48.947570
1104.388073  49.022437
1105.490150  50.485054
1106.592345  45.292931
1107.694659  57.192707
1108.797091  51.878193
1109.899641  52.858911
1111.002310  37.965293
1112.105097  55.630122
1113.208003  52.786943
1114.311026  56.977931
1115.414169  47.396604
1116.517429  60.307844
1117.620808  51.375196
1118.724305  55.351046
1119.827920  59.945502
1120.931654  58.888365
1122.035507  55.921381
1123.139477  57.851669
1124.243566  56.763762
1125.347773  63.142873
1126.452099  69.109984
1127.556543  64.622656
1128.661105  76.746508
1129.765785  76.088600
1130.870584  76.860341
1131.975502  85.129113
1133.080537  76.811367
1134.185691  77.867543
1135.290964  78.852829
1136.396354  92.291159
1137.501863  81.549865
1138.607491  71.089007
1139.713236  93.592989
1140.819100  92.430197
1141.925083  94.610970
1143.031183 102.848579
1144.137402 101.347899
1145.243740  99.764648
1146.350196 117.361167
1147.456770 107.463292
1148.563462 110.781972
1149.670273 124.090780
1150.777202 113.256998
1151.884249 114.526775
1152.991415 135.078737
1154.098699 128.248155
1155.206102 116.553056
1156.313623 120.481013
1157.421262 126.250805
1158.529019 131.307940
1159.636895 136.022859
1160.744890 140.243166
1161.853002 137.215213
1162.961233 131.142144
1164.069582 156.680745
1165.178050 149.994197
1166.286636 141.208258
1167.395340 149.098887
1168.504163 138.691096
1169.613104 160.723468
1170.722163 161.428913
1171.831341 169.907761
1172.940637 160.145845
1174.050051 156.158240
1175.159584 146.608824
1176.269235 153.837495
1177.379004 170.130956
1178.488892 143.154439
1179.598898 166.697783
1180.709022 143.838727
1181.819265 138.247942
1182.929626 163.428735
1184.040105 129.566424
1185.150703 167.243951
1186.261419 137.539064
1187.372254 138.110783
1188.483206 151.128133
1189.594278 148.591568
1190.705467 140.585029
1191.816775 131.926391
1192.928201 146.712362
1194.039746 134.367176
1195.151408 119.785452
1196.263190 133.751646
1197.375089 117.575277
1198.487107 124.689928
1199.599243 115.918273
1200.711498 116.265143
1201.823871 116.968853
1202.936362  95.442167
1204.048972 105.011012
1205.161700  98.736592
1206.274546  98.827871
1207.387510  94.726243
1208.500593  90.441881
1209.613795 104.856397
1210.727114  87.094569
1211.840552  77.688313
1212.954109  85.203535
1214.067783  72.605146
1215.181577  60.879969
1216.295488  74.173670
1217.409518  70.437683
1218.523666  55.853929
1219.637932  65.490840
1220.752317  76.623580
1221.866820  55.300975
1222.981441  63.949247
1224.096181  58.867165
1225.211039  52.265354
1226.326016  43.345611
1227.441111  42.581189
1228.556324  52.007744
1229.671655  44.826997
1230.787105  52.248023
1231.902673  47.977376
1233.018360  43.666630
1234.134165  37.754287
1235.250088  42.776290
1236.366129  32.504626
1237.482289  36.819993
1238.598568  47.918916
1239.714964  44.773201
1240.831479  35.534846
1241.948112  34.883567
1243.064864  27.586242
1244.181734  35.115661
1245.298722  36.421879
1246.415829  25.525728
1247.533054  27.079889
1248.650397  24.363067
1249.767859  34.809043
1250.885439  29.215154
1252.003137  26.477224
1253.120954  30.115094
1254.238889  29.515559
1255.356943  36.264570
1256.475114  35.079688
1257.593404  34.169701
1258.711813  31.116949
1259.830340  34.679290
1260.948985  30.562012
1262.067748  28.558199
1263.186630  32.435900
1264.305630  33.212665
1265.424749  30.623743
1266.543985  30.690287
1267.663341  28.296302
1268.782814  37.739381
1269.902406  28.340289
1271.022116  37.121036
1272.141945  41.744176
1273.261892  30.672901
1274.381957  39.182666
1275.502140  41.050891
1276.622442  37.207301
1277.742863  39.365308
1278.863401  39.327076
1279.984058  44.582661
1281.104833  47.086772
1282.225727  46.779471
1283.346739  48.710051
1284.467869  41.382414
1285.589118  52.864488
1286.710485  60.389467
1287.831970  61.967456
1288.953574  47.944066
1290.075296  53.475301
1291.197137  60.276932
1292.319095  71.528201
1293.441172  55.297492
1294.563368  49.051644
1295.685682  70.345641
1296.808114  75.153634
1297.930664  73.170636
1299.053333  63.974103
1300.176120  70.603514
1301.299026  83.722644
1302.422049  59.953683
1303.545192  72.707527
1304.668452  71.439135
1305.791831 103.544039
1306.915328  81.361390
1308.038944  88.251776
1309.162678  85.910588
1310.286530  87.213608
1311.410500  82.836295
1312.534589 113.379510
1313.658796  77.081003
1314.783122 111.046257
1315.907566  96.109920
1317.032128  95.539536
1318.156809 102.950263
1319.281608 110.997644
1320.406525  93.997061
1321.531561 116.942134
1322.656715 100.052492
1323.781987 103.662128
1324.907378 121.043078
1326.032887  98.071582
1327.158514 111.148052
1328.284260 129.931430
1329.410124 125.253979
1330.536106 123.202842
1331.662207 117.870633
1332.788426 115.725092
1333.914764 125.866723
1335.041220 124.580688
1336.167794 115.407996
1337.294486 122.895490
1338.421297 127.818920
1339.548226 122.084559
1340.675274 123.904551
1341.802439 116.003055
1342.929724 127.916648
1344.057126 116.566396
1345.184647 125.747267
1346.312286 129.671007
1347.440044 125.368733
1348.567920  91.231749
1349.695914 105.556318
1350.824027 110.375239
1351.952257 107.294264
1353.080607 106.791698
1354.209074 109.214188
1355.337660  97.510117
1356.466365 108.358928
1357.595187  95.704303
1358.724128 107.297548
1359.853188 106.662950
1360.982365 104.459241
1362.111661  92.790652
1363.241076  84.910384
1364.370608  73.841912
1365.500259  77.814337
1366.630029  82.606547
1367.759917  78.440079
1368.889923  72.629544
1370.020047  68.370414
1371.150290  83.727428
1372.280651  79.307266
1373.411130  61.550569
1374.541728  65.500785
1375.672444  69.650098
1376.803279  58.635970
1377.934232  61.512136
1379.065303  57.803717
1380.196492  49.842664
1381.327800  41.798609
1382.459226  58.737693
1383.590771  54.377940
1384.722434  44.491942
1385.854215  40.602421
1386.986115  38.748869
1388.118133  44.336532
1389.250269  40.165100
1390.382523  30.265288
1391.514896  36.589322
1392.647388  44.989500
1393.779997  31.984863
1394.912725  25.222196
1396.045572  38.026920
1397.178536  30.238400
1398.311619  26.195135
1399.444821  26.072258
1400.578140  27.194033
1401.711578  25.112312
1402.845135  23.565943
1403.978809  21.665377
1405.112603  20.469455
1406.246514  27.231805
1407.380544  17.598737
1408.514692  18.699023
1409.648958  17.537158
1410.783343  17.185729
1411.917846  21.643961
1413.052468  21.206394
1414.187207  22.545791
1415.322066  17.225037
1416.457042  18.474597
1417.592137  13.929236
1418.727350  18.120314
1419.862682  13.348373
1420.998132  15.540476
1422.133700  14.774217
1423.269386  14.074294
1424.405191  14.015989
1425.541115  12.336330
1426.677156  13.721270
1427.813316  15.373981
1428.949594  11.081679
1430.085991  16.698137
1431.222506   8.878603
1432.359139   8.978854
1433.495891  12.526083
1434.632761   7.564570
1435.769749   8.885141
1436.906856  18.408967
1438.044081   7.605313
1439.181424  11.018924
1440.318886  15.129064
1441.456466   8.560165
1442.594164  10.152733
1443.731981  10.554314
1444.869916  11.321215
1446.007970  11.598792
1447.146142   7.890928
1448.284432  12.614510
1449.422840  10.423866
1450.561367  12.272610
1451.700012   7.534333
1452.838776  13.192581
1453.977657  12.434651
1455.116658   9.016451
1456.255776   9.431573
1457.395013   3.057570
1458.534368   9.033189
1459.673842  10.426091
1460.813434   3.607753
1461.953144  10.128147
1463.092972   3.829607
1464.232919  10.593936
1465.372985   9.326114
1466.513168   8.210598
1467.653470   8.874391
1468.793890   9.355344
1469.934429   8.869297
1471.075086   4.781330
1472.215861   5.782039
1473.356755   5.148322
1474.497767   8.971133
1475.638897   6.483792
1476.780146  10.331901
1477.921513  11.565369
1479.062999   9.458009
1480.204602   8.187038
1481.346324  10.328141
1482.488165   4.996873
1483.630124   8.658082
1484.772201   7.619784
1485.914396   7.414430
1487.056710   3.478028
1488.199142   3.587055
1489.341693   4.551472
1490.484361   7.980422
1491.627149   4.898742
1492.770054   5.152152
1493.913078  11.374457
1495.056220   5.543916
1496.199481   5.903592
1497.342860   4.171122
1498.486357   3.583394
1499.629972   4.298997
1500.773706   2.734473
1501.917559   1.840793
1503.061529   9.225913
1504.205618   4.741532
1505.349825   2.122140
1506.494151   6.294027
1507.638595   5.469543
1508.783157   5.454832
1509.927838   4.365395
1511.072637   3.454727
1512.217554   3.678536
1513.362590   4.288944
1514.507744   2.668290
1515.653016   1.703397
1516.798407   3.033843
1517.943916   4.643212
1519.089544   5.900541
1520.235289   5.088662
1521.381153   5.213490
1522.527136   2.629443
1523.673237   1.901021
1524.819456   5.507412
1525.965793   4.833867
1527.112249   0.983321
1528.258823   3.013100
1529.405516   4.851794
1530.552327   5.505867
1531.699256   1.867829
1532.846303   3.009737
1533.993469   3.025296
1535.140753   2.741867
1536.288156   5.473862
1537.435677   2.058477
1538.583316   4.048902
1539.731074   2.352654
1540.878950   5.852203
1542.026944   1.479336
1543.175057   4.422412
1544.323288   4.083115
1545.471637   2.985550
1546.620104   7.198389
1547.768690   1.080714
1548.917395   3.646332
1550.066217   2.521960
1551.215159   1.803576
1552.364218   2.493883
1553.513396   4.325360
1554.662692   2.253769
1555.812106   2.150759
1556.961639   3.437884
1558.111290   2.891920
1559.261059   1.140569
1560.410947   3.568054
1561.560953   2.936585
1562.711078   3.066274
1563.861320   1.256710
1565.011682   0.438136
1566.162161   1.453838
1567.312759   3.064642
1568.463475   4.910083
1569.614310   1.097385
1570.765262   6.949288
1571.916334   2.900823
1573.067523   1.710178
1574.218831   3.799942
1575.370257   2.670722
1576.521802   4.488574
1577.673465   4.311245
1578.825246   2.274338
1579.977146   1.171163
1581.129164   1.971984
1582.281300   3.542875
1583.433555   1.725555
1584.585928   0.176764
1585.738419   0.820855
1586.891029   3.777063
1588.043757   1.674943
1589.196603   3.265984
1590.349568   0.935003
1591.502651   0.983781
1592.655852   1.074882
1593.809172   2.339041
1594.962610   1.151491
1596.116166   1.934366
1597.269841   5.337600
1598.423634   2.263723
1599.577546   2.161100
1600.731575   1.266003
1601.885724   4.926978
1603.039990   1.614414
1604.194375   0.834767
1605.348878   1.445129
1606.503499   4.626578
1607.658239   3.551125
1608.813098   3.361599
1609.968074   0.507333
1611.123169   1.427645
1612.278382   1.302400
1613.433714   0.745450
1614.589164   0.815923
1615.744732   0.722081
1616.900419   1.972868
1618.056223   0.191273
1619.212147   0.808317
1620.368188   4.169914
1621.524348   0.875438
1622.680627   2.720405
1623.837023   3.504473
1624.993538   1.874753
1626.150172   3.435837
1627.306923   1.196810
1628.463793   0.867148
1629.620782   1.340610
1630.777888   1.545280
1631.935114   3.449387
1633.092457   2.218845
1634.249919   1.338131
1635.407499   2.034766
1636.565197   1.717166
1637.723014   2.126423
1638.880949   2.123424
1640.039003   4.540672
1641.197174   0.561022
1642.355465   0.724215
1643.513873   1.525829
1644.672400   0.917911
1645.831045   1.334780
1646.989809   2.777703
1648.148690   0.763818
1649.307691   5.204435
1650.466809   1.268078
1651.626046   1.196470
1652.785401   1.911822
1653.944875   1.583223
1655.104467   1.548290
1656.264177  -0.032716
1657.424006   3.534727
1658.583953   3.109757
1659.744018   1.003530
1660.904202   3.881086
1662.064504   3.277114
1663.224924   2.559404
1664.385463   0.967991
1665.546120   0.644637
1666.706895   2.128282
1667.867789   0.952089
1669.028801   1.007183
1670.189931   1.590833
1671.351180   0.164027
1672.512547   1.054751
1673.674032   0.079992
1674.835636   0.566474
1675.997358   1.519478
1677.159199   1.910240
1678.321158   0.700298
1679.483235   1.499315
1680.645430   1.112343
1681.807744  -0.259590
1682.970176   1.304963
1684.132727   1.181596
1685.295396   1.801563
1686.458183   1.550139
1687.621088   0.140159
1688.784112   0.869811
1689.947254   2.706513
1691.110515   2.132844
1692.273894   0.666302
1693.437391   0.000361
1694.601007   2.297988
1695.764741   3.689417
1696.928593   1.664320
1698.092564  -0.239617
1699.256653   0.665092
1700.420860   2.038936
1701.585186   1.961121
1702.749630   0.629992
1703.914192   2.349496
1705.078873   4.177989
1706.243672   3.688671
1707.408589   1.279368
1708.573625   0.225299
1709.738779   0.744435
1710.904051   2.148022
1712.069442   1.725635
1713.234951   4.150565
1714.400579   1.751010
1715.566324   0.844915
1716.732188   2.117865
1717.898171   0.757067
1719.064272   2.357822
1720.230491   0.915661
1721.396828  -0.277094
1722.563284   0.953054
1723.729858   1.034979
1724.896551   1.778286
1726.063362   0.514046
1727.230291   2.476674
1728.397339   1.569979
1729.564505   1.966736
1730.731789   1.943911
1731.899191   0.270349
1733.066712   1.157430
1734.234352  -0.047832
1735.402109  -0.116294
1736.569985   0.212992
1737.737980  -0.068634
1738.906092   1.118297
1740.074323  -0.259322
1741.242673   0.518920
1742.411140   2.749297
1743.579726   2.712197
1744.748431   0.877471
1745.917253   0.943966
1747.086194  -0.162575
1748.255254   0.682106
1749.424432   0.977975
1750.593728   0.660688
1751.763142   1.086703
1752.932675   1.243736
1754.102326   1.792955
1755.272095   0.210138
1756.441983   0.186083
1757.611989   2.152921
1758.782114   2.649315
1759.952357   2.791396
1761.122718  -0.347682
1762.293197   1.319493
1763.463795  -0.075223
1764.634511   2.061939
1765.805346   0.605663
1766.976299   0.235712
1768.147370   0.175999
1769.318560   2.060709
1770.489868  -0.175535
1771.661294   1.022083
1772.832839   0.828571
1774.004501   3.035446
1775.176283   1.315729
1776.348182   0.911549
1777.520200   1.159353
1778.692337   3.195194
1779.864591   1.548329
1781.036964   1.298568
1782.209456   2.783906
1783.382065   0.803767
1784.554794   0.873155
1785.727640   0.556022
1786.900605   0.533213
1788.073688   3.929780
1789.246889  -0.451357
1790.420209   2.322313
1791.593647   0.726792
1792.767203   0.270749
1793.940878   2.450994
1795.114671   2.947165
1796.288583   0.650589
1797.462613   2.857216
1798.636761   2.292421
1799.811027  -0.245858
1800.985412   1.326281
1802.159915   0.859069
1803.334537   1.949659
1804.509277   1.876315
1805.684135   0.815802
1806.859112   0.220582
1808.034207   0.173242
1809.209420   2.835454
1810.384751   1.849696
1811.560201   2.260305
1812.735770   1.000763
1813.911456   1.908220
1815.087261   0.016978
1816.263185   1.062046
1817.439226   1.824487
1818.615386   0.920992
1819.791665   1.253614
1820.968061   1.079546
1822.144576   0.330812
1823.321210   0.029239
1824.497961   3.925169
1825.674831  -0.339643
1826.851820   1.324668
1828.028927   1.783364
1829.206152   0.968674
1830.383495   1.908653
1831.560957  -0.020462
1832.738537   0.004701
1833.916236   1.288982
1835.094052  -0.116437
1836.271987   0.197651
1837.450041   1.001134
1838.628213   5.593137
1839.806503   0.094206
1840.984912   0.755602
1842.163438   0.315062
1843.342084   0.950880
1844.520847  -0.241972
1845.699729   0.250278
1846.878729   1.062948
1848.057848   1.093895
1849.237085   0.740107
1850.416440   1.144162
1851.595914   0.913655
1852.775506   1.153866
1853.955216   0.897109
1855.135045   0.315239
1856.314992   0.987715
1857.495057   0.819338
1858.675241   0.790263
1859.855543   1.204454
1861.035963   0.961102
1862.216502   0.924955
1863.397159   0.726016
1864.577934   2.682085
1865.758828   0.473251
1866.939840   2.137877
1868.120970   1.767420
1869.302219   1.021054
1870.483586  -0.023017
1871.665072   0.774601
1872.846676   1.016673
1874.028398   0.083062
1875.210238   0.137709
1876.392197   0.341533
1877.574274   0.896812
1878.756470   0.894522
1879.938784   1.047694
1881.121216   1.035958
1882.303766   0.112418
1883.486435   1.196234
1884.669223   1.013671
1885.852128   0.999167
1887.035152   0.974783
1888.218294   0.028070
1889.401555   0.199103
1890.584934   1.911617
1891.768431  -0.251542
1892.952047   0.296695
1894.135781   0.887542
1895.319633   0.094609
1896.503604  -0.144709
1897.687693   1.255847
1898.871900   0.844648
1900.056226  -0.025696
1901.240670   2.224743
1902.425232   0.889494
1903.609913  -0.284548
1904.794712   1.276208
1905.979629   0.067277
1907.164665   1.129894
1908.349819   0.954262
1909.535092   0.862251
1910.720483   1.074895
1911.905992   0.853836
1913.091619   0.824557
1914.277365   1.330673
1915.463229  -0.017627
1916.649212   3.127951
1917.835312   4.658489
1919.021532   0.905819
1920.207869  -0.172868
1921.394325   2.015032
1922.580899   0.201704
1923.767592  -0.065471
1924.954403   0.175964
1926.141332   1.978311
1927.328380   1.798420
1928.515546   0.947689
1929.702830   0.893165
1930.890232   0.167735
1932.077753   1.165785
1933.265393   2.793931
1934.453150   0.015256
1935.641026  -0.122968
1936.829021   2.097228
1938.017133   0.070446
1939.205364  -0.053645
1940.393714   1.088621
1941.582182  -0.023153
1942.770768  -0.002093
1943.959472  -0.006233
1945.148295  -0.084919
1946.337236   0.038451
1947.526295   0.119750
1948.715473  -0.072164
1949.904769   0.081732
1951.094184   2.080104
1952.283716   0.855575
1953.473368   0.973507
1954.663137   0.089640
1955.853025   0.006406
1957.043031   0.002147
1958.233156   0.023601
1959.423399   1.013976
1960.613760   1.935893
1961.804239   0.931667
1962.994837   0.939877
1964.185553  -0.014988
1965.376388   0.918332
1966.567341   1.092921
1967.758412   1.923825
1968.949602  -0.049394
1970.140910   0.820805
1971.332336   0.179614
1972.523881  -0.060894
1973.715544   0.102089
1974.907325  -0.055193
1976.099225   0.951882
1977.291243   1.138240
1978.483379   2.869322
1979.675634   0.121671
1980.868007  -0.115250
1982.060498   1.180119
1983.253108  -0.016393
1984.445836  -0.056019
1985.638683   1.033356
1986.831647   1.887536
1988.024730   0.081636
1989.217932   0.109761
1990.411252   0.009991
1991.604690   0.031730
1992.798246   1.871034
1993.991921  -0.161365
1995.185714   0.292200
1996.379626   0.020639
1997.573656   0.001541
1998.767804   0.001041
1999.962070   0.012996
2001.156455   0.907660
2002.350958   0.014115
2003.545580   1.003602
2004.740320  -0.015245
2005.935178  -0.226674
2007.130155   1.307187
2008.325250   0.139921
2009.520463   1.056189
2010.715795   2.070543
2011.911245   1.936773
2013.106813   0.931715
2014.302500  -0.014994
2015.498305   0.905950
2016.694228  -0.064240
2017.890270   0.173340
2019.086430  -0.049562
2020.282708   0.103517
2021.479105   0.989225
2022.675620  -0.009769
2023.872253   0.918746
2025.069005   0.061295
2026.265875   0.004011
2027.462864  -0.004017
2028.659970  -0.059959
2029.857196   0.097926
2031.054539   0.989100
2032.252001  -0.025613
2033.449581  -0.065283
2034.647279   0.027625
2035.845096   0.955971
2037.043032   0.222816
2038.241085   4.949011
2039.439257   0.877863
2040.637547  -0.090310
2041.835956   0.017333
2043.034483   0.091383
2044.233128   0.914340
2045.431891  -0.214299
2046.630773   1.374407
2047.829774   0.936369
2049.028892   0.054384
2050.228129   0.000895
2051.427485  -0.040760
2052.626958   1.056015
2053.826550  -0.054395
2055.026261   1.056970
2056.226089  -0.017801
2057.426036  -0.055602
2058.626102   0.065562
2059.826285  -0.052671
2061.026587   0.015405
2062.227008   0.068668
2063.427547  -0.058015
2064.628204  -0.075756
2065.828979   1.194944
2067.029873   0.012579
2068.230885   1.013158
2069.432015   1.918920
2070.633264   0.967011
2071.834631   0.049369
2073.036117   0.003941
2074.237721   0.006491
2075.439443   0.889895
2076.641283   0.109180
2077.843242   0.018216
2079.045319   0.953700
2080.247515   1.021409
2081.449829   2.962806
2082.652261  -0.084652
2083.854812   0.065343
2085.057481  -0.033954
2086.260268   4.002589
2087.463174   0.122990
2088.666197  -0.025175
2089.869340   1.049129
2091.072600  -0.010996
2092.275979  -0.000019
2093.479477   0.010567
2094.683092   0.970837
2095.886826   2.024005
2097.090679  -0.025472
2098.294649   0.008447
2099.498738   0.971544
2100.702946   2.020222
2101.907272  -0.071448
2103.111716   0.008338
2104.316278   0.065997
2105.520959   0.988245
2106.725758  -0.130534
2107.930675   1.101397
2109.135711   0.046958
2110.340865   0.000949
2111.546138  -0.032796
2112.751529   0.995671
2113.957038  -0.044873
2115.162665   0.047520
2116.368411   3.043259
2117.574275   0.016508
2118.780258   0.002447
2119.986359   0.017909
2121.192578   1.951307
2122.398916   0.030783
2123.605372   0.994034
2124.811946  -0.038180
2126.018638   1.044239
2127.225449   0.947397
2128.432379  -0.005454
2129.639426   0.044883
2130.846592   0.013152
2132.053877   1.003011
2133.261279   0.959714
2134.468800   1.033259
2135.676440   0.986705
2136.884197  -0.013703
2138.092073  -0.036548
2139.300068   0.005369
2140.508180   0.041727
2141.716411   0.017779
2142.924761   1.958586
2144.133229  -0.005836
2145.341815   1.038102
2146.550519   0.936264
2147.759342   1.065187
2148.968283   0.991452
2150.177342  -0.009470
2151.386520   0.000352
2152.595816   0.014113
2153.805231   1.972205
2155.014764   1.009684
2156.224415  -0.039811
2157.434184  -0.023635
2158.644072   0.079958
2159.854079   2.004896
2161.064203   0.962652
2162.274446   1.032358
2163.484807   1.988048
2164.695287  -0.020698
2165.905885   3.025511
2167.116601   0.956548
2168.327436   0.989925
2169.538389  -0.003273
2170.749460   0.026663
2171.960650  -0.021786
2173.171958   0.026161
2174.383384   0.001790
2175.594929  -0.000623
2176.806592  -0.010313
2178.018373   2.021586
2179.230273   0.000987
2180.442291   2.001880
2181.654427   0.990149
2182.866682   0.971342
2184.079055   0.021562
2185.291546   1.005162
2186.504156   0.995406
2187.716884   0.954325
2188.929731   0.034981
2190.142696   0.002199
2191.355779  -0.003379
2192.568980  -0.048475
2193.782300   1.054500
2194.995738  -0.010050
2196.209295   1.999539
2197.422970   0.014047
2198.636763   1.004006
2199.850674   0.994715
2201.064704  -0.004656
2202.278852  -0.000324
2203.493119  -0.000003
2204.707504   0.000264
2205.922007   0.003604
2207.136629   0.998424
2208.351369  -0.016402
2209.566227   0.016389
2210.781204   0.999751
2211.996299  -0.011725
2213.211512   1.014577
2214.426844   0.998870
2215.642294   0.978026
2216.857862   1.020919
2218.073549   0.997624
2219.289354  -0.009640
2220.505277   1.011597
2221.721319   0.997919
2222.937479  -0.002307
2224.153757   0.002157
2225.370154   1.001850
2226.586669   0.997791
2227.803303  -0.001920
2229.020054   0.001716
2230.236925   1.001073
2231.453913   0.992476
2232.671020   0.004077
2233.888245   0.001716
2235.105588   1.001214
2236.323050   0.999055
2237.540631   0.987890
2238.758329   1.006070
2239.976146   0.002488
2241.194081  -0.005226
2242.412135   0.005412
2243.630307   1.000692
2244.848597   0.998444
2246.067006   1.000885
2247.285535   4.000261
2248.504199   2.000113
2249.722941   1.000000
