2019_09_27_11_03_30_610 /home/raspion_user/data/Beacon_Background_2m_Lab.sp 325857 3600.000 3581.057 15.498519 0.481036  0.000016097
  15.499 1
  15.980 0
  16.461 0
  16.942 0
  17.423 0
  17.904 0
  18.385 0
  18.867 1
  19.348 1
  19.829 0
  20.310 1
  20.792 0
  21.273 0
  21.755 0
  22.236 1
  22.718 0
  23.199 1
  23.681 0
  24.162 0
  24.644 3
  25.126 32
  25.607 235
  26.089 572
  26.571 964
  27.053 1080
  27.534 1185
  28.016 1199
  28.498 1064
  28.980 1045
  29.462 1000
  29.944 1031
  30.426 1053
  30.908 1093
  31.390 1204
  31.872 1251
  32.354 1506
  32.837 1737
  33.319 2037
  33.801 2407
  34.283 2448
  34.766 2163
  35.248 1858
  35.730 1441
  36.213 1162
  36.695 809
  37.178 752
  37.660 600
  38.143 524
  38.625 422
  39.108 431
  39.591 387
  40.073 351
  40.556 372
  41.039 377
  41.521 332
  42.004 336
  42.487 370
  42.970 319
  43.453 319
  43.936 312
  44.419 325
  44.902 308
  45.385 318
  45.868 324
  46.351 332
  46.834 351
  47.317 300
  47.800 314
  48.283 299
  48.767 292
  49.250 301
  49.733 283
  50.217 287
  50.700 292
  51.183 323
  51.667 333
  52.150 281
  52.634 285
  53.117 272
  53.601 289
  54.084 254
  54.568 310
  55.052 275
  55.535 291
  56.019 267
  56.503 270
  56.987 283
  57.470 269
  57.954 263
  58.438 283
  58.922 256
  59.406 265
  59.890 268
  60.374 275
  60.858 253
  61.342 265
  61.826 289
  62.310 253
  62.795 272
  63.279 288
  63.763 267
  64.247 261
  64.732 236
  65.216 290
  65.700 252
  66.185 281
  66.669 268
  67.154 277
  67.638 261
  68.123 296
  68.607 257
  69.092 286
  69.576 252
  70.061 322
  70.546 298
  71.031 254
  71.515 268
  72.000 292
  72.485 285
  72.970 311
  73.455 265
  73.940 319
  74.424 295
  74.909 303
  75.394 294
  75.880 370
  76.365 332
  76.850 328
  77.335 333
  77.820 370
  78.305 387
  78.790 368
  79.276 394
  79.761 360
  80.246 393
  80.732 382
  81.217 391
  81.703 397
  82.188 447
  82.674 428
  83.159 465
  83.645 471
  84.130 494
  84.616 514
  85.101 505
  85.587 502
  86.073 533
  86.559 496
  87.044 536
  87.530 505
  88.016 551
  88.502 569
  88.988 523
  89.474 543
  89.960 552
  90.446 600
  90.932 566
  91.418 556
  91.904 594
  92.390 585
  92.876 635
  93.363 613
  93.849 645
  94.335 650
  94.821 622
  95.308 654
  95.794 658
  96.280 640
  96.767 639
  97.253 725
  97.740 720
  98.226 718
  98.713 703
  99.200 721
  99.686 727
 100.173 757
 100.659 705
 101.146 773
 101.633 790
 102.120 839
 102.607 772
 103.093 821
 103.580 776
 104.067 821
 104.554 747
 105.041 786
 105.528 812
 106.015 854
 106.502 790
 106.989 765
 107.476 849
 107.964 763
 108.451 818
 108.938 828
 109.425 785
 109.913 818
 110.400 822
 110.887 824
 111.375 767
 111.862 822
 112.350 766
 112.837 807
 113.325 751
 113.812 758
 114.300 804
 114.787 753
 115.275 769
 115.763 762
 116.250 790
 116.738 719
 117.226 721
 117.714 723
 118.202 749
 118.689 764
 119.177 704
 119.665 704
 120.153 723
 120.641 728
 121.129 751
 121.617 703
 122.106 705
 122.594 683
 123.082 721
 123.570 637
 124.058 697
 124.547 685
 125.035 686
 125.523 691
 126.012 655
 126.500 661
 126.988 652
 127.477 601
 127.965 606
 128.454 673
 128.942 638
 129.431 668
 129.920 656
 130.408 603
 130.897 644
 131.386 628
 131.874 648
 132.363 664
 132.852 662
 133.341 679
 133.830 596
 134.319 621
 134.808 650
 135.296 660
 135.785 636
 136.275 663
 136.764 624
 137.253 616
 137.742 606
 138.231 622
 138.720 634
 139.209 652
 139.699 650
 140.188 619
 140.677 626
 141.167 615
 141.656 668
 142.145 648
 142.635 621
 143.124 618
 143.614 618
 144.103 660
 144.593 639
 145.083 628
 145.572 591
 146.062 620
 146.552 614
 147.041 659
 147.531 584
 148.021 606
 148.511 612
 149.001 625
 149.491 581
 149.981 607
 150.471 675
 150.961 610
 151.451 585
 151.941 617
 152.431 630
 152.921 606
 153.411 593
 153.901 545
 154.391 609
 154.882 603
 155.372 595
 155.862 548
 156.353 559
 156.843 644
 157.334 601
 157.824 620
 158.314 574
 158.805 575
 159.296 541
 159.786 619
 160.277 586
 160.767 605
 161.258 575
 161.749 605
 162.240 538
 162.730 543
 163.221 564
 163.712 544
 164.203 572
 164.694 550
 165.185 542
 165.676 517
 166.167 569
 166.658 555
 167.149 527
 167.640 500
 168.131 515
 168.622 529
 169.113 501
 169.605 455
 170.096 548
 170.587 565
 171.078 525
 171.570 522
 172.061 517
 172.553 548
 173.044 495
 173.535 509
 174.027 511
 174.519 488
 175.010 468
 175.502 510
 175.993 522
 176.485 514
 176.977 486
 177.468 452
 177.960 476
 178.452 470
 178.944 460
 179.436 495
 179.928 461
 180.420 472
 180.912 460
 181.404 472
 181.896 492
 182.388 454
 182.880 439
 183.372 472
 183.864 460
 184.356 415
 184.848 434
 185.341 392
 185.833 463
 186.325 444
 186.818 422
 187.310 382
 187.802 451
 188.295 394
 188.787 430
 189.280 426
 189.772 403
 190.265 428
 190.758 393
 191.250 435
 191.743 396
 192.236 405
 192.728 436
 193.221 402
 193.714 393
 194.207 417
 194.700 375
 195.193 409
 195.686 430
 196.178 396
 196.671 368
 197.165 407
 197.658 372
 198.151 389
 198.644 387
 199.137 382
 199.630 394
 200.123 376
 200.617 382
 201.110 343
 201.603 373
 202.097 367
 202.590 376
 203.083 347
 203.577 358
 204.070 363
 204.564 368
 205.057 389
 205.551 317
 206.045 379
 206.538 373
 207.032 342
 207.526 353
 208.019 358
 208.513 357
 209.007 346
 209.501 348
 209.995 338
 210.488 351
 210.982 325
 211.476 329
 211.970 342
 212.464 330
 212.958 354
 213.453 313
 213.947 331
 214.441 340
 214.935 357
 215.429 353
 215.923 356
 216.418 347
 216.912 335
 217.406 310
 217.901 318
 218.395 318
 218.890 338
 219.384 309
 219.879 336
 220.373 296
 220.868 313
 221.362 352
 221.857 322
 222.352 306
 222.846 327
 223.341 302
 223.836 314
 224.331 302
 224.825 292
 225.320 341
 225.815 298
 226.310 323
 226.805 289
 227.300 316
 227.795 315
 228.290 308
 228.785 298
 229.280 314
 229.776 331
 230.271 304
 230.766 311
 231.261 277
 231.756 294
 232.252 282
 232.747 329
 233.243 303
 233.738 292
 234.233 274
 234.729 298
 235.224 283
 235.720 251
 236.215 262
 236.711 294
 237.207 295
 237.702 319
 238.198 299
 238.694 321
 239.190 306
 239.685 274
 240.181 273
 240.677 273
 241.173 285
 241.669 263
 242.165 263
 242.661 285
 243.157 257
 243.653 267
 244.149 320
 244.645 300
 245.141 282
 245.637 264
 246.134 275
 246.630 290
 247.126 311
 247.623 215
 248.119 255
 248.615 277
 249.112 280
 249.608 255
 250.105 268
 250.601 273
 251.098 294
 251.594 282
 252.091 293
 252.587 263
 253.084 271
 253.581 289
 254.077 242
 254.574 270
 255.071 279
 255.568 276
 256.065 240
 256.562 239
 257.059 270
 257.556 264
 258.052 257
 258.550 289
 259.047 265
 259.544 263
 260.041 262
 260.538 293
 261.035 273
 261.532 245
 262.030 261
 262.527 270
 263.024 261
 263.521 241
 264.019 248
 264.516 245
 265.014 244
 265.511 269
 266.009 250
 266.506 255
 267.004 235
 267.501 220
 267.999 216
 268.497 237
 268.994 202
 269.492 241
 269.990 211
 270.488 238
 270.985 219
 271.483 239
 271.981 230
 272.479 216
 272.977 218
 273.475 223
 273.973 187
 274.471 207
 274.969 205
 275.467 221
 275.966 206
 276.464 211
 276.962 185
 277.460 205
 277.958 191
 278.457 201
 278.955 189
 279.453 200
 279.952 186
 280.450 168
 280.949 203
 281.447 196
 281.946 194
 282.444 143
 282.943 176
 283.442 196
 283.940 172
 284.439 181
 284.938 179
 285.436 181
 285.935 156
 286.434 148
 286.933 193
 287.432 171
 287.931 190
 288.430 181
 288.929 185
 289.428 167
 289.927 165
 290.426 154
 290.925 163
 291.424 182
 291.923 168
 292.422 157
 292.922 170
 293.421 133
 293.920 178
 294.420 174
 294.919 153
 295.418 140
 295.918 161
 296.417 132
 296.917 121
 297.416 148
 297.916 158
 298.415 140
 298.915 169
 299.415 157
 299.914 150
 300.414 178
 300.914 169
 301.414 155
 301.914 154
 302.413 136
 302.913 153
 303.413 172
 303.913 145
 304.413 153
 304.913 129
 305.413 154
 305.913 139
 306.413 142
 306.914 151
 307.414 148
 307.914 146
 308.414 135
 308.914 141
 309.415 141
 309.915 137
 310.415 167
 310.916 156
 311.416 166
 311.917 155
 312.417 176
 312.918 130
 313.418 141
 313.919 145
 314.420 161
 314.920 155
 315.421 118
 315.922 136
 316.422 129
 316.923 151
 317.424 108
 317.925 128
 318.426 141
 318.927 139
 319.428 149
 319.929 128
 320.430 139
 320.931 130
 321.432 128
 321.933 126
 322.434 141
 322.935 144
 323.436 119
 323.938 145
 324.439 132
 324.940 117
 325.441 120
 325.943 123
 326.444 111
 326.946 130
 327.447 130
 327.949 142
 328.450 117
 328.952 114
 329.453 105
 329.955 129
 330.457 138
 330.958 124
 331.460 106
 331.962 121
 332.463 132
 332.965 116
 333.467 107
 333.969 107
 334.471 83
 334.973 117
 335.475 114
 335.977 100
 336.479 94
 336.981 115
 337.483 105
 337.985 86
 338.487 100
 338.990 81
 339.492 123
 339.994 93
 340.496 114
 340.999 121
 341.501 128
 342.004 74
 342.506 110
 343.008 122
 343.511 117
 344.013 119
 344.516 102
 345.019 101
 345.521 126
 346.024 119
 346.527 95
 347.029 112
 347.532 114
 348.035 119
 348.538 96
 349.040 111
 349.543 122
 350.046 138
 350.549 102
 351.052 107
 351.555 118
 352.058 110
 352.561 99
 353.064 105
 353.568 101
 354.071 120
 354.574 96
 355.077 126
 355.580 107
 356.084 128
 356.587 116
 357.090 114
 357.594 112
 358.097 118
 358.601 101
 359.104 95
 359.608 118
 360.111 115
 360.615 89
 361.118 110
 361.622 110
 362.126 94
 362.630 111
 363.133 80
 363.637 101
 364.141 104
 364.645 112
 365.149 112
 365.652 97
 366.156 95
 366.660 95
 367.164 93
 367.668 100
 368.173 106
 368.677 110
 369.181 95
 369.685 93
 370.189 85
 370.693 111
 371.198 105
 371.702 108
 372.206 89
 372.711 89
 373.215 102
 373.719 89
 374.224 85
 374.728 98
 375.233 89
 375.737 79
 376.242 84
 376.747 100
 377.251 97
 377.756 91
 378.261 109
 378.765 95
 379.270 92
 379.775 109
 380.280 88
 380.785 73
 381.290 88
 381.795 80
 382.300 76
 382.805 106
 383.310 78
 383.815 75
 384.320 103
 384.825 95
 385.330 71
 385.835 81
 386.341 71
 386.846 73
 387.351 87
 387.856 87
 388.362 83
 388.867 81
 389.373 72
 389.878 87
 390.384 70
 390.889 79
 391.395 73
 391.900 69
 392.406 89
 392.911 84
 393.417 75
 393.923 67
 394.429 78
 394.934 73
 395.440 74
 395.946 75
 396.452 74
 396.958 70
 397.464 61
 397.970 77
 398.476 69
 398.982 69
 399.488 75
 399.994 69
 400.500 54
 401.006 68
 401.512 62
 402.019 66
 402.525 57
 403.031 62
 403.537 54
 404.044 68
 404.550 58
 405.057 64
 405.563 86
 406.070 60
 406.576 62
 407.083 58
 407.589 69
 408.096 58
 408.602 69
 409.109 63
 409.616 61
 410.123 57
 410.629 58
 411.136 60
 411.643 61
 412.150 64
 412.657 67
 413.164 70
 413.671 56
 414.178 66
 414.685 62
 415.192 69
 415.699 62
 416.206 68
 416.713 41
 417.220 59
 417.728 75
 418.235 69
 418.742 47
 419.250 63
 419.757 52
 420.264 61
 420.772 47
 421.279 54
 421.787 72
 422.294 48
 422.802 58
 423.309 80
 423.817 62
 424.324 59
 424.832 61
 425.340 52
 425.848 47
 426.355 62
 426.863 59
 427.371 47
 427.879 44
 428.387 55
 428.895 61
 429.403 55
 429.911 48
 430.419 48
 430.927 53
 431.435 48
 431.943 44
 432.451 63
 432.959 53
 433.468 71
 433.976 59
 434.484 50
 434.992 58
 435.501 46
 436.009 50
 436.518 51
 437.026 65
 437.535 54
 438.043 47
 438.552 69
 439.060 57
 439.569 33
 440.077 60
 440.586 67
 441.095 54
 441.604 43
 442.112 54
 442.621 64
 443.130 58
 443.639 56
 444.148 54
 444.657 47
 445.166 61
 445.675 53
 446.184 48
 446.693 53
 447.202 43
 447.711 63
 448.220 59
 448.729 61
 449.239 51
 449.748 52
 450.257 65
 450.766 51
 451.276 61
 451.785 50
 452.295 39
 452.804 50
 453.313 50
 453.823 48
 454.332 42
 454.842 50
 455.352 47
 455.861 50
 456.371 53
 456.881 55
 457.390 48
 457.900 62
 458.410 51
 458.920 48
 459.430 45
 459.940 48
 460.450 42
 460.959 40
 461.469 45
 461.980 40
 462.490 50
 463.000 51
 463.510 37
 464.020 40
 464.530 62
 465.040 53
 465.551 55
 466.061 54
 466.571 49
 467.082 55
 467.592 40
 468.102 36
 468.613 45
 469.123 47
 469.634 48
 470.144 52
 470.655 39
 471.166 42
 471.676 52
 472.187 53
 472.698 52
 473.208 48
 473.719 36
 474.230 51
 474.741 43
 475.252 57
 475.762 45
 476.273 56
 476.784 52
 477.295 52
 477.806 53
 478.317 49
 478.828 47
 479.340 45
 479.851 43
 480.362 42
 480.873 40
 481.384 53
 481.896 45
 482.407 49
 482.918 40
 483.430 53
 483.941 38
 484.453 53
 484.964 46
 485.476 47
 485.987 37
 486.499 51
 487.010 41
 487.522 39
 488.034 49
 488.545 43
 489.057 44
 489.569 39
 490.081 38
 490.592 47
 491.104 33
 491.616 41
 492.128 38
 492.640 50
 493.152 39
 493.664 44
 494.176 42
 494.688 53
 495.200 43
 495.712 37
 496.225 53
 496.737 43
 497.249 42
 497.761 55
 498.274 43
 498.786 38
 499.298 38
 499.811 49
 500.323 39
 500.836 40
 501.348 50
 501.861 35
 502.373 38
 502.886 48
 503.399 32
 503.911 55
 504.424 40
 504.937 42
 505.449 34
 505.962 43
 506.475 39
 506.988 49
 507.501 39
 508.014 31
 508.527 51
 509.040 40
 509.553 42
 510.066 40
 510.579 43
 511.092 44
 511.605 55
 512.118 46
 512.632 38
 513.145 46
 513.658 44
 514.171 54
 514.685 44
 515.198 33
 515.711 45
 516.225 52
 516.738 50
 517.252 52
 517.765 41
 518.279 44
 518.793 36
 519.306 51
 519.820 54
 520.334 39
 520.847 46
 521.361 45
 521.875 53
 522.389 53
 522.903 46
 523.416 44
 523.930 38
 524.444 48
 524.958 46
 525.472 46
 525.986 42
 526.500 41
 527.015 45
 527.529 42
 528.043 50
 528.557 52
 529.071 46
 529.586 33
 530.100 25
 530.614 35
 531.129 48
 531.643 42
 532.158 44
 532.672 47
 533.186 46
 533.701 46
 534.216 44
 534.730 43
 535.245 50
 535.759 44
 536.274 47
 536.789 46
 537.304 50
 537.818 50
 538.333 38
 538.848 45
 539.363 44
 539.878 49
 540.393 47
 540.908 40
 541.423 46
 541.938 42
 542.453 49
 542.968 42
 543.483 37
 543.998 31
 544.514 39
 545.029 34
 545.544 34
 546.059 42
 546.575 47
 547.090 39
 547.606 40
 548.121 38
 548.636 34
 549.152 32
 549.668 31
 550.183 32
 550.699 39
 551.214 36
 551.730 31
 552.246 46
 552.761 34
 553.277 45
 553.793 35
 554.309 34
 554.825 34
 555.341 38
 555.856 38
 556.372 30
 556.888 36
 557.404 38
 557.920 28
 558.436 46
 558.953 30
 559.469 36
 559.985 40
 560.501 31
 561.017 36
 561.534 29
 562.050 47
 562.566 34
 563.083 36
 563.599 42
 564.115 41
 564.632 37
 565.148 31
 565.665 27
 566.182 28
 566.698 29
 567.215 25
 567.731 30
 568.248 29
 568.765 32
 569.282 27
 569.798 32
 570.315 27
 570.832 40
 571.349 33
 571.866 27
 572.383 53
 572.900 37
 573.417 25
 573.934 25
 574.451 28
 574.968 36
 575.485 40
 576.002 32
 576.520 30
 577.037 37
 577.554 37
 578.071 42
 578.589 26
 579.106 49
 579.623 40
 580.141 35
 580.658 29
 581.176 47
 581.693 45
 582.211 37
 582.729 42
 583.246 43
 583.764 41
 584.281 43
 584.799 39
 585.317 42
 585.835 26
 586.353 33
 586.870 42
 587.388 31
 587.906 34
 588.424 31
 588.942 26
 589.460 39
 589.978 29
 590.496 32
 591.014 32
 591.533 33
 592.051 37
 592.569 45
 593.087 32
 593.605 39
 594.124 40
 594.642 35
 595.160 40
 595.679 36
 596.197 38
 596.716 35
 597.234 47
 597.753 28
 598.271 29
 598.790 33
 599.308 39
 599.827 37
 600.346 44
 600.865 30
 601.383 35
 601.902 35
 602.421 44
 602.940 35
 603.459 33
 603.978 40
 604.496 29
 605.015 38
 605.534 36
 606.054 36
 606.573 34
 607.092 35
 607.611 34
 608.130 38
 608.649 36
 609.168 45
 609.688 43
 610.207 39
 610.726 44
 611.246 36
 611.765 41
 612.285 45
 612.804 46
 613.323 47
 613.843 53
 614.363 40
 614.882 38
 615.402 35
 615.921 43
 616.441 37
 616.961 34
 617.481 38
 618.000 36
 618.520 29
 619.040 32
 619.560 34
 620.080 32
 620.600 35
 621.120 39
 621.640 45
 622.160 57
 622.680 26
 623.200 39
 623.720 39
 624.240 39
 624.760 31
 625.281 32
 625.801 33
 626.321 32
 626.842 34
 627.362 31
 627.882 33
 628.403 30
 628.923 31
 629.444 46
 629.964 41
 630.485 40
 631.005 37
 631.526 35
 632.047 39
 632.567 35
 633.088 34
 633.609 44
 634.130 25
 634.650 32
 635.171 31
 635.692 33
 636.213 25
 636.734 27
 637.255 41
 637.776 27
 638.297 28
 638.818 29
 639.339 39
 639.860 26
 640.381 30
 640.903 23
 641.424 42
 641.945 26
 642.466 19
 642.988 26
 643.509 35
 644.030 36
 644.552 29
 645.073 28
 645.595 26
 646.116 31
 646.638 25
 647.159 21
 647.681 35
 648.203 29
 648.724 30
 649.246 17
 649.768 33
 650.290 25
 650.811 21
 651.333 24
 651.855 29
 652.377 36
 652.899 23
 653.421 26
 653.943 26
 654.465 25
 654.987 22
 655.509 28
 656.031 29
 656.553 23
 657.076 30
 657.598 29
 658.120 14
 658.642 23
 659.165 27
 659.687 16
 660.210 29
 660.732 28
 661.254 22
 661.777 17
 662.299 23
 662.822 21
 663.345 29
 663.867 25
 664.390 31
 664.912 24
 665.435 27
 665.958 25
 666.481 20
 667.004 24
 667.526 28
 668.049 21
 668.572 23
 669.095 28
 669.618 23
 670.141 36
 670.664 28
 671.187 27
 671.710 23
 672.233 25
 672.757 30
 673.280 29
 673.803 21
 674.326 24
 674.850 31
 675.373 30
 675.896 24
 676.420 25
 676.943 36
 677.466 31
 677.990 20
 678.513 27
 679.037 41
 679.561 32
 680.084 18
 680.608 21
 681.132 25
 681.655 26
 682.179 25
 682.703 32
 683.227 20
 683.750 22
 684.274 25
 684.798 19
 685.322 20
 685.846 27
 686.370 23
 686.894 27
 687.418 27
 687.942 22
 688.466 24
 688.991 24
 689.515 41
 690.039 18
 690.563 26
 691.087 15
 691.612 21
 692.136 25
 692.661 18
 693.185 18
 693.709 23
 694.234 27
 694.758 27
 695.283 25
 695.808 22
 696.332 23
 696.857 26
 697.381 24
 697.906 22
 698.431 24
 698.956 16
 699.480 17
 700.005 24
 700.530 23
 701.055 28
 701.580 24
 702.105 25
 702.630 26
 703.155 24
 703.680 25
 704.205 16
 704.730 20
 705.255 18
 705.781 18
 706.306 20
 706.831 17
 707.356 33
 707.882 18
 708.407 21
 708.932 12
 709.458 15
 709.983 17
 710.509 19
 711.034 24
 711.560 16
 712.085 28
 712.611 18
 713.137 13
 713.662 15
 714.188 26
 714.714 14
 715.240 22
 715.765 20
 716.291 13
 716.817 22
 717.343 21
 717.869 16
 718.395 15
 718.921 19
 719.447 20
 719.973 25
 720.499 12
 721.025 19
 721.551 19
 722.078 16
 722.604 18
 723.130 18
 723.656 20
 724.183 16
 724.709 17
 725.235 19
 725.762 20
 726.288 19
 726.815 16
 727.341 21
 727.868 18
 728.394 23
 728.921 19
 729.448 23
 729.974 19
 730.501 14
 731.028 17
 731.554 24
 732.081 13
 732.608 29
 733.135 19
 733.662 15
 734.189 18
 734.716 14
 735.243 15
 735.770 15
 736.297 16
 736.824 19
 737.351 18
 737.878 16
 738.405 16
 738.933 24
 739.460 20
 739.987 15
 740.514 19
 741.042 21
 741.569 20
 742.097 19
 742.624 14
 743.151 22
 743.679 16
 744.206 16
 744.734 16
 745.262 12
 745.789 17
 746.317 14
 746.845 17
 747.372 18
 747.900 18
 748.428 19
 748.956 27
 749.484 12
 750.012 17
 750.539 23
 751.067 19
 751.595 15
 752.123 29
 752.651 19
 753.180 10
 753.708 18
 754.236 24
 754.764 15
 755.292 16
 755.821 19
 756.349 16
 756.877 27
 757.405 22
 757.934 20
 758.462 19
 758.991 16
 759.519 12
 760.048 19
 760.576 22
 761.105 18
 761.633 24
 762.162 16
 762.691 22
 763.219 12
 763.748 13
 764.277 10
 764.806 20
 765.334 18
 765.863 15
 766.392 13
 766.921 23
 767.450 19
 767.979 25
 768.508 15
 769.037 20
 769.566 22
 770.095 19
 770.625 13
 771.154 14
 771.683 21
 772.212 27
 772.741 23
 773.271 12
 773.800 23
 774.329 16
 774.859 13
 775.388 22
 775.918 10
 776.447 16
 776.977 13
 777.506 11
 778.036 22
 778.566 19
 779.095 14
 779.625 18
 780.155 25
 780.685 18
 781.214 15
 781.744 13
 782.274 15
 782.804 22
 783.334 15
 783.864 14
 784.394 17
 784.924 21
 785.454 16
 785.984 15
 786.514 18
 787.044 7
 787.574 11
 788.105 17
 788.635 17
 789.165 25
 789.695 14
 790.226 17
 790.756 13
 791.286 21
 791.817 10
 792.347 14
 792.878 10
 793.408 17
 793.939 17
 794.470 15
 795.000 16
 795.531 23
 796.062 15
 796.592 18
 797.123 10
 797.654 23
 798.185 12
 798.716 24
 799.246 12
 799.777 20
 800.308 20
 800.839 16
 801.370 16
 801.901 23
 802.432 17
 802.964 14
 803.495 20
 804.026 15
 804.557 9
 805.088 16
 805.620 12
 806.151 13
 806.682 15
 807.214 14
 807.745 14
 808.276 14
 808.808 10
 809.339 14
 809.871 11
 810.403 12
 810.934 24
 811.466 15
 811.997 22
 812.529 16
 813.061 11
 813.593 13
 814.124 13
 814.656 15
 815.188 17
 815.720 15
 816.252 17
 816.784 12
 817.316 16
 817.848 15
 818.380 12
 818.912 17
 819.444 21
 819.976 22
 820.508 18
 821.041 11
 821.573 19
 822.105 17
 822.637 18
 823.170 17
 823.702 11
 824.235 14
 824.767 16
 825.299 12
 825.832 9
 826.364 15
 826.897 9
 827.430 18
 827.962 21
 828.495 5
 829.028 12
 829.560 23
 830.093 13
 830.626 11
 831.159 17
 831.692 12
 832.224 13
 832.757 14
 833.290 11
 833.823 16
 834.356 18
 834.889 10
 835.422 12
 835.955 18
 836.489 16
 837.022 16
 837.555 22
 838.088 18
 838.622 16
 839.155 12
 839.688 14
 840.222 10
 840.755 17
 841.288 16
 841.822 21
 842.355 17
 842.889 15
 843.422 10
 843.956 15
 844.490 11
 845.023 19
 845.557 15
 846.091 17
 846.624 11
 847.158 17
 847.692 15
 848.226 22
 848.760 12
 849.294 11
 849.828 14
 850.362 17
 850.896 10
 851.430 12
 851.964 18
 852.498 16
 853.032 11
 853.566 14
 854.100 14
 854.635 14
 855.169 12
 855.703 12
 856.238 11
 856.772 11
 857.306 20
 857.841 17
 858.375 20
 858.910 18
 859.444 14
 859.979 10
 860.513 15
 861.048 22
 861.583 18
 862.117 16
 862.652 15
 863.187 14
 863.722 21
 864.256 14
 864.791 5
 865.326 23
 865.861 6
 866.396 18
 866.931 9
 867.466 14
 868.001 12
 868.536 9
 869.071 11
 869.606 15
 870.141 18
 870.677 14
 871.212 10
 871.747 15
 872.282 15
 872.818 16
 873.353 14
 873.889 17
 874.424 11
 874.959 20
 875.495 16
 876.030 9
 876.566 12
 877.102 9
 877.637 14
 878.173 13
 878.709 11
 879.244 16
 879.780 10
 880.316 18
 880.852 14
 881.387 10
 881.923 13
 882.459 15
 882.995 21
 883.531 17
 884.067 23
 884.603 18
 885.139 19
 885.675 16
 886.212 20
 886.748 18
 887.284 15
 887.820 8
 888.356 15
 888.893 14
 889.429 11
 889.965 19
 890.502 16
 891.038 13
 891.575 18
 892.111 11
 892.648 13
 893.184 9
 893.721 12
 894.257 13
 894.794 17
 895.331 11
 895.868 14
 896.404 15
 896.941 13
 897.478 14
 898.015 20
 898.552 12
 899.088 15
 899.625 10
 900.162 13
 900.699 10
 901.236 19
 901.774 12
 902.311 14
 902.848 17
 903.385 11
 903.922 18
 904.459 7
 904.997 19
 905.534 14
 906.071 9
 906.609 18
 907.146 10
 907.683 14
 908.221 15
 908.758 9
 909.296 21
 909.833 14
 910.371 13
 910.909 15
 911.446 14
 911.984 10
 912.522 17
 913.059 27
 913.597 22
 914.135 16
 914.673 15
 915.211 19
 915.749 15
 916.287 14
 916.825 12
 917.363 13
 917.901 13
 918.439 17
 918.977 13
 919.515 19
 920.053 23
 920.591 11
 921.129 25
 921.668 18
 922.206 19
 922.744 11
 923.283 16
 923.821 9
 924.360 21
 924.898 12
 925.436 26
 925.975 19
 926.514 18
 927.052 16
 927.591 17
 928.129 16
 928.668 16
 929.207 15
 929.745 20
 930.284 13
 930.823 19
 931.362 27
 931.901 15
 932.440 15
 932.979 19
 933.518 13
 934.057 12
 934.596 21
 935.135 15
 935.674 15
 936.213 17
 936.752 15
 937.291 18
 937.831 17
 938.370 15
 938.909 7
 939.448 9
 939.988 17
 940.527 16
 941.067 14
 941.606 16
 942.145 18
 942.685 13
 943.225 11
 943.764 11
 944.304 19
 944.843 14
 945.383 13
 945.923 12
 946.463 19
 947.002 21
 947.542 13
 948.082 15
 948.622 12
 949.162 13
 949.702 13
 950.242 23
 950.782 12
 951.322 12
 951.862 16
 952.402 16
 952.942 13
 953.482 16
 954.022 13
 954.563 13
 955.103 15
 955.643 18
 956.183 18
 956.724 19
 957.264 12
 957.805 13
 958.345 10
 958.885 19
 959.426 20
 959.967 18
 960.507 15
 961.048 10
 961.588 14
 962.129 17
 962.670 13
 963.210 12
 963.751 13
 964.292 18
 964.833 17
 965.374 17
 965.915 17
 966.456 17
 966.997 17
 967.538 12
 968.079 6
 968.620 12
 969.161 16
 969.702 17
 970.243 10
 970.784 16
 971.325 12
 971.867 18
 972.408 15
 972.949 16
 973.491 14
 974.032 18
 974.573 11
 975.115 13
 975.656 13
 976.198 15
 976.739 5
 977.281 20
 977.823 15
 978.364 9
 978.906 13
 979.448 21
 979.989 10
 980.531 18
 981.073 11
 981.615 9
 982.157 18
 982.699 13
 983.240 17
 983.782 22
 984.324 19
 984.866 12
 985.409 17
 985.951 13
 986.493 17
 987.035 9
 987.577 17
 988.119 10
 988.662 12
 989.204 15
 989.746 24
 990.289 13
 990.831 15
 991.373 7
 991.916 10
 992.458 12
 993.001 17
 993.543 20
 994.086 15
 994.628 11
 995.171 14
 995.714 16
 996.256 9
 996.799 10
 997.342 19
 997.885 15
 998.428 10
 998.970 12
 999.513 18
1000.056 17
1000.599 16
1001.142 12
1001.685 15
1002.228 10
1002.771 19
1003.315 9
1003.858 11
1004.401 13
1004.944 15
1005.487 5
1006.031 12
1006.574 8
1007.117 11
1007.661 9
1008.204 13
1008.748 10
1009.291 12
1009.835 14
1010.378 11
1010.922 8
1011.465 13
1012.009 17
1012.553 14
1013.096 8
1013.640 11
1014.184 14
1014.728 16
1015.271 10
1015.815 17
1016.359 10
1016.903 7
1017.447 12
1017.991 13
1018.535 12
1019.079 9
1019.623 11
1020.167 14
1020.711 15
1021.256 13
1021.800 14
1022.344 8
1022.888 10
1023.433 12
1023.977 11
1024.521 13
1025.066 7
1025.610 17
1026.155 11
1026.699 14
1027.244 7
1027.788 10
1028.333 10
1028.878 7
1029.422 9
1029.967 7
1030.512 11
1031.056 11
1031.601 12
1032.146 12
1032.691 9
1033.236 11
1033.781 16
1034.326 8
1034.871 11
1035.416 10
1035.961 9
1036.506 8
1037.051 8
1037.596 12
1038.141 9
1038.687 7
1039.232 14
1039.777 6
1040.322 9
1040.868 9
1041.413 11
1041.959 18
1042.504 8
1043.049 6
1043.595 7
1044.140 12
1044.686 12
1045.232 12
1045.777 17
1046.323 16
1046.869 14
1047.414 17
1047.960 9
1048.506 7
1049.052 6
1049.598 16
1050.144 10
1050.689 15
1051.235 14
1051.781 8
1052.327 11
1052.873 8
1053.420 13
1053.966 10
1054.512 13
1055.058 9
1055.604 9
1056.150 10
1056.697 15
1057.243 16
1057.789 8
1058.336 12
1058.882 9
1059.429 10
1059.975 3
1060.522 6
1061.068 13
1061.615 16
1062.161 10
1062.708 16
1063.255 6
1063.801 8
1064.348 12
1064.895 9
1065.442 13
1065.988 10
1066.535 10
1067.082 11
1067.629 10
1068.176 12
1068.723 9
1069.270 8
1069.817 9
1070.364 15
1070.911 6
1071.458 16
1072.006 6
1072.553 8
1073.100 6
1073.647 9
1074.195 9
1074.742 7
1075.289 13
1075.837 5
1076.384 5
1076.932 5
1077.479 7
1078.027 7
1078.574 7
1079.122 16
1079.669 10
1080.217 18
1080.765 9
1081.312 10
1081.860 10
1082.408 20
1082.956 5
1083.504 12
1084.052 11
1084.600 13
1085.147 15
1085.695 11
1086.243 11
1086.792 16
1087.340 11
1087.888 10
1088.436 13
1088.984 9
1089.532 5
1090.080 11
1090.629 11
1091.177 12
1091.725 13
1092.274 8
1092.822 6
1093.371 11
1093.919 8
1094.468 8
1095.016 12
1095.565 11
1096.113 12
1096.662 8
1097.211 10
1097.759 12
1098.308 13
1098.857 6
1099.406 11
1099.954 8
1100.503 8
1101.052 9
1101.601 10
1102.150 8
1102.699 8
1103.248 17
1103.797 8
1104.346 6
1104.895 10
1105.444 9
1105.993 8
1106.543 11
1107.092 8
1107.641 9
1108.190 15
1108.740 11
1109.289 17
1109.839 11
1110.388 11
1110.937 16
1111.487 16
1112.037 13
1112.586 8
1113.136 10
1113.685 8
1114.235 10
1114.785 6
1115.334 10
1115.884 9
1116.434 10
1116.984 12
1117.534 11
1118.083 14
1118.633 13
1119.183 12
1119.733 12
1120.283 11
1120.833 8
1121.383 8
1121.934 11
1122.484 5
1123.034 9
1123.584 8
1124.134 11
1124.685 8
1125.235 10
1125.785 10
1126.336 9
1126.886 16
1127.436 7
1127.987 9
1128.537 9
1129.088 8
1129.638 10
1130.189 13
1130.740 12
1131.290 10
1131.841 6
1132.392 12
1132.942 8
1133.493 6
1134.044 8
1134.595 9
1135.146 11
1135.697 11
1136.248 12
1136.799 6
1137.350 19
1137.901 9
1138.452 14
1139.003 13
1139.554 12
1140.105 17
1140.656 20
1141.208 12
1141.759 13
1142.310 13
1142.862 11
1143.413 11
1143.964 13
1144.516 10
1145.067 20
1145.619 15
1146.170 8
1146.722 8
1147.273 8
1147.825 9
1148.377 15
1148.928 14
1149.480 11
1150.032 10
1150.584 6
1151.135 14
1151.687 6
1152.239 16
1152.791 6
1153.343 6
1153.895 12
1154.447 7
1154.999 7
1155.551 11
1156.103 17
1156.655 14
1157.207 13
1157.760 10
1158.312 11
1158.864 9
1159.416 6
1159.969 13
1160.521 14
1161.074 9
1161.626 10
1162.178 25
1162.731 4
1163.283 11
1163.836 10
1164.389 8
1164.941 16
1165.494 15
1166.047 8
1166.599 7
1167.152 12
1167.705 10
1168.258 8
1168.810 6
1169.363 8
1169.916 7
1170.469 14
1171.022 12
1171.575 9
1172.128 12
1172.681 11
1173.234 13
1173.787 8
1174.341 6
1174.894 12
1175.447 10
1176.000 11
1176.554 9
1177.107 5
1177.660 9
1178.214 10
1178.767 13
1179.321 12
1179.874 10
1180.428 11
1180.981 7
1181.535 12
1182.088 10
1182.642 10
1183.196 7
1183.749 4
1184.303 6
1184.857 9
1185.411 12
1185.965 10
1186.518 11
1187.072 8
1187.626 7
1188.180 16
1188.734 11
1189.288 8
1189.842 11
1190.396 3
1190.951 7
1191.505 10
1192.059 9
1192.613 7
1193.167 10
1193.722 11
1194.276 4
1194.830 11
1195.385 3
1195.939 11
1196.494 15
1197.048 11
1197.603 7
1198.157 9
1198.712 13
1199.266 9
1199.821 6
1200.376 13
1200.930 7
1201.485 8
1202.040 5
1202.595 10
1203.150 9
1203.705 7
1204.259 7
1204.814 16
1205.369 10
1205.924 4
1206.479 6
1207.034 5
1207.590 10
1208.145 13
1208.700 12
1209.255 11
1209.810 11
1210.366 6
1210.921 10
1211.476 8
1212.031 7
1212.587 7
1213.142 9
1213.698 4
1214.253 6
1214.809 7
1215.364 14
1215.920 9
1216.475 8
1217.031 8
1217.587 10
1218.143 11
1218.698 9
1219.254 8
1219.810 8
1220.366 3
1220.922 9
1221.477 8
1222.033 8
1222.589 5
1223.145 5
1223.701 6
1224.257 11
1224.814 7
1225.370 9
1225.926 10
1226.482 13
1227.038 6
1227.595 10
1228.151 6
1228.707 5
1229.263 10
1229.820 7
1230.376 8
1230.933 8
1231.489 6
1232.046 4
1232.602 9
1233.159 6
1233.715 9
1234.272 4
1234.829 4
1235.386 8
1235.942 5
1236.499 13
1237.056 10
1237.613 10
1238.170 7
1238.726 5
1239.283 11
1239.840 2
1240.397 14
1240.954 5
1241.511 5
1242.069 7
1242.626 10
1243.183 7
1243.740 10
1244.297 9
1244.854 5
1245.412 12
1245.969 2
1246.526 6
1247.084 9
1247.641 8
1248.199 10
1248.756 10
1249.314 9
1249.871 7
1250.429 10
1250.986 8
1251.544 5
1252.102 7
1252.659 7
1253.217 4
1253.775 4
1254.333 7
1254.891 13
1255.448 7
1256.006 7
1256.564 3
1257.122 6
1257.680 6
1258.238 16
1258.796 15
1259.354 7
1259.913 2
1260.471 3
1261.029 10
1261.587 3
1262.145 5
1262.704 7
1263.262 6
1263.820 5
1264.379 4
1264.937 7
1265.496 8
1266.054 12
1266.613 6
1267.171 8
1267.730 12
1268.288 1
1268.847 5
1269.406 7
1269.964 5
1270.523 9
1271.082 10
1271.641 5
1272.199 12
1272.758 8
1273.317 7
1273.876 9
1274.435 8
1274.994 5
1275.553 12
1276.112 4
1276.671 3
1277.230 3
1277.790 4
1278.349 7
1278.908 4
1279.467 5
1280.026 5
1280.586 9
1281.145 4
1281.705 4
1282.264 8
1282.823 9
1283.383 4
1283.942 9
1284.502 7
1285.061 12
1285.621 11
1286.181 7
1286.740 7
1287.300 5
1287.860 3
1288.420 10
1288.979 4
1289.539 6
1290.099 7
1290.659 7
1291.219 9
1291.779 2
1292.339 12
1292.899 7
1293.459 8
1294.019 8
1294.579 5
1295.139 5
1295.699 7
1296.260 6
1296.820 9
1297.380 6
1297.941 6
1298.501 7
1299.061 6
1299.622 4
1300.182 6
1300.743 7
1301.303 3
1301.864 7
1302.424 6
1302.985 8
1303.545 6
1304.106 4
1304.667 2
1305.228 2
1305.788 4
1306.349 4
1306.910 5
1307.471 6
1308.032 6
1308.593 6
1309.154 4
1309.715 6
1310.276 5
1310.837 6
1311.398 8
1311.959 8
1312.520 8
1313.081 6
1313.642 6
1314.204 4
1314.765 4
1315.326 2
1315.888 5
1316.449 10
1317.010 2
1317.572 5
1318.133 9
1318.695 4
1319.256 3
1319.818 7
1320.379 3
1320.941 3
1321.503 1
1322.064 1
1322.626 3
1323.188 11
1323.750 8
1324.312 10
1324.873 5
1325.435 1
1325.997 5
1326.559 4
1327.121 6
1327.683 4
1328.245 3
1328.807 2
1329.369 4
1329.932 4
1330.494 5
1331.056 3
1331.618 2
1332.181 6
1332.743 2
1333.305 4
1333.868 8
1334.430 3
1334.992 4
1335.555 10
1336.117 5
1336.680 6
1337.242 4
1337.805 4
1338.368 5
1338.930 5
1339.493 2
1340.056 3
1340.619 4
1341.181 6
1341.744 6
1342.307 2
1342.870 2
1343.433 6
1343.996 4
1344.559 5
1345.122 8
1345.685 2
1346.248 4
1346.811 5
1347.374 3
1347.937 3
1348.501 1
1349.064 6
1349.627 1
1350.190 2
1350.754 4
1351.317 4
1351.881 5
1352.444 4
1353.007 3
1353.571 5
1354.134 4
1354.698 2
1355.262 3
1355.825 4
1356.389 7
1356.953 4
1357.516 5
1358.080 8
1358.644 7
1359.208 3
1359.772 4
1360.335 1
1360.899 6
1361.463 6
1362.027 3
1362.591 4
1363.155 1
1363.719 3
1364.284 5
1364.848 1
1365.412 7
1365.976 0
1366.540 6
1367.105 4
1367.669 7
1368.233 2
1368.798 4
1369.362 7
1369.926 4
1370.491 6
1371.055 7
1371.620 1
1372.185 2
1372.749 4
1373.314 4
1373.878 6
1374.443 5
1375.008 6
1375.573 3
1376.137 2
1376.702 3
1377.267 3
1377.832 8
1378.397 6
1378.962 10
1379.527 4
1380.092 6
1380.657 6
1381.222 5
1381.787 3
1382.352 3
1382.917 3
1383.483 1
1384.048 2
1384.613 3
1385.178 0
1385.744 5
1386.309 2
1386.874 1
1387.440 5
1388.005 3
1388.571 3
1389.136 4
1389.702 3
1390.268 3
1390.833 3
1391.399 5
1391.965 7
1392.530 3
1393.096 3
1393.662 7
1394.228 5
1394.793 5
1395.359 6
1395.925 4
1396.491 6
1397.057 4
1397.623 4
1398.189 7
1398.755 3
1399.321 4
1399.888 8
1400.454 4
1401.020 4
1401.586 7
1402.152 6
1402.719 2
1403.285 8
1403.851 4
1404.418 5
1404.984 5
1405.551 3
1406.117 3
1406.684 2
1407.250 8
1407.817 5
1408.384 6
1408.950 7
1409.517 5
1410.084 2
1410.650 6
1411.217 4
1411.784 9
1412.351 10
1412.918 10
1413.485 1
1414.052 5
1414.619 4
1415.186 6
1415.753 6
1416.320 7
1416.887 4
1417.454 7
1418.021 6
1418.588 6
1419.156 3
1419.723 7
1420.290 13
1420.857 7
1421.425 4
1421.992 5
1422.560 5
1423.127 6
1423.695 10
1424.262 9
1424.830 11
1425.397 6
1425.965 8
1426.533 5
1427.100 9
1427.668 9
1428.236 7
1428.803 13
1429.371 14
1429.939 7
1430.507 9
1431.075 11
1431.643 7
1432.211 11
1432.779 4
1433.347 15
1433.915 4
1434.483 9
1435.051 9
1435.619 3
1436.188 12
1436.756 8
1437.324 14
1437.892 11
1438.461 9
1439.029 5
1439.597 12
1440.166 9
1440.734 10
1441.303 10
1441.871 11
1442.440 12
1443.008 9
1443.577 15
1444.146 14
1444.714 11
1445.283 13
1445.852 15
1446.421 6
1446.989 17
1447.558 13
1448.127 10
1448.696 9
1449.265 14
1449.834 16
1450.403 13
1450.972 14
1451.541 10
1452.110 19
1452.679 17
1453.249 13
1453.818 16
1454.387 21
1454.956 15
1455.526 15
1456.095 19
1456.664 11
1457.234 15
1457.803 18
1458.373 12
1458.942 15
1459.512 17
1460.081 17
1460.651 17
1461.220 10
1461.790 19
1462.360 18
1462.929 8
1463.499 10
1464.069 13
1464.639 17
1465.209 11
1465.778 15
1466.348 17
1466.918 25
1467.488 17
1468.058 14
1468.628 17
1469.198 21
1469.768 16
1470.339 23
1470.909 12
1471.479 17
1472.049 16
1472.619 22
1473.190 17
1473.760 25
1474.330 17
1474.901 16
1475.471 13
1476.042 19
1476.612 18
1477.183 15
1477.753 21
1478.324 15
1478.894 23
1479.465 25
1480.036 13
1480.606 22
1481.177 17
1481.748 21
1482.319 19
1482.890 21
1483.460 16
1484.031 12
1484.602 22
1485.173 15
1485.744 23
1486.315 24
1486.886 20
1487.458 23
1488.029 17
1488.600 14
1489.171 17
1489.742 11
1490.313 19
1490.885 14
1491.456 21
1492.027 20
1492.599 19
1493.170 17
1493.742 6
1494.313 16
1494.885 24
1495.456 17
1496.028 11
1496.599 15
1497.171 13
1497.743 16
1498.314 13
1498.886 15
1499.458 15
1500.030 11
1500.602 9
1501.174 15
1501.745 25
1502.317 10
1502.889 12
1503.461 15
1504.033 10
1504.605 10
1505.178 10
1505.750 8
1506.322 14
1506.894 13
1507.466 11
1508.038 17
1508.611 15
1509.183 13
1509.755 11
1510.328 8
1510.900 12
1511.473 6
1512.045 9
1512.618 12
1513.190 15
1513.763 10
1514.335 12
1514.908 6
1515.481 6
1516.053 8
1516.626 7
1517.199 15
1517.772 6
1518.345 15
1518.918 9
1519.490 5
1520.063 5
1520.636 5
1521.209 9
1521.782 13
1522.355 1
1522.929 7
1523.502 9
1524.075 6
1524.648 8
1525.221 4
1525.794 6
1526.368 5
1526.941 7
1527.514 7
1528.088 7
1528.661 7
1529.235 5
1529.808 5
1530.382 8
1530.955 4
1531.529 4
1532.102 7
1532.676 4
1533.250 4
1533.823 5
1534.397 6
1534.971 3
1535.545 12
1536.119 4
1536.692 9
1537.266 7
1537.840 5
1538.414 7
1538.988 5
1539.562 4
1540.136 3
1540.710 5
1541.285 2
1541.859 3
1542.433 6
1543.007 3
1543.581 4
1544.156 3
1544.730 4
1545.304 3
1545.879 7
1546.453 5
1547.028 5
1547.602 3
1548.177 7
1548.751 4
1549.326 2
1549.900 1
1550.475 2
1551.050 1
1551.624 2
1552.199 3
1552.774 3
1553.349 3
1553.923 3
1554.498 3
1555.073 4
1555.648 2
1556.223 1
1556.798 7
1557.373 3
1557.948 5
1558.523 1
1559.098 3
1559.674 4
1560.249 4
1560.824 1
1561.399 4
1561.974 0
1562.550 5
1563.125 5
1563.701 3
1564.276 1
1564.851 3
1565.427 3
1566.002 4
1566.578 2
1567.153 1
1567.729 3
1568.305 2
1568.880 3
1569.456 3
1570.032 5
1570.608 1
1571.183 5
1571.759 5
1572.335 5
1572.911 3
1573.487 1
1574.063 5
1574.639 3
1575.215 4
1575.791 5
1576.367 1
1576.943 0
1577.519 1
1578.095 3
1578.672 4
1579.248 1
1579.824 2
1580.401 2
1580.977 2
1581.553 3
1582.130 4
1582.706 4
1583.283 8
1583.859 3
1584.436 2
1585.012 6
1585.589 3
1586.165 3
1586.742 3
1587.319 2
1587.896 5
1588.472 2
1589.049 6
1589.626 5
1590.203 2
1590.780 3
1591.357 3
1591.934 4
1592.511 1
1593.088 1
1593.665 4
1594.242 2
1594.819 2
1595.396 4
1595.973 3
1596.550 2
1597.128 2
1597.705 7
1598.282 1
1598.860 4
1599.437 3
1600.014 3
1600.592 2
1601.169 3
1601.747 2
1602.324 2
1602.902 2
1603.480 2
1604.057 1
1604.635 6
1605.213 4
1605.790 7
1606.368 3
1606.946 3
1607.524 2
1608.101 8
1608.679 2
1609.257 4
1609.835 5
1610.413 2
1610.991 4
1611.569 1
1612.147 5
1612.726 2
1613.304 2
1613.882 4
1614.460 1
1615.038 1
1615.617 6
1616.195 2
1616.773 2
1617.352 3
1617.930 3
1618.508 4
1619.087 9
1619.665 1
1620.244 3
1620.823 2
1621.401 4
1621.980 4
1622.558 2
1623.137 2
1623.716 2
1624.295 2
1624.873 2
1625.452 5
1626.031 3
1626.610 3
1627.189 3
1627.768 3
1628.347 1
1628.926 2
1629.505 2
1630.084 1
1630.663 2
1631.242 2
1631.821 1
1632.401 4
1632.980 4
1633.559 5
1634.138 4
1634.718 4
1635.297 2
1635.877 4
1636.456 5
1637.036 3
1637.615 7
1638.195 0
1638.774 7
1639.354 5
1639.933 1
1640.513 2
1641.093 1
1641.672 2
1642.252 0
1642.832 0
1643.412 3
1643.992 9
1644.572 2
1645.151 3
1645.731 3
1646.311 3
1646.891 1
1647.471 0
1648.052 2
1648.632 1
1649.212 3
1649.792 2
1650.372 2
1650.952 3
1651.533 2
1652.113 2
1652.693 0
1653.274 2
1653.854 2
1654.435 0
1655.015 2
1655.596 1
1656.176 2
1656.757 2
1657.337 1
1657.918 2
1658.499 3
1659.079 1
1659.660 1
1660.241 0
1660.821 2
1661.402 1
1661.983 1
1662.564 3
1663.145 3
1663.726 5
1664.307 0
1664.888 0
1665.469 0
1666.050 2
1666.631 2
1667.212 3
1667.793 2
1668.375 1
1668.956 4
1669.537 2
1670.118 2
1670.700 4
1671.281 4
1671.863 1
1672.444 1
1673.025 4
1673.607 1
1674.189 3
1674.770 1
1675.352 2
1675.933 2
1676.515 4
1677.097 4
1677.678 0
1678.260 0
1678.842 1
1679.424 0
1680.006 1
1680.587 2
1681.169 3
1681.751 2
1682.333 2
1682.915 1
1683.497 2
1684.079 3
1684.662 1
1685.244 0
1685.826 2
1686.408 3
1686.990 1
1687.573 2
1688.155 1
1688.737 0
1689.320 3
1689.902 0
1690.484 3
1691.067 2
1691.649 1
1692.232 1
1692.814 2
1693.397 2
1693.980 3
1694.562 2
1695.145 2
1695.728 1
1696.310 3
1696.893 1
1697.476 0
1698.059 4
1698.642 0
1699.225 3
1699.808 2
1700.391 2
1700.974 0
1701.557 1
1702.140 2
1702.723 2
1703.306 2
1703.889 0
1704.472 8
1705.056 1
1705.639 0
1706.222 3
1706.806 2
1707.389 1
1707.972 2
1708.556 3
1709.139 2
1709.723 1
1710.306 2
1710.890 0
1711.473 1
1712.057 2
1712.641 2
1713.224 1
1713.808 0
1714.392 3
1714.976 2
1715.559 1
1716.143 0
1716.727 2
1717.311 2
1717.895 0
1718.479 4
1719.063 0
1719.647 1
1720.231 1
1720.815 2
1721.399 1
1721.983 2
1722.568 5
1723.152 1
1723.736 3
1724.320 4
1724.905 0
1725.489 2
1726.074 2
1726.658 0
1727.242 2
1727.827 2
1728.411 3
1728.996 2
1729.581 4
1730.165 1
1730.750 3
1731.335 6
1731.919 1
1732.504 4
1733.089 1
1733.674 3
1734.258 2
1734.843 0
1735.428 2
1736.013 3
1736.598 4
1737.183 4
1737.768 4
1738.353 1
1738.938 1
1739.524 2
1740.109 0
1740.694 2
1741.279 2
1741.864 0
1742.450 0
1743.035 1
1743.620 1
1744.206 0
1744.791 1
1745.377 1
1745.962 3
1746.548 3
1747.133 2
1747.719 2
1748.304 0
1748.890 2
1749.476 1
1750.061 0
1750.647 1
1751.233 3
1751.819 2
1752.405 0
1752.991 5
1753.576 5
1754.162 2
1754.748 4
1755.334 1
1755.920 1
1756.506 0
1757.093 3
1757.679 2
1758.265 1
1758.851 2
1759.437 2
1760.024 2
1760.610 2
1761.196 0
1761.783 1
1762.369 2
1762.955 1
1763.542 3
1764.128 1
1764.715 2
1765.301 1
1765.888 3
1766.475 2
1767.061 3
1767.648 2
1768.235 1
1768.821 2
1769.408 3
1769.995 3
1770.582 1
1771.169 3
1771.756 3
1772.342 0
1772.929 2
1773.516 4
1774.104 4
1774.691 4
1775.278 2
1775.865 2
1776.452 1
1777.039 4
1777.626 1
1778.214 6
1778.801 2
1779.388 3
1779.976 5
1780.563 3
1781.150 2
1781.738 5
1782.325 2
1782.913 3
1783.500 3
1784.088 1
1784.676 2
1785.263 2
1785.851 4
1786.439 2
1787.026 3
1787.614 3
1788.202 1
1788.790 4
1789.378 5
1789.966 3
1790.554 4
1791.142 1
1791.730 3
1792.318 2
1792.906 1
1793.494 1
1794.082 3
1794.670 3
1795.258 5
1795.846 1
1796.435 3
1797.023 2
1797.611 2
1798.200 2
1798.788 2
1799.376 0
1799.965 6
1800.553 2
1801.142 1
1801.730 0
1802.319 0
1802.908 0
1803.496 4
1804.085 1
1804.674 1
1805.262 2
1805.851 1
1806.440 1
1807.029 3
1807.618 2
1808.207 1
1808.796 2
1809.385 1
1809.974 2
1810.563 1
1811.152 2
1811.741 3
1812.330 4
1812.919 2
1813.508 0
1814.097 3
1814.687 2
1815.276 0
1815.865 1
1816.455 1
1817.044 2
1817.633 1
1818.223 3
1818.812 3
1819.402 3
1819.991 1
1820.581 2
1821.171 2
1821.760 1
1822.350 4
1822.940 1
1823.529 2
1824.119 4
1824.709 4
1825.299 1
1825.889 1
1826.479 1
1827.068 1
1827.658 0
1828.248 1
1828.838 0
1829.429 2
1830.019 1
1830.609 6
1831.199 1
1831.789 5
1832.379 0
1832.970 1
1833.560 2
1834.150 1
1834.741 3
1835.331 3
1835.921 1
1836.512 2
1837.102 2
1837.693 2
1838.283 1
1838.874 1
1839.464 3
1840.055 1
1840.646 3
1841.236 1
1841.827 0
1842.418 3
1843.009 0
1843.600 2
1844.191 3
1844.781 2
1845.372 1
1845.963 4
1846.554 1
1847.145 3
1847.736 1
1848.327 1
1848.919 0
1849.510 0
1850.101 2
1850.692 2
1851.283 0
1851.875 2
1852.466 3
1853.057 2
1853.649 1
1854.240 0
1854.832 4
1855.423 4
1856.015 2
1856.606 1
1857.198 0
1857.789 0
1858.381 1
1858.973 0
1859.564 1
1860.156 3
1860.748 1
1861.340 0
1861.931 3
1862.523 2
1863.115 1
1863.707 3
1864.299 1
1864.891 1
1865.483 1
1866.075 0
1866.667 1
1867.259 3
1867.852 1
1868.444 0
1869.036 2
1869.628 1
1870.220 3
1870.813 1
1871.405 0
1871.998 0
1872.590 0
1873.182 1
1873.775 2
1874.367 1
1874.960 0
1875.552 0
1876.145 0
1876.738 1
1877.330 1
1877.923 0
1878.516 2
1879.109 1
1879.701 2
1880.294 2
1880.887 1
1881.480 2
1882.073 1
1882.666 0
1883.259 1
1883.852 2
1884.445 0
1885.038 1
1885.631 1
1886.224 0
1886.817 2
1887.411 0
1888.004 2
1888.597 1
1889.191 1
1889.784 1
1890.377 3
1890.971 2
1891.564 0
1892.158 1
1892.751 0
1893.345 1
1893.938 1
1894.532 3
1895.125 1
1895.719 1
1896.313 0
1896.907 2
1897.500 1
1898.094 0
1898.688 1
1899.282 0
1899.876 0
1900.470 0
1901.064 1
1901.658 3
1902.252 1
1902.846 1
1903.440 1
1904.034 2
1904.628 0
1905.222 3
1905.816 2
1906.411 1
1907.005 1
1907.599 0
1908.194 0
1908.788 2
1909.382 1
1909.977 2
1910.571 2
1911.166 1
1911.760 1
1912.355 1
1912.949 2
1913.544 2
1914.139 1
1914.733 5
1915.328 1
1915.923 1
1916.518 2
1917.113 1
1917.707 2
1918.302 1
1918.897 2
1919.492 0
1920.087 1
1920.682 0
1921.277 0
1921.872 0
1922.467 3
1923.063 1
1923.658 1
1924.253 1
1924.848 1
1925.443 2
1926.039 0
1926.634 0
1927.229 2
1927.825 1
1928.420 1
1929.016 0
1929.611 1
1930.207 3
1930.802 0
1931.398 1
1931.994 2
1932.589 3
1933.185 2
1933.781 0
1934.376 2
1934.972 1
1935.568 0
1936.164 1
1936.760 1
1937.356 3
1937.952 1
1938.548 1
1939.144 0
1939.740 0
1940.336 0
1940.932 1
1941.528 0
1942.124 2
1942.720 2
1943.317 3
1943.913 3
1944.509 0
1945.106 2
1945.702 0
1946.298 1
1946.895 2
1947.491 0
1948.088 1
1948.684 3
1949.281 1
1949.878 1
1950.474 1
1951.071 2
1951.667 0
1952.264 4
1952.861 2
1953.458 0
1954.055 2
1954.651 0
1955.248 5
1955.845 2
1956.442 1
1957.039 2
1957.636 1
1958.233 1
1958.830 5
1959.427 0
1960.025 2
1960.622 2
1961.219 1
1961.816 1
1962.413 1
1963.011 1
1963.608 0
1964.205 1
1964.803 2
1965.400 2
1965.998 0
1966.595 0
1967.193 0
1967.790 0
1968.388 1
1968.986 3
1969.583 1
1970.181 0
1970.779 1
1971.376 2
1971.974 2
1972.572 0
1973.170 1
1973.768 1
1974.366 0
1974.964 2
1975.562 3
1976.160 0
1976.758 1
1977.356 0
1977.954 2
1978.552 1
1979.150 1
1979.748 0
1980.347 0
1980.945 1
1981.543 0
1982.142 0
1982.740 0
1983.338 1
1983.937 0
1984.535 1
1985.134 0
1985.732 1
1986.331 0
1986.929 1
1987.528 1
1988.127 0
1988.725 2
1989.324 1
1989.923 0
1990.522 0
1991.120 0
1991.719 1
1992.318 1
1992.917 2
1993.516 0
1994.115 2
1994.714 0
1995.313 1
1995.912 3
1996.511 2
1997.110 0
1997.710 1
1998.309 1
1998.908 0
1999.507 0
2000.107 0
2000.706 0
2001.305 0
2001.905 2
2002.504 1
2003.104 2
2003.703 2
2004.303 1
2004.902 1
2005.502 0
2006.101 0
2006.701 2
2007.301 1
2007.900 1
2008.500 2
2009.100 0
2009.700 0
2010.300 0
2010.899 0
2011.499 2
2012.099 0
2012.699 2
2013.299 2
2013.899 0
2014.499 0
2015.100 0
2015.700 0
2016.300 0
2016.900 2
2017.500 1
2018.101 4
2018.701 0
2019.301 0
2019.902 2
2020.502 0
2021.102 1
2021.703 4
2022.303 0
2022.904 0
2023.504 2
2024.105 3
2024.706 0
2025.306 3
2025.907 1
2026.508 1
2027.108 2
2027.709 0
2028.310 1
2028.911 1
2029.512 0
2030.113 0
2030.714 0
2031.315 0
2031.916 0
2032.517 0
2033.118 0
2033.719 1
2034.320 0
2034.921 0
2035.522 0
2036.123 2
2036.725 1
2037.326 0
2037.927 1
2038.529 1
2039.130 1
2039.732 1
2040.333 1
2040.935 2
2041.536 1
2042.138 0
2042.739 0
2043.341 2
2043.942 0
2044.544 0
2045.146 0
2045.748 1
2046.349 2
2046.951 0
2047.553 1
2048.155 0
2048.757 0
2049.359 1
2049.961 3
2050.563 2
2051.165 0
2051.767 0
2052.369 2
2052.971 0
2053.573 2
2054.175 0
2054.778 1
2055.380 0
2055.982 2
2056.585 1
2057.187 0
2057.789 3
2058.392 0
2058.994 2
2059.597 1
2060.199 1
2060.802 2
2061.404 0
2062.007 4
2062.610 2
2063.212 1
2063.815 1
2064.418 3
2065.020 3
2065.623 1
2066.226 0
2066.829 3
2067.432 1
2068.035 1
2068.638 2
2069.241 2
2069.844 1
2070.447 0
2071.050 1
2071.653 1
2072.256 0
2072.860 0
2073.463 0
2074.066 0
2074.669 0
2075.273 2
2075.876 1
2076.479 1
2077.083 1
2077.686 0
2078.290 1
2078.893 2
2079.497 1
2080.100 0
2080.704 2
2081.308 3
2081.911 2
2082.515 0
2083.119 3
2083.723 1
2084.326 1
2084.930 1
2085.534 1
2086.138 1
2086.742 0
2087.346 1
2087.950 0
2088.554 2
2089.158 0
2089.762 3
2090.366 2
2090.970 2
2091.575 0
2092.179 0
2092.783 1
2093.387 1
2093.992 0
2094.596 2
2095.200 1
2095.805 1
2096.409 3
2097.014 0
2097.618 1
2098.223 0
2098.827 0
2099.432 0
2100.037 3
2100.641 0
2101.246 0
2101.851 0
2102.456 4
2103.060 2
2103.665 2
2104.270 1
2104.875 3
2105.480 1
2106.085 1
2106.690 1
2107.295 3
2107.900 0
2108.505 2
2109.110 2
2109.715 1
2110.321 2
2110.926 1
2111.531 0
2112.136 0
2112.742 2
2113.347 4
2113.952 1
2114.558 1
2115.163 5
2115.769 1
2116.374 2
2116.980 1
2117.585 1
2118.191 4
2118.797 0
2119.402 2
2120.008 1
2120.614 3
2121.220 3
2121.825 1
2122.431 1
2123.037 2
2123.643 1
2124.249 1
2124.855 3
2125.461 2
2126.067 0
2126.673 3
2127.279 2
2127.885 2
2128.491 1
2129.097 1
2129.704 0
2130.310 1
2130.916 0
2131.523 3
2132.129 1
2132.735 1
2133.342 1
2133.948 1
2134.555 3
2135.161 2
2135.768 3
2136.374 2
2136.981 2
2137.588 2
2138.194 1
2138.801 3
2139.408 4
2140.014 0
2140.621 2
2141.228 1
2141.835 2
2142.442 0
2143.049 0
2143.656 1
2144.263 1
2144.870 1
2145.477 3
2146.084 1
2146.691 1
2147.298 3
2147.905 6
2148.513 0
2149.120 1
2149.727 2
2150.334 1
2150.942 0
2151.549 0
2152.157 0
2152.764 1
2153.372 1
2153.979 1
2154.587 4
2155.194 1
2155.802 3
2156.409 0
2157.017 2
2157.625 0
2158.232 2
2158.840 2
2159.448 1
2160.056 1
2160.664 3
2161.272 2
2161.880 1
2162.488 4
2163.096 2
2163.704 3
2164.312 3
2164.920 0
2165.528 2
2166.136 2
2166.744 0
2167.352 1
2167.961 3
2168.569 2
2169.177 1
2169.786 2
2170.394 1
2171.002 1
2171.611 1
2172.219 2
2172.828 1
2173.436 2
2174.045 3
2174.654 1
2175.262 0
2175.871 0
2176.480 2
2177.088 0
2177.697 1
2178.306 1
2178.915 3
2179.524 1
2180.132 2
2180.741 0
2181.350 2
2181.959 1
2182.568 3
2183.177 1
2183.786 1
2184.396 0
2185.005 3
2185.614 2
2186.223 0
2186.832 1
2187.442 0
2188.051 1
2188.660 3
2189.270 1
2189.879 2
2190.489 2
2191.098 1
2191.708 1
2192.317 2
2192.927 4
2193.536 0
2194.146 0
2194.756 2
2195.365 2
2195.975 1
2196.585 1
2197.195 0
2197.804 0
2198.414 0
2199.024 0
2199.634 0
2200.244 1
2200.854 3
2201.464 1
2202.074 1
2202.684 2
2203.294 1
2203.904 0
2204.515 1
2205.125 5
2205.735 0
2206.345 1
2206.956 4
2207.566 2
2208.176 0
2208.787 2
2209.397 3
2210.008 1
2210.618 1
2211.229 1
2211.839 1
2212.450 1
2213.061 2
2213.671 0
2214.282 2
2214.893 2
2215.503 1
2216.114 2
2216.725 2
2217.336 2
2217.947 1
2218.558 0
2219.169 0
2219.780 2
2220.391 0
2221.002 0
2221.613 0
2222.224 1
2222.835 1
2223.446 2
2224.057 0
2224.669 1
2225.280 1
2225.891 1
2226.503 1
2227.114 1
2227.725 1
2228.337 1
2228.948 1
2229.560 0
2230.171 3
2230.783 1
2231.394 1
2232.006 1
2232.618 1
2233.229 2
2233.841 0
2234.453 1
2235.065 2
2235.677 0
2236.288 2
2236.900 1
2237.512 2
2238.124 2
2238.736 4
2239.348 0
2239.960 0
2240.572 1
2241.184 1
2241.797 2
2242.409 1
2243.021 1
2243.633 1
2244.245 1
2244.858 0
2245.470 1
2246.082 0
2246.695 0
2247.307 0
2247.920 0
2248.532 0
2249.145 0
2249.757 0
2250.370 2
2250.983 0
2251.595 2
2252.208 1
2252.821 2
2253.433 1
2254.046 2
2254.659 0
2255.272 2382
