2019_09_27_10_01_33_893 /home/raspion_user/data/Beacon_137Cs_2m__Lab.sp 505930 3600.001 3570.591 15.498519 0.481036  0.000016097
  15.499 1
  15.980 0
  16.461 0
  16.942 1
  17.423 0
  17.904 0
  18.385 0
  18.867 0
  19.348 0
  19.829 1
  20.310 0
  20.792 1
  21.273 0
  21.755 0
  22.236 1
  22.718 0
  23.199 2
  23.681 0
  24.162 0
  24.644 3
  25.126 7
  25.607 68
  26.089 246
  26.571 405
  27.053 463
  27.534 510
  28.016 500
  28.498 507
  28.980 494
  29.462 478
  29.944 506
  30.426 510
  30.908 563
  31.390 590
  31.872 628
  32.354 719
  32.837 818
  33.319 1041
  33.801 1074
  34.283 1095
  34.766 1030
  35.248 910
  35.730 774
  36.213 635
  36.695 571
  37.178 516
  37.660 451
  38.143 443
  38.625 393
  39.108 430
  39.591 413
  40.073 396
  40.556 400
  41.039 404
  41.521 416
  42.004 436
  42.487 388
  42.970 446
  43.453 484
  43.936 445
  44.419 463
  44.902 445
  45.385 490
  45.868 534
  46.351 489
  46.834 514
  47.317 506
  47.800 521
  48.283 478
  48.767 446
  49.250 460
  49.733 525
  50.217 497
  50.700 495
  51.183 604
  51.667 594
  52.150 578
  52.634 574
  53.117 563
  53.601 653
  54.084 691
  54.568 698
  55.052 750
  55.535 710
  56.019 729
  56.503 693
  56.987 682
  57.470 640
  57.954 602
  58.438 562
  58.922 581
  59.406 522
  59.890 553
  60.374 551
  60.858 494
  61.342 515
  61.826 446
  62.310 470
  62.795 517
  63.279 477
  63.763 451
  64.247 464
  64.732 452
  65.216 476
  65.700 427
  66.185 423
  66.669 390
  67.154 460
  67.638 410
  68.123 426
  68.607 449
  69.092 420
  69.576 428
  70.061 438
  70.546 422
  71.031 469
  71.515 470
  72.000 475
  72.485 454
  72.970 434
  73.455 475
  73.940 505
  74.424 489
  74.909 485
  75.394 482
  75.880 524
  76.365 516
  76.850 534
  77.335 530
  77.820 554
  78.305 575
  78.790 619
  79.276 606
  79.761 595
  80.246 611
  80.732 676
  81.217 626
  81.703 657
  82.188 637
  82.674 682
  83.159 677
  83.645 747
  84.130 695
  84.616 745
  85.101 687
  85.587 765
  86.073 762
  86.559 826
  87.044 718
  87.530 752
  88.016 793
  88.502 768
  88.988 772
  89.474 762
  89.960 800
  90.446 849
  90.932 846
  91.418 878
  91.904 856
  92.390 925
  92.876 863
  93.363 972
  93.849 921
  94.335 905
  94.821 872
  95.308 915
  95.794 973
  96.280 935
  96.767 905
  97.253 924
  97.740 967
  98.226 977
  98.713 995
  99.200 1023
  99.686 982
 100.173 1052
 100.659 980
 101.146 993
 101.633 1013
 102.120 1077
 102.607 1038
 103.093 1085
 103.580 1037
 104.067 1056
 104.554 1023
 105.041 1056
 105.528 1074
 106.015 1049
 106.502 975
 106.989 1075
 107.476 1089
 107.964 1045
 108.451 1063
 108.938 1055
 109.425 1072
 109.913 1126
 110.400 1081
 110.887 1092
 111.375 1101
 111.862 1041
 112.350 1054
 112.837 1057
 113.325 1014
 113.812 1114
 114.300 1099
 114.787 1010
 115.275 1055
 115.763 1135
 116.250 1101
 116.738 1077
 117.226 1128
 117.714 1119
 118.202 1114
 118.689 982
 119.177 1037
 119.665 1097
 120.153 1050
 120.641 1075
 121.129 1060
 121.617 1107
 122.106 1054
 122.594 1074
 123.082 998
 123.570 1084
 124.058 1026
 124.547 1074
 125.035 1090
 125.523 1040
 126.012 1079
 126.500 1070
 126.988 1077
 127.477 1055
 127.965 1007
 128.454 1050
 128.942 1012
 129.431 1025
 129.920 1025
 130.408 1107
 130.897 1036
 131.386 1035
 131.874 1057
 132.363 1066
 132.852 1012
 133.341 997
 133.830 1010
 134.319 1083
 134.808 980
 135.296 1011
 135.785 975
 136.275 1054
 136.764 1038
 137.253 1023
 137.742 1050
 138.231 1009
 138.720 1007
 139.209 1048
 139.699 1051
 140.188 950
 140.677 1001
 141.167 1021
 141.656 979
 142.145 1009
 142.635 955
 143.124 1019
 143.614 984
 144.103 1020
 144.593 970
 145.083 973
 145.572 922
 146.062 947
 146.552 926
 147.041 965
 147.531 852
 148.021 948
 148.511 974
 149.001 968
 149.491 882
 149.981 953
 150.471 908
 150.961 973
 151.451 891
 151.941 927
 152.431 930
 152.921 929
 153.411 944
 153.901 937
 154.391 961
 154.882 915
 155.372 925
 155.862 834
 156.353 904
 156.843 894
 157.334 827
 157.824 870
 158.314 923
 158.805 877
 159.296 862
 159.786 833
 160.277 874
 160.767 861
 161.258 821
 161.749 893
 162.240 829
 162.730 854
 163.221 824
 163.712 838
 164.203 844
 164.694 849
 165.185 838
 165.676 840
 166.167 838
 166.658 825
 167.149 859
 167.640 832
 168.131 839
 168.622 823
 169.113 826
 169.605 817
 170.096 794
 170.587 767
 171.078 791
 171.570 818
 172.061 796
 172.553 839
 173.044 757
 173.535 816
 174.027 794
 174.519 798
 175.010 804
 175.502 749
 175.993 757
 176.485 757
 176.977 746
 177.468 725
 177.960 765
 178.452 794
 178.944 750
 179.436 755
 179.928 722
 180.420 761
 180.912 757
 181.404 792
 181.896 741
 182.388 759
 182.880 733
 183.372 709
 183.864 728
 184.356 756
 184.848 741
 185.341 765
 185.833 700
 186.325 740
 186.818 755
 187.310 658
 187.802 712
 188.295 658
 188.787 703
 189.280 697
 189.772 762
 190.265 716
 190.758 713
 191.250 684
 191.743 698
 192.236 698
 192.728 656
 193.221 695
 193.714 697
 194.207 709
 194.700 667
 195.193 690
 195.686 668
 196.178 694
 196.671 718
 197.165 635
 197.658 692
 198.151 680
 198.644 651
 199.137 645
 199.630 636
 200.123 681
 200.617 643
 201.110 680
 201.603 659
 202.097 645
 202.590 688
 203.083 655
 203.577 692
 204.070 721
 204.564 671
 205.057 697
 205.551 659
 206.045 698
 206.538 629
 207.032 665
 207.526 667
 208.019 684
 208.513 637
 209.007 677
 209.501 658
 209.995 631
 210.488 609
 210.982 634
 211.476 659
 211.970 737
 212.464 656
 212.958 673
 213.453 654
 213.947 633
 214.441 654
 214.935 688
 215.429 691
 215.923 725
 216.418 636
 216.912 641
 217.406 628
 217.901 687
 218.395 707
 218.890 687
 219.384 654
 219.879 696
 220.373 712
 220.868 610
 221.362 655
 221.857 668
 222.352 646
 222.846 638
 223.341 658
 223.836 642
 224.331 660
 224.825 650
 225.320 635
 225.815 676
 226.310 633
 226.805 660
 227.300 638
 227.795 592
 228.290 590
 228.785 581
 229.280 604
 229.776 604
 230.271 582
 230.766 576
 231.261 550
 231.756 645
 232.252 539
 232.747 558
 233.243 575
 233.738 593
 234.233 611
 234.729 567
 235.224 577
 235.720 517
 236.215 538
 236.711 560
 237.207 575
 237.702 517
 238.198 529
 238.694 488
 239.190 508
 239.685 529
 240.181 497
 240.677 520
 241.173 544
 241.669 507
 242.165 473
 242.661 514
 243.157 472
 243.653 486
 244.149 464
 244.645 489
 245.141 471
 245.637 471
 246.134 465
 246.630 492
 247.126 506
 247.623 446
 248.119 468
 248.615 460
 249.112 446
 249.608 463
 250.105 451
 250.601 472
 251.098 438
 251.594 431
 252.091 448
 252.587 463
 253.084 428
 253.581 464
 254.077 410
 254.574 437
 255.071 471
 255.568 494
 256.065 444
 256.562 446
 257.059 430
 257.556 463
 258.052 394
 258.550 416
 259.047 399
 259.544 453
 260.041 426
 260.538 430
 261.035 405
 261.532 415
 262.030 387
 262.527 428
 263.024 409
 263.521 415
 264.019 387
 264.516 418
 265.014 380
 265.511 378
 266.009 402
 266.506 396
 267.004 406
 267.501 379
 267.999 382
 268.497 410
 268.994 375
 269.492 403
 269.990 332
 270.488 364
 270.985 371
 271.483 345
 271.981 371
 272.479 365
 272.977 363
 273.475 348
 273.973 324
 274.471 319
 274.969 349
 275.467 332
 275.966 321
 276.464 354
 276.962 323
 277.460 320
 277.958 307
 278.457 311
 278.955 346
 279.453 324
 279.952 314
 280.450 311
 280.949 297
 281.447 359
 281.946 285
 282.444 318
 282.943 324
 283.442 286
 283.940 313
 284.439 282
 284.938 306
 285.436 309
 285.935 287
 286.434 314
 286.933 272
 287.432 284
 287.931 304
 288.430 296
 288.929 307
 289.428 283
 289.927 293
 290.426 303
 290.925 286
 291.424 297
 291.923 270
 292.422 298
 292.922 293
 293.421 309
 293.920 288
 294.420 270
 294.919 268
 295.418 278
 295.918 265
 296.417 274
 296.917 318
 297.416 259
 297.916 273
 298.415 268
 298.915 245
 299.415 267
 299.914 270
 300.414 261
 300.914 249
 301.414 258
 301.914 278
 302.413 253
 302.913 259
 303.413 265
 303.913 271
 304.413 234
 304.913 257
 305.413 271
 305.913 244
 306.413 268
 306.914 251
 307.414 253
 307.914 287
 308.414 267
 308.914 241
 309.415 280
 309.915 288
 310.415 242
 310.916 248
 311.416 227
 311.917 257
 312.417 256
 312.918 253
 313.418 249
 313.919 245
 314.420 234
 314.920 232
 315.421 222
 315.922 257
 316.422 250
 316.923 240
 317.424 244
 317.925 210
 318.426 223
 318.927 211
 319.428 236
 319.929 234
 320.430 231
 320.931 201
 321.432 252
 321.933 239
 322.434 260
 322.935 224
 323.436 222
 323.938 211
 324.439 247
 324.940 246
 325.441 218
 325.943 201
 326.444 234
 326.946 210
 327.447 210
 327.949 232
 328.450 216
 328.952 213
 329.453 247
 329.955 210
 330.457 212
 330.958 218
 331.460 194
 331.962 211
 332.463 202
 332.965 228
 333.467 213
 333.969 187
 334.471 239
 334.973 202
 335.475 200
 335.977 201
 336.479 193
 336.981 224
 337.483 214
 337.985 200
 338.487 211
 338.990 201
 339.492 209
 339.994 190
 340.496 214
 340.999 209
 341.501 178
 342.004 182
 342.506 199
 343.008 204
 343.511 193
 344.013 188
 344.516 203
 345.019 208
 345.521 201
 346.024 193
 346.527 194
 347.029 177
 347.532 186
 348.035 203
 348.538 185
 349.040 216
 349.543 201
 350.046 201
 350.549 198
 351.052 207
 351.555 193
 352.058 191
 352.561 174
 353.064 200
 353.568 168
 354.071 210
 354.574 184
 355.077 185
 355.580 200
 356.084 193
 356.587 180
 357.090 201
 357.594 199
 358.097 169
 358.601 152
 359.104 192
 359.608 195
 360.111 203
 360.615 187
 361.118 175
 361.622 188
 362.126 199
 362.630 179
 363.133 191
 363.637 202
 364.141 188
 364.645 200
 365.149 179
 365.652 190
 366.156 182
 366.660 188
 367.164 201
 367.668 204
 368.173 170
 368.677 174
 369.181 183
 369.685 174
 370.189 190
 370.693 159
 371.198 171
 371.702 182
 372.206 180
 372.711 175
 373.215 163
 373.719 196
 374.224 162
 374.728 168
 375.233 165
 375.737 197
 376.242 167
 376.747 192
 377.251 185
 377.756 155
 378.261 183
 378.765 174
 379.270 180
 379.775 172
 380.280 166
 380.785 164
 381.290 171
 381.795 170
 382.300 145
 382.805 160
 383.310 172
 383.815 170
 384.320 176
 384.825 169
 385.330 199
 385.835 177
 386.341 159
 386.846 152
 387.351 167
 387.856 149
 388.362 162
 388.867 161
 389.373 150
 389.878 167
 390.384 146
 390.889 179
 391.395 153
 391.900 147
 392.406 149
 392.911 142
 393.417 156
 393.923 151
 394.429 126
 394.934 133
 395.440 131
 395.946 133
 396.452 130
 396.958 150
 397.464 141
 397.970 136
 398.476 129
 398.982 148
 399.488 134
 399.994 143
 400.500 119
 401.006 145
 401.512 133
 402.019 138
 402.525 131
 403.031 150
 403.537 172
 404.044 147
 404.550 127
 405.057 120
 405.563 139
 406.070 126
 406.576 131
 407.083 126
 407.589 163
 408.096 127
 408.602 124
 409.109 132
 409.616 124
 410.123 133
 410.629 117
 411.136 131
 411.643 126
 412.150 113
 412.657 126
 413.164 114
 413.671 118
 414.178 130
 414.685 123
 415.192 114
 415.699 132
 416.206 107
 416.713 120
 417.220 136
 417.728 126
 418.235 138
 418.742 122
 419.250 119
 419.757 147
 420.264 120
 420.772 156
 421.279 125
 421.787 121
 422.294 125
 422.802 128
 423.309 116
 423.817 119
 424.324 125
 424.832 129
 425.340 115
 425.848 117
 426.355 133
 426.863 108
 427.371 125
 427.879 123
 428.387 125
 428.895 124
 429.403 121
 429.911 126
 430.419 125
 430.927 111
 431.435 114
 431.943 136
 432.451 101
 432.959 134
 433.468 134
 433.976 120
 434.484 108
 434.992 132
 435.501 104
 436.009 122
 436.518 108
 437.026 117
 437.535 106
 438.043 115
 438.552 109
 439.060 121
 439.569 113
 440.077 117
 440.586 119
 441.095 145
 441.604 121
 442.112 137
 442.621 100
 443.130 127
 443.639 108
 444.148 103
 444.657 124
 445.166 125
 445.675 108
 446.184 124
 446.693 102
 447.202 84
 447.711 118
 448.220 123
 448.729 124
 449.239 99
 449.748 112
 450.257 90
 450.766 109
 451.276 113
 451.785 92
 452.295 110
 452.804 107
 453.313 103
 453.823 110
 454.332 108
 454.842 102
 455.352 97
 455.861 85
 456.371 96
 456.881 111
 457.390 103
 457.900 103
 458.410 105
 458.920 111
 459.430 89
 459.940 109
 460.450 112
 460.959 111
 461.469 97
 461.980 136
 462.490 102
 463.000 111
 463.510 110
 464.020 102
 464.530 110
 465.040 136
 465.551 86
 466.061 94
 466.571 89
 467.082 119
 467.592 108
 468.102 83
 468.613 83
 469.123 111
 469.634 96
 470.144 108
 470.655 86
 471.166 98
 471.676 105
 472.187 93
 472.698 107
 473.208 92
 473.719 99
 474.230 90
 474.741 95
 475.252 91
 475.762 88
 476.273 91
 476.784 85
 477.295 92
 477.806 109
 478.317 80
 478.828 97
 479.340 108
 479.851 78
 480.362 81
 480.873 91
 481.384 98
 481.896 67
 482.407 87
 482.918 78
 483.430 77
 483.941 86
 484.453 71
 484.964 77
 485.476 82
 485.987 92
 486.499 73
 487.010 90
 487.522 79
 488.034 80
 488.545 81
 489.057 97
 489.569 83
 490.081 70
 490.592 89
 491.104 75
 491.616 77
 492.128 87
 492.640 65
 493.152 65
 493.664 76
 494.176 75
 494.688 79
 495.200 81
 495.712 80
 496.225 67
 496.737 86
 497.249 64
 497.761 66
 498.274 63
 498.786 70
 499.298 84
 499.811 63
 500.323 65
 500.836 75
 501.348 61
 501.861 67
 502.373 76
 502.886 69
 503.399 77
 503.911 81
 504.424 59
 504.937 62
 505.449 63
 505.962 65
 506.475 65
 506.988 61
 507.501 62
 508.014 66
 508.527 69
 509.040 63
 509.553 68
 510.066 64
 510.579 67
 511.092 66
 511.605 71
 512.118 59
 512.632 59
 513.145 66
 513.658 57
 514.171 55
 514.685 69
 515.198 60
 515.711 64
 516.225 54
 516.738 69
 517.252 63
 517.765 71
 518.279 71
 518.793 59
 519.306 65
 519.820 89
 520.334 86
 520.847 68
 521.361 65
 521.875 56
 522.389 62
 522.903 75
 523.416 59
 523.930 60
 524.444 68
 524.958 65
 525.472 74
 525.986 57
 526.500 60
 527.015 62
 527.529 69
 528.043 61
 528.557 64
 529.071 79
 529.586 66
 530.100 62
 530.614 62
 531.129 69
 531.643 61
 532.158 64
 532.672 54
 533.186 54
 533.701 74
 534.216 61
 534.730 70
 535.245 47
 535.759 68
 536.274 52
 536.789 56
 537.304 57
 537.818 52
 538.333 57
 538.848 35
 539.363 54
 539.878 65
 540.393 51
 540.908 64
 541.423 70
 541.938 50
 542.453 52
 542.968 58
 543.483 69
 543.998 73
 544.514 62
 545.029 48
 545.544 53
 546.059 59
 546.575 58
 547.090 59
 547.606 66
 548.121 48
 548.636 57
 549.152 64
 549.668 54
 550.183 70
 550.699 47
 551.214 55
 551.730 55
 552.246 53
 552.761 44
 553.277 48
 553.793 44
 554.309 53
 554.825 57
 555.341 52
 555.856 44
 556.372 51
 556.888 40
 557.404 38
 557.920 37
 558.436 47
 558.953 51
 559.469 63
 559.985 53
 560.501 48
 561.017 41
 561.534 42
 562.050 42
 562.566 39
 563.083 32
 563.599 39
 564.115 50
 564.632 51
 565.148 41
 565.665 55
 566.182 41
 566.698 45
 567.215 46
 567.731 40
 568.248 49
 568.765 41
 569.282 34
 569.798 49
 570.315 39
 570.832 47
 571.349 39
 571.866 44
 572.383 52
 572.900 41
 573.417 47
 573.934 40
 574.451 38
 574.968 62
 575.485 31
 576.002 60
 576.520 34
 577.037 41
 577.554 55
 578.071 54
 578.589 43
 579.106 42
 579.623 38
 580.141 35
 580.658 50
 581.176 56
 581.693 40
 582.211 45
 582.729 34
 583.246 45
 583.764 56
 584.281 43
 584.799 39
 585.317 44
 585.835 45
 586.353 40
 586.870 46
 587.388 46
 587.906 40
 588.424 42
 588.942 40
 589.460 45
 589.978 43
 590.496 54
 591.014 37
 591.533 47
 592.051 44
 592.569 50
 593.087 51
 593.605 53
 594.124 45
 594.642 55
 595.160 37
 595.679 50
 596.197 39
 596.716 53
 597.234 51
 597.753 59
 598.271 53
 598.790 40
 599.308 48
 599.827 39
 600.346 47
 600.865 47
 601.383 44
 601.902 37
 602.421 42
 602.940 56
 603.459 53
 603.978 49
 604.496 65
 605.015 55
 605.534 54
 606.054 54
 606.573 51
 607.092 43
 607.611 50
 608.130 47
 608.649 52
 609.168 51
 609.688 54
 610.207 48
 610.726 44
 611.246 56
 611.765 46
 612.285 46
 612.804 48
 613.323 60
 613.843 50
 614.363 53
 614.882 56
 615.402 48
 615.921 46
 616.441 57
 616.961 63
 617.481 47
 618.000 38
 618.520 58
 619.040 54
 619.560 48
 620.080 56
 620.600 57
 621.120 38
 621.640 55
 622.160 47
 622.680 40
 623.200 54
 623.720 57
 624.240 63
 624.760 54
 625.281 54
 625.801 57
 626.321 56
 626.842 67
 627.362 57
 627.882 51
 628.403 49
 628.923 57
 629.444 51
 629.964 72
 630.485 69
 631.005 55
 631.526 44
 632.047 68
 632.567 54
 633.088 61
 633.609 72
 634.130 69
 634.650 69
 635.171 54
 635.692 58
 636.213 79
 636.734 71
 637.255 56
 637.776 75
 638.297 72
 638.818 82
 639.339 73
 639.860 94
 640.381 82
 640.903 79
 641.424 74
 641.945 90
 642.466 85
 642.988 92
 643.509 92
 644.030 88
 644.552 106
 645.073 102
 645.595 107
 646.116 114
 646.638 102
 647.159 105
 647.681 108
 648.203 118
 648.724 140
 649.246 126
 649.768 139
 650.290 152
 650.811 160
 651.333 139
 651.855 158
 652.377 150
 652.899 142
 653.421 153
 653.943 154
 654.465 143
 654.987 174
 655.509 167
 656.031 193
 656.553 174
 657.076 194
 657.598 170
 658.120 207
 658.642 211
 659.165 231
 659.687 227
 660.210 233
 660.732 209
 661.254 226
 661.777 211
 662.299 231
 662.822 252
 663.345 235
 663.867 252
 664.390 228
 664.912 247
 665.435 275
 665.958 255
 666.481 272
 667.004 263
 667.526 280
 668.049 306
 668.572 264
 669.095 288
 669.618 321
 670.141 281
 670.664 319
 671.187 341
 671.710 333
 672.233 321
 672.757 331
 673.280 290
 673.803 314
 674.326 316
 674.850 326
 675.373 314
 675.896 341
 676.420 350
 676.943 320
 677.466 329
 677.990 321
 678.513 286
 679.037 383
 679.561 321
 680.084 328
 680.608 325
 681.132 330
 681.655 322
 682.179 333
 682.703 308
 683.227 314
 683.750 306
 684.274 334
 684.798 295
 685.322 330
 685.846 342
 686.370 283
 686.894 304
 687.418 335
 687.942 300
 688.466 320
 688.991 291
 689.515 275
 690.039 298
 690.563 289
 691.087 298
 691.612 293
 692.136 261
 692.661 264
 693.185 269
 693.709 250
 694.234 248
 694.758 245
 695.283 247
 695.808 226
 696.332 234
 696.857 237
 697.381 227
 697.906 219
 698.431 225
 698.956 208
 699.480 178
 700.005 211
 700.530 169
 701.055 190
 701.580 185
 702.105 177
 702.630 152
 703.155 160
 703.680 161
 704.205 151
 704.730 147
 705.255 141
 705.781 147
 706.306 126
 706.831 128
 707.356 117
 707.882 106
 708.407 124
 708.932 109
 709.458 136
 709.983 109
 710.509 98
 711.034 109
 711.560 94
 712.085 87
 712.611 90
 713.137 88
 713.662 103
 714.188 86
 714.714 89
 715.240 69
 715.765 69
 716.291 51
 716.817 56
 717.343 77
 717.869 65
 718.395 61
 718.921 67
 719.447 48
 719.973 53
 720.499 69
 721.025 61
 721.551 58
 722.078 55
 722.604 52
 723.130 35
 723.656 63
 724.183 38
 724.709 39
 725.235 53
 725.762 37
 726.288 29
 726.815 34
 727.341 34
 727.868 43
 728.394 39
 728.921 26
 729.448 37
 729.974 49
 730.501 40
 731.028 28
 731.554 29
 732.081 29
 732.608 30
 733.135 27
 733.662 29
 734.189 41
 734.716 27
 735.243 25
 735.770 34
 736.297 33
 736.824 22
 737.351 23
 737.878 34
 738.405 21
 738.933 25
 739.460 24
 739.987 39
 740.514 31
 741.042 29
 741.569 27
 742.097 30
 742.624 26
 743.151 33
 743.679 23
 744.206 25
 744.734 30
 745.262 26
 745.789 23
 746.317 22
 746.845 33
 747.372 22
 747.900 25
 748.428 33
 748.956 25
 749.484 21
 750.012 22
 750.539 28
 751.067 35
 751.595 20
 752.123 22
 752.651 20
 753.180 35
 753.708 15
 754.236 22
 754.764 21
 755.292 27
 755.821 29
 756.349 23
 756.877 17
 757.405 27
 757.934 20
 758.462 22
 758.991 18
 759.519 24
 760.048 21
 760.576 11
 761.105 26
 761.633 22
 762.162 17
 762.691 23
 763.219 20
 763.748 15
 764.277 29
 764.806 20
 765.334 18
 765.863 24
 766.392 24
 766.921 21
 767.450 23
 767.979 25
 768.508 25
 769.037 25
 769.566 24
 770.095 19
 770.625 29
 771.154 20
 771.683 18
 772.212 23
 772.741 19
 773.271 12
 773.800 16
 774.329 22
 774.859 18
 775.388 29
 775.918 28
 776.447 19
 776.977 13
 777.506 17
 778.036 17
 778.566 19
 779.095 10
 779.625 16
 780.155 12
 780.685 19
 781.214 15
 781.744 23
 782.274 16
 782.804 18
 783.334 22
 783.864 22
 784.394 11
 784.924 20
 785.454 25
 785.984 27
 786.514 29
 787.044 20
 787.574 19
 788.105 20
 788.635 23
 789.165 18
 789.695 23
 790.226 19
 790.756 17
 791.286 14
 791.817 17
 792.347 16
 792.878 15
 793.408 24
 793.939 19
 794.470 15
 795.000 23
 795.531 16
 796.062 34
 796.592 18
 797.123 15
 797.654 20
 798.185 20
 798.716 14
 799.246 25
 799.777 20
 800.308 18
 800.839 10
 801.370 19
 801.901 22
 802.432 17
 802.964 21
 803.495 21
 804.026 23
 804.557 24
 805.088 12
 805.620 14
 806.151 16
 806.682 17
 807.214 19
 807.745 25
 808.276 14
 808.808 16
 809.339 22
 809.871 17
 810.403 16
 810.934 20
 811.466 17
 811.997 9
 812.529 16
 813.061 24
 813.593 14
 814.124 19
 814.656 18
 815.188 20
 815.720 15
 816.252 16
 816.784 11
 817.316 10
 817.848 15
 818.380 11
 818.912 14
 819.444 13
 819.976 13
 820.508 20
 821.041 12
 821.573 24
 822.105 10
 822.637 24
 823.170 13
 823.702 22
 824.235 19
 824.767 15
 825.299 16
 825.832 18
 826.364 8
 826.897 14
 827.430 10
 827.962 14
 828.495 19
 829.028 9
 829.560 17
 830.093 10
 830.626 14
 831.159 11
 831.692 10
 832.224 8
 832.757 13
 833.290 18
 833.823 11
 834.356 16
 834.889 15
 835.422 14
 835.955 19
 836.489 16
 837.022 19
 837.555 25
 838.088 20
 838.622 10
 839.155 13
 839.688 17
 840.222 11
 840.755 12
 841.288 12
 841.822 16
 842.355 14
 842.889 15
 843.422 16
 843.956 14
 844.490 17
 845.023 20
 845.557 12
 846.091 16
 846.624 20
 847.158 17
 847.692 15
 848.226 18
 848.760 22
 849.294 17
 849.828 13
 850.362 13
 850.896 16
 851.430 21
 851.964 15
 852.498 21
 853.032 16
 853.566 21
 854.100 16
 854.635 17
 855.169 7
 855.703 15
 856.238 8
 856.772 17
 857.306 9
 857.841 18
 858.375 13
 858.910 14
 859.444 21
 859.979 13
 860.513 20
 861.048 14
 861.583 12
 862.117 11
 862.652 17
 863.187 17
 863.722 14
 864.256 19
 864.791 20
 865.326 14
 865.861 11
 866.396 15
 866.931 16
 867.466 15
 868.001 8
 868.536 11
 869.071 14
 869.606 15
 870.141 15
 870.677 8
 871.212 23
 871.747 20
 872.282 17
 872.818 23
 873.353 17
 873.889 17
 874.424 10
 874.959 11
 875.495 15
 876.030 21
 876.566 17
 877.102 21
 877.637 15
 878.173 16
 878.709 19
 879.244 11
 879.780 16
 880.316 15
 880.852 12
 881.387 12
 881.923 14
 882.459 10
 882.995 15
 883.531 9
 884.067 16
 884.603 15
 885.139 10
 885.675 16
 886.212 9
 886.748 15
 887.284 20
 887.820 15
 888.356 10
 888.893 13
 889.429 18
 889.965 14
 890.502 16
 891.038 18
 891.575 14
 892.111 10
 892.648 13
 893.184 11
 893.721 22
 894.257 17
 894.794 12
 895.331 8
 895.868 14
 896.404 15
 896.941 11
 897.478 11
 898.015 16
 898.552 16
 899.088 19
 899.625 12
 900.162 15
 900.699 16
 901.236 10
 901.774 18
 902.311 15
 902.848 11
 903.385 10
 903.922 14
 904.459 14
 904.997 15
 905.534 12
 906.071 14
 906.609 13
 907.146 20
 907.683 11
 908.221 15
 908.758 18
 909.296 21
 909.833 14
 910.371 8
 910.909 13
 911.446 13
 911.984 17
 912.522 9
 913.059 18
 913.597 9
 914.135 18
 914.673 21
 915.211 21
 915.749 15
 916.287 27
 916.825 26
 917.363 23
 917.901 13
 918.439 15
 918.977 13
 919.515 12
 920.053 18
 920.591 14
 921.129 8
 921.668 19
 922.206 25
 922.744 18
 923.283 16
 923.821 7
 924.360 19
 924.898 15
 925.436 15
 925.975 15
 926.514 15
 927.052 22
 927.591 16
 928.129 27
 928.668 16
 929.207 24
 929.745 18
 930.284 20
 930.823 21
 931.362 11
 931.901 16
 932.440 11
 932.979 18
 933.518 15
 934.057 16
 934.596 18
 935.135 11
 935.674 15
 936.213 16
 936.752 17
 937.291 19
 937.831 11
 938.370 13
 938.909 21
 939.448 15
 939.988 17
 940.527 12
 941.067 21
 941.606 19
 942.145 16
 942.685 11
 943.225 18
 943.764 19
 944.304 14
 944.843 19
 945.383 9
 945.923 23
 946.463 23
 947.002 12
 947.542 10
 948.082 26
 948.622 12
 949.162 16
 949.702 20
 950.242 22
 950.782 14
 951.322 18
 951.862 17
 952.402 16
 952.942 19
 953.482 15
 954.022 12
 954.563 19
 955.103 8
 955.643 14
 956.183 10
 956.724 17
 957.264 19
 957.805 13
 958.345 12
 958.885 10
 959.426 12
 959.967 11
 960.507 23
 961.048 21
 961.588 11
 962.129 15
 962.670 13
 963.210 10
 963.751 15
 964.292 9
 964.833 15
 965.374 14
 965.915 13
 966.456 15
 966.997 18
 967.538 12
 968.079 14
 968.620 23
 969.161 9
 969.702 9
 970.243 19
 970.784 11
 971.325 18
 971.867 11
 972.408 15
 972.949 11
 973.491 12
 974.032 20
 974.573 9
 975.115 17
 975.656 17
 976.198 10
 976.739 11
 977.281 16
 977.823 13
 978.364 10
 978.906 15
 979.448 7
 979.989 10
 980.531 8
 981.073 14
 981.615 18
 982.157 12
 982.699 16
 983.240 12
 983.782 20
 984.324 17
 984.866 4
 985.409 13
 985.951 20
 986.493 16
 987.035 13
 987.577 17
 988.119 12
 988.662 23
 989.204 15
 989.746 12
 990.289 18
 990.831 11
 991.373 11
 991.916 18
 992.458 8
 993.001 19
 993.543 7
 994.086 12
 994.628 10
 995.171 10
 995.714 13
 996.256 15
 996.799 21
 997.342 12
 997.885 15
 998.428 19
 998.970 11
 999.513 15
1000.056 9
1000.599 11
1001.142 11
1001.685 20
1002.228 16
1002.771 10
1003.315 8
1003.858 10
1004.401 7
1004.944 6
1005.487 13
1006.031 13
1006.574 20
1007.117 11
1007.661 19
1008.204 8
1008.748 12
1009.291 7
1009.835 11
1010.378 13
1010.922 9
1011.465 8
1012.009 9
1012.553 5
1013.096 14
1013.640 10
1014.184 22
1014.728 12
1015.271 10
1015.815 9
1016.359 7
1016.903 11
1017.447 9
1017.991 7
1018.535 13
1019.079 6
1019.623 8
1020.167 14
1020.711 11
1021.256 10
1021.800 14
1022.344 10
1022.888 6
1023.433 13
1023.977 10
1024.521 12
1025.066 8
1025.610 8
1026.155 9
1026.699 10
1027.244 9
1027.788 9
1028.333 9
1028.878 10
1029.422 12
1029.967 9
1030.512 12
1031.056 2
1031.601 9
1032.146 16
1032.691 6
1033.236 15
1033.781 15
1034.326 7
1034.871 13
1035.416 9
1035.961 14
1036.506 6
1037.051 7
1037.596 8
1038.141 13
1038.687 15
1039.232 9
1039.777 15
1040.322 6
1040.868 10
1041.413 13
1041.959 7
1042.504 10
1043.049 7
1043.595 5
1044.140 8
1044.686 16
1045.232 15
1045.777 8
1046.323 4
1046.869 8
1047.414 14
1047.960 7
1048.506 9
1049.052 13
1049.598 11
1050.144 11
1050.689 18
1051.235 17
1051.781 18
1052.327 9
1052.873 6
1053.420 12
1053.966 10
1054.512 8
1055.058 10
1055.604 10
1056.150 11
1056.697 9
1057.243 10
1057.789 12
1058.336 9
1058.882 13
1059.429 6
1059.975 10
1060.522 18
1061.068 11
1061.615 11
1062.161 6
1062.708 10
1063.255 12
1063.801 7
1064.348 10
1064.895 9
1065.442 14
1065.988 8
1066.535 10
1067.082 9
1067.629 14
1068.176 10
1068.723 8
1069.270 8
1069.817 11
1070.364 8
1070.911 12
1071.458 6
1072.006 10
1072.553 17
1073.100 13
1073.647 9
1074.195 8
1074.742 12
1075.289 11
1075.837 10
1076.384 13
1076.932 5
1077.479 13
1078.027 8
1078.574 7
1079.122 11
1079.669 18
1080.217 12
1080.765 4
1081.312 9
1081.860 11
1082.408 10
1082.956 10
1083.504 8
1084.052 11
1084.600 16
1085.147 13
1085.695 10
1086.243 12
1086.792 11
1087.340 12
1087.888 6
1088.436 10
1088.984 7
1089.532 11
1090.080 14
1090.629 5
1091.177 13
1091.725 12
1092.274 11
1092.822 10
1093.371 15
1093.919 10
1094.468 14
1095.016 6
1095.565 8
1096.113 15
1096.662 11
1097.211 13
1097.759 8
1098.308 8
1098.857 11
1099.406 10
1099.954 15
1100.503 13
1101.052 7
1101.601 8
1102.150 8
1102.699 7
1103.248 6
1103.797 9
1104.346 8
1104.895 13
1105.444 8
1105.993 8
1106.543 9
1107.092 17
1107.641 10
1108.190 11
1108.740 9
1109.289 9
1109.839 7
1110.388 12
1110.937 7
1111.487 10
1112.037 14
1112.586 13
1113.136 20
1113.685 11
1114.235 9
1114.785 12
1115.334 6
1115.884 12
1116.434 8
1116.984 11
1117.534 15
1118.083 8
1118.633 15
1119.183 9
1119.733 10
1120.283 12
1120.833 11
1121.383 10
1121.934 9
1122.484 16
1123.034 7
1123.584 12
1124.134 10
1124.685 10
1125.235 13
1125.785 9
1126.336 13
1126.886 11
1127.436 10
1127.987 13
1128.537 12
1129.088 14
1129.638 12
1130.189 9
1130.740 8
1131.290 10
1131.841 15
1132.392 10
1132.942 12
1133.493 8
1134.044 15
1134.595 9
1135.146 8
1135.697 3
1136.248 9
1136.799 5
1137.350 15
1137.901 11
1138.452 12
1139.003 9
1139.554 9
1140.105 8
1140.656 11
1141.208 16
1141.759 12
1142.310 15
1142.862 9
1143.413 12
1143.964 10
1144.516 12
1145.067 8
1145.619 8
1146.170 14
1146.722 10
1147.273 10
1147.825 11
1148.377 11
1148.928 11
1149.480 9
1150.032 9
1150.584 15
1151.135 16
1151.687 8
1152.239 13
1152.791 20
1153.343 9
1153.895 6
1154.447 12
1154.999 10
1155.551 10
1156.103 9
1156.655 9
1157.207 14
1157.760 9
1158.312 14
1158.864 6
1159.416 13
1159.969 7
1160.521 11
1161.074 7
1161.626 13
1162.178 9
1162.731 10
1163.283 9
1163.836 8
1164.389 8
1164.941 6
1165.494 10
1166.047 9
1166.599 8
1167.152 15
1167.705 10
1168.258 11
1168.810 14
1169.363 9
1169.916 8
1170.469 9
1171.022 11
1171.575 4
1172.128 8
1172.681 8
1173.234 15
1173.787 11
1174.341 2
1174.894 7
1175.447 7
1176.000 9
1176.554 9
1177.107 5
1177.660 4
1178.214 7
1178.767 14
1179.321 10
1179.874 7
1180.428 9
1180.981 7
1181.535 8
1182.088 11
1182.642 10
1183.196 14
1183.749 10
1184.303 9
1184.857 12
1185.411 10
1185.965 10
1186.518 15
1187.072 7
1187.626 4
1188.180 10
1188.734 17
1189.288 14
1189.842 8
1190.396 7
1190.951 9
1191.505 9
1192.059 12
1192.613 9
1193.167 10
1193.722 16
1194.276 8
1194.830 12
1195.385 12
1195.939 12
1196.494 10
1197.048 8
1197.603 7
1198.157 15
1198.712 9
1199.266 8
1199.821 10
1200.376 8
1200.930 7
1201.485 13
1202.040 10
1202.595 8
1203.150 8
1203.705 7
1204.259 12
1204.814 8
1205.369 10
1205.924 5
1206.479 9
1207.034 8
1207.590 8
1208.145 13
1208.700 7
1209.255 7
1209.810 7
1210.366 11
1210.921 6
1211.476 7
1212.031 8
1212.587 9
1213.142 9
1213.698 8
1214.253 11
1214.809 7
1215.364 9
1215.920 9
1216.475 5
1217.031 7
1217.587 8
1218.143 9
1218.698 12
1219.254 6
1219.810 5
1220.366 8
1220.922 10
1221.477 5
1222.033 5
1222.589 8
1223.145 11
1223.701 16
1224.257 10
1224.814 4
1225.370 8
1225.926 13
1226.482 8
1227.038 7
1227.595 3
1228.151 9
1228.707 6
1229.263 10
1229.820 11
1230.376 8
1230.933 9
1231.489 8
1232.046 11
1232.602 6
1233.159 8
1233.715 8
1234.272 11
1234.829 5
1235.386 15
1235.942 10
1236.499 8
1237.056 9
1237.613 13
1238.170 10
1238.726 10
1239.283 4
1239.840 8
1240.397 8
1240.954 9
1241.511 7
1242.069 7
1242.626 10
1243.183 7
1243.740 11
1244.297 7
1244.854 6
1245.412 8
1245.969 10
1246.526 11
1247.084 8
1247.641 3
1248.199 6
1248.756 5
1249.314 6
1249.871 7
1250.429 7
1250.986 13
1251.544 5
1252.102 7
1252.659 15
1253.217 7
1253.775 10
1254.333 7
1254.891 7
1255.448 14
1256.006 12
1256.564 9
1257.122 5
1257.680 10
1258.238 4
1258.796 6
1259.354 8
1259.913 6
1260.471 5
1261.029 9
1261.587 7
1262.145 11
1262.704 11
1263.262 6
1263.820 8
1264.379 7
1264.937 6
1265.496 1
1266.054 9
1266.613 10
1267.171 3
1267.730 8
1268.288 4
1268.847 5
1269.406 9
1269.964 8
1270.523 6
1271.082 6
1271.641 6
1272.199 4
1272.758 8
1273.317 2
1273.876 7
1274.435 6
1274.994 10
1275.553 7
1276.112 4
1276.671 7
1277.230 4
1277.790 6
1278.349 4
1278.908 8
1279.467 8
1280.026 7
1280.586 11
1281.145 6
1281.705 7
1282.264 9
1282.823 9
1283.383 9
1283.942 1
1284.502 3
1285.061 6
1285.621 4
1286.181 6
1286.740 4
1287.300 7
1287.860 7
1288.420 11
1288.979 5
1289.539 3
1290.099 7
1290.659 3
1291.219 3
1291.779 7
1292.339 7
1292.899 3
1293.459 7
1294.019 10
1294.579 3
1295.139 8
1295.699 9
1296.260 3
1296.820 6
1297.380 5
1297.941 11
1298.501 6
1299.061 6
1299.622 7
1300.182 6
1300.743 5
1301.303 9
1301.864 9
1302.424 2
1302.985 10
1303.545 10
1304.106 7
1304.667 8
1305.228 8
1305.788 4
1306.349 3
1306.910 5
1307.471 4
1308.032 6
1308.593 7
1309.154 4
1309.715 4
1310.276 6
1310.837 3
1311.398 6
1311.959 3
1312.520 1
1313.081 5
1313.642 5
1314.204 3
1314.765 2
1315.326 6
1315.888 3
1316.449 4
1317.010 3
1317.572 10
1318.133 7
1318.695 4
1319.256 5
1319.818 7
1320.379 6
1320.941 5
1321.503 7
1322.064 8
1322.626 6
1323.188 6
1323.750 1
1324.312 7
1324.873 5
1325.435 6
1325.997 7
1326.559 3
1327.121 11
1327.683 6
1328.245 7
1328.807 8
1329.369 5
1329.932 10
1330.494 8
1331.056 5
1331.618 3
1332.181 5
1332.743 1
1333.305 7
1333.868 2
1334.430 4
1334.992 2
1335.555 2
1336.117 2
1336.680 4
1337.242 4
1337.805 2
1338.368 5
1338.930 7
1339.493 7
1340.056 4
1340.619 8
1341.181 7
1341.744 2
1342.307 5
1342.870 3
1343.433 4
1343.996 4
1344.559 2
1345.122 3
1345.685 0
1346.248 6
1346.811 3
1347.374 2
1347.937 7
1348.501 5
1349.064 7
1349.627 5
1350.190 9
1350.754 4
1351.317 7
1351.881 8
1352.444 2
1353.007 2
1353.571 4
1354.134 8
1354.698 4
1355.262 8
1355.825 6
1356.389 1
1356.953 6
1357.516 2
1358.080 6
1358.644 3
1359.208 4
1359.772 4
1360.335 3
1360.899 6
1361.463 7
1362.027 3
1362.591 3
1363.155 6
1363.719 3
1364.284 2
1364.848 1
1365.412 3
1365.976 3
1366.540 0
1367.105 7
1367.669 3
1368.233 2
1368.798 7
1369.362 3
1369.926 3
1370.491 7
1371.055 5
1371.620 12
1372.185 5
1372.749 3
1373.314 6
1373.878 4
1374.443 2
1375.008 4
1375.573 5
1376.137 8
1376.702 1
1377.267 4
1377.832 3
1378.397 3
1378.962 7
1379.527 3
1380.092 6
1380.657 3
1381.222 6
1381.787 6
1382.352 3
1382.917 3
1383.483 3
1384.048 4
1384.613 3
1385.178 4
1385.744 5
1386.309 6
1386.874 3
1387.440 12
1388.005 7
1388.571 4
1389.136 7
1389.702 1
1390.268 4
1390.833 2
1391.399 4
1391.965 2
1392.530 8
1393.096 3
1393.662 11
1394.228 3
1394.793 4
1395.359 5
1395.925 4
1396.491 12
1397.057 2
1397.623 2
1398.189 6
1398.755 6
1399.321 3
1399.888 4
1400.454 2
1401.020 1
1401.586 6
1402.152 8
1402.719 3
1403.285 1
1403.851 5
1404.418 4
1404.984 4
1405.551 5
1406.117 5
1406.684 6
1407.250 6
1407.817 8
1408.384 4
1408.950 5
1409.517 3
1410.084 6
1410.650 9
1411.217 4
1411.784 4
1412.351 3
1412.918 5
1413.485 11
1414.052 5
1414.619 3
1415.186 6
1415.753 3
1416.320 6
1416.887 8
1417.454 7
1418.021 7
1418.588 6
1419.156 7
1419.723 3
1420.290 3
1420.857 7
1421.425 5
1421.992 7
1422.560 3
1423.127 7
1423.695 4
1424.262 4
1424.830 2
1425.397 10
1425.965 4
1426.533 6
1427.100 12
1427.668 9
1428.236 6
1428.803 7
1429.371 11
1429.939 9
1430.507 10
1431.075 11
1431.643 5
1432.211 8
1432.779 5
1433.347 5
1433.915 9
1434.483 6
1435.051 11
1435.619 8
1436.188 9
1436.756 5
1437.324 8
1437.892 8
1438.461 8
1439.029 11
1439.597 13
1440.166 7
1440.734 13
1441.303 9
1441.871 6
1442.440 12
1443.008 8
1443.577 11
1444.146 10
1444.714 8
1445.283 13
1445.852 18
1446.421 14
1446.989 13
1447.558 9
1448.127 12
1448.696 14
1449.265 13
1449.834 12
1450.403 15
1450.972 17
1451.541 15
1452.110 11
1452.679 19
1453.249 10
1453.818 14
1454.387 15
1454.956 10
1455.526 14
1456.095 20
1456.664 14
1457.234 5
1457.803 16
1458.373 21
1458.942 11
1459.512 20
1460.081 14
1460.651 16
1461.220 21
1461.790 14
1462.360 12
1462.929 12
1463.499 22
1464.069 21
1464.639 14
1465.209 16
1465.778 19
1466.348 22
1466.918 10
1467.488 24
1468.058 17
1468.628 14
1469.198 18
1469.768 22
1470.339 15
1470.909 21
1471.479 18
1472.049 19
1472.619 12
1473.190 14
1473.760 21
1474.330 16
1474.901 22
1475.471 19
1476.042 14
1476.612 19
1477.183 21
1477.753 14
1478.324 26
1478.894 20
1479.465 22
1480.036 16
1480.606 17
1481.177 16
1481.748 22
1482.319 13
1482.890 19
1483.460 29
1484.031 10
1484.602 14
1485.173 19
1485.744 15
1486.315 17
1486.886 15
1487.458 25
1488.029 16
1488.600 16
1489.171 15
1489.742 19
1490.313 14
1490.885 21
1491.456 12
1492.027 9
1492.599 16
1493.170 23
1493.742 16
1494.313 14
1494.885 13
1495.456 10
1496.028 18
1496.599 19
1497.171 15
1497.743 10
1498.314 10
1498.886 12
1499.458 13
1500.030 10
1500.602 9
1501.174 11
1501.745 17
1502.317 17
1502.889 8
1503.461 9
1504.033 11
1504.605 10
1505.178 11
1505.750 17
1506.322 13
1506.894 12
1507.466 15
1508.038 16
1508.611 14
1509.183 12
1509.755 7
1510.328 10
1510.900 4
1511.473 19
1512.045 7
1512.618 14
1513.190 8
1513.763 10
1514.335 9
1514.908 10
1515.481 7
1516.053 9
1516.626 7
1517.199 12
1517.772 8
1518.345 8
1518.918 4
1519.490 7
1520.063 8
1520.636 4
1521.209 7
1521.782 9
1522.355 7
1522.929 6
1523.502 6
1524.075 5
1524.648 4
1525.221 14
1525.794 5
1526.368 3
1526.941 5
1527.514 4
1528.088 7
1528.661 5
1529.235 9
1529.808 2
1530.382 0
1530.955 5
1531.529 5
1532.102 8
1532.676 5
1533.250 2
1533.823 5
1534.397 6
1534.971 3
1535.545 2
1536.119 5
1536.692 6
1537.266 2
1537.840 3
1538.414 0
1538.988 4
1539.562 5
1540.136 2
1540.710 3
1541.285 2
1541.859 4
1542.433 5
1543.007 5
1543.581 6
1544.156 6
1544.730 4
1545.304 2
1545.879 4
1546.453 4
1547.028 6
1547.602 3
1548.177 9
1548.751 3
1549.326 5
1549.900 3
1550.475 4
1551.050 4
1551.624 4
1552.199 2
1552.774 2
1553.349 3
1553.923 1
1554.498 4
1555.073 1
1555.648 4
1556.223 4
1556.798 3
1557.373 2
1557.948 7
1558.523 6
1559.098 3
1559.674 4
1560.249 5
1560.824 3
1561.399 3
1561.974 4
1562.550 3
1563.125 3
1563.701 4
1564.276 2
1564.851 3
1565.427 2
1566.002 6
1566.578 4
1567.153 4
1567.729 4
1568.305 1
1568.880 4
1569.456 2
1570.032 0
1570.608 2
1571.183 2
1571.759 4
1572.335 3
1572.911 5
1573.487 0
1574.063 1
1574.639 1
1575.215 3
1575.791 3
1576.367 2
1576.943 6
1577.519 3
1578.095 7
1578.672 0
1579.248 2
1579.824 3
1580.401 3
1580.977 2
1581.553 2
1582.130 3
1582.706 2
1583.283 0
1583.859 1
1584.436 5
1585.012 4
1585.589 5
1586.165 2
1586.742 5
1587.319 2
1587.896 3
1588.472 1
1589.049 2
1589.626 3
1590.203 2
1590.780 1
1591.357 2
1591.934 6
1592.511 4
1593.088 6
1593.665 5
1594.242 3
1594.819 4
1595.396 6
1595.973 5
1596.550 2
1597.128 2
1597.705 2
1598.282 3
1598.860 0
1599.437 6
1600.014 3
1600.592 3
1601.169 2
1601.747 1
1602.324 5
1602.902 6
1603.480 6
1604.057 2
1604.635 3
1605.213 2
1605.790 3
1606.368 1
1606.946 1
1607.524 2
1608.101 4
1608.679 5
1609.257 2
1609.835 3
1610.413 1
1610.991 6
1611.569 5
1612.147 5
1612.726 5
1613.304 4
1613.882 3
1614.460 4
1615.038 1
1615.617 1
1616.195 2
1616.773 4
1617.352 1
1617.930 1
1618.508 0
1619.087 2
1619.665 4
1620.244 4
1620.823 1
1621.401 2
1621.980 2
1622.558 2
1623.137 2
1623.716 2
1624.295 6
1624.873 3
1625.452 2
1626.031 6
1626.610 2
1627.189 4
1627.768 2
1628.347 1
1628.926 1
1629.505 1
1630.084 4
1630.663 2
1631.242 2
1631.821 3
1632.401 2
1632.980 4
1633.559 6
1634.138 2
1634.718 2
1635.297 4
1635.877 7
1636.456 2
1637.036 0
1637.615 1
1638.195 2
1638.774 7
1639.354 2
1639.933 2
1640.513 0
1641.093 3
1641.672 0
1642.252 1
1642.832 2
1643.412 2
1643.992 2
1644.572 3
1645.151 1
1645.731 3
1646.311 2
1646.891 3
1647.471 3
1648.052 0
1648.632 3
1649.212 1
1649.792 4
1650.372 4
1650.952 1
1651.533 0
1652.113 3
1652.693 2
1653.274 6
1653.854 2
1654.435 1
1655.015 1
1655.596 1
1656.176 2
1656.757 1
1657.337 1
1657.918 3
1658.499 1
1659.079 2
1659.660 4
1660.241 0
1660.821 3
1661.402 4
1661.983 0
1662.564 2
1663.145 4
1663.726 5
1664.307 6
1664.888 1
1665.469 2
1666.050 2
1666.631 4
1667.212 0
1667.793 0
1668.375 1
1668.956 1
1669.537 1
1670.118 0
1670.700 0
1671.281 0
1671.863 0
1672.444 3
1673.025 1
1673.607 2
1674.189 0
1674.770 1
1675.352 1
1675.933 4
1676.515 2
1677.097 2
1677.678 0
1678.260 2
1678.842 2
1679.424 1
1680.006 1
1680.587 1
1681.169 2
1681.751 2
1682.333 4
1682.915 1
1683.497 0
1684.079 2
1684.662 2
1685.244 2
1685.826 0
1686.408 4
1686.990 0
1687.573 2
1688.155 1
1688.737 0
1689.320 2
1689.902 2
1690.484 2
1691.067 0
1691.649 0
1692.232 1
1692.814 2
1693.397 2
1693.980 0
1694.562 1
1695.145 2
1695.728 1
1696.310 2
1696.893 2
1697.476 1
1698.059 2
1698.642 3
1699.225 3
1699.808 2
1700.391 0
1700.974 4
1701.557 0
1702.140 2
1702.723 3
1703.306 1
1703.889 2
1704.472 2
1705.056 2
1705.639 1
1706.222 0
1706.806 1
1707.389 1
1707.972 5
1708.556 4
1709.139 3
1709.723 0
1710.306 0
1710.890 1
1711.473 2
1712.057 0
1712.641 0
1713.224 1
1713.808 1
1714.392 0
1714.976 1
1715.559 2
1716.143 1
1716.727 2
1717.311 2
1717.895 3
1718.479 1
1719.063 1
1719.647 1
1720.231 1
1720.815 4
1721.399 1
1721.983 2
1722.568 2
1723.152 0
1723.736 2
1724.320 3
1724.905 1
1725.489 1
1726.074 5
1726.658 1
1727.242 1
1727.827 1
1728.411 2
1728.996 1
1729.581 4
1730.165 3
1730.750 2
1731.335 1
1731.919 5
1732.504 2
1733.089 0
1733.674 0
1734.258 3
1734.843 2
1735.428 1
1736.013 2
1736.598 3
1737.183 2
1737.768 1
1738.353 3
1738.938 4
1739.524 0
1740.109 4
1740.694 1
1741.279 1
1741.864 2
1742.450 0
1743.035 3
1743.620 4
1744.206 2
1744.791 2
1745.377 3
1745.962 0
1746.548 2
1747.133 1
1747.719 1
1748.304 3
1748.890 1
1749.476 2
1750.061 1
1750.647 3
1751.233 2
1751.819 4
1752.405 1
1752.991 3
1753.576 7
1754.162 3
1754.748 3
1755.334 0
1755.920 1
1756.506 0
1757.093 1
1757.679 1
1758.265 2
1758.851 5
1759.437 2
1760.024 0
1760.610 2
1761.196 4
1761.783 6
1762.369 3
1762.955 4
1763.542 3
1764.128 3
1764.715 2
1765.301 1
1765.888 1
1766.475 0
1767.061 2
1767.648 3
1768.235 3
1768.821 3
1769.408 2
1769.995 1
1770.582 3
1771.169 0
1771.756 4
1772.342 1
1772.929 1
1773.516 4
1774.104 0
1774.691 1
1775.278 2
1775.865 4
1776.452 3
1777.039 4
1777.626 0
1778.214 1
1778.801 1
1779.388 0
1779.976 5
1780.563 0
1781.150 3
1781.738 2
1782.325 5
1782.913 2
1783.500 1
1784.088 0
1784.676 1
1785.263 1
1785.851 1
1786.439 0
1787.026 1
1787.614 2
1788.202 3
1788.790 2
1789.378 1
1789.966 1
1790.554 3
1791.142 3
1791.730 5
1792.318 0
1792.906 1
1793.494 0
1794.082 5
1794.670 1
1795.258 5
1795.846 2
1796.435 1
1797.023 1
1797.611 1
1798.200 1
1798.788 2
1799.376 5
1799.965 2
1800.553 3
1801.142 2
1801.730 2
1802.319 3
1802.908 2
1803.496 3
1804.085 0
1804.674 2
1805.262 2
1805.851 4
1806.440 1
1807.029 5
1807.618 2
1808.207 1
1808.796 2
1809.385 3
1809.974 0
1810.563 2
1811.152 3
1811.741 3
1812.330 2
1812.919 0
1813.508 1
1814.097 2
1814.687 1
1815.276 1
1815.865 4
1816.455 3
1817.044 4
1817.633 0
1818.223 3
1818.812 2
1819.402 2
1819.991 2
1820.581 0
1821.171 1
1821.760 1
1822.350 0
1822.940 2
1823.529 5
1824.119 1
1824.709 1
1825.299 2
1825.889 2
1826.479 0
1827.068 4
1827.658 2
1828.248 2
1828.838 5
1829.429 4
1830.019 1
1830.609 1
1831.199 2
1831.789 3
1832.379 0
1832.970 4
1833.560 0
1834.150 1
1834.741 1
1835.331 1
1835.921 3
1836.512 1
1837.102 0
1837.693 1
1838.283 0
1838.874 2
1839.464 3
1840.055 3
1840.646 4
1841.236 1
1841.827 2
1842.418 0
1843.009 1
1843.600 2
1844.191 3
1844.781 1
1845.372 2
1845.963 2
1846.554 0
1847.145 0
1847.736 1
1848.327 1
1848.919 0
1849.510 0
1850.101 1
1850.692 3
1851.283 3
1851.875 4
1852.466 1
1853.057 1
1853.649 1
1854.240 2
1854.832 3
1855.423 4
1856.015 1
1856.606 1
1857.198 2
1857.789 3
1858.381 0
1858.973 1
1859.564 3
1860.156 4
1860.748 3
1861.340 3
1861.931 1
1862.523 0
1863.115 2
1863.707 3
1864.299 1
1864.891 0
1865.483 2
1866.075 2
1866.667 0
1867.259 0
1867.852 1
1868.444 4
1869.036 0
1869.628 0
1870.220 0
1870.813 1
1871.405 0
1871.998 0
1872.590 0
1873.182 2
1873.775 2
1874.367 1
1874.960 1
1875.552 1
1876.145 3
1876.738 1
1877.330 1
1877.923 2
1878.516 0
1879.109 3
1879.701 0
1880.294 0
1880.887 3
1881.480 0
1882.073 2
1882.666 0
1883.259 2
1883.852 1
1884.445 3
1885.038 0
1885.631 1
1886.224 1
1886.817 3
1887.411 0
1888.004 0
1888.597 3
1889.191 0
1889.784 2
1890.377 2
1890.971 2
1891.564 0
1892.158 2
1892.751 1
1893.345 1
1893.938 1
1894.532 1
1895.125 1
1895.719 4
1896.313 0
1896.907 1
1897.500 1
1898.094 1
1898.688 4
1899.282 0
1899.876 2
1900.470 1
1901.064 1
1901.658 1
1902.252 1
1902.846 0
1903.440 0
1904.034 0
1904.628 2
1905.222 1
1905.816 0
1906.411 0
1907.005 3
1907.599 1
1908.194 4
1908.788 2
1909.382 2
1909.977 0
1910.571 3
1911.166 1
1911.760 2
1912.355 1
1912.949 0
1913.544 0
1914.139 1
1914.733 1
1915.328 3
1915.923 2
1916.518 0
1917.113 0
1917.707 1
1918.302 1
1918.897 2
1919.492 0
1920.087 2
1920.682 5
1921.277 1
1921.872 2
1922.467 1
1923.063 1
1923.658 1
1924.253 1
1924.848 1
1925.443 0
1926.039 0
1926.634 3
1927.229 1
1927.825 1
1928.420 0
1929.016 1
1929.611 4
1930.207 1
1930.802 2
1931.398 0
1931.994 3
1932.589 0
1933.185 2
1933.781 3
1934.376 1
1934.972 1
1935.568 0
1936.164 1
1936.760 1
1937.356 1
1937.952 1
1938.548 1
1939.144 0
1939.740 0
1940.336 2
1940.932 0
1941.528 0
1942.124 2
1942.720 0
1943.317 2
1943.913 2
1944.509 1
1945.106 1
1945.702 0
1946.298 0
1946.895 2
1947.491 0
1948.088 3
1948.684 1
1949.281 1
1949.878 2
1950.474 1
1951.071 3
1951.667 2
1952.264 1
1952.861 3
1953.458 1
1954.055 1
1954.651 1
1955.248 2
1955.845 0
1956.442 0
1957.039 0
1957.636 3
1958.233 0
1958.830 1
1959.427 1
1960.025 1
1960.622 2
1961.219 1
1961.816 1
1962.413 3
1963.011 2
1963.608 0
1964.205 0
1964.803 2
1965.400 0
1965.998 0
1966.595 1
1967.193 0
1967.790 0
1968.388 0
1968.986 1
1969.583 2
1970.181 2
1970.779 1
1971.376 3
1971.974 2
1972.572 0
1973.170 3
1973.768 2
1974.366 1
1974.964 1
1975.562 0
1976.160 1
1976.758 2
1977.356 0
1977.954 1
1978.552 0
1979.150 0
1979.748 1
1980.347 0
1980.945 0
1981.543 2
1982.142 2
1982.740 1
1983.338 0
1983.937 0
1984.535 0
1985.134 1
1985.732 2
1986.331 1
1986.929 1
1987.528 2
1988.127 0
1988.725 2
1989.324 1
1989.923 0
1990.522 2
1991.120 1
1991.719 0
1992.318 0
1992.917 0
1993.516 1
1994.115 0
1994.714 1
1995.313 3
1995.912 1
1996.511 2
1997.110 1
1997.710 2
1998.309 1
1998.908 2
1999.507 2
2000.107 1
2000.706 2
2001.305 1
2001.905 3
2002.504 0
2003.104 1
2003.703 1
2004.303 1
2004.902 0
2005.502 2
2006.101 1
2006.701 1
2007.301 0
2007.900 1
2008.500 2
2009.100 4
2009.700 0
2010.300 0
2010.899 1
2011.499 2
2012.099 0
2012.699 1
2013.299 1
2013.899 0
2014.499 2
2015.100 0
2015.700 1
2016.300 1
2016.900 2
2017.500 3
2018.101 2
2018.701 1
2019.301 2
2019.902 1
2020.502 2
2021.102 0
2021.703 0
2022.303 0
2022.904 4
2023.504 0
2024.105 1
2024.706 2
2025.306 0
2025.907 1
2026.508 2
2027.108 1
2027.709 1
2028.310 1
2028.911 2
2029.512 0
2030.113 0
2030.714 0
2031.315 0
2031.916 0
2032.517 0
2033.118 0
2033.719 0
2034.320 1
2034.921 0
2035.522 0
2036.123 3
2036.725 0
2037.326 2
2037.927 0
2038.529 2
2039.130 1
2039.732 4
2040.333 0
2040.935 1
2041.536 2
2042.138 0
2042.739 0
2043.341 0
2043.942 1
2044.544 1
2045.146 1
2045.748 2
2046.349 2
2046.951 2
2047.553 1
2048.155 0
2048.757 0
2049.359 1
2049.961 1
2050.563 1
2051.165 1
2051.767 2
2052.369 1
2052.971 1
2053.573 1
2054.175 2
2054.778 1
2055.380 1
2055.982 0
2056.585 0
2057.187 1
2057.789 1
2058.392 0
2058.994 0
2059.597 5
2060.199 3
2060.802 0
2061.404 1
2062.007 1
2062.610 0
2063.212 0
2063.815 1
2064.418 0
2065.020 3
2065.623 0
2066.226 0
2066.829 2
2067.432 3
2068.035 1
2068.638 0
2069.241 3
2069.844 1
2070.447 0
2071.050 0
2071.653 2
2072.256 0
2072.860 1
2073.463 3
2074.066 0
2074.669 2
2075.273 4
2075.876 1
2076.479 1
2077.083 3
2077.686 1
2078.290 0
2078.893 1
2079.497 1
2080.100 3
2080.704 3
2081.308 0
2081.911 0
2082.515 0
2083.119 2
2083.723 0
2084.326 0
2084.930 0
2085.534 1
2086.138 1
2086.742 0
2087.346 1
2087.950 0
2088.554 1
2089.158 0
2089.762 2
2090.366 1
2090.970 0
2091.575 0
2092.179 0
2092.783 0
2093.387 1
2093.992 1
2094.596 2
2095.200 0
2095.805 2
2096.409 0
2097.014 2
2097.618 2
2098.223 1
2098.827 1
2099.432 0
2100.037 1
2100.641 4
2101.246 1
2101.851 1
2102.456 1
2103.060 3
2103.665 0
2104.270 2
2104.875 2
2105.480 1
2106.085 1
2106.690 2
2107.295 1
2107.900 1
2108.505 0
2109.110 3
2109.715 0
2110.321 1
2110.926 0
2111.531 1
2112.136 2
2112.742 5
2113.347 2
2113.952 0
2114.558 3
2115.163 1
2115.769 0
2116.374 2
2116.980 1
2117.585 3
2118.191 1
2118.797 2
2119.402 2
2120.008 2
2120.614 1
2121.220 1
2121.825 4
2122.431 0
2123.037 1
2123.643 2
2124.249 4
2124.855 0
2125.461 0
2126.067 4
2126.673 1
2127.279 2
2127.885 3
2128.491 0
2129.097 3
2129.704 1
2130.310 0
2130.916 0
2131.523 3
2132.129 0
2132.735 2
2133.342 3
2133.948 0
2134.555 0
2135.161 2
2135.768 1
2136.374 1
2136.981 4
2137.588 1
2138.194 1
2138.801 1
2139.408 2
2140.014 2
2140.621 2
2141.228 4
2141.835 1
2142.442 2
2143.049 2
2143.656 4
2144.263 1
2144.870 1
2145.477 3
2146.084 1
2146.691 1
2147.298 1
2147.905 1
2148.513 0
2149.120 1
2149.727 2
2150.334 2
2150.942 4
2151.549 2
2152.157 1
2152.764 2
2153.372 4
2153.979 0
2154.587 2
2155.194 2
2155.802 0
2156.409 2
2157.017 0
2157.625 0
2158.232 1
2158.840 3
2159.448 1
2160.056 0
2160.664 2
2161.272 2
2161.880 3
2162.488 1
2163.096 0
2163.704 1
2164.312 1
2164.920 3
2165.528 1
2166.136 2
2166.744 3
2167.352 1
2167.961 1
2168.569 1
2169.177 0
2169.786 0
2170.394 0
2171.002 1
2171.611 3
2172.219 0
2172.828 1
2173.436 2
2174.045 3
2174.654 1
2175.262 2
2175.871 1
2176.480 3
2177.088 0
2177.697 3
2178.306 7
2178.915 1
2179.524 2
2180.132 1
2180.741 1
2181.350 0
2181.959 1
2182.568 2
2183.177 0
2183.786 2
2184.396 1
2185.005 0
2185.614 2
2186.223 2
2186.832 2
2187.442 4
2188.051 5
2188.660 1
2189.270 2
2189.879 1
2190.489 1
2191.098 1
2191.708 4
2192.317 4
2192.927 1
2193.536 2
2194.146 1
2194.756 1
2195.365 2
2195.975 1
2196.585 0
2197.195 2
2197.804 0
2198.414 1
2199.024 1
2199.634 1
2200.244 0
2200.854 3
2201.464 2
2202.074 4
2202.684 2
2203.294 0
2203.904 1
2204.515 2
2205.125 1
2205.735 1
2206.345 1
2206.956 0
2207.566 0
2208.176 0
2208.787 1
2209.397 0
2210.008 1
2210.618 1
2211.229 2
2211.839 1
2212.450 2
2213.061 2
2213.671 2
2214.282 0
2214.893 3
2215.503 0
2216.114 4
2216.725 2
2217.336 0
2217.947 0
2218.558 0
2219.169 2
2219.780 1
2220.391 1
2221.002 1
2221.613 0
2222.224 0
2222.835 1
2223.446 1
2224.057 2
2224.669 2
2225.280 0
2225.891 2
2226.503 1
2227.114 1
2227.725 1
2228.337 2
2228.948 1
2229.560 0
2230.171 2
2230.783 0
2231.394 1
2232.006 0
2232.618 0
2233.229 0
2233.841 2
2234.453 0
2235.065 2
2235.677 1
2236.288 2
2236.900 2
2237.512 1
2238.124 1
2238.736 2
2239.348 0
2239.960 2
2240.572 3
2241.184 0
2241.797 0
2242.409 0
2243.021 3
2243.633 1
2244.245 2
2244.858 2
2245.470 0
2246.082 0
2246.695 2
2247.307 1
2247.920 2
2248.532 0
2249.145 2
2249.757 1
2250.370 4
2250.983 1
2251.595 0
2252.208 1
2252.821 3
2253.433 2
2254.046 2
2254.659 0
2255.272 2402
