2019_09_26_18_25_32_732 /home/raspion_user/data/Beacon_efficiency_22Na_50cm.sp 637885 1800.002 1762.921 2.734449 0.479000  0.0000147857
  2.734449   3.000000
  3.692726   0.000694
  4.651153  -0.001096
  5.609686   2.001260
  6.568335   0.002394
  7.527103  -0.004389
  8.485989   1.001566
  9.444993   1.001096
 10.404115   0.003690
 11.363356   1.003131
 12.322715   0.998912
 13.282193   3.009936
 14.241789   3.992984
 15.201503  14.012830
 16.161335  14.002129
 17.121286  33.085874
 18.081355  28.027162
 19.041543  47.144550
 20.001849  55.881031
 20.962273  95.071591
 21.922816  87.413911
 22.883477 103.057653
 23.844256 145.857474
 24.805154 157.356945
 25.766170 192.077716
 26.727304 246.162445
 27.688557 242.152354
 28.649928 260.359180
 29.611417 253.005336
 30.573025 304.145212
 31.534751 323.201052
 32.496595 355.073129
 33.458558 345.361303
 34.420639 367.944381
 35.382838 419.951738
 36.345156 415.897733
 37.307592 394.119226
 38.270146 489.674727
 39.232819 493.473847
 40.195610 535.743631
 41.158520 549.720464
 42.121548 488.804071
 43.084694 431.924781
 44.047958 329.014518
 45.011341 291.812843
 45.974842 272.213837
 46.938462 268.220256
 47.902200 282.213547
 48.866056 295.346007
 49.830030 280.635172
 50.794123 303.953229
 51.758335 323.603583
 52.722664 365.976564
 53.687112 349.284073
 54.651678 360.157920
 55.616363 421.780517
 56.581166 403.481736
 57.546087 445.288504
 58.511127 460.348681
 59.476285 479.922960
 60.441561 479.596024
 61.406956 500.088555
 62.372469 505.432083
 63.338100 566.808524
 64.303850 572.361567
 65.269718 617.686811
 66.235704 634.354344
 67.201809 627.689200
 68.168032 629.459985
 69.134374 650.223182
 70.100834 661.977195
 71.067412 680.090281
 72.034108 678.571768
 73.000923 690.726958
 73.967856 762.979734
 74.934908 767.043014
 75.902077 740.265867
 76.869366 672.222979
 77.836772 750.913042
 78.804297 734.904109
 79.771940 733.127732
 80.739702 733.793493
 81.707582 703.833283
 82.675580 727.858287
 83.643696 735.861543
 84.611931 739.341960
 85.580285 704.578077
 86.548756 710.532680
 87.517346 683.819538
 88.486054 742.149168
 89.454881 729.818826
 90.423826 713.907421
 91.392889 652.291686
 92.362071 695.940882
 93.331371 674.740255
 94.300789 621.047246
 95.270326 620.800789
 96.239981 677.304543
 97.209754 635.919643
 98.179646 614.917843
 99.149656 605.137724
100.119785 617.875678
101.090031 615.980719
102.060397 632.966343
103.030880 641.821161
104.001482 644.247649
104.972202 660.464571
105.943040 652.848137
106.913997 642.687794
107.885072 669.967022
108.856266 696.679718
109.827578 702.337252
110.799008 768.228108
111.770556 785.141312
112.742223 769.835146
113.714009 777.177467
114.685912 762.907058
115.657934 771.302290
116.630074 797.697655
117.602333 775.327379
118.574710 846.393145
119.547205 819.005125
120.519819 779.843745
121.492551 897.028607
122.465401 836.079355
123.438370 840.889574
124.411457 830.041996
125.384662 811.309604
126.357986 836.085725
127.331428 819.073357
128.304988 840.269716
129.278667 784.486461
130.252464 814.975487
131.226379 791.272166
132.200413 797.085014
133.174565 771.023757
134.148835 817.101513
135.123224 789.270852
136.097731 779.686178
137.072357 772.838460
138.047101 671.624208
139.021963 788.564543
139.996943 772.755288
140.972042 733.735467
141.947259 716.782303
142.922595 725.682980
143.898049 717.099890
144.873621 696.553846
145.849311 702.223423
146.825120 697.800615
147.801048 733.282621
148.777093 688.948203
149.753257 659.645182
150.729539 644.135397
151.705940 648.303845
152.682459 690.834441
153.659096 621.521612
154.635852 639.292914
155.612726 645.955925
156.589718 676.504949
157.566829 661.698684
158.544058 651.155343
159.521405 634.127275
160.498871 628.451845
161.476455 617.490368
162.454157 700.502452
163.431978 658.506371
164.409917 656.513605
165.387975 681.399555
166.366150 701.488721
167.344444 706.393620
168.322857 703.305978
169.301388 660.317211
170.280037 689.206477
171.258804 749.784931
172.237690 719.538978
173.216694 741.080974
174.195817 771.779149
175.175058 732.194992
176.154417 794.475109
177.133894 740.514598
178.113490 786.923552
179.093205 729.287660
180.073037 775.111307
181.052988 796.623523
182.033057 857.874378
183.013245 804.199042
183.993551 817.935624
184.973975 766.209313
185.954518 782.968138
186.935179 776.517101
187.915958 781.517490
188.896856 790.085959
189.877872 799.229070
190.859006 757.204088
191.840259 802.766732
192.821630 712.870960
193.803119 705.843121
194.784727 746.068848
195.766453 696.569156
196.748297 700.558021
197.730260 730.834639
198.712341 743.829616
199.694541 675.498149
200.676858 660.798339
201.659295 644.790471
202.641849 623.532632
203.624522 650.808035
204.607313 614.715970
205.590223 660.563969
206.573250 627.666010
207.556397 612.690334
208.539661 662.861088
209.523044 626.487407
210.506545 621.079062
211.490165 598.735570
212.473903 546.838685
213.457759 645.526974
214.441733 569.853275
215.425826 601.562483
216.410038 559.331063
217.394367 585.140976
218.378815 509.966641
219.363382 620.242139
220.348066 546.082374
221.332869 525.832159
222.317791 573.686987
223.302830 591.951366
224.287988 548.734413
225.273265 574.328329
226.258659 585.377005
227.244172 562.755080
228.229804 556.897082
229.215554 576.603113
230.201422 523.081797
231.187408 554.465101
232.173513 570.712045
233.159736 523.275530
234.146077 521.606983
235.132537 557.076932
236.119115 532.822797
237.105812 527.216035
238.092627 477.326741
239.079560 510.598470
240.066611 461.341288
241.053781 541.566124
242.041069 487.929515
243.028476 524.888604
244.016001 467.196998
245.003644 499.408476
245.991406 497.340092
246.979286 476.538701
247.967284 470.146322
248.955400 458.481173
249.943635 484.616728
250.931989 506.574439
251.920460 477.125400
252.909050 487.851346
253.897759 441.038809
254.886585 526.598513
255.875530 439.908138
256.864594 470.350900
257.853775 449.790668
258.843075 463.000095
259.832494 408.409106
260.822031 419.793761
261.811686 479.044422
262.801459 442.526791
263.791351 461.614402
264.781361 461.533635
265.771489 428.581251
266.761736 450.880438
267.752101 430.773005
268.742585 439.187065
269.733187 406.414231
270.723907 453.927244
271.714745 426.442578
272.705702 435.424762
273.696777 470.085971
274.687971 427.142299
275.679283 376.309032
276.670713 428.925798
277.662262 386.999516
278.653928 439.430718
279.645714 441.208159
280.637617 382.222435
281.629639 396.693211
282.621780 381.448704
283.614038 395.998036
284.606415 394.491649
285.598910 396.358267
286.591524 388.553866
287.584256 376.998464
288.577106 386.041069
289.570075 407.550137
290.563162 391.180792
291.556368 401.637555
292.549691 382.757737
293.543133 404.260023
294.536694 399.811895
295.530372 399.325296
296.524170 380.601177
297.518085 404.598952
298.512119 389.745979
299.506271 417.349723
300.500541 382.135831
301.494930 397.206468
302.489437 354.697871
303.484063 351.880831
304.478807 387.717151
305.473669 324.252052
306.468649 404.624577
307.463748 380.959964
308.458965 402.594038
309.454301 385.739261
310.449755 369.569196
311.445327 388.685193
312.441018 382.582847
313.436827 420.335963
314.432754 386.699762
315.428800 371.370676
316.424964 386.121127
317.421246 334.825592
318.417646 354.584078
319.414165 348.160907
320.410803 362.894726
321.407558 361.373439
322.404432 367.799218
323.401425 329.789663
324.398536 357.577949
325.395765 381.415181
326.393112 369.031783
327.390578 325.502149
328.388162 378.401620
329.385864 335.544032
330.383685 341.335219
331.381624 323.627759
332.379682 326.300274
333.377857 316.560851
334.376152 284.422825
335.374564 299.990331
336.373095 357.059968
337.371744 296.313054
338.370512 303.336292
339.369397 278.878869
340.368402 297.803740
341.367524 292.873875
342.366765 276.373849
343.366124 304.776896
344.365602 284.446100
345.365198 287.169216
346.364912 250.406699
347.364745 242.100152
348.364696 259.859254
349.364765 293.368461
350.364952 283.700314
351.365258 253.645823
352.365683 261.482900
353.366225 251.188254
354.366886 283.518074
355.367666 257.128026
356.368564 263.848511
357.369580 226.580258
358.370714 271.287326
359.371967 239.819579
360.373338 229.673954
361.374827 215.883257
362.376435 228.199432
363.378161 251.455021
364.380005 225.940195
365.381968 222.968882
366.384049 246.654872
367.386249 210.900660
368.388567 251.990997
369.391003 225.461523
370.393557 200.751356
371.396230 193.828734
372.399021 230.532817
373.401931 219.353311
374.404959 231.509400
375.408105 236.153600
376.411370 199.660361
377.414752 206.822767
378.418254 213.347298
379.421873 210.612882
380.425611 230.207995
381.429467 214.838608
382.433442 224.997453
383.437535 211.093449
384.441746 212.802246
385.446076 195.045296
386.450524 223.319214
387.455090 189.855961
388.459775 193.800918
389.464578 185.575586
390.469499 196.165362
391.474539 226.994682
392.479697 181.586236
393.484974 179.114805
394.490368 226.085522
395.495881 211.720606
396.501513 205.057627
397.507263 178.036719
398.513131 203.016121
399.519117 195.946263
400.525222 189.433506
401.531445 212.257329
402.537787 221.517559
403.544247 184.928487
404.550825 187.783199
405.557521 178.568897
406.564336 215.518209
407.571269 193.256781
408.578321 204.838600
409.585491 190.617361
410.592779 228.033159
411.600186 178.540671
412.607711 208.925524
413.615354 199.329376
414.623115 184.235802
415.630995 193.486681
416.638994 203.612632
417.647110 194.090445
418.655345 176.947401
419.663699 194.613702
420.672170 200.546666
421.680760 176.233385
422.689469 187.930500
423.698295 185.172437
424.707240 191.300321
425.716304 201.617865
426.725486 184.133651
427.734786 194.542916
428.744204 213.359340
429.753741 178.974155
430.763396 189.019588
431.773169 182.442161
432.783061 201.567529
433.793071 213.708080
434.803200 201.893856
435.813447 181.459442
436.823812 210.362921
437.834295 191.651165
438.844897 192.230800
439.855617 184.923049
440.866456 203.058736
441.877413 169.808922
442.888488 188.690768
443.899682 184.826297
444.910993 189.623582
445.922424 187.026616
446.933972 182.374584
447.945639 207.147045
448.957425 165.015504
449.969328 204.125251
450.981350 186.850993
451.993490 180.141083
453.005749 201.236457
454.018126 179.901110
455.030621 192.162328
456.043235 199.421023
457.055967 206.089400
458.068818 172.428769
459.081786 170.456339
460.094873 182.191650
461.108079 209.266198
462.121403 199.309550
463.134845 211.971276
464.148405 218.906006
465.162084 197.205218
466.175881 213.913345
467.189796 168.919098
468.203830 191.141989
469.217982 200.322108
470.232253 243.927565
471.246642 234.151758
472.261149 224.330341
473.275774 257.144965
474.290518 232.883592
475.305381 273.702915
476.320361 270.364501
477.335460 246.098003
478.350677 278.881888
479.366013 316.195844
480.381467 284.438967
481.397039 298.144152
482.412730 333.551131
483.428539 376.280938
484.444466 358.203739
485.460512 370.638854
486.476676 403.141909
487.492958 423.398807
488.509359 477.706310
489.525878 499.034205
490.542515 525.750647
491.559271 549.456837
492.576145 594.046344
493.593137 631.700112
494.610248 667.772975
495.627477 691.838727
496.644824 730.393435
497.662290 788.633539
498.679874 799.109638
499.697577 876.958684
500.715398 889.383770
501.733337 917.873564
502.751394 1001.078395
503.769570 1042.386872
504.787864 1104.517429
505.806277 1106.479893
506.824808 1131.410006
507.843457 1258.805626
508.862224 1253.782360
509.881110 1289.998881
510.900114 1214.608669
511.919237 1316.172492
512.938478 1301.040055
513.957837 1385.111111
514.977315 1373.454290
515.996911 1401.930095
517.016625 1377.623978
518.036458 1353.343549
519.056409 1312.958839
520.076478 1429.539369
521.096666 1363.498472
522.116972 1378.597034
523.137396 1322.484515
524.157939 1326.178474
525.178600 1232.487386
526.199379 1326.411781
527.220277 1165.070181
528.241293 1180.946477
529.262427 1074.919232
530.283680 1142.661239
531.305051 1017.259035
532.326541 1028.136979
533.348148 951.737587
534.369875 918.882578
535.391719 825.257817
536.413682 834.621166
537.435763 733.939081
538.457963 707.348845
539.480280 638.847973
540.502717 604.647529
541.525271 591.621525
542.547944 586.060304
543.570735 533.964916
544.593645 422.993451
545.616673 416.394661
546.639819 423.027433
547.663084 351.840193
548.686467 306.248403
549.709968 289.632244
550.733587 287.032912
551.757325 292.745085
552.781182 229.014488
553.805156 220.556475
554.829249 211.740188
555.853461 206.260351
556.877790 186.553649
557.902238 185.107817
558.926805 175.285282
559.951490 182.409865
560.976293 170.938261
562.001214 140.425336
563.026254 140.492214
564.051412 126.179798
565.076688 122.196215
566.102083 127.406647
567.127596 125.570256
568.153228 106.805641
569.178977 122.631395
570.204846 109.015852
571.230832 113.401679
572.256937 103.962762
573.283160  84.694917
574.309502 105.953907
575.335961  98.333513
576.362540  79.784047
577.389236  94.862790
578.416051  99.657898
579.442984  85.144698
580.470036  90.713422
581.497206  84.388793
582.524494  70.569566
583.551901  83.948786
584.579426  82.711216
585.607069  86.263450
586.634831  80.753107
587.662711  79.338703
588.690709  75.459713
589.718826  65.786131
590.747061  88.680346
591.775414  77.693552
592.803886  76.309477
593.832476  82.612681
594.861184  80.676362
595.890011  81.357991
596.918956  80.958293
597.948019  82.489244
598.977201  71.165043
600.006501  65.271002
601.035920  66.870406
602.065457  84.094032
603.095112  79.042585
604.124885  73.595979
605.154777  68.107810
606.184787  69.106465
607.214916  82.718871
608.245163  77.866876
609.275528  72.575661
610.306011  85.100546
611.336613  78.723980
612.367333  71.863461
613.398172  75.542038
614.429129  71.996015
615.460204  71.721346
616.491398  61.273267
617.522710  71.159781
618.554140  81.193070
619.585689  69.186664
620.617356  83.557227
621.649141  77.023958
622.681045  75.883206
623.713067  64.243249
624.745207  72.652507
625.777466  72.766105
626.809843  75.503884
627.842338  81.108301
628.874952  77.747012
629.907684  81.804859
630.940534  75.610716
631.973503  72.508562
633.006590  72.886735
634.039796  73.465306
635.073119  74.032954
636.106562  56.449527
637.140122  58.157016
638.173801  81.177503
639.207598  69.811403
640.241513  77.349864
641.275547  76.704303
642.309699  72.085494
643.343970  64.477364
644.378359  80.102045
645.412866  85.171914
646.447492  59.294817
647.482236  79.945255
648.517098  76.868071
649.552078  75.369929
650.587177  88.332409
651.622395  68.804566
652.657730  86.941552
653.693184  89.264646
654.728757  86.321840
655.764447  79.064865
656.800256  72.081069
657.836184  62.976221
658.872229  78.027289
659.908393  85.755147
660.944676  68.403504
661.981076  82.146094
663.017595  72.376963
664.054233  75.421045
665.090989  81.954362
666.127863  78.137683
667.164855  82.672744
668.201966  83.425771
669.239195  81.224458
670.276542  84.451266
671.314008  85.219982
672.351592  75.030387
673.389295  80.391231
674.427116  71.522050
675.465055  86.617874
676.503112  91.468903
677.541288  84.000647
678.579582  81.142038
679.617995  72.631257
680.656526  85.966785
681.695175  74.019156
682.733943  70.965678
683.772829  60.007944
684.811833  69.873698
685.850956  66.247683
686.890196  65.246343
687.929556  71.341102
688.969033  59.344406
690.008629  59.682787
691.048344  66.263414
692.088176  78.411669
693.128127  65.212463
694.168197  68.476792
695.208384  68.286023
696.248691  51.842767
697.289115  54.398287
698.329658  62.482893
699.370319  55.546439
700.411098  58.515142
701.451996  54.626197
702.493012  51.732387
703.534146  57.671330
704.575399  62.326695
705.616770  51.261992
706.658260  47.989468
707.699868  58.250915
708.741594  69.620072
709.783438  56.394251
710.825401  55.637006
711.867482  58.159143
712.909682  52.494440
713.952000  54.491523
714.994436  47.226656
716.036991  56.914356
717.079664  59.983669
718.122455  62.059067
719.165364  54.344758
720.208392  48.153379
721.251539  50.914680
722.294803  56.734786
723.338186  46.329968
724.381688  45.324044
725.425307  54.237560
726.469045  42.791063
727.512902  56.347659
728.556876  65.125813
729.600969  48.988029
730.645181  44.393872
731.689510  50.417939
732.733958  48.802189
733.778525  52.879998
734.823210  40.144178
735.868013  57.024049
736.912934  57.092299
737.957974  52.833841
739.003132  45.741990
740.048408  53.361992
741.093803  59.549662
742.139316  70.968034
743.184948  43.230330
744.230698  42.655849
745.276566  54.261168
746.322552  55.627306
747.368657  63.365501
748.414881  58.105889
749.461222  62.138528
750.507682  55.361792
751.554260  44.022908
752.600957  50.620906
753.647772  55.067644
754.694705  51.613909
755.741757  51.382152
756.788927  58.629251
757.836215  48.077383
758.883622  49.072013
759.931147  56.489261
760.978790  48.136470
762.026552  60.700720
763.074432  50.021834
764.122430  56.272984
765.170547  44.722216
766.218782  54.670621
767.267135  53.689668
768.315607  53.594751
769.364197  52.799157
770.412905  51.451749
771.461732  44.057416
772.510677  46.947655
773.559741  43.435815
774.608923  57.632430
775.658223  52.523090
776.707641  51.191994
777.757178  44.245801
778.806833  54.728137
779.856607  50.778295
780.906499  58.729359
781.956509  44.337859
783.006637  50.335382
784.056884  55.678003
785.107249  47.884563
786.157733  53.825291
787.208335  46.960540
788.259055  54.372401
789.309894  53.931393
790.360851  54.210425
791.411926  49.224227
792.463120  54.286794
793.514432  54.521020
794.565862  51.823652
795.617411  59.887574
796.669078  49.888425
797.720863  52.233079
798.772767  56.019393
799.824789  54.407619
800.876929  53.698087
801.929188  57.542381
802.981565  55.467687
804.034060  55.727948
805.086674  44.103548
806.139406  64.558193
807.192257  48.331247
808.245225  41.072374
809.298313  50.398432
810.351518  46.961639
811.404842  44.663224
812.458284  53.168394
813.511845  45.560871
814.565523  41.608434
815.619321  56.988530
816.673236  53.815315
817.727270  43.677118
818.781422  40.636576
819.835693  57.134601
820.890082  54.099666
821.944589  44.419616
822.999215  54.152182
824.053958  52.751635
825.108821  47.828470
826.163801  60.185919
827.218900  51.945428
828.274118  58.436775
829.329453  45.467953
830.384907  60.705161
831.440480  55.127564
832.496170  52.587035
833.551979  45.443469
834.607907  48.427774
835.663952  55.836205
836.720117  50.879547
837.776399  51.118162
838.832800  43.815149
839.889319  46.472178
840.945956  49.842270
842.002712  55.970347
843.059586  43.560571
844.116579  43.025536
845.173689  54.576275
846.230919  50.894659
847.288266  48.392007
848.345732  56.773009
849.403316  46.205721
850.461019  55.276876
851.518839  49.899892
852.576779  48.414394
853.634836  52.127361
854.693012  46.871555
855.751306  52.511486
856.809719  58.104938
857.868250  51.742398
858.926899  58.935300
859.985667  46.156487
861.044553  55.935006
862.103557  56.150107
863.162680  48.204677
864.221921  50.526176
865.281280  49.504933
866.340758  58.726724
867.400354  34.802597
868.460068  48.977005
869.519901  53.135496
870.579852  64.001893
871.639921  54.972719
872.700109  51.543832
873.760415  46.119504
874.820839  55.734227
875.881382  59.408845
876.942043  62.005529
878.002823  50.837857
879.063720  54.814960
880.124737  49.556848
881.185871  44.138442
882.247124  50.340029
883.308495  51.067199
884.369985  66.044696
885.431592  56.752924
886.493319  40.655271
887.555163  52.621030
888.617126  55.025077
889.679207  55.497638
890.741407  40.891899
891.803725  56.224544
892.866161  57.296384
893.928716  54.528324
894.991389  48.126157
896.054180  51.629880
897.117090  47.319949
898.180118  55.195506
899.243264  42.618631
900.306529  47.853851
901.369912  52.408076
902.433413  51.528507
903.497033  53.645687
904.560771  50.003560
905.624627  64.663132
906.688602  49.665020
907.752695  44.871402
908.816906  56.394992
909.881236  61.301494
910.945684  57.244190
912.010250  57.102513
913.074935  56.608739
914.139738  34.111334
915.204660  59.122159
916.269700  46.898264
917.334858  48.663911
918.400134  68.725843
919.465529  47.915991
920.531042  51.639114
921.596674  56.137313
922.662424  36.736213
923.728292  51.058103
924.794279  58.188666
925.860383  47.709422
926.926607  56.489060
927.992948  56.843112
929.059408  55.394026
930.125986  52.894167
931.192683  55.100548
932.259498  59.127123
933.326431  39.155802
934.393483  52.409468
935.460653  58.867829
936.527941  47.462596
937.595348  49.279791
938.662873  39.169621
939.730516  47.075478
940.798278  54.253368
941.866158  59.434943
942.934157  67.054937
944.002273  46.994662
945.070508  57.482464
946.138862  61.902519
947.207334  55.864950
948.275924  48.307739
949.344632  62.263006
950.413459  55.531655
951.482404  44.175186
952.551468  53.267297
953.620649  52.009030
954.689950  67.714386
955.759368  45.943337
956.828905  58.567127
957.898560  65.068812
958.968334  67.553272
960.038226  46.725245
961.108236  63.874208
962.178365  49.477886
963.248611  64.360345
964.318977  59.969725
965.389460  57.286722
966.460062  62.817741
967.530783  49.257820
968.601621  58.437570
969.672578  56.785553
970.743654  51.958833
971.814847  62.769460
972.886159  69.472694
973.957590  50.512765
975.029138  59.741102
976.100805  47.732765
977.172591  45.984997
978.244494  53.220026
979.316516  51.094115
980.388657  46.960278
981.460916  65.567635
982.533293  57.265092
983.605788  46.187071
984.678402  64.480226
985.751134  61.908525
986.823985  54.112191
987.896953  56.082737
988.970041  57.554682
990.043246  61.514105
991.116570  52.681401
992.190012  52.878701
993.263573  60.024306
994.337252  60.509337
995.411049  52.124791
996.484964  54.162454
997.558998  54.451628
998.633151  61.431419
999.707421  60.637289
1000.781810  56.065541
1001.856317  64.134559
1002.930943  50.922245
1004.005687  57.313634
1005.080549  63.190753
1006.155530  50.248753
1007.230629  63.573674
1008.305846  54.423132
1009.381182  60.159540
1010.456636  62.127920
1011.532208  51.348828
1012.607899  52.250217
1013.683708  59.980966
1014.759636  42.126950
1015.835681  57.305581
1016.911845  49.491173
1017.988128  47.456754
1019.064529  68.221444
1020.141048  58.773334
1021.217685  49.189130
1022.294441  53.856494
1023.371315  48.153665
1024.448308  49.067832
1025.525419  65.830253
1026.602648  39.782915
1027.679995  57.748943
1028.757461  56.846215
1029.835045  69.692248
1030.912748  46.669764
1031.990569  38.812330
1033.068508  39.402105
1034.146566  49.441180
1035.224742  38.730492
1036.303036  51.190437
1037.381448  45.026312
1038.459979  53.854808
1039.538629  41.048331
1040.617396  52.312571
1041.696282  48.136212
1042.775287  42.422210
1043.854409  42.635738
1044.933650  40.635115
1046.013010  34.003139
1047.092487  48.041121
1048.172083  29.833698
1049.251798  49.446539
1050.331631  39.552015
1051.411582  38.393248
1052.491651  32.685860
1053.571839  44.290500
1054.652145  32.910072
1055.732569  39.199430
1056.813112  42.687238
1057.893773  33.839348
1058.974553  38.690464
1060.055451  37.882594
1061.136467  41.382089
1062.217601  33.273756
1063.298854  27.345862
1064.380225  24.225796
1065.461715  30.561366
1066.543323  25.319596
1067.625049  35.203139
1068.706894  25.275654
1069.788857  23.495912
1070.870938  36.450716
1071.953138  25.353138
1073.035455  25.068519
1074.117892  28.658860
1075.200446  25.200117
1076.283119  24.439198
1077.365911  26.469232
1078.448820  24.018824
1079.531848  31.290063
1080.614995  28.540849
1081.698259  25.821205
1082.781642  25.010825
1083.865144  24.269441
1084.948764  19.935475
1086.032502  24.249323
1087.116358  21.058938
1088.200333  15.768810
1089.284426  21.032927
1090.368637  21.201201
1091.452967  26.854602
1092.537415  22.066396
1093.621982  19.412834
1094.706667  32.818199
1095.791470  16.367891
1096.876391  28.531428
1097.961431  18.118132
1099.046589  20.626986
1100.131866  19.662295
1101.217261  15.678639
1102.302774  19.233310
1103.388405  23.501138
1104.474155  17.325811
1105.560024  27.094686
1106.646010  18.785125
1107.732115  18.100747
1108.818338  13.539569
1109.904680  24.852979
1110.991140  15.539406
1112.077718  17.089261
1113.164415  15.028134
1114.251230  22.100432
1115.338163  18.340177
1116.425215  18.076595
1117.512385  20.366080
1118.599673  15.618139
1119.687080  14.459641
1120.774605  13.905386
1121.862249  20.464346
1122.950010  18.121246
1124.037890  17.367172
1125.125889   8.947407
1126.214006  16.203077
1127.302241  19.247270
1128.390594  16.662063
1129.479066  15.330002
1130.567656  12.935650
1131.656365  16.166351
1132.745191  12.660510
1133.834137  17.894649
1134.923200  12.169590
1136.012382  18.031285
1137.101682  16.628338
1138.191101  16.813227
1139.280638  11.514863
1140.370293  20.055023
1141.460067  18.766977
1142.549958   9.508202
1143.639969  17.431861
1144.730097  11.555296
1145.820344  16.102598
1146.910710  10.312526
1148.001193  12.378763
1149.091795  15.158507
1150.182516  14.164444
1151.273354  12.943103
1152.364311  16.331757
1153.455387  18.821479
1154.546580  10.302421
1155.637892  13.904456
1156.729323   9.645035
1157.820871  20.258288
1158.912539  10.004110
1160.004324  14.216607
1161.096228  12.891250
1162.188250  12.430479
1163.280390  17.441841
1164.372649  11.186013
1165.465026   8.499996
1166.557522  15.068824
1167.650136  19.045553
1168.742868  15.336038
1169.835718  10.128554
1170.928687   9.219951
1172.021774  10.372532
1173.114980  10.465103
1174.208304  15.339807
1175.301746  24.199930
1176.395306  12.778233
1177.488985  18.231403
1178.582783  11.126110
1179.676698  12.150808
1180.770732  15.814579
1181.864885  16.430702
1182.959155  15.748803
1184.053544  11.830868
1185.148051  11.158535
1186.242677  10.467676
1187.337421  14.536244
1188.432283  20.202043
1189.527264  13.568501
1190.622363  13.518573
1191.717581  16.573146
1192.812916  16.448198
1193.908370  12.606712
1195.003943  20.292381
1196.099634  19.332650
1197.195443  22.184827
1198.291370  17.622332
1199.387416  19.063707
1200.483580  10.491692
1201.579862  14.253622
1202.676263  20.048179
1203.772782  19.719367
1204.869420  18.866887
1205.966176  18.725911
1207.063050  18.385363
1208.160042  27.192897
1209.257153  31.472824
1210.354383  16.469533
1211.451730  28.064764
1212.549196  13.271391
1213.646780  24.558003
1214.744483  35.659501
1215.842304  37.085735
1216.940243  28.551734
1218.038301  30.554529
1219.136477  31.664702
1220.234771  32.132249
1221.333184  30.935824
1222.431715  36.178683
1223.530364  42.939228
1224.629132  45.030492
1225.728018  39.871876
1226.827022  50.792205
1227.926145  47.387385
1229.025386  50.887189
1230.124745  41.185174
1231.224223  65.573446
1232.323819  51.219215
1233.423533  65.958600
1234.523366  56.165461
1235.623317  69.736807
1236.723387  62.223782
1237.823575  72.478703
1238.923881  78.821048
1240.024305  80.191464
1241.124848  72.253913
1242.225509  80.842480
1243.326289  97.118833
1244.427187 105.058720
1245.528203  87.400488
1246.629337 105.815096
1247.730590 118.129601
1248.831961  91.787505
1249.933451 117.270565
1251.035059 119.834689
1252.136785 123.111684
1253.238630 131.062996
1254.340593 128.101600
1255.442674 131.798772
1256.544874 124.756947
1257.647192 134.660740
1258.749628 127.156505
1259.852183 167.760405
1260.954856 160.674272
1262.057647 154.605064
1263.160557 163.878696
1264.263585 150.251462
1265.366731 148.038272
1266.469996 173.884631
1267.573379 163.403102
1268.676880 184.896673
1269.780500 152.775433
1270.884238 161.283478
1271.988095 175.075336
1273.092070 171.987195
1274.196163 198.247910
1275.300374 178.412865
1276.404704 162.527298
1277.509152 156.268094
1278.613719 187.338248
1279.718403 168.440258
1280.823207 163.985981
1281.928128 162.684104
1283.033168 151.960000
1284.138326 144.929342
1285.243603 183.781778
1286.348998 153.572699
1287.454511 159.311466
1288.560143 161.092312
1289.665893 153.458427
1290.771761 145.999631
1291.877747 137.083428
1292.983852 148.891348
1294.090076 137.066678
1295.196417 138.778263
1296.302877 133.949349
1297.409456 125.590239
1298.516152 143.554506
1299.622967 107.711543
1300.729901 119.377392
1301.836953 118.189184
1302.944123 121.244047
1304.051411  99.477576
1305.158818  95.645001
1306.266343  97.240383
1307.373986  88.991688
1308.481748  75.017907
1309.589628  83.852319
1310.697627  88.439786
1311.805743  85.020670
1312.913979  78.508612
1314.022332  63.103352
1315.130804  79.532438
1316.239394  56.347651
1317.348103  48.788361
1318.456930  53.133997
1319.565875  64.876972
1320.674938  51.478618
1321.784120  40.822763
1322.893420  44.050433
1324.002839  40.845799
1325.112376  39.535726
1326.222031  38.232943
1327.331805  29.666840
1328.441697  30.298971
1329.551707  30.994854
1330.661836  29.555143
1331.772083  31.627767
1332.882448  29.491639
1333.992932  17.095307
1335.103534  23.215633
1336.214254  25.252340
1337.325093  15.921268
1338.436050  24.985568
1339.547125  20.489066
1340.658319  17.201247
1341.769631  11.981887
1342.881062  14.753523
1343.992610  15.404187
1345.104277  19.642204
1346.216063  17.508851
1347.327967  10.765622
1348.439989  12.551889
1349.552129   7.412894
1350.664388  16.170042
1351.776765  16.817314
1352.889261   9.447006
1354.001875   6.780055
1355.114607   9.064355
1356.227457   7.211439
1357.340426  10.197896
1358.453514   9.366581
1359.566719   4.471240
1360.680043  10.097132
1361.793485  10.098009
1362.907046   7.735818
1364.020725   7.413229
1365.134522   9.119034
1366.248438   6.451830
1367.362472  10.737776
1368.476624   5.140298
1369.590895   8.136843
1370.705284   6.137932
1371.819791   5.711408
1372.934417   4.693302
1374.049161   8.642825
1375.164023   6.888016
1376.279004   3.737181
1377.394103   5.558835
1378.509320   9.019548
1379.624656   7.485918
1380.740110   6.436282
1381.855683   7.378790
1382.971374   3.480989
1384.087183   4.157552
1385.203110   3.035565
1386.319156   4.884215
1387.435320   6.270502
1388.551603   2.738026
1389.668003   9.010391
1390.784523   3.257410
1391.901160   6.163292
1393.017916   5.848776
1394.134790   3.002596
1395.251783   4.090487
1396.368894   7.462529
1397.486123   0.436150
1398.603471   3.261290
1399.720936   2.645919
1400.838521   3.907565
1401.956223   3.875162
1403.074044   3.370234
1404.191984   4.355500
1405.310041   6.126709
1406.428217   4.099666
1407.546512   2.579880
1408.664924   7.493074
1409.783455   3.931382
1410.902105   3.681555
1412.020872   3.340286
1413.139759   4.298622
1414.258763   4.771228
1415.377886   3.019298
1416.497127   3.232516
1417.616486   4.865889
1418.735964   4.248271
1419.855560   3.228373
1420.975275   2.457202
1422.095107   4.112705
1423.215058   2.642045
1424.335128   4.297847
1425.455316   4.559100
1426.575622   2.185521
1427.696047   4.692610
1428.816589   6.551508
1429.937251   4.031450
1431.058030   5.634981
1432.178928   2.809947
1433.299944   7.303202
1434.421079   5.310474
1435.542332   7.925529
1436.663703   4.379246
1437.785193   3.453520
1438.906801   7.954866
1440.028527   5.662641
1441.150372   7.969603
1442.272335   9.501807
1443.394416   0.340042
1444.516616   7.153798
1445.638934   8.319274
1446.761370   8.099737
1447.883925   4.235819
1449.006598   4.784598
1450.129389   3.172430
1451.252299   8.172069
1452.375327   6.230934
1453.498473   4.354977
1454.621738   7.602830
1455.745121   7.804767
1456.868623   9.483705
1457.992242   4.289782
1459.115981   6.945808
1460.239837   4.999032
1461.363812  10.225057
1462.487905   9.570118
1463.612117   4.498394
1464.736446   6.558851
1465.860895   5.427659
1466.985461   8.229549
1468.110146   6.548712
1469.234949   5.673008
1470.359871   5.152315
1471.484911   8.525179
1472.610069   6.012042
1473.735346   6.085482
1474.860740   7.920891
1475.986254   5.180299
1477.111885   5.820270
1478.237635   8.264552
1479.363504   9.711000
1480.489490   9.277219
1481.615595   5.951329
1482.741819   5.749864
1483.868160   5.280614
1484.994620   1.842186
1486.121199   8.479081
1487.247896   1.545095
1488.374711   6.679155
1489.501644   3.948761
1490.628696   5.685802
1491.755866   2.104160
1492.883154   7.564597
1494.010561   4.048132
1495.138086   2.494003
1496.265730   2.806326
1497.393491   2.584622
1498.521372   3.192930
1499.649370   4.465565
1500.777487   9.327703
1501.905722  -0.335553
1503.034076   3.957652
1504.162548   2.449785
1505.291138   3.939350
1506.419846   3.817086
1507.548673   1.354531
1508.677618   1.701879
1509.806682   2.750540
1510.935864   0.926805
1512.065164   3.472649
1513.194583   2.361397
1514.324120   2.332233
1515.453775   1.689177
1516.583549   4.126846
1517.713441   2.412051
1518.843451   0.433904
1519.973580   3.012709
1521.103827   1.740411
1522.234192   1.765999
1523.364676   1.054308
1524.495278   1.169982
1525.625998   2.757718
1526.756837   2.498241
1527.887794   0.190561
1529.018870   1.907406
1530.150063   2.880273
1531.281376   0.755330
1532.412806  -0.265775
1533.544355   2.429155
1534.676022   2.491427
1535.807807   1.252128
1536.939711   1.885508
1538.071733   0.359616
1539.203874   3.825462
1540.336133   1.023395
1541.468510   2.333700
1542.601006   1.514233
1543.733619   1.617623
1544.866352   1.132181
1545.999202   2.216750
1547.132171   1.886232
1548.265258  -0.362345
1549.398464   1.458580
1550.531788   0.380416
1551.665230   2.905485
1552.798791   1.451986
1553.932470   2.540132
1555.066267   1.800219
1556.200183   1.889742
1557.334217   0.267859
1558.468369   2.525077
1559.602640   1.703539
1560.737029   1.015021
1561.871536  -0.055247
1563.006162   0.515344
1564.140906   2.150026
1565.275769   0.686011
1566.410749   1.009041
1567.545848   2.045080
1568.681066   1.322586
1569.816402  -0.295633
1570.951856   0.584633
1572.087428   0.071253
1573.223119   0.845694
1574.358928   2.841627
1575.494856   0.527085
1576.630902   0.068759
1577.767066   0.200943
1578.903348   1.056101
1580.039749   0.710542
1581.176268   0.578621
1582.312906   1.387558
1583.449662   0.899573
1584.586536   1.262441
1585.723529   0.274673
1586.860640   0.798686
1587.997869   1.123594
1589.135217   0.884151
1590.272683   1.694920
1591.410267   0.600810
1592.547970   0.193977
1593.685791  -0.065508
1594.823730   1.742540
1595.961788  -0.079426
1597.099964   0.907537
1598.238258   1.254138
1599.376671   0.462527
1600.515202   1.970509
1601.653851   1.401911
1602.792619   1.201244
1603.931505   0.985022
1605.070509   0.761335
1606.209632  -0.059459
1607.348873   3.765439
1608.488233   0.493483
1609.627711   0.348410
1610.767307   0.399745
1611.907021   2.647204
1613.046854  -0.424753
1614.186805   1.281328
1615.326875   0.228769
1616.467063  -0.081115
1617.607369   1.054136
1618.747793   1.001395
1619.888336   0.965544
1621.028998   0.089190
1622.169777   0.269355
1623.310675  -0.109753
1624.451691   0.174753
1625.592826   1.160086
1626.734079  -0.136328
1627.875450   1.146518
1629.016940  -0.024684
1630.158548   0.762963
1631.300274   0.197715
1632.442119   0.071033
1633.584082   1.683962
1634.726163   0.931997
1635.868363   1.147722
1637.010681   1.633780
1638.153117   0.923906
1639.295672   1.080092
1640.438345  -0.178321
1641.581137   0.159981
1642.724046   1.132302
1643.867075   2.792813
1645.010221   0.910127
1646.153486   1.962713
1647.296869  -0.339150
1648.440370   1.148861
1649.583990   0.491750
1650.727728   0.794599
1651.871585   0.008925
1653.015560   2.244726
1654.159653   1.951030
1655.303865  -0.081475
1656.448194   0.914149
1657.592643   0.743664
1658.737209   1.020933
1659.881894   1.992293
1661.026697  -0.085015
1662.171619   0.811508
1663.316659   1.174911
1664.461817   2.657743
1665.607094   0.378327
1666.752489   1.375310
1667.898002   2.268992
1669.043634  -0.027651
1670.189384   1.797008
1671.335252  -0.125664
1672.481239  -0.061386
1673.627344   2.065195
1674.773567   0.682259
1675.919909   0.167859
1677.066369   0.010200
1678.212947  -0.013544
1679.359644  -0.199562
1680.506459   1.394913
1681.653393   0.769257
1682.800445   0.267768
1683.947615   2.787103
1685.094903   1.553360
1686.242310   1.009243
1687.389835  -0.022897
1688.537479   0.883736
1689.685240  -0.345748
1690.833121   2.444936
1691.981119   1.999603
1693.129236   0.708304
1694.277471   0.902928
1695.425825   2.224334
1696.574297  -0.088206
1697.722887  -0.014506
1698.871596  -0.114951
1700.020423   0.214121
1701.169368  -0.105319
1702.318431   0.125507
1703.467613   0.952507
1704.616914   1.305989
1705.766332  -0.139905
1706.915869   0.247384
1708.065525   0.929585
1709.215298  -0.052837
1710.365190   0.024757
1711.515201   0.895361
1712.665330   2.936617
1713.815577   0.730552
1714.965942  -0.491247
1716.116426   1.666371
1717.267028   0.830440
1718.417748   1.521474
1719.568587   0.039630
1720.719544   1.747090
1721.870620   0.912711
1723.021813   0.192593
1724.173126   0.924980
1725.324556  -0.134046
1726.476105   1.125663
1727.627772  -0.039450
1728.779558  -0.001313
1729.931461   0.020931
1731.083484   0.806302
1732.235624   0.071923
1733.387883   1.126815
1734.540260  -0.199521
1735.692756   2.229508
1736.845370   2.876307
1737.998102  -0.444123
1739.150953   1.544631
1740.303922   0.834494
1741.457009   1.075888
1742.610215  -0.010636
1743.763539   0.951737
1744.916981   0.874648
1746.070542  -0.051531
1747.224221   0.045312
1748.378018   1.737869
1749.531934  -0.027753
1750.685968  -0.017718
1751.840120   0.314142
1752.994391   0.961817
1754.148780   1.207917
1755.303287   1.128193
1756.457913   0.919091
1757.612657   0.871112
1758.767520  -0.138734
1759.922500   1.011865
1761.077600   0.139163
1762.232817  -0.206738
1763.388153   0.288462
1764.543607   0.931253
1765.699180   0.252120
1766.854870   0.934290
1768.010680   0.326110
1769.166607  -0.193015
1770.322653   0.264673
1771.478817   0.126802
1772.635100   1.008122
1773.791501  -0.163349
1774.948020   0.517356
1776.104658   2.122478
1777.261413   0.875821
1778.418288   0.772153
1779.575280   0.022002
1780.732391   0.104067
1781.889621   0.975258
1783.046968   2.121002
1784.204434   0.964486
1785.362019   0.974990
1786.519721   0.127072
1787.677542  -0.194568
1788.835482   0.337239
1789.993540   3.042994
1791.151716   0.771398
1792.310010   2.029301
1793.468423   0.877165
1794.626954   0.788249
1795.785603   0.117261
1796.944371  -0.099031
1798.103257   0.068252
1799.262262   0.111398
1800.421384   1.128667
1801.580626  -0.001685
1802.739985   0.987301
1803.899463   1.754499
1805.059059   0.816221
1806.218774   0.193253
1807.378607   0.092307
1808.538558   0.206036
1809.698627   0.942751
1810.858815  -0.243150
1812.019121   0.258146
1813.179546   1.146042
1814.340089   0.724894
1815.500750   0.329794
1816.661530   1.834541
1817.822428   0.927992
1818.983444   0.104830
1820.144579  -0.278030
1821.305832   0.513560
1822.467203   1.026340
1823.628693   1.763374
1824.790301   0.100891
1825.952027   0.979326
1827.113872   0.908098
1828.275835  -0.044182
1829.437916  -0.003161
1830.600116  -0.000229
1831.762434  -0.000050
1832.924871  -0.000470
1834.087425  -0.006520
1835.250098  -0.090623
1836.412890   0.196543
1837.575800   1.809393
1838.738828  -0.087877
1839.901974   1.257102
1841.065239  -0.085892
1842.228622   1.102973
1843.392124  -0.026914
1844.555744   0.026144
1845.719482   1.002955
1846.883338   1.870459
1848.047313  -0.062178
1849.211407   0.862894
1850.375618   0.181119
1851.539948   2.868303
1852.704396  -0.181145
1853.868963   1.086329
1855.033648  -0.123828
1856.198451   0.069653
1857.363373   1.013843
1858.528413   0.020615
1859.693571   0.061590
1860.858848   0.152370
1862.024243   0.003850
1863.189756  -0.094625
1864.355388   0.047569
1865.521138   0.085457
1866.687006   1.110765
1867.852993   0.001024
1869.019098   1.005200
1870.185321   1.893729
1871.351663   0.710819
1872.518123   0.232396
1873.684702   0.017558
1874.851399   0.019763
1876.018214   0.897384
1877.185147   1.054217
1878.352199  -0.114489
1879.519369   0.126919
1880.686658  -0.053953
1881.854065   1.086333
1883.021590  -0.149722
1884.189233   2.186280
1885.356995  -0.050788
1886.524875  -0.008070
1887.692874  -0.062224
1888.860991   1.086955
1890.029226  -0.107199
1891.197580   0.142608
1892.366052   0.889900
1893.534642   0.089400
1894.703351  -0.059904
1895.872177   1.009173
1897.041123   0.101191
1898.210186   0.006665
1899.379368  -0.005252
1900.548669  -0.079941
1901.718087   0.144942
1902.887624   0.974955
1904.057280  -0.038190
1905.227054  -0.094441
1906.396946  -0.039867
1907.566956   0.249613
1908.737085   0.019096
1909.907332   0.022684
1911.077697   0.969695
1912.248181  -0.015454
1913.418783   0.890742
1914.589504   0.127581
1915.760342   1.933713
1916.931300  -0.215866
1918.102375   0.247922
1919.273569   0.985807
1920.444881  -0.033176
1921.616312  -0.058545
1922.787861   1.085699
1923.959528  -0.001705
1925.131313   0.963830
1926.303217  -0.111460
1927.475239   0.033281
1928.647380   0.118629
1929.819639   0.008362
1930.992016   0.000578
1932.164512  -0.000233
1933.337126  -0.003826
1934.509858  -0.053158
1935.682709   1.101007
1936.855678   0.952890
1938.028765  -0.028166
1939.201971   0.019096
1940.375295   0.994894
1941.548737   0.963357
1942.722298   0.905915
1943.895977   1.951214
1945.069774   0.049119
1946.243690  -0.064140
1947.417724   0.160540
1948.591876   2.934335
1949.766147  -0.080114
1950.940536  -0.006355
1952.115044  -0.009230
1953.289670  -0.122445
1954.464414   1.172026
1955.639276  -0.061965
1956.814257   1.094698
1957.989356   0.976562
1959.164574   0.945093
1960.339910  -0.101518
1961.515364   0.025649
1962.690936   0.102326
1963.866627   0.004969
1965.042436  -0.031030
1966.218364   2.051541
1967.394410  -0.047803
1968.570574  -0.069073
1969.746857   0.108223
1970.923258   0.955202
1972.099777   2.027471
1973.276415  -0.042678
1974.453171   0.009696
1975.630045   0.913242
1976.807038   0.047160
1977.984149  -0.255161
1979.161378   0.357285
1980.338726   0.055917
1981.516192   1.912788
1982.693776   0.958610
1983.871479   0.066624
1985.049300   0.005997
1986.227239   0.018451
1987.405297   0.999049
1988.583473   0.959586
1989.761768  -0.028736
1990.940180  -0.068143
1992.118711   0.021367
1993.297361   0.089372
1994.476129   0.018235
1995.655015   0.922689
1996.834019   0.054615
1998.013142  -0.065087
1999.192383  -0.043951
2000.371743   0.105215
2001.551221   0.090818
2002.730817   0.006390
2003.910532  -0.000150
2005.090365  -0.008408
2006.270316  -0.116994
2007.450385   0.149138
2008.630573  -0.047222
2009.810880   0.072321
2010.991304  -0.051809
2012.171847   0.074861
2013.352508   0.002339
2014.533288  -0.040869
2015.714186   1.059589
2016.895202  -0.014297
2018.076337  -0.002879
2019.257590  -0.025966
2020.438962   2.041355
2021.620451  -0.086480
2022.802059   0.078304
2023.983786   0.934079
2025.165630  -0.006665
2026.347594   0.015170
2027.529675   0.020397
2028.711875   0.074069
2029.894193   0.019258
2031.076629   0.988748
2032.259184  -0.017676
2033.441857  -0.001528
2034.624649  -0.003815
2035.807559  -0.051586
2036.990587   0.057319
2038.173733  -0.094349
2039.356998   0.155187
2040.540381   2.001624
2041.723883   0.958985
2042.907503   0.008612
2044.091241   1.993599
2045.275098   0.983512
2046.459073   1.962012
2047.643166  -0.033323
2048.827377  -0.001460
2050.011707   0.012540
2051.196156   0.990778
2052.380722  -0.015553
2053.565407  -0.001363
2054.750211  -0.003634
2055.935132  -0.049196
2057.120172   0.010778
2058.305331   0.059945
2059.490607   0.005111
2060.676002   0.012269
2061.861516   0.992011
2063.047147  -0.013971
2064.232898   0.005026
2065.418766   0.913966
2066.604753   1.040523
2067.790858   0.044665
2068.977081   0.003003
2070.163423  -0.002001
2071.349883  -0.030759
2072.536462   1.041139
2073.723159  -0.039887
2074.909974   1.041918
2076.096907  -0.009772
2077.283959  -0.003020
2078.471129  -0.032338
2079.658418   0.998761
2080.845825  -0.001846
2082.033350   0.043511
2083.220993  -0.075783
2084.408755   0.063514
2085.596636   1.045942
2086.784634  -0.008495
2087.972751  -0.003457
2089.160986  -0.039645
2090.349340   0.007396
2091.537812   0.055721
2092.726402   0.998193
2093.915111  -0.010486
2095.103938   0.006194
2096.292883   0.960654
2097.481947   0.037246
2098.671129   0.972338
2099.860429   1.024746
2101.049848  -0.008440
2102.239385  -0.000733
2103.429041  -0.001903
2104.618814  -0.025661
2105.808706   1.009727
2106.998717   1.025690
2108.188846  -0.009502
2109.379093  -0.025709
2110.569458   1.001522
2111.759942   0.036445
2112.950544   0.996795
2114.141265  -0.032166
2115.332104   1.014011
2116.523061   1.990982
2117.714136   0.017261
2118.905330   0.001248
2120.096642   0.000488
2121.288073   0.005528
2122.479622   0.970020
2123.671289   0.029742
2124.863075   0.996922
2126.054979  -0.034486
2127.247001   0.028815
2128.439141   0.000223
2129.631400  -0.024893
2130.823778   0.035062
2132.016273   1.001148
2133.208887   0.012977
2134.401620   2.999311
2135.594470   0.974938
2136.787439  -0.031431
2137.980527   0.031507
2139.173732   1.004336
2140.367057   0.969723
2141.560499   0.023564
2142.754060   1.003962
2143.947739   0.973908
2145.141536   0.978890
2146.335452   1.044214
2147.529486   0.995188
2148.723639  -0.008891
2149.917909  -0.039487
2151.112298   0.041717
2152.306806   0.002932
2153.501432   0.000206
2154.696176   0.000014
2155.891038   0.000001
2157.086019   0.000002
2158.281119   0.000027
2159.476336   0.000367
2160.671672   0.005005
2161.867126   1.007853
2163.062699   1.997066
2164.258390   0.977956
2165.454199   0.995268
2166.650127   0.010995
2167.846172  -0.013290
2169.042337   0.013918
2170.238619  -0.008490
2171.435020   1.016676
2172.631540   0.996828
2173.828177  -0.003642
2175.024933  -0.000314
2176.221808  -0.000847
2177.418800  -0.011173
2178.615911   0.010429
2179.813141  -0.010299
2181.010489   0.000881
2182.207955   0.015856
2183.405539   1.999600
2184.603242  -0.012096
2185.801063   0.998471
2186.999002  -0.010060
2188.197060   0.008708
2189.395236   0.008688
2190.593531   0.000428
2191.791944  -0.002102
2192.990475   2.994795
2194.189124   1.001709
2195.387892   0.005610
2196.586778   0.994725
2197.785783  -0.002189
2198.984906  -0.008557
2200.184147   0.008271
2201.383506   0.004163
2202.582984  -0.002007
2203.782581   1.002757
2204.982295  -0.000464
2206.182128  -0.000038
2207.382079  -0.000122
2208.582149  -0.001258
2209.782340   0.000017
2210.982664   0.000524
2212.183068   1.000000
