2019_09_26_18_56_23_583 /home/raspion_user/data/Beacon_efficiency_57Co_50cm.sp 464639 1800.002 1772.992 2.734449 0.445175  0.0000147857
  2.734449   1.000000
  3.625059   0.000105
  4.515817   0.000015
  5.406682   0.000002
  6.297663   0.000000
  7.188763  -0.000000
  8.079980  -0.000000
  8.971316  -0.000004
  9.862771  -0.000071
 10.754344  -0.001119
 11.646035   0.997393
 12.537844   3.010597
 13.429772   6.990406
 14.321818   9.036930
 15.213983  12.017297
 16.106265   8.018034
 16.998667  23.026346
 17.891186  26.022630
 18.783824  36.116193
 19.676580  53.892555
 20.569455  74.233664
 21.462448  91.042201
 22.355559 110.106614
 23.248789 139.942233
 24.142136 140.177229
 25.035603 138.290394
 25.929187 169.929929
 26.822890 151.841716
 27.716712 162.051380
 28.610651 171.417313
 29.504709 130.845229
 30.398886 143.780703
 31.293180 144.784318
 32.187593 131.641109
 33.082125 107.059336
 33.976774 122.186464
 34.871542  95.198301
 35.766429 117.002468
 36.661434 135.746499
 37.556557 115.229941
 38.451798 126.930124
 39.347158 126.115449
 40.242636 149.323495
 41.138232 132.093484
 42.033947 136.871512
 42.929780 150.574552
 43.825732 152.120108
 44.721802 150.128085
 45.617990 178.421574
 46.514296 185.728668
 47.410721 184.700439
 48.307264 211.906754
 49.203926 217.585919
 50.100706 258.517561
 50.997604 206.077624
 51.894621 240.731158
 52.791755 259.487552
 53.689009 286.025642
 54.586380 280.327161
 55.483870 303.991527
 56.381479 324.503667
 57.279205 375.235416
 58.177050 401.055944
 59.075014 437.333103
 59.973095 482.731560
 60.871295 475.828116
 61.769614 501.070616
 62.668050 616.257854
 63.566605 572.054673
 64.465279 652.255619
 65.364070 646.708531
 66.262980 706.425122
 67.162009 686.316449
 68.061156 717.842371
 68.960421 770.900075
 69.859804 802.169670
 70.759306 702.126698
 71.658926 704.402378
 72.558665 683.697653
 73.458521 691.467656
 74.358496 691.304214
 75.258590 706.064388
 76.158802 705.295062
 77.059132 674.551211
 77.959581 671.628763
 78.860147 690.458256
 79.760833 675.482928
 80.661636 707.476781
 81.562558 686.726505
 82.463598 750.016491
 83.364757 730.221670
 84.266034 854.856433
 85.167429 770.331066
 86.068943 887.853331
 86.970575 836.043949
 87.872325 952.206081
 88.774194 1012.729657
 89.676181 1046.870686
 90.578286 1089.203007
 91.480510 1068.990828
 92.382852 1096.491769
 93.285312 1225.324972
 94.187891 1280.336758
 95.090588 1296.321828
 95.993403 1234.570090
 96.896337 1335.990504
 97.799389 1305.432343
 98.702560 1376.956493
 99.605848 1339.778026
100.509255 1337.375183
101.412781 1364.297193
102.316425 1303.363561
103.220187 1344.423441
104.124067 1382.028230
105.028066 1374.736316
105.932183 1453.863067
106.836419 1444.320231
107.740773 1545.940358
108.645245 1658.036829
109.549835 1731.088706
110.454544 1853.831579
111.359372 2079.318592
112.264317 2210.357970
113.169381 2657.167626
114.074563 2874.462921
114.979864 3422.788451
115.885283 3730.479533
116.790820 4312.350556
117.696476 4458.874117
118.602250 4981.159215
119.508142 5273.071243
120.414153 5521.374602
121.320282 5559.197482
122.226529 5718.325077
123.132895 5526.321291
124.039379 5406.925388
124.945981 4891.026022
125.852702 4857.664086
126.759541 4498.409128
127.666499 4221.881906
128.573574 3773.142687
129.480768 3562.281340
130.388081 3189.677192
131.295512 2777.108379
132.203061 2551.427235
133.110728 2286.634853
134.018514 2049.636458
134.926418 1808.767879
135.834441 1675.378910
136.742582 1464.096986
137.650841 1366.830869
138.559218 1277.118944
139.467714 1089.564264
140.376328 1006.557915
141.285061 938.180622
142.193912 872.901113
143.102881 746.801353
144.011969 705.457875
144.921175 686.596753
145.830499 617.740578
146.739942 594.251657
147.649503 506.323043
148.559182 533.608209
149.468980 440.118113
150.378896 404.522462
151.288930 423.872956
152.199083 356.434796
153.109354 359.621467
154.019743 311.132981
154.930251 360.908805
155.840877 309.980778
156.751621 304.396309
157.662484 270.631587
158.573465 287.920195
159.484565 296.746045
160.395782 291.027351
161.307118 290.492142
162.218573 295.603775
163.130146 289.140110
164.041837 284.212925
164.953646 263.301658
165.865574 277.876464
166.777620 297.752429
167.689785 282.140388
168.602068 263.379548
169.514469 260.101537
170.426989 277.790118
171.339626 274.883977
172.252383 273.294980
173.165257 252.577291
174.078250 264.447521
174.991361 278.968409
175.904591 263.364746
176.817939 253.080159
177.731405 268.822687
178.644990 255.740655
179.558693 261.583436
180.472514 241.340297
181.386454 235.978851
182.300512 232.623851
183.214688 210.284062
184.128983 225.101333
185.043396 230.082521
185.957928 239.887647
186.872577 212.822205
187.787345 232.949998
188.702232 209.187403
189.617237 220.457330
190.532360 215.070618
191.447601 220.985608
192.362961 183.324907
193.278439 224.986231
194.194036 183.073387
195.109750 188.275336
196.025584 196.807742
196.941535 200.878740
197.857605 185.916264
198.773793 171.191734
199.690100 164.575446
200.606525 212.012385
201.523068 184.375072
202.439729 162.463260
203.356509 193.948788
204.273408 183.269879
205.190424 181.523216
206.107559 178.973853
207.024812 171.128256
207.942184 179.122351
208.859674 165.800597
209.777282 188.674566
210.695009 175.571174
211.612854 181.900318
212.530817 168.813817
213.448899 166.656837
214.367099 185.930670
215.285418 166.925901
216.203854 171.660593
217.122409 166.564415
218.041083 157.969841
218.959874 184.244717
219.878785 180.690737
220.797813 167.901530
221.716960 161.445939
222.636225 150.878018
223.555608 146.700352
224.475110 163.757097
225.394730 166.968996
226.314469 178.826573
227.234326 169.106351
228.154301 160.350315
229.074394 154.706118
229.994606 162.025345
230.914937 135.870539
231.835385 158.921361
232.755952 134.163817
233.676637 148.667712
234.597441 155.186505
235.518363 136.752413
236.439403 161.733491
237.360562 151.987298
238.281839 139.026949
239.203234 136.014811
240.124748 147.062424
241.046380 141.318685
241.968130 121.721563
242.889999 147.554562
243.811986 139.774654
244.734091 125.409139
245.656315 129.711176
246.578657 119.863044
247.501117 130.095719
248.423696 125.352313
249.346393 132.782348
250.269209 118.796499
251.192142 113.233973
252.115194 116.818319
253.038365 110.089272
253.961654 102.721116
254.885061 106.750377
255.808586 123.673808
256.732230 106.829324
257.655992 116.351420
258.579873  94.698102
259.503872 127.566672
260.427989 108.648746
261.352224 117.498128
262.276578 111.250549
263.201051 109.169431
264.125641 100.836851
265.050350 108.337477
265.975177  93.179236
266.900123 114.569712
267.825187  96.416613
268.750369 120.393950
269.675670  94.436899
270.601089  91.066774
271.526626  85.852388
272.452282  81.415202
273.378056  91.924233
274.303948 107.700634
275.229959  99.932945
276.156088  97.711503
277.082335  71.918727
278.008701 106.863952
278.935185 101.806474
279.861788  87.178281
280.788508  95.913566
281.715348 100.695025
282.642305  94.935647
283.569381  90.731440
284.496575  87.520536
285.423887  84.150280
286.351318  66.242604
287.278867  90.678059
288.206535  81.256189
289.134321  92.149151
290.062225  69.830209
290.990247  73.959789
291.918388  94.792746
292.846648  71.457979
293.775025  84.473785
294.703521  95.698436
295.632135  80.796095
296.560868  78.264251
297.489719  79.647856
298.418688  67.619491
299.347776  91.619594
300.276982  70.964152
301.206306  71.091823
302.135749  71.268914
303.065310  67.707998
303.994989  67.059137
304.924787  75.879332
305.854703  81.388738
306.784737  79.708504
307.714890  50.970956
308.645161  79.796914
309.575550  72.423889
310.506058  70.352579
311.436684  68.048647
312.367429  70.053428
313.298292  71.017583
314.229273  64.281906
315.160372  76.878603
316.091590  60.417117
317.022926  68.500646
317.954381  74.475593
318.885953  78.023265
319.817645  71.815713
320.749454  59.803559
321.681382  59.897046
322.613428  67.337769
323.545593  66.924108
324.477876  61.401143
325.410277  73.555977
326.342797  69.880173
327.275434  62.499143
328.208191  65.829512
329.141065  65.788320
330.074058  59.974881
331.007170  56.965383
331.940399  56.143459
332.873747  64.339642
333.807214  61.800930
334.740798  60.715041
335.674501  65.522649
336.608323  62.422613
337.542262  73.842958
338.476320  55.476210
339.410497  63.594871
340.344792  67.697176
341.279205  58.488128
342.213736  59.228728
343.148386  54.461557
344.083154  60.574481
345.018040  61.005220
345.953045  54.343908
346.888168  51.708741
347.823410  49.714615
348.758770  61.619163
349.694248  57.650550
350.629844  54.848734
351.565559  50.703174
352.501392  61.222644
353.437344  58.171309
354.373414  53.449149
355.309602  59.632327
356.245909  45.756575
357.182334  39.108595
358.118877  57.196987
359.055539  44.236739
359.992318  59.669695
360.929217  56.812285
361.866233  42.334139
362.803368  37.201959
363.740622  58.694765
364.677993  51.160912
365.615483  55.567097
366.553092  44.980943
367.490818  48.562282
368.428663  42.275810
369.366627  53.119890
370.304709  47.766850
371.242909  56.076690
372.181227  45.282225
373.119664  43.740343
374.058219  50.075671
374.996892  53.901864
375.935684  45.317649
376.874594  39.862088
377.813623  38.303786
378.752770  49.086346
379.692035  42.253185
380.631418  48.564125
381.570920  43.314719
382.510540  46.598903
383.450279  46.249148
384.390136  35.402020
385.330111  30.371703
386.270205  44.596669
387.210416  51.646999
388.150747  45.117029
389.091195  39.042931
390.031762  42.420274
390.972448  43.748832
391.913251  40.573406
392.854173  36.315897
393.795213  40.683589
394.736372  44.924518
395.677649  44.402729
396.619044  35.334195
397.560558  54.286118
398.502190  37.400866
399.443941  47.721084
400.385809  41.137648
401.327796  49.396776
402.269902  42.899121
403.212125  46.406632
404.154468  39.376500
405.096928  33.042843
406.039507  35.863151
406.982204  45.221216
407.925019  38.302427
408.867953  35.825286
409.811005  51.194282
410.754176  40.565944
411.697465  35.271579
412.640872  41.735353
413.584397  42.770219
414.528041  38.041242
415.471803  30.840449
416.415684  36.416409
417.359683  43.482085
418.303800  32.797394
419.248036  46.111689
420.192390  33.107682
421.136862  32.241387
422.081453  29.617977
423.026162  43.624642
423.970989  41.045423
424.915934  33.027589
425.860998  41.637283
426.806181  37.876808
427.751481  42.157816
428.696900  42.260631
429.642438  41.324907
430.588094  43.654664
431.533868  28.328434
432.479760  33.830662
433.425771  33.881859
434.371900  30.866370
435.318147  30.205602
436.264513  35.648625
437.210997  30.200972
438.157600  46.407496
439.104320  33.896035
440.051160  26.982420
440.998117  36.043434
441.945193  39.382426
442.892387  29.609629
443.839700  32.045671
444.787130  36.050623
445.734680  39.777765
446.682347  30.587787
447.630133  26.543405
448.578037  47.826729
449.526060  32.523975
450.474201  30.370945
451.422460  34.313697
452.370838  35.030434
453.319334  35.928297
454.267948  37.600196
455.216680  34.886745
456.165531  44.447805
457.114501  38.774982
458.063588  30.528935
459.012794  42.900761
459.962119  39.650900
460.911561  46.763965
461.861123  44.698983
462.810802  31.317225
463.760600  38.880448
464.710516  42.346186
465.660550  44.280371
466.610703  26.139112
467.560974  43.685637
468.511363  47.488799
469.461871  40.837104
470.412497  48.528261
471.363242  39.501601
472.314105  47.764957
473.265086  43.113315
474.216185  43.584895
475.167403  50.582823
476.118739  51.213820
477.070194  51.621350
478.021767  46.349059
478.973458  51.272593
479.925268  50.520623
480.877195  48.377577
481.829242  50.492537
482.781406  52.422641
483.733689  53.767542
484.686090  54.185771
485.638610  43.877477
486.591248  49.920692
487.544004  52.924900
488.496879  58.333744
489.449872  44.924930
490.402983  55.677073
491.356213  45.504440
492.309561  46.641429
493.263027  44.780990
494.216612  36.675788
495.170315  47.537351
496.124137  40.622455
497.078076  31.252554
498.032134  34.259440
498.986311  44.646007
499.940606  44.866244
500.895019  39.326544
501.849550  41.888182
502.804200  33.412735
503.758968  38.251862
504.713855  26.683124
505.668860  29.783618
506.623983  32.198441
507.579224  23.943415
508.534584  28.292557
509.490062  26.598509
510.445659  22.206094
511.401374  26.945115
512.357207  25.171597
513.313159  26.497505
514.269228  29.478492
515.225417  27.195556
516.181723  12.180110
517.138148  19.301981
518.094692  17.410247
519.051353  24.694127
520.008133  14.941064
520.965032  23.214220
521.922048  24.837541
522.879183  19.007512
523.836437  24.270124
524.793808  18.094024
525.751298  26.250562
526.708907  26.249504
527.666633   9.815726
528.624479  17.331024
529.582442  22.054288
530.540524  21.855912
531.498724  17.133157
532.457042  28.157353
533.415479  25.881835
534.374034  23.320798
535.332708  17.893132
536.291500  23.555293
537.250410  19.089525
538.209438  20.317133
539.168585  15.626297
540.127850  20.415544
541.087234  22.406466
542.046736  13.813814
543.006356  17.109247
543.966094  29.292365
544.925951  13.074163
545.885927  21.514772
546.846020  10.765362
547.806232  28.815564
548.766562  15.174611
549.727011  20.808748
550.687578  23.538906
551.648263  18.848971
552.609067  10.485987
553.569989  18.188848
554.531029  20.727967
555.492188  23.400715
556.453465  12.880033
557.414861  27.373742
558.376374  17.920331
559.338006  29.910391
560.299757  12.637362
561.261625  27.881734
562.223613  12.729814
563.185718  15.930695
564.147942  30.674821
565.110284  22.557595
566.072744  18.632726
567.035323  20.903253
567.998020  26.227300
568.960836  27.383308
569.923770  17.205730
570.886822  18.306318
571.849992  16.578817
572.813281  24.796877
573.776688  19.540213
574.740214  21.082096
575.703858  19.214018
576.667620  18.603628
577.631501  23.947331
578.595500  24.274137
579.559617  25.108498
580.523853  20.884989
581.488207  25.526154
582.452679  18.777148
583.417270  23.308709
584.381979  26.483580
585.346806  24.117543
586.311752  13.974311
587.276816  20.501091
588.241998  21.194665
589.207299  24.638241
590.172718  19.243915
591.138255  22.961563
592.103911  33.654510
593.069685  20.301371
594.035577  28.200400
595.001588  26.211712
595.967717  11.748068
596.933965  24.831455
597.900330  24.231776
598.866815  27.056015
599.833417  31.916875
600.800138  23.995778
601.766977  26.061798
602.733935  28.382840
603.701011  28.844666
604.668205  28.782668
605.635517  24.606702
606.602948  35.072002
607.570497  32.190964
608.538165  29.294536
609.505951  29.206050
610.473855  28.385624
611.441878  37.204117
612.410019  37.948753
613.378278  32.438187
614.346656  25.580078
615.315152  31.139230
616.283766  29.196110
617.252499  48.008252
618.221350  37.142391
619.190319  30.352466
620.159407  44.409019
621.128613  34.025590
622.097937  42.853886
623.067380  39.384910
624.036941  40.075576
625.006620  38.685094
625.976418  28.290840
626.946334  33.295313
627.916369  37.450581
628.886521  33.387112
629.856793  40.334367
630.827182  37.127621
631.797690  31.204249
632.768316  42.356728
633.739061  27.141676
634.709923  34.314287
635.680905  28.950649
636.652004  28.066009
637.623222  24.249018
638.594558  32.396113
639.566013  25.948120
640.537586  21.608133
641.509277  27.521998
642.481087  26.192947
643.453014  20.059562
644.425061  17.520881
645.397225  16.263898
646.369508  26.292301
647.341910  19.414933
648.314429  17.210817
649.287067  15.824447
650.259824  12.639997
651.232698  20.726661
652.205691  13.839990
653.178803  21.676921
654.152032  15.431069
655.125381  16.712050
656.098847   8.987140
657.072432  17.686503
658.046135  13.430575
659.019956  13.482665
659.993896   8.583802
660.967954  12.675347
661.942131  13.124988
662.916425  12.283844
663.890839  15.385806
664.865370   7.182463
665.840020  12.004851
666.814788  17.565915
667.789675  10.938012
668.764679  13.269438
669.739803  10.990047
670.715044   8.227102
671.690404   6.216175
672.665882   6.758255
673.641479  13.373410
674.617194  12.204492
675.593027  10.737061
676.568979   8.789161
677.545049   5.088523
678.521237  15.261827
679.497544  10.882834
680.473969  10.729964
681.450512  10.522499
682.427174   8.353871
683.403954   7.112736
684.380852  10.922782
685.357869  11.672235
686.335004   7.724489
687.312257   5.147582
688.289629   6.737196
689.267119   8.041484
690.244727   8.736078
691.222454   9.248760
692.200299   2.981944
693.178263  10.613635
694.156345   2.774247
695.134545  12.992452
696.112863   9.231384
697.091300   6.724196
698.069855   6.906685
699.048529   9.080130
700.027321   7.245657
701.006231   5.997160
701.985259   8.354169
702.964406  12.651012
703.943671   7.839003
704.923055  12.557769
705.902557   3.921348
706.882177  12.179747
707.861916   7.744024
708.841773  13.247866
709.821748   5.886069
710.801842  12.814704
711.782054   7.696992
712.762384  14.360845
713.742833   8.110899
714.723400  12.687992
715.704085   6.703618
716.684889   7.706706
717.665811   8.787551
718.646851   6.018910
719.628010   7.296481
720.609287  11.831703
721.590682  14.310776
722.572196   8.119894
723.553828   5.764010
724.535579  15.042534
725.517447  10.550200
726.499434   4.700563
727.481540   5.950281
728.463764  10.921598
729.446106   3.805759
730.428566   9.242849
731.411145   7.377982
732.393842   9.186512
733.376658   8.225832
734.359592   3.845361
735.342644  10.729573
736.325815   9.113760
737.309104   6.953835
738.292511   9.489015
739.276036   8.070475
740.259680  10.311029
741.243443   8.873942
742.227323   6.555944
743.211322  13.609487
744.195439   4.581799
745.179675  10.283772
746.164029   6.614023
747.148501  12.784773
748.133092   4.681479
749.117801   6.095134
750.102629   8.027624
751.087574   8.390340
752.072638   8.715495
753.057821   6.290569
754.043121   8.973774
755.028541   7.222099
756.014078   5.022771
756.999734   6.640778
757.985508   8.275633
758.971400   6.606564
759.957411   6.979753
760.943540   9.376592
761.929788   7.161154
762.916154   9.160609
763.902638   8.129061
764.889240   5.897751
765.875961   4.617176
766.862800  10.677782
767.849758   7.509731
768.836834   4.906915
769.824028   3.477445
770.811341   9.935550
771.798772   9.002960
772.786321  11.452939
773.773988   8.246037
774.761774   9.313542
775.749679   7.123389
776.737701   8.103003
777.725842   8.290997
778.714102   4.964148
779.702479   7.803560
780.690975  10.499241
781.679590   5.862579
782.668322   7.543952
783.657173  10.000318
784.646143   9.131958
785.635231   4.099129
786.624437   7.970372
787.613761   9.096026
788.603204   7.730742
789.592765   3.155129
790.582444   8.616833
791.572242   5.707466
792.562158  10.056426
793.552193   8.304738
794.542346   3.786274
795.532617   8.331518
796.523006   3.666002
797.513514   4.799951
798.504140   9.129578
799.494885   7.503822
800.485748   7.543813
801.476729   5.125348
802.467828   5.725487
803.459046  11.093835
804.450383   4.428748
805.441837   8.972304
806.433410   4.914270
807.425101   8.640008
808.416911   6.329387
809.408839   9.043635
810.400885   6.450971
811.393050   9.028705
812.385333   4.755652
813.377734  11.555059
814.370254   6.314312
815.362892   5.703674
816.355649   8.336058
817.348523   8.923902
818.341516   6.061737
819.334628   5.899451
820.327857   6.779531
821.321206   9.825543
822.314672   9.815925
823.308257   6.555847
824.301960   4.274396
825.295781   5.809926
826.289721   7.371720
827.283779  10.736143
828.277956   4.134094
829.272251  11.609819
830.266664   7.909040
831.261195   6.120027
832.255845   8.305535
833.250613   5.104269
834.245500   3.672144
835.240505  10.086070
836.235628   5.318809
837.230870   7.829662
838.226230   4.741974
839.221708   8.109590
840.217305  10.014698
841.213020  16.461627
842.208853   6.368550
843.204805   4.588454
844.200874   7.094018
845.197063  10.170825
846.193370   6.797832
847.189795   4.280809
848.186338   4.887952
849.183000   5.833998
850.179780   4.351930
851.176678   5.038395
852.173695   6.267872
853.170830   7.658861
854.168083   4.736542
855.165455  11.660602
856.162945   7.694695
857.160554   9.526840
858.158280   4.780355
859.156126   6.438453
860.154089  10.596289
861.152171   4.737485
862.150371  11.398283
863.148690   4.959839
864.147126   7.181588
865.145682   2.457152
866.144355   9.545435
867.143147   6.716716
868.142057  10.139874
869.141086   8.660601
870.140233   5.477749
871.139498  11.501814
872.138882   7.492534
873.138384   9.106971
874.138004   6.737712
875.137743   5.448072
876.137600   4.910554
877.137575   8.997442
878.137669   6.569212
879.137881   8.822126
880.138211   3.493500
881.138660  11.062173
882.139227   2.784404
883.139912   7.107027
884.140716   7.691227
885.141638   7.582878
886.142678   9.388825
887.143837   5.214505
888.145114   5.099465
889.146510   3.038788
890.148023   1.986699
891.149655   8.553768
892.151406   4.944026
893.153275   3.906212
894.155262   7.295979
895.157367   5.955280
896.159591   7.001752
897.161933   9.046943
898.164394   5.345031
899.166973   4.767700
900.169670  11.438607
901.172486   7.547146
902.175420   4.699977
903.178472   6.091522
904.181642   5.223934
905.184931   8.168392
906.188339   3.956470
907.191864  10.525263
908.195508  10.410930
909.199271   4.190578
910.203151   6.772814
911.207150   8.518932
912.211268   4.350182
913.215503  11.028634
914.219857   4.157850
915.224330   8.308640
916.228920   4.613123
917.233629   7.747986
918.238457   6.925589
919.243403   0.818811
920.248467  11.433829
921.253649   7.555012
922.258950   6.297949
923.264369   3.275156
924.269906   1.961056
925.275562   5.615260
926.281336   5.357174
927.287229   3.956249
928.293240   6.388694
929.299369   6.178940
930.305616   3.190520
931.311982  10.330974
932.318466   7.959994
933.325069   6.678028
934.331790   4.972824
935.338629   4.999058
936.345587   4.220264
937.352663   2.507866
938.359857   7.182836
939.367170   5.971674
940.374601   4.057337
941.382150   6.970682
942.389817   6.366162
943.397603   1.718498
944.405508   7.942616
945.413530   4.702141
946.421671   3.887098
947.429931   6.021838
948.438309   6.884133
949.446805   2.527025
950.455419   3.979573
951.464152   8.095638
952.473003  10.384779
953.481972   5.832013
954.491060   6.412411
955.500266  10.502243
956.509591   4.477393
957.519033   6.878044
958.528594   6.510844
959.538274   9.153418
960.548072   5.048244
961.557988   5.951811
962.568022   7.127779
963.578175   4.864281
964.588447   2.386755
965.598836   8.902510
966.609344   5.519242
967.619970   4.560966
968.630715   2.370080
969.641578   4.748940
970.652559   5.774498
971.663659   9.117119
972.674876   4.908675
973.686213   2.428582
974.697667   2.636086
975.709240   6.123877
976.720932   6.604783
977.732741   9.242303
978.744669   2.940724
979.756716   4.856325
980.768880   1.852792
981.781163   8.835013
982.793565   2.389447
983.806085   2.666683
984.818723   6.073376
985.831479   1.978403
986.844354   4.360016
987.857347   3.821418
988.870458   2.865299
989.883688   5.636314
990.897036   6.400051
991.910503   5.343294
992.924088   7.684493
993.937791   7.278204
994.951612   2.836399
995.965552   2.071575
996.979610   6.034386
997.993787   5.180491
999.008082   2.454171
1000.022495   5.556398
1001.037026   5.152930
1002.051676   4.884804
1003.066445   6.200573
1004.081331   5.526895
1005.096336   5.533657
1006.111459   6.331349
1007.126701   3.566124
1008.142061   2.162153
1009.157539   3.116614
1010.173136   4.868116
1011.188851   4.364773
1012.204684   4.181648
1013.220636   3.082251
1014.236706   5.313623
1015.252894   2.607834
1016.269201   5.718554
1017.285626   6.945081
1018.302169   2.142922
1019.318831   5.770990
1020.335611   2.782218
1021.352510   4.892663
1022.369526   4.117829
1023.386662   1.250595
1024.403915   6.827073
1025.421287   2.990463
1026.438777   5.282206
1027.456385   6.912327
1028.474112   4.492210
1029.491958   3.947580
1030.509921   7.173395
1031.528003   4.883005
1032.546203   3.785235
1033.564522   1.977538
1034.582959   5.693088
1035.601514   5.240825
1036.620187   4.218048
1037.638979   5.176019
1038.657890   4.688096
1039.676918   1.874419
1040.696065   1.307079
1041.715330   1.326650
1042.734714   3.781160
1043.754216   0.058613
1044.773836   4.527331
1045.793575   5.005170
1046.813432   8.746538
1047.833407   8.475346
1048.853501   5.378333
1049.873713   0.623215
1050.894044   1.232746
1051.914492   7.845418
1052.935059   5.238806
1053.955745   7.637028
1054.976549   0.014852
1055.997471   6.815150
1057.018511   0.485446
1058.039670   4.159193
1059.060947   5.590457
1060.082342   1.320086
1061.103856   6.768484
1062.125488   6.584517
1063.147239   5.980841
1064.169108   5.721448
1065.191095   5.066039
1066.213201   1.425334
1067.235424   3.806057
1068.257767   5.623501
1069.280227   3.840271
1070.302806   4.261908
1071.325503   2.271891
1072.348319   4.184906
1073.371253   2.514826
1074.394305   5.743362
1075.417476   4.423798
1076.440765   5.019750
1077.464172   4.657426
1078.487698   1.480851
1079.511342   5.293763
1080.535104   6.595751
1081.558985   2.396284
1082.582984   3.204716
1083.607101   4.740503
1084.631337   1.960695
1085.655691   5.528757
1086.680163   4.372051
1087.704754   4.461483
1088.729463   1.209864
1089.754291   4.963008
1090.779236   3.785635
1091.804301   4.739640
1092.829483   5.035348
1093.854784   4.131145
1094.880203   2.523110
1095.905741   2.029611
1096.931396   3.698852
1097.957171   5.149463
1098.983063   5.013521
1100.009074   5.019647
1101.035203   2.340516
1102.061451   3.213308
1103.087817   4.200913
1104.114301   4.488830
1105.140903   3.890474
1106.167624   2.167041
1107.194464   5.093270
1108.221421   4.780152
1109.248497   1.203333
1110.275692   2.639248
1111.303004   2.035278
1112.330435   1.941996
1113.357984   3.954800
1114.385652   5.453901
1115.413438   2.492285
1116.441343   3.442162
1117.469365   4.879958
1118.497506   4.486762
1119.525766   3.115673
1120.554143   2.970571
1121.582640   1.674733
1122.611254   6.691759
1123.639987   3.205092
1124.668838   5.430255
1125.697807  -0.106976
1126.726895   2.021539
1127.756101   4.985172
1128.785426   3.177928
1129.814869   3.936545
1130.844430   3.893603
1131.874109   4.433360
1132.903907   5.623543
1133.933823   1.602860
1134.963858   5.232949
1135.994011   4.210471
1137.024282   2.682474
1138.054672   3.908564
1139.085179   4.466542
1140.115806   3.057738
1141.146550   8.440372
1142.177413   2.492045
1143.208395   4.349069
1144.239494   2.411619
1145.270712   6.678695
1146.302048   6.270044
1147.333503   8.430254
1148.365076   3.504309
1149.396768   3.637793
1150.428577   1.958834
1151.460505   3.576852
1152.492552   2.224767
1153.524716   5.293830
1154.556999   4.301394
1155.589401   6.956768
1156.621921   5.245232
1157.654559   5.663045
1158.687315   5.455221
1159.720190   4.271541
1160.753183   7.174142
1161.786295   5.425347
1162.819524   3.580758
1163.852873   4.731063
1164.886339   3.245805
1165.919924   7.366412
1166.953627   6.274929
1167.987449   6.464884
1169.021388   8.893034
1170.055447  11.586594
1171.089623   4.835537
1172.123918   8.786963
1173.158331   5.560149
1174.192863   7.876576
1175.227513   8.485483
1176.262281   3.806366
1177.297168   5.315432
1178.332173   9.784957
1179.367296   7.014434
1180.402538   6.960147
1181.437898   9.391003
1182.473376   9.342960
1183.508973  10.134057
1184.544688  10.315520
1185.580521   7.720165
1186.616473  10.589098
1187.652543   8.305353
1188.688731   8.519548
1189.725038   9.534396
1190.761463   4.633297
1191.798007  10.376622
1192.834668   7.674847
1193.871449   8.289969
1194.908347   9.419323
1195.945364   8.796362
1196.982499   8.006461
1198.019752   9.118138
1199.057124   9.594093
1200.094614   5.139380
1201.132223   7.164023
1202.169950   6.922404
1203.207795  10.186577
1204.245759   6.645816
1205.283840   5.838204
1206.322041  20.272807
1207.360359   5.878467
1208.398796   7.950529
1209.437352  10.765052
1210.476025   6.927554
1211.514817  10.582788
1212.553727   6.488092
1213.592756  10.130540
1214.631903   6.319857
1215.671168   4.391141
1216.710552   3.746044
1217.750054   5.299563
1218.789674   4.202913
1219.829413   6.670840
1220.869270   6.342122
1221.909246   5.688384
1222.949339   5.049322
1223.989551   4.848621
1225.029882   1.399924
1226.070331   5.425745
1227.110898   6.435563
1228.151583   2.375799
1229.192387   4.045775
1230.233309   3.801572
1231.274349   3.162647
1232.315508   2.991072
1233.356785   6.636473
1234.398181   4.206145
1235.439695   4.550849
1236.481327   1.960572
1237.523078   3.881494
1238.564946   3.225073
1239.606934   2.749348
1240.649039   0.070057
1241.691263   4.552624
1242.733605   1.434158
1243.776066   2.131452
1244.818645   2.267013
1245.861342   0.826718
1246.904158   2.765287
1247.947092   1.565786
1248.990144   1.922834
1250.033315   1.257957
1251.076604   1.963327
1252.120011   1.210550
1253.163537   1.439344
1254.207181   3.747934
1255.250943   2.064303
1256.294824   0.530232
1257.338823   3.839633
1258.382941   2.148368
1259.427176   2.425293
1260.471530   3.550922
1261.516003   1.505691
1262.560594   1.502127
1263.605303   1.197425
1264.650130   1.759630
1265.695076   4.759843
1266.740140   0.651284
1267.785323   3.339436
1268.830623   3.972987
1269.876043   0.025825
1270.921580   2.286656
1271.967236   0.493547
1273.013010   3.173935
1274.058903   1.620555
1275.104914   1.222791
1276.151043   2.339775
1277.197291   0.514894
1278.243657   0.901715
1279.290141   2.903812
1280.336743  -0.185043
1281.383464   2.616888
1282.430304  -0.140858
1283.477261   0.907940
1284.524337   2.952520
1285.571532   2.099439
1286.618844   0.508440
1287.666275   5.207684
1288.713825   1.779230
1289.761492   2.153571
1290.809279   2.347141
1291.857183   1.165983
1292.905206   0.212669
1293.953347   0.868802
1295.001606   2.697687
1296.049984  -0.092102
1297.098480   0.644009
1298.147095   3.756365
1299.195827   4.483617
1300.244678   1.759763
1301.293648   3.271397
1302.342736   2.201721
1303.391942   2.129974
1304.441266   1.375244
1305.490709   0.456403
1306.540271   1.853765
1307.589950   4.381369
1308.639748   0.746686
1309.689664   2.299167
1310.739699   0.428663
1311.789852   5.118604
1312.840123   3.322394
1313.890513   2.466369
1314.941021   2.637857
1315.991647   0.186062
1317.042391   2.752710
1318.093254   0.596191
1319.144236   1.782324
1320.195335   1.673486
1321.246553   2.142326
1322.297890   5.297979
1323.349345   3.197148
1324.400918   5.360966
1325.452609   2.252760
1326.504419   3.681411
1327.556347   3.717651
1328.608393   4.381891
1329.660558   2.184832
1330.712841   1.283906
1331.765242   3.959557
1332.817762   2.691755
1333.870400   4.600030
1334.923157   3.993833
1335.976032   1.344354
1337.029025   2.582055
1338.082136   4.094194
1339.135366   5.577510
1340.188714   4.458315
1341.242181   1.053872
1342.295766   6.929527
1343.349469   5.820950
1344.403291   0.719736
1345.457231   2.461926
1346.511289   5.761193
1347.565465   6.748992
1348.619760   1.794179
1349.674174   5.012400
1350.728705   6.701308
1351.783355   3.452127
1352.838124   2.366046
1353.893010   8.279243
1354.948015   3.263234
1356.003139   5.808215
1357.058380   6.301472
1358.113740   3.218965
1359.169219   9.750835
1360.224815   6.346554
1361.280530   5.708439
1362.336364   5.203901
1363.392316   6.311088
1364.448386   6.389688
1365.504574   2.082073
1366.560881   8.131329
1367.617306   4.902088
1368.673849   3.612357
1369.730511   5.569928
1370.787291   7.476637
1371.844190   5.911580
1372.901207   1.609616
1373.958342   7.509553
1375.015595   2.973952
1376.072967   7.264256
1377.130458   3.991688
1378.188066   4.842327
1379.245793   5.775837
1380.303638   6.459276
1381.361602   4.981381
1382.419684   6.358528
1383.477884   3.925960
1384.536203   2.547679
1385.594640   3.219942
1386.653195   6.111434
1387.711869   6.749664
1388.770661   3.402117
1389.829571   3.424234
1390.888600   4.390287
1391.947747   5.943311
1393.007012   6.192574
1394.066396   5.126059
1395.125898   2.037992
1396.185518   3.276982
1397.245257   2.959892
1398.305114   5.044951
1399.365089   3.768010
1400.425183   4.658369
1401.485395   1.108814
1402.545726   6.289699
1403.606174   2.929876
1404.666742   4.286633
1405.727427   4.277091
1406.788231   3.298364
1407.849153   6.220838
1408.910194  -0.409268
1409.971352   2.447168
1411.032630   2.001647
1412.094025   4.807628
1413.155539   0.849035
1414.217171   3.661122
1415.278922   2.228235
1416.340791   0.676380
1417.402778   2.849390
1418.464884   1.368554
1419.527108   2.477410
1420.589450   3.023276
1421.651911   2.137905
1422.714489  -0.130763
1423.777187   0.340490
1424.840002   1.913857
1425.902936   0.328362
1426.965989   0.517428
1428.029160   1.790746
1429.092449   1.658091
1430.155856  -0.383736
1431.219382   1.461033
1432.283026  -0.137493
1433.346788   1.084770
1434.410669   1.731352
1435.474668   1.328740
1436.538785  -0.169707
1437.603021   0.386624
1438.667375   2.218090
1439.731848   1.485963
1440.796439   1.877918
1441.861148   0.869498
1442.925975  -0.153229
1443.990921   0.812394
1445.055985   0.394764
1446.121168   0.746662
1447.186469   0.166231
1448.251888   1.953761
1449.317426   1.622970
1450.383081   0.364661
1451.448856   1.067236
1452.514748   0.308546
1453.580759   1.595901
1454.646888   0.027078
1455.713136   0.349647
1456.779502   0.950867
1457.845986   1.673817
1458.912589   0.603553
1459.979310   0.948502
1461.046149   0.268979
1462.113107   0.845138
1463.180183   2.708149
1464.247377   0.821723
1465.314690   0.581126
1466.382121   1.121023
1467.449671   0.097701
1468.517338   0.718103
1469.585124   3.106002
1470.653029  -0.210088
1471.721052   2.877990
1472.789193  -0.174027
1473.857452   0.741082
1474.925830   0.819702
1475.994326   0.367726
1477.062941   3.205394
1478.131674  -0.319479
1479.200525   0.021379
1480.269494   0.575495
1481.338582  -0.176985
1482.407788   1.459268
1483.477113   0.588643
1484.546556   0.519927
1485.616117   0.796732
1486.685797   0.862168
1487.755594   1.282658
1488.825511   1.041224
1489.895545   1.719329
1490.965698   0.376697
1492.035970   2.062200
1493.106359  -0.045925
1494.176867   1.834892
1495.247494   2.385424
1496.318238   0.790995
1497.389101  -0.047838
1498.460083   0.441257
1499.531182   0.316676
1500.602400   0.069814
1501.673737   1.509102
1502.745191   0.391179
1503.816765  -0.217864
1504.888456   0.581317
1505.960266   0.950060
1507.032194   0.816514
1508.104240  -0.049219
1509.176405   0.745318
1510.248688   0.094518
1511.321090   0.941185
1512.393610   1.237133
1513.466248   0.103299
1514.539004   0.196313
1515.611879   1.227256
1516.684872   1.622209
1517.757984   0.885511
1518.831214   0.146276
1519.904562   2.017457
1520.978028   2.714822
1522.051613   0.926351
1523.125317   2.736798
1524.199138   0.057823
1525.273078  -0.248052
1526.347136   0.388123
1527.421313   0.157677
1528.495608   0.068399
1529.570021   1.423000
1530.644553  -0.036565
1531.719203  -0.108996
1532.793971   0.889150
1533.868858   0.245381
1534.943863   1.310629
1536.018987   0.217753
1537.094228  -0.103304
1538.169588   0.277370
1539.245067   0.790372
1540.320663   0.190443
1541.396379   0.034798
1542.472212   0.757687
1543.548164  -0.061810
1544.624234   0.384942
1545.700422   0.198279
1546.776729   1.197430
1547.853154   0.885965
1548.929698   0.864313
1550.006360   0.853056
1551.083140   0.710940
1552.160038   0.168673
1553.237055  -0.112513
1554.314190   0.161661
1555.391444   1.213138
1556.468816   1.632609
1557.546306   0.054562
1558.623915   1.964463
1559.701642   1.058317
1560.779487   0.727455
1561.857451   0.121751
1562.935533   2.078673
1564.013733   0.703674
1565.092052   0.953202
1566.170489   0.162611
1567.249044  -0.335885
1568.327718   0.731473
1569.406510   0.850692
1570.485420   0.852112
1571.564449   0.450819
1572.643596   0.933631
1573.722861  -0.061235
1574.802245  -0.057832
1575.881747   2.044511
1576.961367  -0.097102
1578.041106   0.063381
1579.120963   1.938096
1580.200939   3.509876
1581.281032  -0.317828
1582.361245   1.235796
1583.441575   3.502677
1584.522024   0.808951
1585.602591   0.962416
1586.683277   0.180975
1587.764080   0.042840
1588.845003   0.914253
1589.926043  -0.026357
1591.007202   0.912371
1592.088479   0.005907
1593.169875   1.853213
1594.251389   0.821030
1595.333021   0.727390
1596.414772   0.044787
1597.496641   0.216363
1598.578628  -0.172659
1599.660734   1.446593
1600.742958   2.776000
1601.825300   1.602397
1602.907761   1.814716
1603.990340   0.135082
1605.073037   0.843732
1606.155853   1.098308
1607.238787   0.753808
1608.321839   0.043813
1609.405010   0.222803
1610.488299   0.011044
1611.571706  -0.058971
1612.655232   1.930253
1613.738876  -0.002089
1614.822639   0.106436
1615.906519   0.217751
1616.990519  -0.071575
1618.074636   1.041566
1619.158872   0.978719
1620.243226   0.148724
1621.327698  -0.213619
1622.412289   0.332177
1623.496999   1.163607
1624.581826   0.583089
1625.666772   1.401322
1626.751836   1.133657
1627.837019   0.768702
1628.922320   0.038787
1630.007739   0.214645
1631.093276   0.061045
1632.178932   2.215353
1633.264707   0.522261
1634.350599   0.689040
1635.436610   1.049576
1636.522740   2.608919
1637.608987   3.071369
1638.695353   1.625670
1639.781838   0.799461
1640.868440   0.345978
1641.955161   0.024733
1643.042001   0.015033
1644.128958   0.718802
1645.216034   0.356563
1646.303229   0.841390
1647.390542   0.058520
1648.477973   1.020647
1649.565522   0.072850
1650.653190   1.058420
1651.740976   1.128000
1652.828881   1.622795
1653.916903   0.362591
1655.005044   2.845795
1656.093304   0.788683
1657.181682  -0.065267
1658.270178  -0.095784
1659.358792   0.904448
1660.447525   0.231437
1661.536377   0.213085
1662.625346   0.093468
1663.714434   2.752674
1664.803640   1.809139
1665.892965   0.084108
1666.982408  -0.076340
1668.071969   1.017003
1669.161649   0.162673
1670.251447   0.798362
1671.341363   2.189783
1672.431398  -0.049819
1673.521551   0.851284
1674.611822   0.960052
1675.702212   0.022571
1676.792720  -0.038101
1677.883346   0.058431
1678.974091   0.503508
1680.064954   2.090384
1681.155935  -0.122462
1682.247035   2.045208
1683.338253  -0.147499
1684.429589   1.161531
1685.521044   1.847852
1686.612617  -0.136452
1687.704309   2.063561
1688.796118   0.694365
1689.888047   1.229027
1690.980093  -0.070162
1692.072258   2.047730
1693.164541  -0.168142
1694.256943   0.241883
1695.349462   2.866979
1696.442101   0.744862
1697.534857   1.058525
1698.627732  -0.034893
1699.720725   0.001494
1700.813837   0.055585
1701.907067   1.947203
1703.000415   1.836636
1704.093882   0.877458
1705.187467   0.827765
1706.281170   1.049775
1707.374992  -0.221418
1708.468931   0.369509
1709.562990   1.940663
1710.657166   0.803783
1711.751461   1.136097
1712.845875   2.809011
1713.940407  -0.218442
1715.035057   0.165759
1716.129825   0.866571
1717.224712   0.112408
1718.319717  -0.032383
1719.414840   2.100884
1720.510082   1.740354
1721.605442   0.061399
1722.700920  -0.086461
1723.796517   0.177289
1724.892232   0.968829
1725.988066   0.034696
1727.084018   2.846429
1728.180088  -0.274785
1729.276276   1.269846
1730.372583   0.959665
1731.469008   0.906854
1732.565552  -0.149013
1733.662214  -0.086385
1734.758994   2.270802
1735.855893   0.126877
1736.952909   0.990188
1738.050045   0.960825
1739.147298   1.784727
1740.244670   0.088870
1741.342160   0.955307
1742.439769  -0.124395
1743.537496   0.162875
1744.635341   0.967211
1745.733305  -0.043000
1746.831387  -0.097185
1747.929587   0.051297
1749.027906   0.148729
1750.126343   0.010366
1751.224898  -0.000181
1752.323572  -0.012826
1753.422364  -0.178929
1754.521275   0.202700
1755.620303   1.028468
1756.719450   0.104325
1757.818716  -0.078278
1758.918100   0.135783
1760.017602   0.026037
1761.117222   0.874484
1762.216961   0.059432
1763.316818   2.081956
1764.416794   0.841698
1765.516887   1.059121
1766.617100   0.676046
1767.717430   0.262370
1768.817879   0.063566
1769.918446   0.049808
1771.019132   0.054466
1772.119936   0.137194
1773.220858   0.009615
1774.321899   0.000261
1775.423057  -0.005904
1776.524335  -0.082691
1777.625730   0.118462
1778.727244  -0.079301
1779.828877   0.036949
1780.930627   0.050554
1782.032496   0.131095
1783.134484  -0.002325
1784.236589  -0.160549
1785.338813   0.242243
1786.441156   0.018675
1787.543616   0.024164
1788.646195   0.989664
1789.748893   0.937103
1790.851708  -0.033849
1791.954643  -0.007943
1793.057695  -0.077266
1794.160866   0.139289
1795.264155   0.998845
1796.367562   0.940078
1797.471088  -0.030817
1798.574732   0.021428
1799.678495   1.011834
1800.782375   1.911623
1801.886375  -0.062256
1802.990492  -0.010366
1804.094728  -0.082882
1805.199082   0.024455
1806.303555  -0.032891
1807.408146   0.228509
1808.512855   0.006835
1809.617682  -0.128203
1810.722628   1.199901
1811.827693   0.810676
1812.932875   0.186320
1814.038176   0.015938
1815.143595   0.040499
1816.249133   1.948007
1817.354789  -0.055897
1818.460563  -0.004270
1819.566456  -0.004142
1820.672467  -0.053548
1821.778596   1.073050
1822.884844  -0.097594
1823.991210   0.023795
1825.097694   0.032567
1826.204297   0.039264
1827.311018   0.127371
1828.417858   0.978908
1829.524815  -0.096633
1830.631891   0.094881
1831.739086  -0.030645
1832.846399   1.983294
1833.953830   0.050708
1835.061379  -0.028419
1836.169047   2.052747
1837.276833  -0.043081
1838.384738   0.012173
1839.492761   0.936365
1840.600902   1.886084
1841.709161   0.075589
1842.817539   0.100335
1843.926035  -0.041790
1845.034650   1.072751
1846.143383  -0.016472
1847.252234   0.018049
1848.361204   1.001388
1849.470292   1.009069
1850.579498   2.916648
1851.688822  -0.055722
1852.798265   0.975481
1853.907827  -0.024146
1855.017506  -0.005118
1856.127304  -0.047434
1857.237221   1.064048
1858.347255  -0.080465
1859.457408   0.085040
1860.567680   0.007218
1861.678069   0.017236
1862.788578   0.982109
1863.899204  -0.026825
1865.009949  -0.063803
1866.120812   0.079951
1867.231793  -0.036736
1868.342893   1.098631
1869.454111   1.951113
1870.565448  -0.044265
1871.676902  -0.003490
1872.788475  -0.004845
1873.900167  -0.064065
1875.011977   0.019671
1876.123905   0.084334
1877.235951   0.007159
1878.348116   0.016960
1879.460400   0.996495
1880.572801   0.906542
1881.685321   0.051430
1882.797959  -0.038186
1883.910716   1.061966
1885.023591  -0.003358
1886.136584   0.928364
1887.249696   0.054025
1888.362926   0.003815
1889.476274   0.000269
1890.589740  -0.000022
1891.703325  -0.000571
1892.817029  -0.007923
1893.930850  -0.109775
1895.044790   0.132761
1896.158849  -0.098033
1897.273025   0.140074
1898.387321   0.020350
1899.501734   0.935489
1900.616266   0.049810
1901.730916   0.003232
1902.845684  -0.003770
1903.960571  -0.055671
1905.075576   0.014232
1906.190699   0.069831
1907.305941   0.001283
1908.421301  -0.050672
1909.536780   0.060379
1910.652377  -0.045698
1911.768092   0.062384
1912.883925   0.795914
1913.999877   0.231759
1915.115947   0.012633
1916.232136  -0.051477
1917.348443   0.005422
1918.464868  -0.031634
1919.581412   0.123907
1920.698073   0.008545
1921.814854  -0.002693
1922.931752  -0.045876
1924.048769   0.070227
1925.165904   0.995051
1926.283158  -0.018094
1927.400530  -0.045713
1928.518020   0.068690
1929.635629   1.005979
1930.753356   0.953525
1931.871201   1.978492
1932.989165   0.027924
1934.107247   0.001747
1935.225447  -0.002977
1936.343766  -0.043093
1937.462203   0.051918
1938.580759   0.000705
1939.699432  -0.041069
1940.818224   0.061934
1941.937135   0.996275
1943.056164  -0.018163
1944.175311  -0.071713
1945.294576   1.091142
1946.413960  -0.005245
1947.533462   0.010064
1948.653083   0.990900
1949.772822  -0.051277
1950.892679   0.053316
1952.012654   0.958665
1953.132748   0.033515
1954.252960  -0.000004
1955.373291  -0.032809
1956.493740   0.963978
1957.614307   0.076973
1958.734993  -0.023363
1959.855797   1.008861
1960.976719   0.992675
1962.097759   0.027887
1963.218918  -0.070897
1964.340196   0.047417
1965.461591   0.047808
1966.583105   0.021755
1967.704738   1.991836
1968.826488  -0.012252
1969.948357   0.990080
1971.070345  -0.066949
1972.192450   1.079768
1973.314674   0.991520
1974.437017  -0.006430
1975.559478   0.929562
1976.682057   0.028841
1977.804754   0.007516
1978.927570   0.016262
1980.050504   1.042724
1981.173556   0.998634
1982.296727   0.995050
1983.420016   0.987091
1984.543424  -0.009484
1985.666950  -0.000231
1986.790594   0.006048
1987.914356   0.976566
1989.038237   1.020009
1990.162236  -0.006626
1991.286354  -0.000433
1992.410590   0.000458
1993.534944   0.006745
1994.659417   0.993613
1995.784008  -0.060796
1996.908717   0.027531
1998.033544  -0.011295
1999.158490   1.054992
2000.283555   0.001571
2001.408737   0.974121
2002.534038   0.022408
2003.659458   0.959377
2004.784995   1.041794
2005.910651  -0.003079
2007.036426   0.006078
2008.162318   1.004084
2009.288329   0.992460
2010.414459  -0.000957
2011.540706   0.998369
2012.667072  -0.000538
2013.793557   0.998129
2014.920160  -0.005732
2016.046881  -0.000402
2017.173720  -0.000006
2018.300678   0.000309
2019.427754   0.004244
2020.554949   0.990622
2021.682261   2.011451
2022.809692  -0.010074
2023.937242  -0.017236
2025.064910   0.017803
2026.192696   0.006093
2027.320601   1.007480
2028.448623   1.993112
2029.576765  -0.020833
2030.705024   0.997526
2031.833402  -0.015959
2032.961898   0.032668
2034.090513   0.988369
2035.219246   0.013673
2036.348097   1.000144
2037.477067  -0.003407
2038.606155  -0.000241
2039.735361  -0.000079
2040.864686  -0.000844
2041.994129  -0.011341
2043.123690   0.002722
2044.253370   1.003653
2045.383168   1.009583
2046.513084   0.987297
2047.643119  -0.008777
2048.773272   1.017309
2049.903543  -0.007524
2051.033933   0.999994
2052.164441   0.006192
2053.295068   0.001779
2054.425812   0.993297
2055.556675   0.004661
2056.687657   0.000282
2057.818757  -0.000390
2058.949975  -0.005315
2060.081311   0.001322
2061.212766   1.004307
2062.344339  -0.004595
2063.476031   0.004200
2064.607841   0.997071
2065.739769   0.002043
2066.871815   0.000177
2068.003980   0.000606
2069.136264   1.000823
2070.268665   1.999595
2071.401188  -0.001176
2072.533843   0.999226
2073.666580   1.000000
