2019_09_26_18_25_32_732 /home/raspion_user/data/Beacon_efficiency_22Na_50cm.sp 637885 1800.002 1762.921 2.734449 0.473827  0.0000147857
  2.734449   3.000000
  3.682376   0.000694
  4.630453  -0.001096
  5.578635   2.001260
  6.526935   0.002394
  7.475352  -0.004389
  8.423888   1.001566
  9.372542   1.001096
 10.321314   0.003690
 11.270205   1.003131
 12.219214   0.998912
 13.168341   3.009936
 14.117587   3.992984
 15.066951  14.012830
 16.016433  14.002129
 16.966034  33.085874
 17.915753  28.027162
 18.865590  47.144550
 19.815546  55.881031
 20.765620  95.071591
 21.715812  87.413911
 22.666123 103.057653
 23.616552 145.857474
 24.567100 157.356945
 25.517766 192.077716
 26.468550 246.162445
 27.419452 242.152354
 28.370473 260.359180
 29.321612 253.005336
 30.272870 304.145212
 31.224246 323.201052
 32.175740 355.073129
 33.127352 345.361303
 34.079083 367.944381
 35.030932 419.951738
 35.982900 415.897733
 36.934986 394.119226
 37.887190 489.674727
 38.839513 493.473847
 39.791954 535.743631
 40.744513 549.720464
 41.697191 488.804071
 42.649987 431.924781
 43.602901 329.014518
 44.555934 291.812843
 45.509085 272.213837
 46.462354 268.220256
 47.415742 282.213547
 48.369248 295.346007
 49.322872 280.635172
 50.276615 303.953229
 51.230476 323.603583
 52.184455 365.976564
 53.138553 349.284073
 54.092769 360.157920
 55.047104 421.780517
 56.001557 403.481736
 56.956128 445.288504
 57.910817 460.348681
 58.865625 479.922960
 59.820551 479.596024
 60.775596 500.088555
 61.730759 505.432083
 62.686040 566.808524
 63.641439 572.361567
 64.596957 617.686811
 65.552593 634.354344
 66.508348 627.689200
 67.464221 629.459985
 68.420212 650.223182
 69.376322 661.977195
 70.332550 680.090281
 71.288896 678.571768
 72.245361 690.726958
 73.201944 762.979734
 74.158645 767.043014
 75.115465 740.265867
 76.072403 672.222979
 77.029459 750.913042
 77.986634 734.904109
 78.943927 733.127732
 79.901338 733.793493
 80.858868 703.833283
 81.816516 727.858287
 82.774282 735.861543
 83.732167 739.341960
 84.690170 704.578077
 85.648291 710.532680
 86.606531 683.819538
 87.564889 742.149168
 88.523366 729.818826
 89.481961 713.907421
 90.440674 652.291686
 91.399505 695.940882
 92.358455 674.740255
 93.317523 621.047246
 94.276710 620.800789
 95.236015 677.304543
 96.195438 635.919643
 97.154979 614.917843
 98.114639 605.137724
 99.074418 617.875678
100.034314 615.980719
100.994329 632.966343
101.954462 641.821161
102.914714 644.247649
103.875084 660.464571
104.835572 652.848137
105.796179 642.687794
106.756904 669.967022
107.717747 696.679718
108.678709 702.337252
109.639789 768.228108
110.600987 785.141312
111.562304 769.835146
112.523739 777.177467
113.485293 762.907058
114.446964 771.302290
115.408754 797.697655
116.370663 775.327379
117.332690 846.393145
118.294835 819.005125
119.257098 779.843745
120.219480 897.028607
121.181980 836.079355
122.144599 840.889574
123.107335 830.041996
124.070191 811.309604
125.033164 836.085725
125.996256 819.073357
126.959466 840.269716
127.922795 784.486461
128.886242 814.975487
129.849807 791.272166
130.813490 797.085014
131.777292 771.023757
132.741213 817.101513
133.705251 789.270852
134.669408 779.686178
135.633683 772.838460
136.598077 671.624208
137.562589 788.564543
138.527219 772.755288
139.491968 733.735467
140.456835 716.782303
141.421820 725.682980
142.386924 717.099890
143.352146 696.553846
144.317487 702.223423
145.282945 697.800615
146.248522 733.282621
147.214218 688.948203
148.180031 659.645182
149.145964 644.135397
150.112014 648.303845
151.078183 690.834441
152.044470 621.521612
153.010875 639.292914
153.977399 645.955925
154.944041 676.504949
155.910802 661.698684
156.877681 651.155343
157.844678 634.127275
158.811793 628.451845
159.779027 617.490368
160.746380 700.502452
161.713850 658.506371
162.681439 656.513605
163.649146 681.399555
164.616972 701.488721
165.584916 706.393620
166.552978 703.305978
167.521159 660.317211
168.489458 689.206477
169.457875 749.784931
170.426411 719.538978
171.395065 741.080974
172.363837 771.779149
173.332728 732.194992
174.301737 794.475109
175.270864 740.514598
176.240110 786.923552
177.209474 729.287660
178.178956 775.111307
179.148557 796.623523
180.118276 857.874378
181.088114 804.199042
182.058069 817.935624
183.028143 766.209313
183.998336 782.968138
184.968647 776.517101
185.939076 781.517490
186.909623 790.085959
187.880289 799.229070
188.851073 757.204088
189.821976 802.766732
190.792997 712.870960
191.764136 705.843121
192.735394 746.068848
193.706769 696.569156
194.678264 700.558021
195.649876 730.834639
196.621607 743.829616
197.593456 675.498149
198.565424 660.798339
199.537510 644.790471
200.509714 623.532632
201.482037 650.808035
202.454478 614.715970
203.427037 660.563969
204.399715 627.666010
205.372511 612.690334
206.345425 662.861088
207.318458 626.487407
208.291609 621.079062
209.264879 598.735570
210.238266 546.838685
211.211772 645.526974
212.185397 569.853275
213.159140 601.562483
214.133001 559.331063
215.106980 585.140976
216.081078 509.966641
217.055294 620.242139
218.029629 546.082374
219.004081 525.832159
219.978653 573.686987
220.953342 591.951366
221.928150 548.734413
222.903076 574.328329
223.878121 585.377005
224.853284 562.755080
225.828565 556.897082
226.803964 576.603113
227.779482 523.081797
228.755118 554.465101
229.730873 570.712045
230.706746 523.275530
231.682737 521.606983
232.658847 557.076932
233.635075 532.822797
234.611421 527.216035
235.587886 477.326741
236.564469 510.598470
237.541170 461.341288
238.517990 541.566124
239.494928 487.929515
240.471984 524.888604
241.449159 467.196998
242.426452 499.408476
243.403864 497.340092
244.381393 476.538701
245.359041 470.146322
246.336808 458.481173
247.314693 484.616728
248.292696 506.574439
249.270817 477.125400
250.249057 487.851346
251.227415 441.038809
252.205892 526.598513
253.184487 439.908138
254.163200 470.350900
255.142031 449.790668
256.120981 463.000095
257.100049 408.409106
258.079236 419.793761
259.058541 479.044422
260.037964 442.526791
261.017506 461.614402
261.997166 461.533635
262.976944 428.581251
263.956841 450.880438
264.936856 430.773005
265.916989 439.187065
266.897240 406.414231
267.877610 453.927244
268.858099 426.442578
269.838705 435.424762
270.819431 470.085971
271.800274 427.142299
272.781236 376.309032
273.762316 428.925798
274.743514 386.999516
275.724831 439.430718
276.706266 441.208159
277.687819 382.222435
278.669491 396.693211
279.651281 381.448704
280.633190 395.998036
281.615216 394.491649
282.597362 396.358267
283.579625 388.553866
284.562007 376.998464
285.544507 386.041069
286.527126 407.550137
287.509862 391.180792
288.492718 401.637555
289.475691 382.757737
290.458783 404.260023
291.441993 399.811895
292.425322 399.325296
293.408769 380.601177
294.392334 404.598952
295.376018 389.745979
296.359820 417.349723
297.343740 382.135831
298.327779 397.206468
299.311936 354.697871
300.296211 351.880831
301.280605 387.717151
302.265117 324.252052
303.249747 404.624577
304.234496 380.959964
305.219363 402.594038
306.204348 385.739261
307.189452 369.569196
308.174674 388.685193
309.160014 382.582847
310.145473 420.335963
311.131050 386.699762
312.116746 371.370676
313.102559 386.121127
314.088492 334.825592
315.074542 354.584078
316.060711 348.160907
317.046998 362.894726
318.033404 361.373439
319.019927 367.799218
320.006570 329.789663
320.993330 357.577949
321.980209 381.415181
322.967206 369.031783
323.954322 325.502149
324.941556 378.401620
325.928908 335.544032
326.916379 341.335219
327.903968 323.627759
328.891675 326.300274
329.879500 316.560851
330.867444 284.422825
331.855507 299.990331
332.843687 357.059968
333.831986 296.313054
334.820404 303.336292
335.808939 278.878869
336.797593 297.803740
337.786366 292.873875
338.775257 276.373849
339.764266 304.776896
340.753393 284.446100
341.742639 287.169216
342.732003 250.406699
343.721485 242.100152
344.711086 259.859254
345.700805 293.368461
346.690643 283.700314
347.680599 253.645823
348.670673 261.482900
349.660865 251.188254
350.651176 283.518074
351.641605 257.128026
352.632153 263.848511
353.622819 226.580258
354.613603 271.287326
355.604505 239.819579
356.595526 229.673954
357.586665 215.883257
358.577923 228.199432
359.569299 251.455021
360.560793 225.940195
361.552406 222.968882
362.544137 246.654872
363.535986 210.900660
364.527954 251.990997
365.520040 225.461523
366.512244 200.751356
367.504567 193.828734
368.497008 230.532817
369.489567 219.353311
370.482245 231.509400
371.475041 236.153600
372.467955 199.660361
373.460988 206.822767
374.454139 213.347298
375.447409 210.612882
376.440796 230.207995
377.434302 214.838608
378.427927 224.997453
379.421670 211.093449
380.415531 212.802246
381.409510 195.045296
382.403608 223.319214
383.397824 189.855961
384.392159 193.800918
385.386612 185.575586
386.381183 196.165362
387.375872 226.994682
388.370680 181.586236
389.365607 179.114805
390.360651 226.085522
391.355814 211.720606
392.351095 205.057627
393.346495 178.036719
394.342013 203.016121
395.337649 195.946263
396.333404 189.433506
397.329277 212.257329
398.325268 221.517559
399.321378 184.928487
400.317606 187.783199
401.313952 178.568897
402.310417 215.518209
403.307000 193.256781
404.303701 204.838600
405.300521 190.617361
406.297459 228.033159
407.294516 178.540671
408.291690 208.925524
409.288983 199.329376
410.286395 184.235802
411.283925 193.486681
412.281573 203.612632
413.279339 194.090445
414.277224 176.947401
415.275227 194.613702
416.273349 200.546666
417.271589 176.233385
418.269947 187.930500
419.268423 185.172437
420.267018 191.300321
421.265731 201.617865
422.264563 184.133651
423.263513 194.542916
424.262581 213.359340
425.261768 178.974155
426.261073 189.019588
427.260496 182.442161
428.260038 201.567529
429.259698 213.708080
430.259476 201.893856
431.259372 181.459442
432.259387 210.362921
433.259521 191.651165
434.259772 192.230800
435.260143 184.923049
436.260631 203.058736
437.261238 169.808922
438.261963 188.690768
439.262806 184.826297
440.263768 189.623582
441.264848 187.026616
442.266046 182.374584
443.267363 207.147045
444.268798 165.015504
445.270352 204.125251
446.272024 186.850993
447.273814 180.141083
448.275722 201.236457
449.277749 179.901110
450.279894 192.162328
451.282158 199.421023
452.284540 206.089400
453.287040 172.428769
454.289658 170.456339
455.292395 182.191650
456.295250 209.266198
457.298224 199.309550
458.301316 211.971276
459.304526 218.906006
460.307855 197.205218
461.311302 213.913345
462.314867 168.919098
463.318551 191.141989
464.322353 200.322108
465.326273 243.927565
466.330312 234.151758
467.334469 224.330341
468.338744 257.144965
469.343138 232.883592
470.347650 273.702915
471.352280 270.364501
472.357029 246.098003
473.361896 278.881888
474.366881 316.195844
475.371985 284.438967
476.377207 298.144152
477.382548 333.551131
478.388007 376.280938
479.393584 358.203739
480.399279 370.638854
481.405093 403.141909
482.411025 423.398807
483.417076 477.706310
484.423245 499.034205
485.429532 525.750647
486.435937 549.456837
487.442461 594.046344
488.449103 631.700112
489.455864 667.772975
490.462743 691.838727
491.469740 730.393435
492.476856 788.633539
493.484090 799.109638
494.491442 876.958684
495.498913 889.383770
496.506502 917.873564
497.514209 1001.078395
498.522035 1042.386872
499.529979 1104.517429
500.538041 1106.479893
501.546222 1131.410006
502.554521 1258.805626
503.562938 1253.782360
504.571474 1289.998881
505.580128 1214.608669
506.588900 1316.172492
507.597791 1301.040055
508.606800 1385.111111
509.615928 1373.454290
510.625173 1401.930095
511.634537 1377.623978
512.644020 1353.343549
513.653621 1312.958839
514.663340 1429.539369
515.673177 1363.498472
516.683133 1378.597034
517.693207 1322.484515
518.703400 1326.178474
519.713711 1232.487386
520.724140 1326.411781
521.734688 1165.070181
522.745354 1180.946477
523.756138 1074.919232
524.767040 1142.661239
525.778061 1017.259035
526.789201 1028.136979
527.800458 951.737587
528.811834 918.882578
529.823328 825.257817
530.834941 834.621166
531.846672 733.939081
532.858521 707.348845
533.870489 638.847973
534.882575 604.647529
535.894780 591.621525
536.907102 586.060304
537.919543 533.964916
538.932103 422.993451
539.944780 416.394661
540.957577 423.027433
541.970491 351.840193
542.983524 306.248403
543.996675 289.632244
545.009944 287.032912
546.023332 292.745085
547.036838 229.014488
548.050463 220.556475
549.064206 211.740188
550.078067 206.260351
551.092046 186.553649
552.106144 185.107817
553.120360 175.285282
554.134695 182.409865
555.149148 170.938261
556.163719 140.425336
557.178409 140.492214
558.193216 126.179798
559.208143 122.196215
560.223187 127.406647
561.238350 125.570256
562.253632 106.805641
563.269031 122.631395
564.284549 109.015852
565.300186 113.401679
566.315940 103.962762
567.331813  84.694917
568.347805 105.953907
569.363914  98.333513
570.380142  79.784047
571.396489  94.862790
572.412953  99.657898
573.429537  85.144698
574.446238  90.713422
575.463058  84.388793
576.479996  70.569566
577.497052  83.948786
578.514227  82.711216
579.531520  86.263450
580.548932  80.753107
581.566461  79.338703
582.584110  75.459713
583.601876  65.786131
584.619761  88.680346
585.637764  77.693552
586.655886  76.309477
587.674126  82.612681
588.692484  80.676362
589.710960  81.357991
590.729555  80.958293
591.748269  82.489244
592.767100  71.165043
593.786050  65.271002
594.805118  66.870406
595.824305  84.094032
596.843610  79.042585
597.863033  73.595979
598.882575  68.107810
599.902235  69.106465
600.922013  82.718871
601.941910  77.866876
602.961925  72.575661
603.982058  85.100546
605.002310  78.723980
606.022680  71.863461
607.043169  75.542038
608.063775  71.996015
609.084500  71.721346
610.105344  61.273267
611.126306  71.159781
612.147386  81.193070
613.168584  69.186664
614.189901  83.557227
615.211336  77.023958
616.232890  75.883206
617.254562  64.243249
618.276352  72.652507
619.298260  72.766105
620.320287  75.503884
621.342432  81.108301
622.364696  77.747012
623.387078  81.804859
624.409578  75.610716
625.432197  72.508562
626.454934  72.886735
627.477789  73.465306
628.500762  74.032954
629.523854  56.449527
630.547065  58.157016
631.570393  81.177503
632.593840  69.811403
633.617406  77.349864
634.641089  76.704303
635.664891  72.085494
636.688812  64.477364
637.712850  80.102045
638.737007  85.171914
639.761283  59.294817
640.785677  79.945255
641.810189  76.868071
642.834819  75.369929
643.859568  88.332409
644.884435  68.804566
645.909420  86.941552
646.934524  89.264646
647.959746  86.321840
648.985087  79.064865
650.010546  72.081069
651.036123  62.976221
652.061818  78.027289
653.087632  85.755147
654.113564  68.403504
655.139615  82.146094
656.165784  72.376963
657.192071  75.421045
658.218477  81.954362
659.245001  78.137683
660.271643  82.672744
661.298403  83.425771
662.325282  81.224458
663.352280  84.451266
664.379395  85.219982
665.406629  75.030387
666.433982  80.391231
667.461452  71.522050
668.489041  86.617874
669.516749  91.468903
670.544574  84.000647
671.572518  81.142038
672.600581  72.631257
673.628762  85.966785
674.657061  74.019156
675.685478  70.965678
676.714014  60.007944
677.742668  69.873698
678.771440  66.247683
679.800331  65.246343
680.829340  71.341102
681.858468  59.344406
682.887714  59.682787
683.917078  66.263414
684.946560  78.411669
685.976161  65.212463
687.005880  68.476792
688.035718  68.286023
689.065674  51.842767
690.095748  54.398287
691.125940  62.482893
692.156251  55.546439
693.186681  58.515142
694.217228  54.626197
695.247894  51.732387
696.278678  57.671330
697.309581  62.326695
698.340602  51.261992
699.371741  47.989468
700.402999  58.250915
701.434375  69.620072
702.465869  56.394251
703.497482  55.637006
704.529213  58.159143
705.561062  52.494440
706.593030  54.491523
707.625116  47.226656
708.657321  56.914356
709.689643  59.983669
710.722084  62.059067
711.754644  54.344758
712.787322  48.153379
713.820118  50.914680
714.853032  56.734786
715.886065  46.329968
716.919216  45.324044
717.952486  54.237560
718.985873  42.791063
720.019380  56.347659
721.053004  65.125813
722.086747  48.988029
723.120608  44.393872
724.154588  50.417939
725.188686  48.802189
726.222902  52.879998
727.257236  40.144178
728.291689  57.024049
729.326261  57.092299
730.360950  52.833841
731.395758  45.741990
732.430685  53.361992
733.465729  59.549662
734.500892  70.968034
735.536173  43.230330
736.571573  42.655849
737.607091  54.261168
738.642728  55.627306
739.678482  63.365501
740.714355  58.105889
741.750347  62.138528
742.786456  55.361792
743.822684  44.022908
744.859031  50.620906
745.895496  55.067644
746.932079  51.613909
747.968780  51.382152
749.005600  58.629251
750.042538  48.077383
751.079595  49.072013
752.116769  56.489261
753.154063  48.136470
754.191474  60.700720
755.229004  50.021834
756.266652  56.272984
757.304419  44.722216
758.342304  54.670621
759.380307  53.689668
760.418428  53.594751
761.456668  52.799157
762.495027  51.451749
763.533503  44.057416
764.572098  46.947655
765.610811  43.435815
766.649643  57.632430
767.688593  52.523090
768.727661  51.191994
769.766848  44.245801
770.806153  54.728137
771.845576  50.778295
772.885118  58.729359
773.924778  44.337859
774.964556  50.335382
776.004453  55.678003
777.044468  47.884563
778.084602  53.825291
779.124853  46.960540
780.165223  54.372401
781.205712  53.931393
782.246319  54.210425
783.287044  49.224227
784.327887  54.286794
785.368849  54.521020
786.409929  51.823652
787.451128  59.887574
788.492445  49.888425
789.533880  52.233079
790.575433  56.019393
791.617105  54.407619
792.658895  53.698087
793.700804  57.542381
794.742831  55.467687
795.784976  55.727948
796.827240  44.103548
797.869622  64.558193
798.912122  48.331247
799.954741  41.072374
800.997478  50.398432
802.040333  46.961639
803.083306  44.663224
804.126398  53.168394
805.169609  45.560871
806.212937  41.608434
807.256384  56.988530
808.299950  53.815315
809.343634  43.677118
810.387436  40.636576
811.431356  57.134601
812.475395  54.099666
813.519552  44.419616
814.563827  54.152182
815.608221  52.751635
816.652733  47.828470
817.697364  60.185919
818.742112  51.945428
819.786980  58.436775
820.831965  45.467953
821.877069  60.705161
822.922291  55.127564
823.967632  52.587035
825.013090  45.443469
826.058668  48.427774
827.104363  55.836205
828.150177  50.879547
829.196109  51.118162
830.242160  43.815149
831.288329  46.472178
832.334616  49.842270
833.381022  55.970347
834.427546  43.560571
835.474188  43.025536
836.520949  54.576275
837.567828  50.894659
838.614825  48.392007
839.661941  56.773009
840.709175  46.205721
841.756527  55.276876
842.803998  49.899892
843.851587  48.414394
844.899294  52.127361
845.947120  46.871555
846.995064  52.511486
848.043126  58.104938
849.091307  51.742398
850.139606  58.935300
851.188024  46.156487
852.236559  55.935006
853.285213  56.150107
854.333986  48.204677
855.382877  50.526176
856.431886  49.504933
857.481013  58.726724
858.530259  34.802597
859.579623  48.977005
860.629106  53.135496
861.678707  64.001893
862.728426  54.972719
863.778264  51.543832
864.828220  46.119504
865.878294  55.734227
866.928486  59.408845
867.978797  62.005529
869.029227  50.837857
870.079774  54.814960
871.130440  49.556848
872.181225  44.138442
873.232127  50.340029
874.283148  51.067199
875.334288  66.044696
876.385545  56.752924
877.436921  40.655271
878.488416  52.621030
879.540028  55.025077
880.591759  55.497638
881.643609  40.891899
882.695577  56.224544
883.747663  57.296384
884.799867  54.528324
885.852190  48.126157
886.904631  51.629880
887.957191  47.319949
889.009868  55.195506
890.062664  42.618631
891.115579  47.853851
892.168612  52.408076
893.221763  51.528507
894.275032  53.645687
895.328420  50.003560
896.381927  64.663132
897.435551  49.665020
898.489294  44.871402
899.543155  56.394992
900.597135  61.301494
901.651233  57.244190
902.705449  57.102513
903.759784  56.608739
904.814237  34.111334
905.868808  59.122159
906.923498  46.898264
907.978306  48.663911
909.033232  68.725843
910.088277  47.915991
911.143440  51.639114
912.198721  56.137313
913.254121  36.736213
914.309639  51.058103
915.365275  58.188666
916.421030  47.709422
917.476903  56.489060
918.532894  56.843112
919.589004  55.394026
920.645232  52.894167
921.701579  55.100548
922.758043  59.127123
923.814627  39.155802
924.871328  52.409468
925.928148  58.867829
926.985086  47.462596
928.042143  49.279791
929.099317  39.169621
930.156611  47.075478
931.214022  54.253368
932.271552  59.434943
933.329200  67.054937
934.386967  46.994662
935.444852  57.482464
936.502855  61.902519
937.560977  55.864950
938.619217  48.307739
939.677575  62.263006
940.736052  55.531655
941.794647  44.175186
942.853360  53.267297
943.912192  52.009030
944.971142  67.714386
946.030210  45.943337
947.089397  58.567127
948.148702  65.068812
949.208125  67.553272
950.267667  46.725245
951.327327  63.874208
952.387105  49.477886
953.447002  64.360345
954.507017  59.969725
955.567150  57.286722
956.627402  62.817741
957.687772  49.257820
958.748261  58.437570
959.808868  56.785553
960.869593  51.958833
961.930436  62.769460
962.991398  69.472694
964.052478  50.512765
965.113677  59.741102
966.174994  47.732765
967.236429  45.984997
968.297983  53.220026
969.359654  51.094115
970.421445  46.960278
971.483353  65.567635
972.545380  57.265092
973.607526  46.187071
974.669789  64.480226
975.732171  61.908525
976.794671  54.112191
977.857290  56.082737
978.920027  57.554682
979.982882  61.514105
981.045856  52.681401
982.108948  52.878701
983.172158  60.024306
984.235487  60.509337
985.298934  52.124791
986.362500  54.162454
987.426183  54.451628
988.489985  61.431419
989.553906  60.637289
990.617945  56.065541
991.682102  64.134559
992.746377  50.922245
993.810771  57.313634
994.875283  63.190753
995.939914  50.248753
997.004663  63.573674
998.069530  54.423132
999.134515  60.159540
1000.199619  62.127920
1001.264841  51.348828
1002.330182  52.250217
1003.395641  59.980966
1004.461218  42.126950
1005.526914  57.305581
1006.592728  49.491173
1007.658660  47.456754
1008.724710  68.221444
1009.790879  58.773334
1010.857167  49.189130
1011.923572  53.856494
1012.990096  48.153665
1014.056739  49.067832
1015.123499  65.830253
1016.190378  39.782915
1017.257376  57.748943
1018.324491  56.846215
1019.391725  69.692248
1020.459078  46.669764
1021.526549  38.812330
1022.594138  39.402105
1023.661845  49.441180
1024.729671  38.730492
1025.797615  51.190437
1026.865677  45.026312
1027.933858  53.854808
1029.002157  41.048331
1030.070575  52.312571
1031.139111  48.136212
1032.207765  42.422210
1033.276537  42.635738
1034.345428  40.635115
1035.414437  34.003139
1036.483565  48.041121
1037.552811  29.833698
1038.622175  49.446539
1039.691657  39.552015
1040.761258  38.393248
1041.830978  32.685860
1042.900815  44.290500
1043.970771  32.910072
1045.040845  39.199430
1046.111038  42.687238
1047.181349  33.839348
1048.251778  38.690464
1049.322326  37.882594
1050.392992  41.382089
1051.463776  33.273756
1052.534679  27.345862
1053.605700  24.225796
1054.676840  30.561366
1055.748097  25.319596
1056.819473  35.203139
1057.890968  25.275654
1058.962580  23.495912
1060.034312  36.450716
1061.106161  25.353138
1062.178129  25.068519
1063.250215  28.658860
1064.322419  25.200117
1065.394742  24.439198
1066.467183  26.469232
1067.539743  24.018824
1068.612421  31.290063
1069.685217  28.540849
1070.758131  25.821205
1071.831164  25.010825
1072.904315  24.269441
1073.977585  19.935475
1075.050973  24.249323
1076.124479  21.058938
1077.198104  15.768810
1078.271847  21.032927
1079.345708  21.201201
1080.419688  26.854602
1081.493786  22.066396
1082.568002  19.412834
1083.642337  32.818199
1084.716789  16.367891
1085.791361  28.531428
1086.866051  18.118132
1087.940859  20.626986
1089.015785  19.662295
1090.090830  15.678639
1091.165993  19.233310
1092.241274  23.501138
1093.316674  17.325811
1094.392192  27.094686
1095.467828  18.785125
1096.543583  18.100747
1097.619456  13.539569
1098.695448  24.852979
1099.771557  15.539406
1100.847786  17.089261
1101.924132  15.028134
1103.000597  22.100432
1104.077180  18.340177
1105.153882  18.076595
1106.230701  20.366080
1107.307640  15.618139
1108.384696  14.459641
1109.461871  13.905386
1110.539164  20.464346
1111.616576  18.121246
1112.694106  17.367172
1113.771754   8.947407
1114.849521  16.203077
1115.927406  19.247270
1117.005409  16.662063
1118.083531  15.330002
1119.161771  12.935650
1120.240129  16.166351
1121.318606  12.660510
1122.397201  17.894649
1123.475914  12.169590
1124.554746  18.031285
1125.633696  16.628338
1126.712764  16.813227
1127.791951  11.514863
1128.871256  20.055023
1129.950679  18.766977
1131.030221   9.508202
1132.109881  17.431861
1133.189660  11.555296
1134.269556  16.102598
1135.349571  10.312526
1136.429705  12.378763
1137.509957  15.158507
1138.590327  14.164444
1139.670815  12.943103
1140.751422  16.331757
1141.832147  18.821479
1142.912991  10.302421
1143.993953  13.904456
1145.075033   9.645035
1146.156232  20.258288
1147.237549  10.004110
1148.318984  14.216607
1149.400537  12.891250
1150.482209  12.430479
1151.564000  17.441841
1152.645908  11.186013
1153.727935   8.499996
1154.810081  15.068824
1155.892344  19.045553
1156.974726  15.336038
1158.057227  10.128554
1159.139845   9.219951
1160.222582  10.372532
1161.305438  10.465103
1162.388411  15.339807
1163.471503  24.199930
1164.554714  12.778233
1165.638043  18.231403
1166.721490  11.126110
1167.805055  12.150808
1168.888739  15.814579
1169.972541  16.430702
1171.056461  15.748803
1172.140500  11.830868
1173.224657  11.158535
1174.308933  10.467676
1175.393327  14.536244
1176.477839  20.202043
1177.562469  13.568501
1178.647218  13.518573
1179.732086  16.573146
1180.817071  16.448198
1181.902175  12.606712
1182.987397  20.292381
1184.072738  19.332650
1185.158197  22.184827
1186.243774  17.622332
1187.329470  19.063707
1188.415284  10.491692
1189.501216  14.253622
1190.587267  20.048179
1191.673436  19.719367
1192.759723  18.866887
1193.846129  18.725911
1194.932653  18.385363
1196.019295  27.192897
1197.106056  31.472824
1198.192935  16.469533
1199.279932  28.064764
1200.367048  13.271391
1201.454282  24.558003
1202.541634  35.659501
1203.629105  37.085735
1204.716694  28.551734
1205.804402  30.554529
1206.892227  31.664702
1207.980172  32.132249
1209.068234  30.935824
1210.156415  36.178683
1211.244714  42.939228
1212.333132  45.030492
1213.421667  39.871876
1214.510322  50.792205
1215.599094  47.387385
1216.687985  50.887189
1217.776994  41.185174
1218.866122  65.573446
1219.955368  51.219215
1221.044732  65.958600
1222.134215  56.165461
1223.223816  69.736807
1224.313535  62.223782
1225.403372  72.478703
1226.493328  78.821048
1227.583403  80.191464
1228.673595  72.253913
1229.763906  80.842480
1230.854336  97.118833
1231.944883 105.058720
1233.035549  87.400488
1234.126334 105.815096
1235.217237 118.129601
1236.308258  91.787505
1237.399397 117.270565
1238.490655 119.834689
1239.582031 123.111684
1240.673525 131.062996
1241.765138 128.101600
1242.856869 131.798772
1243.948719 124.756947
1245.040687 134.660740
1246.132773 127.156505
1247.224977 167.760405
1248.317300 160.674272
1249.409741 154.605064
1250.502301 163.878696
1251.594979 150.251462
1252.687775 148.038272
1253.780689 173.884631
1254.873722 163.403102
1255.966874 184.896673
1257.060143 152.775433
1258.153531 161.283478
1259.247037 175.075336
1260.340662 171.987195
1261.434405 198.247910
1262.528266 178.412865
1263.622246 162.527298
1264.716344 156.268094
1265.810560 187.338248
1266.904895 168.440258
1267.999348 163.985981
1269.093919 162.684104
1270.188609 151.960000
1271.283417 144.929342
1272.378344 183.781778
1273.473388 153.572699
1274.568551 159.311466
1275.663833 161.092312
1276.759233 153.458427
1277.854751 145.999631
1278.950387 137.083428
1280.046142 148.891348
1281.142015 137.066678
1282.238007 138.778263
1283.334116 133.949349
1284.430345 125.590239
1285.526691 143.554506
1286.623156 107.711543
1287.719739 119.377392
1288.816441 118.189184
1289.913261 121.244047
1291.010199  99.477576
1292.107255  95.645001
1293.204430  97.240383
1294.301724  88.991688
1295.399135  75.017907
1296.496665  83.852319
1297.594313  88.439786
1298.692080  85.020670
1299.789965  78.508612
1300.887968  63.103352
1301.986090  79.532438
1303.084330  56.347651
1304.182688  48.788361
1305.281165  53.133997
1306.379760  64.876972
1307.478474  51.478618
1308.577305  40.822763
1309.676255  44.050433
1310.775324  40.845799
1311.874511  39.535726
1312.973816  38.232943
1314.073239  29.666840
1315.172781  30.298971
1316.272441  30.994854
1317.372220  29.555143
1318.472116  31.627767
1319.572132  29.491639
1320.672265  17.095307
1321.772517  23.215633
1322.872887  25.252340
1323.973376  15.921268
1325.073982  24.985568
1326.174708  20.489066
1327.275551  17.201247
1328.376513  11.981887
1329.477593  14.753523
1330.578792  15.404187
1331.680109  19.642204
1332.781544  17.508851
1333.883098  10.765622
1334.984770  12.551889
1336.086560   7.412894
1337.188469  16.170042
1338.290496  16.817314
1339.392641   9.447006
1340.494905   6.780055
1341.597287   9.064355
1342.699787   7.211439
1343.802406  10.197896
1344.905143   9.366581
1346.007998   4.471240
1347.110972  10.097132
1348.214064  10.098009
1349.317275   7.735818
1350.420604   7.413229
1351.524051   9.119034
1352.627616   6.451830
1353.731300  10.737776
1354.835102   5.140298
1355.939023   8.136843
1357.043061   6.137932
1358.147219   5.711408
1359.251494   4.693302
1360.355888   8.642825
1361.460400   6.888016
1362.565031   3.737181
1363.669780   5.558835
1364.774647   9.019548
1365.879633   7.485918
1366.984736   6.436282
1368.089959   7.378790
1369.195299   3.480989
1370.300758   4.157552
1371.406336   3.035565
1372.512031   4.884215
1373.617845   6.270502
1374.723778   2.738026
1375.829828   9.010391
1376.935997   3.257410
1378.042285   6.163292
1379.148690   5.848776
1380.255214   3.002596
1381.361857   4.090487
1382.468618   7.462529
1383.575497   0.436150
1384.682494   3.261290
1385.789610   2.645919
1386.896844   3.907565
1388.004196   3.875162
1389.111667   3.370234
1390.219256   4.355500
1391.326964   6.126709
1392.434790   4.099666
1393.542734   2.579880
1394.650796   7.493074
1395.758977   3.931382
1396.867276   3.681555
1397.975694   3.340286
1399.084230   4.298622
1400.192884   4.771228
1401.301657   3.019298
1402.410548   3.232516
1403.519557   4.865889
1404.628684   4.248271
1405.737930   3.228373
1406.847295   2.457202
1407.956777   4.112705
1409.066378   2.642045
1410.176098   4.297847
1411.285935   4.559100
1412.395891   2.185521
1413.505966   4.692610
1414.616158   6.551508
1415.726469   4.031450
1416.836899   5.634981
1417.947446   2.809947
1419.058113   7.303202
1420.168897   5.310474
1421.279800   7.925529
1422.390821   4.379246
1423.501960   3.453520
1424.613218   7.954866
1425.724594   5.662641
1426.836089   7.969603
1427.947701   9.501807
1429.059433   0.340042
1430.171282   7.153798
1431.283250   8.319274
1432.395336   8.099737
1433.507541   4.235819
1434.619864   4.784598
1435.732305   3.172430
1436.844864   8.172069
1437.957542   6.230934
1439.070339   4.354977
1440.183253   7.602830
1441.296286   7.804767
1442.409437   9.483705
1443.522707   4.289782
1444.636095   6.945808
1445.749601   4.999032
1446.863226  10.225057
1447.976969   9.570118
1449.090830   4.498394
1450.204810   6.558851
1451.318908   5.427659
1452.433124   8.229549
1453.547459   6.548712
1454.661912   5.673008
1455.776483   5.152315
1456.891173   8.525179
1458.005981   6.012042
1459.120908   6.085482
1460.235953   7.920891
1461.351116   5.180299
1462.466397   5.820270
1463.581797   8.264552
1464.697315   9.711000
1465.812952   9.277219
1466.928706   5.951329
1468.044580   5.749864
1469.160571   5.280614
1470.276681   1.842186
1471.392909   8.479081
1472.509256   1.545095
1473.625721   6.679155
1474.742304   3.948761
1475.859005   5.685802
1476.975825   2.104160
1478.092764   7.564597
1479.209820   4.048132
1480.326995   2.494003
1481.444288   2.806326
1482.561700   2.584622
1483.679230   3.192930
1484.796878   4.465565
1485.914645   9.327703
1487.032530  -0.335553
1488.150534   3.957652
1489.268655   2.449785
1490.386895   3.939350
1491.505254   3.817086
1492.623730   1.354531
1493.742325   1.701879
1494.861039   2.750540
1495.979871   0.926805
1497.098821   3.472649
1498.217889   2.361397
1499.337076   2.332233
1500.456381   1.689177
1501.575805   4.126846
1502.695346   2.412051
1503.815007   0.433904
1504.934785   3.012709
1506.054682   1.740411
1507.174697   1.765999
1508.294831   1.054308
1509.415083   1.169982
1510.535453   2.757718
1511.655941   2.498241
1512.776548   0.190561
1513.897274   1.907406
1515.018117   2.880273
1516.139079   0.755330
1517.260159  -0.265775
1518.381358   2.429155
1519.502675   2.491427
1520.624110   1.252128
1521.745664   1.885508
1522.867336   0.359616
1523.989126   3.825462
1525.111035   1.023395
1526.233062   2.333700
1527.355207   1.514233
1528.477471   1.617623
1529.599853   1.132181
1530.722354   2.216750
1531.844972   1.886232
1532.967709  -0.362345
1534.090565   1.458580
1535.213539   0.380416
1536.336631   2.905485
1537.459841   1.451986
1538.583170   2.540132
1539.706617   1.800219
1540.830183   1.889742
1541.953867   0.267859
1543.077669   2.525077
1544.201589   1.703539
1545.325628   1.015021
1546.449785  -0.055247
1547.574061   0.515344
1548.698455   2.150026
1549.822967   0.686011
1550.947598   1.009041
1552.072347   2.045080
1553.197214   1.322586
1554.322200  -0.295633
1555.447304   0.584633
1556.572526   0.071253
1557.697866   0.845694
1558.823325   2.841627
1559.948903   0.527085
1561.074599   0.068759
1562.200413   0.200943
1563.326345   1.056101
1564.452396   0.710542
1565.578565   0.578621
1566.704852   1.387558
1567.831258   0.899573
1568.957782   1.262441
1570.084424   0.274673
1571.211185   0.798686
1572.338064   1.123594
1573.465062   0.884151
1574.592177   1.694920
1575.719412   0.600810
1576.846764   0.193977
1577.974235  -0.065508
1579.101824   1.742540
1580.229532  -0.079426
1581.357357   0.907537
1582.485302   1.254138
1583.613364   0.462527
1584.741545   1.970509
1585.869844   1.401911
1586.998262   1.201244
1588.126798   0.985022
1589.255452   0.761335
1590.384225  -0.059459
1591.513116   3.765439
1592.642125   0.493483
1593.771253   0.348410
1594.900499   0.399745
1596.029863   2.647204
1597.159346  -0.424753
1598.288947   1.281328
1599.418666   0.228769
1600.548504  -0.081115
1601.678460   1.054136
1602.808534   1.001395
1603.938727   0.965544
1605.069038   0.089190
1606.199467   0.269355
1607.330015  -0.109753
1608.460681   0.174753
1609.591466   1.160086
1610.722368  -0.136328
1611.853390   1.146518
1612.984529  -0.024684
1614.115787   0.762963
1615.247163   0.197715
1616.378658   0.071033
1617.510270   1.683962
1618.642002   0.931997
1619.773851   1.147722
1620.905819   1.633780
1622.037905   0.923906
1623.170110   1.080092
1624.302433  -0.178321
1625.434874   0.159981
1626.567434   1.132302
1627.700111   2.792813
1628.832908   0.910127
1629.965822   1.962713
1631.098855  -0.339150
1632.232007   1.148861
1633.365276   0.491750
1634.498664   0.794599
1635.632171   0.008925
1636.765795   2.244726
1637.899538   1.951030
1639.033400  -0.081475
1640.167379   0.914149
1641.301478   0.743664
1642.435694   1.020933
1643.570029   1.992293
1644.704482  -0.085015
1645.839053   0.811508
1646.973743   1.174911
1648.108551   2.657743
1649.243478   0.378327
1650.378522   1.375310
1651.513686   2.268992
1652.648967  -0.027651
1653.784367   1.797008
1654.919885  -0.125664
1656.055522  -0.061386
1657.191276   2.065195
1658.327150   0.682259
1659.463141   0.167859
1660.599251   0.010200
1661.735479  -0.013544
1662.871826  -0.199562
1664.008291   1.394913
1665.144874   0.769257
1666.281576   0.267768
1667.418396   2.787103
1668.555334   1.553360
1669.692391   1.009243
1670.829566  -0.022897
1671.966859   0.883736
1673.104271  -0.345748
1674.241801   2.444936
1675.379449   1.999603
1676.517216   0.708304
1677.655101   0.902928
1678.793104   2.224334
1679.931226  -0.088206
1681.069466  -0.014506
1682.207824  -0.114951
1683.346301   0.214121
1684.484896  -0.105319
1685.623610   0.125507
1686.762442   0.952507
1687.901392   1.305989
1689.040460  -0.139905
1690.179647   0.247384
1691.318952   0.929585
1692.458376  -0.052837
1693.597918   0.024757
1694.737578   0.895361
1695.877356   2.936617
1697.017253   0.730552
1698.157268  -0.491247
1699.297402   1.666371
1700.437654   0.830440
1701.578024   1.521474
1702.718513   0.039630
1703.859120   1.747090
1704.999845   0.912711
1706.140689   0.192593
1707.281651   0.924980
1708.422731  -0.134046
1709.563930   1.125663
1710.705247  -0.039450
1711.846682  -0.001313
1712.988236   0.020931
1714.129908   0.806302
1715.271698   0.071923
1716.413607   1.126815
1717.555634  -0.199521
1718.697779   2.229508
1719.840043   2.876307
1720.982425  -0.444123
1722.124926   1.544631
1723.267544   0.834494
1724.410282   1.075888
1725.553137  -0.010636
1726.696111   0.951737
1727.839203   0.874648
1728.982413  -0.051531
1730.125742   0.045312
1731.269190   1.737869
1732.412755  -0.027753
1733.556439  -0.017718
1734.700241   0.314142
1735.844162   0.961817
1736.988201   1.207917
1738.132358   1.128193
1739.276633   0.919091
1740.421027   0.871112
1741.565540  -0.138734
1742.710170   1.011865
1743.854919   0.139163
1744.999787  -0.206738
1746.144772   0.288462
1747.289876   0.931253
1748.435099   0.252120
1749.580439   0.934290
1750.725898   0.326110
1751.871476  -0.193015
1753.017171   0.264673
1754.162985   0.126802
1755.308918   1.008122
1756.454969  -0.163349
1757.601138   0.517356
1758.747425   2.122478
1759.893831   0.875821
1761.040355   0.772153
1762.186997   0.022002
1763.333758   0.104067
1764.480637   0.975258
1765.627635   2.121002
1766.774751   0.964486
1767.921985   0.974990
1769.069337   0.127072
1770.216808  -0.194568
1771.364397   0.337239
1772.512105   3.042994
1773.659931   0.771398
1774.807875   2.029301
1775.955938   0.877165
1777.104119   0.788249
1778.252418   0.117261
1779.400836  -0.099031
1780.549372   0.068252
1781.698026   0.111398
1782.846798   1.128667
1783.995689  -0.001685
1785.144699   0.987301
1786.293826   1.754499
1787.443072   0.816221
1788.592437   0.193253
1789.741920   0.092307
1790.891521   0.206036
1792.041240   0.942751
1793.191078  -0.243150
1794.341034   0.258146
1795.491108   1.146042
1796.641301   0.724894
1797.791612   0.329794
1798.942042   1.834541
1800.092589   0.927992
1801.243255   0.104830
1802.394040  -0.278030
1803.544943   0.513560
1804.695964   1.026340
1805.847103   1.763374
1806.998361   0.100891
1808.149737   0.979326
1809.301232   0.908098
1810.452845  -0.044182
1811.604576  -0.003161
1812.756426  -0.000229
1813.908394  -0.000050
1815.060480  -0.000470
1816.212684  -0.006520
1817.365007  -0.090623
1818.517449   0.196543
1819.670008   1.809393
1820.822686  -0.087877
1821.975483   1.257102
1823.128397  -0.085892
1824.281430   1.102973
1825.434582  -0.026914
1826.587851   0.026144
1827.741239   1.002955
1828.894746   1.870459
1830.048370  -0.062178
1831.202114   0.862894
1832.355975   0.181119
1833.509955   2.868303
1834.664053  -0.181145
1835.818269   1.086329
1836.972604  -0.123828
1838.127057   0.069653
1839.281629   1.013843
1840.436318   0.020615
1841.591127   0.061590
1842.746053   0.152370
1843.901098   0.003850
1845.056261  -0.094625
1846.211543   0.047569
1847.366942   0.085457
1848.522461   1.110765
1849.678097   0.001024
1850.833852   1.005200
1851.989725   1.893729
1853.145717   0.710819
1854.301827   0.232396
1855.458055   0.017558
1856.614402   0.019763
1857.770867   0.897384
1858.927450   1.054217
1860.084152  -0.114489
1861.240972   0.126919
1862.397910  -0.053953
1863.554967   1.086333
1864.712142  -0.149722
1865.869435   2.186280
1867.026847  -0.050788
1868.184377  -0.008070
1869.342025  -0.062224
1870.499792   1.086955
1871.657677  -0.107199
1872.815681   0.142608
1873.973802   0.889900
1875.132042   0.089400
1876.290401  -0.059904
1877.448878   1.009173
1878.607473   0.101191
1879.766186   0.006665
1880.925018  -0.005252
1882.083968  -0.079941
1883.243037   0.144942
1884.402224   0.974955
1885.561529  -0.038190
1886.720952  -0.094441
1887.880494  -0.039867
1889.040155   0.249613
1890.199933   0.019096
1891.359830   0.022684
1892.519845   0.969695
1893.679979  -0.015454
1894.840231   0.890742
1896.000601   0.127581
1897.161090   1.933713
1898.321697  -0.215866
1899.482422   0.247922
1900.643266   0.985807
1901.804228  -0.033176
1902.965308  -0.058545
1904.126507   1.085699
1905.287824  -0.001705
1906.449259   0.963830
1907.610813  -0.111460
1908.772485   0.033281
1909.934276   0.118629
1911.096184   0.008362
1912.258211   0.000578
1913.420357  -0.000233
1914.582621  -0.003826
1915.745003  -0.053158
1916.907503   1.101007
1918.070122   0.952890
1919.232859  -0.028166
1920.395715   0.019096
1921.558689   0.994894
1922.721781   0.963357
1923.884991   0.905915
1925.048320   1.951214
1926.211767   0.049119
1927.375333  -0.064140
1928.539017   0.160540
1929.702819   2.934335
1930.866740  -0.080114
1932.030779  -0.006355
1933.194936  -0.009230
1934.359212  -0.122445
1935.523606   1.172026
1936.688118  -0.061965
1937.852748   1.094698
1939.017497   0.976562
1940.182365   0.945093
1941.347351  -0.101518
1942.512455   0.025649
1943.677677   0.102326
1944.843018   0.004969
1946.008477  -0.031030
1947.174054   2.051541
1948.339750  -0.047803
1949.505564  -0.069073
1950.671496   0.108223
1951.837547   0.955202
1953.003716   2.027471
1954.170004  -0.042678
1955.336410   0.009696
1956.502934   0.913242
1957.669576   0.047160
1958.836337  -0.255161
1960.003216   0.357285
1961.170214   0.055917
1962.337330   1.912788
1963.504564   0.958610
1964.671916   0.066624
1965.839387   0.005997
1967.006977   0.018451
1968.174684   0.999049
1969.342510   0.959586
1970.510454  -0.028736
1971.678517  -0.068143
1972.846698   0.021367
1974.014997   0.089372
1975.183415   0.018235
1976.351951   0.922689
1977.520605   0.054615
1978.689378  -0.065087
1979.858269  -0.043951
1981.027278   0.105215
1982.196406   0.090818
1983.365652   0.006390
1984.535016  -0.000150
1985.704499  -0.008408
1986.874100  -0.116994
1988.043820   0.149138
1989.213657  -0.047222
1990.383613   0.072321
1991.553688  -0.051809
1992.723881   0.074861
1993.894192   0.002339
1995.064621  -0.040869
1996.235169   1.059589
1997.405835  -0.014297
1998.576620  -0.002879
1999.747523  -0.025966
2000.918544   2.041355
2002.089683  -0.086480
2003.260941   0.078304
2004.432318   0.934079
2005.603812  -0.006665
2006.775425   0.015170
2007.947156   0.020397
2009.119006   0.074069
2010.290974   0.019258
2011.463060   0.988748
2012.635265  -0.017676
2013.807588  -0.001528
2014.980029  -0.003815
2016.152589  -0.051586
2017.325267   0.057319
2018.498063  -0.094349
2019.670978   0.155187
2020.844011   2.001624
2022.017162   0.958985
2023.190432   0.008612
2024.363820   1.993599
2025.537326   0.983512
2026.710951   1.962012
2027.884694  -0.033323
2029.058556  -0.001460
2030.232535   0.012540
2031.406634   0.990778
2032.580850  -0.015553
2033.755185  -0.001363
2034.929638  -0.003634
2036.104210  -0.049196
2037.278899   0.010778
2038.453708   0.059945
2039.628634   0.005111
2040.803679   0.012269
2041.978842   0.992011
2043.154124  -0.013971
2044.329524   0.005026
2045.505042   0.913966
2046.680679   1.040523
2047.856433   0.044665
2049.032307   0.003003
2050.208298  -0.002001
2051.384408  -0.030759
2052.560637   1.041139
2053.736983  -0.039887
2054.913448   1.041918
2056.090032  -0.009772
2057.266733  -0.003020
2058.443553  -0.032338
2059.620492   0.998761
2060.797548  -0.001846
2061.974723   0.043511
2063.152017  -0.075783
2064.329429   0.063514
2065.506959   1.045942
2066.684607  -0.008495
2067.862374  -0.003457
2069.040259  -0.039645
2070.218262   0.007396
2071.396384   0.055721
2072.574624   0.998193
2073.752983  -0.010486
2074.931460   0.006194
2076.110055   0.960654
2077.288768   0.037246
2078.467600   0.972338
2079.646551   1.024746
2080.825619  -0.008440
2082.004806  -0.000733
2083.184111  -0.001903
2084.363535  -0.025661
2085.543077   1.009727
2086.722737   1.025690
2087.902516  -0.009502
2089.082413  -0.025709
2090.262428   1.001522
2091.442561   0.036445
2092.622813   0.996795
2093.803184  -0.032166
2094.983672   1.014011
2096.164279   1.990982
2097.345005   0.017261
2098.525849   0.001248
2099.706811   0.000488
2100.887891   0.005528
2102.069090   0.970020
2103.250407   0.029742
2104.431842   0.996922
2105.613396  -0.034486
2106.795068   0.028815
2107.976859   0.000223
2109.158767  -0.024893
2110.340794   0.035062
2111.522940   1.001148
2112.705204   0.012977
2113.887586   2.999311
2115.070086   0.974938
2116.252705  -0.031431
2117.435442   0.031507
2118.618298   1.004336
2119.801272   0.969723
2120.984364   0.023564
2122.167575   1.003962
2123.350904   0.973908
2124.534351   0.978890
2125.717916   1.044214
2126.901600   0.995188
2128.085403  -0.008891
2129.269323  -0.039487
2130.453362   0.041717
2131.637520   0.002932
2132.821795   0.000206
2134.006189   0.000014
2135.190702   0.000001
2136.375332   0.000002
2137.560081   0.000027
2138.744949   0.000367
2139.929934   0.005005
2141.115038   1.007853
2142.300261   1.997066
2143.485602   0.977956
2144.671061   0.995268
2145.856638   0.010995
2147.042334  -0.013290
2148.228148   0.013918
2149.414081  -0.008490
2150.600131   1.016676
2151.786301   0.996828
2152.972588  -0.003642
2154.158994  -0.000314
2155.345518  -0.000847
2156.532161  -0.011173
2157.718921   0.010429
2158.905801  -0.010299
2160.092798   0.000881
2161.279914   0.015856
2162.467148   1.999600
2163.654501  -0.012096
2164.841972   0.998471
2166.029561  -0.010060
2167.217269   0.008708
2168.405095   0.008688
2169.593039   0.000428
2170.781102  -0.002102
2171.969283   2.994795
2173.157582   1.001709
2174.346000   0.005610
2175.534536   0.994725
2176.723190  -0.002189
2177.911963  -0.008557
2179.100854   0.008271
2180.289863   0.004163
2181.478991  -0.002007
2182.668237   1.002757
2183.857601  -0.000464
2185.047084  -0.000038
2186.236685  -0.000122
2187.426405  -0.001258
2188.616246   0.000017
2189.806220   0.000524
2190.996273   1.000000
