2019_09_26_17_47_51_471 /home/raspion_user/data/Beacon_efficiency_137Cs_50cm.sp 327351 1800.000 1780.971 2.734449 0.475894  0.0000147857
  2.734449   0.000000
  3.686513  -0.000000
  4.638726  -0.000000
  5.591045  -0.000000
  6.543480  -0.000000
  7.496034  -0.000000
  8.448706  -0.000004
  9.401496  -0.000057
 10.354405  -0.000910
 11.307432   0.998978
 12.260578   1.000598
 13.213841   5.011229
 14.167224   6.996978
 15.120724  13.019524
 16.074343  15.995951
 17.028080  23.055515
 17.981935  27.068641
 18.935909  35.055131
 19.890001  50.876561
 20.844212  48.167013
 21.798541  73.083669
 22.752988  97.219493
 23.707553 100.765585
 24.662237 133.995134
 25.617040 127.117715
 26.571960 141.316078
 27.526999 156.287714
 28.482156 173.857220
 29.437432 202.821125
 30.392826 236.341058
 31.348338 234.049305
 32.303969 245.994793
 33.259718 279.063814
 34.215585 289.406242
 35.171571 301.956571
 36.127675 309.115668
 37.083897 302.637347
 38.040238 314.926226
 38.996697 352.136894
 39.953274 369.810439
 40.909970 364.601355
 41.866784 393.695299
 42.823716 386.906803
 43.780767 398.984143
 44.737936 352.344576
 45.695223 346.008606
 46.652629 348.554938
 47.610153 331.125805
 48.567796 314.802944
 49.525557 268.960228
 50.483436 268.031527
 51.441433 281.249742
 52.399549 272.376554
 53.357783 216.368685
 54.316136 237.361848
 55.274607 230.418623
 56.233196 267.490792
 57.191903 259.353996
 58.150729 251.617181
 59.109674 256.480070
 60.068736 248.144638
 61.027917 280.470273
 61.987216 276.729665
 62.946634 271.920676
 63.906170 330.992054
 64.865824 323.677035
 65.825597 324.179336
 66.785488 370.956361
 67.745497 361.335324
 68.705625 399.578004
 69.665871 425.521537
 70.626235 385.510242
 71.586718 420.014434
 72.547319 451.213483
 73.508038 419.148095
 74.468876 409.124179
 75.429832 423.497424
 76.390907 510.589644
 77.352099 456.919826
 78.313410 460.831699
 79.274840 462.451281
 80.236388 463.521654
 81.198054 443.097030
 82.159838 442.761876
 83.121741 441.264963
 84.083762 502.415823
 85.045902 467.117901
 86.008160 434.605924
 86.970536 472.780568
 87.933030 475.479369
 88.895643 469.120716
 89.858374 433.321972
 90.821224 518.027151
 91.784192 455.714080
 92.747278 446.008738
 93.710483 451.807291
 94.673806 458.340825
 95.637247 475.226085
 96.600807 455.484978
 97.564485 447.436525
 98.528281 440.013328
 99.492196 496.504704
100.456229 498.366851
101.420380 480.686506
102.384650 441.434362
103.349038 429.714475
104.313544 442.828923
105.278169 520.805554
106.242912 453.810755
107.207773 472.905913
108.172753 457.552201
109.137851 486.018468
110.103068 504.564662
111.068402 485.347098
112.033855 543.184856
112.999427 536.199673
113.965117 517.706185
114.930925 509.670322
115.896851 532.910987
116.862896 549.619707
117.829059 515.117277
118.795341 534.082413
119.761741 516.630867
120.728259 568.024078
121.694896 542.730293
122.661651 542.818127
123.628524 556.383307
124.595515 534.259368
125.562625 515.814168
126.529854 531.975412
127.497200 571.263163
128.464665 546.223422
129.432248 539.417089
130.399950 541.512116
131.367770 527.656744
132.335708 505.082879
133.303765 490.527095
134.271940 518.637140
135.240233 499.101664
136.208645 484.124006
137.177175 417.041604
138.145824 488.114090
139.114590 482.685001
140.083475 449.720517
141.052479 486.774652
142.021601 422.043984
142.990841 476.413996
143.960199 440.785394
144.929676 425.662709
145.899271 508.992491
146.868985 425.333725
147.838817 420.183352
148.808767 425.791607
149.778835 428.465079
150.749022 383.538918
151.719327 418.919795
152.689751 400.864702
153.660293 403.423376
154.630953 396.224711
155.601732 404.526990
156.572628 404.854033
157.543644 385.608350
158.514777 399.818930
159.486029 385.375728
160.457400 413.103815
161.428888 393.619089
162.400495 401.831955
163.372221 439.331592
164.344064 443.965097
165.316026 402.939487
166.288107 418.155866
167.260305 383.408067
168.232622 393.970796
169.205058 374.361311
170.177611 363.860850
171.150283 386.164873
172.123074 412.066649
173.095983 415.596344
174.069010 461.431186
175.042155 430.630588
176.015419 410.767722
176.988801 406.553067
177.962302 428.678284
178.935920 396.789062
179.909658 391.013088
180.883513 413.783796
181.857487 397.087435
182.831579 409.294896
183.805790 391.808076
184.780119 362.251305
185.754566 444.358047
186.729131 419.741314
187.703815 429.253195
188.678617 442.497115
189.653538 423.573554
190.628577 414.555716
191.603734 399.998146
192.579010 418.963881
193.554404 391.275338
194.529916 426.257473
195.505547 385.349687
196.481296 420.797739
197.457163 419.036250
198.433149 441.270926
199.409253 422.216328
200.385475 386.313185
201.361816 373.878778
202.338275 414.438556
203.314852 363.262481
204.291548 385.164905
205.268362 382.983374
206.245295 377.615385
207.222346 341.916454
208.199515 368.524029
209.176802 369.935214
210.154208 373.165223
211.131732 358.769956
212.109375 360.931801
213.087135 331.868651
214.065015 356.425881
215.043012 319.675336
216.021128 316.745682
216.999362 291.568120
217.977715 329.388365
218.956186 348.386605
219.934775 311.155864
220.913482 318.807906
221.892308 314.891251
222.871253 302.187857
223.850315 311.246141
224.829496 300.076999
225.808796 307.947802
226.788213 303.950261
227.767749 298.186359
228.747404 307.287620
229.727176 301.522267
230.707067 264.994902
231.687077 291.690397
232.667204 271.005443
233.647450 263.597727
234.627815 305.567153
235.608297 269.362402
236.588899 266.729820
237.569618 262.988187
238.550456 276.523812
239.531412 269.661730
240.512486 280.484790
241.493679 289.533853
242.474990 279.406652
243.456420 238.631070
244.437968 251.458672
245.419634 248.656700
246.401418 265.721423
247.383321 247.788366
248.365342 266.388871
249.347482 267.742296
250.329740 260.900902
251.312116 263.382003
252.294611 257.349682
253.277223 218.143104
254.259955 254.982775
255.242804 269.794570
256.225772 242.318586
257.208859 243.668418
258.192063 217.113777
259.175386 246.312538
260.158827 257.112069
261.142387 242.686053
262.126065 223.280650
263.109861 272.772231
264.093776 215.382982
265.077809 226.902428
266.061961 225.077737
267.046230 227.342699
268.030618 234.660351
269.015125 227.945303
269.999750 202.812161
270.984493 209.702098
271.969354 194.366395
272.954334 218.899833
273.939432 207.644119
274.924648 214.069206
275.909983 219.839515
276.895436 217.584788
277.881008 176.987228
278.866698 234.949782
279.852506 190.273858
280.838433 219.076461
281.824477 211.467378
282.810641 205.655991
283.796922 174.223330
284.783322 191.063977
285.769840 195.540654
286.756477 191.309500
287.743232 200.400584
288.730105 203.796244
289.717097 195.282380
290.704207 187.915382
291.691435 182.651293
292.678782 183.271156
293.666247 191.643615
294.653830 194.488618
295.641532 180.537346
296.629352 164.407090
297.617290 168.313176
298.605347 189.212517
299.593522 198.016366
300.581815 178.802441
301.570227 166.581137
302.558757 159.123780
303.547406 171.434863
304.536172 191.406633
305.525057 169.147005
306.514061 198.403518
307.503183 178.560867
308.492423 195.975922
309.481781 161.239174
310.471258 178.452329
311.460853 170.744749
312.450567 182.113677
313.440399 175.839117
314.430349 165.200815
315.420417 160.337450
316.410604 161.512321
317.400910 158.467521
318.391333 164.708043
319.381875 178.853241
320.372535 149.721555
321.363314 178.770554
322.354211 136.924948
323.345226 145.813049
324.336360 141.979141
325.327612 148.297339
326.318982 162.991094
327.310471 153.871558
328.302078 177.033677
329.293803 141.161736
330.285647 157.948128
331.277609 154.580053
332.269689 158.018775
333.261888 137.944737
334.254205 149.317333
335.246641 165.052333
336.239194 161.292313
337.231866 136.138344
338.224657 159.700900
339.217566 159.274351
340.210593 135.020188
341.203738 161.563069
342.197002 125.354264
343.190384 175.664406
344.183885 154.579255
345.177504 151.729881
346.171241 147.365628
347.165096 167.316684
348.159070 143.167316
349.153163 154.680566
350.147373 144.745833
351.141702 154.149256
352.136149 152.522657
353.130715 139.500626
354.125399 144.862608
355.120201 132.839462
356.115122 135.149317
357.110161 140.656345
358.105318 150.750968
359.100594 161.583163
360.095988 141.322326
361.091500 143.329642
362.087131 145.537640
363.082880 152.611506
364.078747 140.749647
365.074733 125.767036
366.070837 143.365593
367.067059 134.124295
368.063400 144.394008
369.059859 133.956641
370.056437 128.611845
371.053132 126.890808
372.049946 141.179961
373.046879 133.918544
374.043930 148.022142
375.041099 123.128339
376.038386 135.881547
377.035792 135.531943
378.033316 114.509088
379.030959 125.626699
380.028720 125.134446
381.026599 124.386259
382.024597 135.776134
383.022713 134.367348
384.020947 116.838830
385.019299 139.467716
386.017770 141.765636
387.016360 124.303629
388.015067 154.249090
389.013893 114.161854
390.012837 124.133266
391.011900 123.366170
392.011081 146.319205
393.010380 124.163245
394.009798 133.238765
395.009334 134.671505
396.008988 128.745371
397.008761 109.080918
398.008652 146.262603
399.008662 136.036060
400.008789 133.743515
401.009035 102.921387
402.009400 130.919171
403.009883 123.247937
404.010484 132.984009
405.011203 112.445265
406.012041 129.410641
407.012997 118.748780
408.014072 137.815531
409.015264 144.849577
410.016576 148.513539
411.018005 123.892305
412.019553 135.969286
413.021219 129.978284
414.023004 120.434788
415.024907 128.985333
416.026928 126.500820
417.029067 113.410915
418.031325 109.245815
419.033702 100.865462
420.036196 127.223738
421.038809 121.683601
422.041541 123.501655
423.044390 146.825734
424.047358 131.792734
425.050444 128.796077
426.053649 147.881409
427.056972 134.356037
428.060413 113.177801
429.063973 105.823938
430.067651 125.233284
431.071448 115.288697
432.075362 130.396346
433.079395 122.135508
434.083547 123.877434
435.087817 115.622375
436.092205 137.991829
437.096711 121.376398
438.101336 108.184520
439.106079 112.272888
440.110941 122.526443
441.115920 137.207666
442.121018 101.074356
443.126235 120.656415
444.131570 120.441493
445.137023 146.829833
446.142595 124.798383
447.148284 105.297559
448.154093 134.105163
449.160019 124.053996
450.166064 115.396257
451.172227 133.852817
452.178509  86.475954
453.184909 133.921322
454.191427 105.555195
455.198064 108.227941
456.204819 117.508480
457.211692 110.092265
458.218684 113.718583
459.225794 108.294619
460.233022  98.313523
461.240369 114.522853
462.247834 126.438731
463.255417 105.867691
464.263119 113.895603
465.270939 115.095005
466.278877 112.700023
467.286934 101.495951
468.295109 105.474005
469.303403  96.090465
470.311814 111.411523
471.320345  78.548070
472.328993  90.636380
473.337760  88.535886
474.346645  95.339721
475.355648  80.759127
476.364770  88.146436
477.374010  87.798849
478.383369  86.532158
479.392846  83.273346
480.402441  77.845341
481.412155  74.307942
482.421987  81.633537
483.431937  74.564910
484.442005  75.575220
485.452192  99.734397
486.462498 105.208652
487.472921  64.081012
488.483463  76.526766
489.494123  85.708231
490.504902  74.466541
491.515799  82.418447
492.526814  96.149015
493.537948  75.897287
494.549200  96.389395
495.560570  84.635187
496.572059  81.866257
497.583666  84.129517
498.595392  80.072001
499.607235  96.056146
500.619197  92.503292
501.631278  94.127876
502.643477  87.605044
503.655794  84.044270
504.668229  87.841689
505.680783  85.516305
506.693455 105.748675
507.706246  93.821234
508.719154  90.793955
509.732182  89.819215
510.745327 100.716329
511.758591  97.552194
512.771973  68.040779
513.785474  79.261685
514.799093  86.750674
515.812830 100.241664
516.826685  90.005002
517.840659  87.130847
518.854752  80.025993
519.868962  74.929663
520.883291  89.683951
521.897738  86.765267
522.912304  89.924154
523.926988  85.589814
524.941790  74.880624
525.956711  88.959598
526.971750  76.207963
527.986907  68.640145
529.002183  75.353641
530.017577  75.331268
531.033089  65.634447
532.048720  69.318527
533.064469  68.697271
534.080337  78.762358
535.096322  66.381149
536.112426  69.702160
537.128649  62.378547
538.144990  63.550607
539.161449  67.809579
540.178026  48.754492
541.194722  83.875009
542.211536  56.970441
543.228469  50.520482
544.245520  55.961766
545.262689  53.215188
546.279976  58.060113
547.297382  48.989214
548.314906  52.258855
549.332549  55.656739
550.350310  55.581383
551.368189  59.653323
552.386187  54.994200
553.404303  56.374854
554.422537  51.337966
555.440890  52.215226
556.459361  53.624395
557.477950  43.506608
558.496657  56.290329
559.515483  49.035279
560.534428  45.399641
561.553490  45.652212
562.572672  58.054884
563.591971  51.232662
564.611389  44.521718
565.630925  38.997772
566.650579  57.207283
567.670352  54.456295
568.690243  47.199566
569.710252  46.419014
570.730380  39.361318
571.750626  41.107610
572.770991  36.796662
573.791473  62.519928
574.812075  50.295686
575.832794  48.091761
576.853632  47.312653
577.874588  49.223880
578.895663  42.599734
579.916855  47.264463
580.938167  50.013442
581.959596  51.212572
582.981144  43.656656
584.002810  45.255438
585.024595  50.556174
586.046498  44.623949
587.068519  43.238757
588.090659  60.881029
589.112917  45.082556
590.135293  57.381893
591.157788  39.821993
592.180401  41.204366
593.203132  42.605873
594.225982  55.887536
595.248950  39.321879
596.272036  44.003662
597.295241  49.579134
598.318564  57.407031
599.342005  47.797188
600.365565  49.915047
601.389243  57.583267
602.413039  58.167401
603.436954  60.604567
604.460987  49.105311
605.485139  65.607702
606.509408  58.842632
607.533797  68.745894
608.558303  53.230890
609.582928  63.240335
610.607671  51.503364
611.632533  63.286794
612.657512  52.249347
613.682611  63.167722
614.707827  76.334376
615.733162  73.012916
616.758615  78.409021
617.784187  86.209036
618.809877  89.406352
619.835685  78.942583
620.861612  84.917737
621.887657  87.025104
622.913820  83.993147
623.940101  93.147877
624.966501 112.393789
625.993020 112.932369
627.019656 113.932416
628.046411 126.825672
629.073285 139.935193
630.100276 129.579730
631.127386 155.218776
632.154615 151.494380
633.181962 163.899968
634.209427 167.946826
635.237010 169.153382
636.264712 188.680121
637.292532 232.618519
638.320470 192.070110
639.348527 233.749139
640.376702 237.845621
641.404996 283.407008
642.433407 267.049659
643.461938 299.999960
644.490586 272.867091
645.519353 321.369683
646.548238 316.890430
647.577242 345.995923
648.606364 297.041216
649.635604 346.826410
650.664962 349.955591
651.694439 381.186255
652.724034 391.282077
653.753748 431.644139
654.783580 396.393754
655.813530 422.909257
656.843599 427.001239
657.873786 455.057353
658.904091 430.372819
659.934515 481.077141
660.965057 450.026279
661.995717 458.877612
663.026496 429.226407
664.057393 487.758894
665.088408 434.519301
666.119542 437.739262
667.150794 450.658172
668.182164 414.585579
669.213653 441.727976
670.245260 396.350975
671.276986 448.457349
672.308829 409.782358
673.340791 373.821905
674.372872 383.947285
675.405071 377.940898
676.437388 398.603337
677.469823 357.275269
678.502377 329.800105
679.535049 335.840036
680.567840 329.427426
681.600749 309.389224
682.633776 288.844828
683.666921 241.316249
684.700185 237.822713
685.733568 254.681276
686.767068 212.248352
687.800687 238.887906
688.834424 197.873667
689.868280 193.939286
690.902254 160.351569
691.936346 142.118705
692.970557 150.173721
694.004886 126.113290
695.039333 128.487568
696.073899 120.890724
697.108583 113.075080
698.143385  96.258664
699.178306  93.104867
700.213345  91.886857
701.248502  94.338350
702.283778  75.273086
703.319172  64.456215
704.354684  65.272274
705.390315  61.549741
706.426064  56.746109
707.461932  65.689838
708.497918  50.040802
709.534022  47.344706
710.570244  42.644008
711.606585  37.137383
712.643044  41.277289
713.679622  39.904592
714.716317  36.511249
715.753132  39.227159
716.790064  25.662834
717.827115  24.509254
718.864284  28.757113
719.901572  24.069261
720.938978  28.815239
721.976502  21.266272
723.014145  20.881709
724.051906  23.975105
725.089785  19.723865
726.127782  13.071060
727.165898  23.058820
728.204133  17.903460
729.242485   9.477343
730.280956  19.451370
731.319546  16.622193
732.358253  10.316261
733.397079  14.901062
734.436024  16.588666
735.475087  13.378271
736.514268  24.469469
737.553567  10.282810
738.592985  14.146984
739.632521  15.010267
740.672175  10.664746
741.711948  11.390007
742.751839  19.062998
743.791849  16.245321
744.831976  14.719696
745.872223  13.902720
746.912587  16.340542
747.953070   7.687723
748.993671  10.483124
750.034391  11.781337
751.075228  13.919707
752.116185  13.661932
753.157259  12.701146
754.198452  12.661831
755.239763  13.620169
756.281193   9.943558
757.322741  12.405325
758.364407  16.929574
759.406192   9.265932
760.448095  12.260953
761.490116  12.078998
762.532256  10.348459
763.574514   9.678025
764.616890  13.707845
765.659385  13.020122
766.701998  11.630293
767.744729  11.919612
768.787579  13.878210
769.830547  12.827163
770.873633   8.648170
771.916838  13.998984
772.960161  14.027572
774.003602  11.302990
775.047162   9.063055
776.090840  13.592771
777.134637   3.880406
778.178551  17.945125
779.222585  14.562993
780.266736  10.720828
781.311006   4.541340
782.355394   9.749424
783.399901   5.441445
784.444525   7.718091
785.489269  10.991943
786.534130   8.463942
787.579110  11.067988
788.624208  10.791955
789.669425   7.153913
790.714760   9.304282
791.760213   7.275999
792.805785   8.211954
793.851475  15.297051
794.897283   7.070084
795.943210  10.435285
796.989254  10.187734
798.035418   5.724918
799.081699  10.623558
800.128099   7.817191
801.174618   9.044623
802.221255   7.994105
803.268010   6.780689
804.314883  12.854274
805.361875  11.498812
806.408985   9.030285
807.456213   6.721371
808.503560   9.800305
809.551025   6.447364
810.598608   7.587566
811.646310   9.143589
812.694130   6.299875
813.742069  11.999882
814.790126   5.583920
815.838301  10.275607
816.886594   2.445773
817.935006   6.706078
818.983536   8.482778
820.032185   9.131022
821.080952   6.546218
822.129837  10.633296
823.178840  10.077222
824.227962   9.073934
825.277203   5.573392
826.326561   7.127910
827.376038   8.456781
828.425633   8.953728
829.475347   9.911978
830.525179   8.691426
831.575129   6.082550
832.625198   9.875792
833.675385   6.177746
834.725690   7.994181
835.776114   9.633830
836.826656  10.733883
837.877316   7.706560
838.928095   8.884124
839.978992   2.689051
841.030008   9.073562
842.081141   5.677057
843.132393   9.630690
844.183764   8.136243
845.235253  10.563001
846.286860   5.883847
847.338585   3.623768
848.390429   6.139371
849.442391   6.815616
850.494472   6.717502
851.546670  10.174508
852.598988   4.770436
853.651423   6.713646
854.703977   7.289755
855.756649   7.721873
856.809440   3.850878
857.862349  12.116614
858.915376  11.013984
859.968521   8.670268
861.021785  10.381734
862.075168   6.115005
863.128668   7.503035
864.182287   7.808100
865.236024   7.565817
866.289880  11.828198
867.343854   7.760494
868.397946  13.714926
869.452157   6.348940
870.506486  10.260575
871.560933   4.342552
872.615499   6.538189
873.670183   5.250453
874.724986   9.320026
875.779906   7.463408
876.834945  10.930249
877.890103   8.094629
878.945379   9.162681
880.000773   5.865608
881.056285   8.614495
882.111916   5.666026
883.167665  11.379134
884.223532   6.939020
885.279518   7.386862
886.335622   7.068769
887.391845   7.325980
888.448186   7.170052
889.504645   5.997606
890.561223   5.037357
891.617918   7.492444
892.674733   5.909220
893.731665   6.092635
894.788716   6.820601
895.845885   8.079733
896.903173   7.840527
897.960579   7.809158
899.018103   3.475212
900.075746   9.993066
901.133507   7.478398
902.191386   8.856897
903.249384   1.702567
904.307500   8.974045
905.365734  10.190645
906.424087   7.814126
907.482558   9.414831
908.541147  10.403522
909.599855   5.369515
910.658681  13.533572
911.717625   7.330254
912.776688   8.044691
913.835869   8.545952
914.895169  10.331480
915.954586   7.671138
917.014123  13.288889
918.073777   4.594709
919.133550   9.418772
920.193441   7.776405
921.253450   6.147448
922.313578  11.204789
923.373825   5.423603
924.434189  10.209883
925.494672   5.188810
926.555273   4.671282
927.615993   5.769884
928.676831   6.645147
929.737787  10.645930
930.798861   3.870133
931.860054   4.790013
932.921366   6.248622
933.982795  11.569778
935.044343   6.680952
936.106009   4.054281
937.167794   8.761134
938.229697   9.285271
939.291718   9.988888
940.353858   5.722786
941.416116   5.314343
942.478493   9.897815
943.540987   9.018614
944.603600   6.917182
945.666332   5.665338
946.729181   7.703479
947.792149   8.094487
948.855236   8.921233
949.918441   6.595571
950.981764   4.125772
952.045205  10.553537
953.108765   5.160793
954.172443   6.898181
955.236240   6.943382
956.300154   7.067678
957.364188   7.845194
958.428339   4.133567
959.492609   9.392837
960.556997   9.478728
961.621504   5.257227
962.686129   5.379119
963.750872   4.507837
964.815733   8.706868
965.880713   6.739764
966.945812   6.211101
968.011028   4.889770
969.076363   8.716028
970.141816   3.726349
971.207388   4.587368
972.273078   2.009005
973.338886   6.662093
974.404813   4.457587
975.470858   3.795685
976.537021   8.395098
977.603303   6.054842
978.669703   7.383451
979.736222   5.128794
980.802858   6.181677
981.869613   7.672275
982.936487   7.824352
984.003479   6.828095
985.070589  10.422794
986.137817   5.111802
987.205164   5.816480
988.272629   3.956561
989.340212   9.987277
990.407914   6.195296
991.475734   8.410456
992.543673   9.339551
993.611730   5.324490
994.679905   8.823951
995.748198   6.554858
996.816610   9.505753
997.885141   3.262094
998.953789   4.685515
1000.022556   9.284029
1001.091441   4.043807
1002.160445   6.861937
1003.229567   8.728573
1004.298807   3.495485
1005.368166   6.789283
1006.437643   4.953066
1007.507238   6.615795
1008.576952   3.065873
1009.646784   6.550174
1010.716734   9.311230
1011.786803   3.387072
1012.856990   5.872847
1013.927295   5.057333
1014.997719   6.125281
1016.068261   6.181114
1017.138921   4.434967
1018.209700   5.763155
1019.280597   6.349612
1020.351613   7.203188
1021.422746   5.081859
1022.493998   6.667458
1023.565369   2.062673
1024.636858   5.839317
1025.708465   3.201856
1026.780190   4.725804
1027.852034   7.471443
1028.923996   9.378633
1029.996077   1.699153
1031.068276   7.369196
1032.140593   7.187784
1033.213028   4.146418
1034.285582   6.720925
1035.358255   6.321320
1036.431045   2.656954
1037.503954   6.661243
1038.576981   5.388662
1039.650127   8.125740
1040.723391   6.387953
1041.796773   5.592126
1042.870274   6.261418
1043.943893   4.601301
1045.017630   7.171325
1046.091486   3.346671
1047.165460   3.085456
1048.239552   1.070978
1049.313763   7.578909
1050.388092   3.130035
1051.462539   8.107261
1052.537105   5.089466
1053.611789   2.799466
1054.686592   3.825837
1055.761512   2.137340
1056.836551   5.578144
1057.911709   4.303094
1058.986985   3.261485
1060.062379  -0.063213
1061.137891   6.670282
1062.213522   4.968907
1063.289271   4.563911
1064.365139   4.332543
1065.441125   4.266665
1066.517229   9.416064
1067.593451   5.092513
1068.669792   5.914388
1069.746252   3.385374
1070.822829   3.821325
1071.899525   5.555980
1072.976339   6.867678
1074.053272   7.062144
1075.130323   3.809555
1076.207492   4.366367
1077.284780   6.284653
1078.362186   3.985368
1079.439710   2.184834
1080.517353   3.626489
1081.595114   2.745699
1082.672993   5.810150
1083.750991   3.830880
1084.829107   4.841425
1085.907341   5.116636
1086.985694   2.245789
1088.064165   4.426985
1089.142754   1.853688
1090.221462   2.737171
1091.300288   4.476096
1092.379233   7.653680
1093.458295   9.054181
1094.537477   3.363363
1095.616776   4.499258
1096.696194   4.134067
1097.775730   4.333053
1098.855384   5.396280
1099.935157   2.380461
1101.015048   2.447901
1102.095058   2.395433
1103.175186   5.946070
1104.255432   4.434389
1105.335797   0.919402
1106.416280   1.796997
1107.496881   2.673147
1108.577600   7.182794
1109.658438   4.702995
1110.739395   4.448158
1111.820469   6.951809
1112.901662   4.290095
1113.982973   4.299975
1115.064403   4.606525
1116.145951   3.020459
1117.227617   6.434839
1118.309402   5.868295
1119.391305   4.393032
1120.473327   4.726821
1121.555466   2.025220
1122.637724   4.109024
1123.720101   5.278297
1124.802595   4.961823
1125.885209   2.099152
1126.967940   1.741577
1128.050790   2.596552
1129.133758   7.551658
1130.216844   4.946380
1131.300049   5.368723
1132.383372   2.012887
1133.466814   5.859474
1134.550374   4.199817
1135.634052   3.671996
1136.717848   3.510029
1137.801763   6.594677
1138.885796   1.993212
1139.969948   4.884944
1141.054218   4.514522
1142.138606   3.655123
1143.223113   1.745855
1144.307737   6.764759
1145.392481   7.173758
1146.477342   5.989641
1147.562322   4.463417
1148.647421   6.218151
1149.732637   1.604139
1150.817972   4.536250
1151.903426   5.650137
1152.988997   3.486515
1154.074687   5.718893
1155.160496   4.139400
1156.246422   4.308889
1157.332467   7.077803
1158.418631   5.543047
1159.504912   1.167458
1160.591312   6.480592
1161.677831   5.395750
1162.764468   4.456589
1163.851223   2.595526
1164.938096   3.087089
1166.025088   4.168324
1167.112198   4.804294
1168.199427   7.056959
1169.286773   3.872404
1170.374239   3.385565
1171.461822   1.476087
1172.549524   2.526838
1173.637344   5.946722
1174.725283   3.726348
1175.813340   5.643007
1176.901515   5.864233
1177.989808   3.529227
1179.078220   5.979807
1180.166751   3.151696
1181.255399   1.616267
1182.344166   4.873431
1183.433051   1.408947
1184.522055   6.599142
1185.611177   1.864628
1186.700417   5.182287
1187.789776   3.570088
1188.879253   4.159185
1189.968848   4.113868
1191.058562   5.175787
1192.148394   3.484330
1193.238344   4.953747
1194.328413   3.528863
1195.418600   0.873772
1196.508906   3.966524
1197.599329   4.996521
1198.689871   4.187358
1199.780532   2.748286
1200.871311   3.444156
1201.962208   4.418377
1203.053223   2.689792
1204.144357   2.663241
1205.235609   7.329205
1206.326980   3.493686
1207.418468   2.144187
1208.510076   4.875333
1209.601801   3.462105
1210.693645   2.186774
1211.785607   3.277457
1212.877688   3.233426
1213.969887   3.377521
1215.062204   2.562507
1216.154639   4.188460
1217.247193   3.339872
1218.339866   4.469386
1219.432656   1.619719
1220.525565   6.294967
1221.618593   4.761890
1222.711738   4.894220
1223.805002   7.315440
1224.898385   2.508311
1225.991885   7.456140
1227.085504   1.519955
1228.179242   6.072595
1229.273097   3.823898
1230.367071   5.025924
1231.461164   5.176934
1232.555374   5.265124
1233.649704   6.766073
1234.744151   6.892728
1235.838717   3.960112
1236.933401   7.341153
1238.028203   4.936654
1239.123124   7.032141
1240.218163   5.909724
1241.313321   2.970623
1242.408597   9.562151
1243.503991   8.569321
1244.599503   8.258742
1245.695134   8.935351
1246.790883   5.376921
1247.886751  10.439606
1248.982737   4.136267
1250.078841   3.285760
1251.175064  11.770105
1252.271404   5.091686
1253.367864   5.997516
1254.464441   8.686946
1255.561137   4.307017
1256.657952   6.495683
1257.754884   5.734040
1258.851935   7.519841
1259.949104  14.869736
1261.046392  11.084427
1262.143798   7.157443
1263.241322  13.541923
1264.338965   5.208373
1265.436726   9.644556
1266.534606   3.624731
1267.632603   8.322961
1268.730719   9.765928
1269.828954   8.362823
1270.927307   3.142784
1272.025778   8.752425
1273.124367   5.333016
1274.223075   6.748307
1275.321901   6.744366
1276.420845   7.823709
1277.519908  11.225285
1278.619089   8.953593
1279.718389   6.694547
1280.817807   6.199238
1281.917343  15.625160
1283.016998   4.868779
1284.116770   5.849805
1285.216662   8.613413
1286.316671   7.629231
1287.416799   7.318165
1288.517045   1.963390
1289.617410   8.055511
1290.717893   6.803714
1291.818494   5.179218
1292.919214   6.567817
1294.020052   2.308573
1295.121008   5.832700
1296.222083   4.216455
1297.323276   6.072166
1298.424587   3.283939
1299.526017   7.488781
1300.627565   2.900551
1301.729231   4.678593
1302.831016   7.322074
1303.932919   3.626444
1305.034940   7.563934
1306.137080   3.483492
1307.239338   0.548363
1308.341715   1.210030
1309.444209   3.293367
1310.546822   5.193067
1311.649554   4.506447
1312.752404   3.625719
1313.855372   5.600433
1314.958458   4.115231
1316.061663   5.062432
1317.164986   3.662497
1318.268428   1.972352
1319.371988   3.729805
1320.475666   5.568754
1321.579462   6.569510
1322.683377   2.755749
1323.787411   3.440493
1324.891562   3.541698
1325.995832   7.643573
1327.100220   4.069509
1328.204727   2.031419
1329.309352   3.195344
1330.414095   2.640076
1331.518957   2.198152
1332.623937   2.819518
1333.729035   0.947741
1334.834252   1.432882
1335.939587   2.353219
1337.045040   0.716852
1338.150612   3.047634
1339.256302   0.772531
1340.362110   4.348336
1341.468037   2.218044
1342.574082   2.257936
1343.680246   3.886895
1344.786527   1.001933
1345.892927   2.021524
1346.999446   3.254726
1348.106083   1.468584
1349.212838   0.906122
1350.319711   1.622340
1351.426703   1.532400
1352.533813   2.460991
1353.641042   2.092937
1354.748389   0.313918
1355.855854   2.108824
1356.963437   1.333507
1358.071139   2.193726
1359.178959   0.404278
1360.286898   2.062355
1361.394955   2.512373
1362.503130   2.796301
1363.611424   0.561473
1364.719836   2.238754
1365.828366   4.771366
1366.937015   1.056169
1368.045782   1.647106
1369.154667   1.383989
1370.263671   1.471439
1371.372793   2.702859
1372.482033   2.526833
1373.591392   1.154682
1374.700869   4.871366
1375.810464   1.533586
1376.920178   2.940530
1378.030010   2.546190
1379.139960   0.887669
1380.250029   1.318627
1381.360216   0.601743
1382.470522   1.513830
1383.580945   0.401834
1384.691487   1.204812
1385.802148   3.203870
1386.912927   0.670603
1388.023824   1.727336
1389.134839   1.300613
1390.245973   4.338804
1391.357225   1.226399
1392.468596   3.487640
1393.580085   1.005362
1394.691692   1.892827
1395.803418   3.293696
1396.915261   4.538267
1398.027224   1.082651
1399.139304   1.823248
1400.251503   1.596201
1401.363821   1.989008
1402.476256   2.501231
1403.588810   2.368065
1404.701482   2.022855
1405.814273   2.596546
1406.927182   1.050444
1408.040209   4.885901
1409.153355   2.984467
1410.266619   5.414392
1411.380001   2.200896
1412.493502   5.126882
1413.607121   5.123987
1414.720859   1.567845
1415.834714   3.158197
1416.948688   2.025526
1418.062781   5.041577
1419.176992   3.675595
1420.291321   4.523021
1421.405768   3.648376
1422.520334   1.922811
1423.635018   7.082048
1424.749821   3.770171
1425.864741   3.608312
1426.979781   3.665361
1428.094938   4.397470
1429.210214   1.475090
1430.325608   3.494392
1431.441121   3.012818
1432.556752   3.946412
1433.672501   3.176960
1434.788368   3.815557
1435.904354   5.808453
1437.020459   7.108925
1438.136681   5.823021
1439.253022   3.843069
1440.369481   5.784727
1441.486059   6.239533
1442.602755   7.023259
1443.719569   5.130896
1444.836502   9.824407
1445.953553   5.147390
1447.070722   5.123772
1448.188010   6.047166
1449.305416   4.823158
1450.422941   6.108742
1451.540583   6.561974
1452.658344   5.358118
1453.776224   5.325961
1454.894222   4.711281
1456.012338   4.833480
1457.130572   3.567108
1458.248925   3.995536
1459.367396   8.924603
1460.485985   3.831543
1461.604693   6.978184
1462.723519   7.485083
1463.842464   6.807888
1464.961527   4.652070
1466.080708   2.504216
1467.200007   7.182013
1468.319425   2.385347
1469.438962   3.041669
1470.558616   1.892049
1471.678389   3.787673
1472.798280   4.798272
1473.918290   1.486700
1475.038418   5.807855
1476.158664   4.723598
1477.279029   5.574576
1478.399512   2.799959
1479.520113   6.102781
1480.640833   5.013574
1481.761671   3.222120
1482.882627   3.628378
1484.003702   8.131178
1485.124895   3.536273
1486.246206   0.815848
1487.367636   1.769890
1488.489184   4.718828
1489.610850   3.761372
1490.732635   2.322699
1491.854538   2.246926
1492.976560   4.745430
1494.098699   2.817870
1495.220957   3.660695
1496.343334   3.554324
1497.465829   2.830790
1498.588442   2.422027
1499.711173   1.958456
1500.834023   0.432559
1501.956991   3.044502
1503.080078   2.164125
1504.203283   0.830115
1505.326606   1.943975
1506.450048   2.900452
1507.573607   2.467717
1508.697286   2.502701
1509.821082   1.855446
1510.944997  -0.876655
1512.069030   3.337226
1513.193182   0.537637
1514.317452   1.910931
1515.441840   0.048342
1516.566347   0.241500
1517.690972   4.861287
1518.815715   2.430956
1519.940577   1.505305
1521.065557   0.365812
1522.190655   0.951296
1523.315872   1.159430
1524.441207   0.525026
1525.566660   2.024766
1526.692232  -0.519249
1527.817922   0.932364
1528.943731   0.524514
1530.069657   0.842672
1531.195703  -0.163480
1532.321866   1.522240
1533.448148   1.359322
1534.574548   2.544482
1535.701066   1.596585
1536.827703  -0.299311
1537.954458   0.146764
1539.081332   0.058357
1540.208324   0.498576
1541.335434   0.288647
1542.462663   2.069066
1543.590009   0.634356
1544.717475   1.068110
1545.845058  -0.168821
1546.972760   0.961073
1548.100580   2.162322
1549.228519   0.924177
1550.356576   0.698940
1551.484751   0.629533
1552.613045   2.100036
1553.741457   0.225730
1554.869987   0.501036
1555.998636   0.382967
1557.127403   1.429527
1558.256288   2.374241
1559.385292   1.084548
1560.514414   0.675692
1561.643654   0.196897
1562.773013  -0.238735
1563.902490   0.592773
1565.032086   0.163918
1566.161799   3.320253
1567.291631  -0.330551
1568.421582   2.339584
1569.551651   0.368003
1570.681838   0.378471
1571.812143   1.632506
1572.942567   0.124836
1574.073109  -0.260916
1575.203770   0.314952
1576.334548   0.544235
1577.465446   2.001503
1578.596461   1.799084
1579.727595   0.805727
1580.858847   1.368569
1581.990218  -0.130695
1583.121707   1.125041
1584.253314  -0.421022
1585.385040   1.319027
1586.516884   0.605351
1587.648846   1.471786
1588.780926  -0.239312
1589.913125   1.494852
1591.045443   1.723249
1592.177878  -0.106325
1593.310432   0.889242
1594.443105   0.650042
1595.575895   2.974233
1596.708804  -0.047222
1597.841832   3.225334
1598.974977   0.761728
1600.108242   1.463057
1601.241624   1.242800
1602.375125   2.696876
1603.508744   2.623810
1604.642481   0.614978
1605.776337  -0.108061
1606.910311  -0.099584
1608.044404   0.796800
1609.178614   2.996107
1610.312943   0.581370
1611.447391   0.178279
1612.581957  -0.084439
1613.716641   1.050988
1614.851443   0.968938
1615.986364   0.083899
1617.121404   0.211755
1618.256561   1.946502
1619.391837   0.782915
1620.527231   0.341168
1621.662744   0.273242
1622.798375  -0.223009
1623.934124   0.514664
1625.069992  -0.010671
1626.205978   2.622391
1627.342082   2.255940
1628.478305   0.230230
1629.614645   1.793451
1630.751105  -0.119771
1631.887682   0.110556
1633.024379   3.439485
1634.161193  -0.121792
1635.298126   0.282416
1636.435177   0.902184
1637.572346  -0.177745
1638.709634   0.308674
1639.847040   1.789173
1640.984564  -0.359644
1642.122207   0.551082
1643.259968   1.815792
1644.397848  -0.249899
1645.535845   0.133138
1646.673961   0.915256
1647.812196   0.357972
1648.950549   1.155169
1650.089020  -0.288665
1651.227609   0.365547
1652.366317   0.275309
1653.505143   0.012038
1654.644088  -0.094043
1655.783151   1.015101
1656.922332   0.076616
1658.061632   0.234853
1659.201050  -0.235003
1660.340586   0.235040
1661.480240   0.385416
1662.620013   0.188160
1663.759905   1.181438
1664.899914   0.743924
1666.040042   0.172356
1667.180289   0.011643
1668.320653   0.002156
1669.461136   0.018544
1670.601738   0.729355
1671.742457   2.132295
1672.883295   1.046774
1674.024252  -0.053651
1675.165326  -0.057074
1676.306519   2.046143
1677.447831  -0.079050
1678.589261   0.786027
1679.730809   0.173870
1680.872475   0.074573
1682.014260   1.842011
1683.156163   0.681375
1684.298185   0.190379
1685.440324   0.921271
1686.582582  -0.054855
1687.724959   0.022698
1688.867454   0.858574
1690.010067   1.991879
1691.152799  -0.070191
1692.295648   0.935115
1693.438617   0.847435
1694.581703  -0.177607
1695.724908   0.162543
1696.868231   2.055770
1698.011673  -0.187358
1699.155233   1.004946
1700.298911   0.057576
1701.442708   0.144820
1702.586623   4.891977
1703.730656  -0.367361
1704.874808   0.630598
1706.019078  -0.117339
1707.163466   2.295136
1708.307973   0.830098
1709.452598  -0.168206
1710.597341   0.255665
1711.742203   1.691329
1712.887183   2.174551
1714.032281   0.721524
1715.177498   0.140653
1716.322833  -0.112317
1717.468286   0.041061
1718.613858   2.178105
1719.759548   0.860766
1720.905357   1.282965
1722.051284  -0.135166
1723.197329   0.234447
1724.343492   0.959979
1725.489774   0.784831
1726.636174   0.974573
1727.782693   0.851099
1728.929330   0.140215
1730.076085   0.341556
1731.222958   1.047264
1732.369950   0.158833
1733.517060  -0.073472
1734.664289   1.047199
1735.811636   1.083135
1736.959101  -0.106129
1738.106685   1.826021
1739.254387   0.187203
1740.402207   0.056774
1741.550146   2.207353
1742.698203   1.888451
1743.846378   0.848988
1744.994672   1.304990
1746.143084   0.933129
1747.291614   0.898104
1748.440263   0.759799
1749.589030  -0.016198
1750.737915   2.255610
1751.886919  -0.048644
1753.036041   0.853151
1754.185281   1.122704
1755.334640   1.746701
1756.484117   0.995515
1757.633713   2.880198
1758.783426   1.706249
1759.933258   0.232924
1761.083209   2.093520
1762.233278   0.748006
1763.383465   0.122641
1764.533770  -0.108541
1765.684194  -0.010807
1766.834736   1.088366
1767.985397   0.064353
1769.136176   1.527111
1770.287073   0.839296
1771.438089   0.865793
1772.589223   0.326895
1773.740475   0.078802
1774.891845   1.902669
1776.043334   0.816599
1777.194942  -0.456776
1778.346667   0.734866
1779.498511   1.017385
1780.650474   0.926416
1781.802554   0.920410
1782.954753   0.921951
1784.107071   0.944414
1785.259506   1.818499
1786.412060  -0.294302
1787.564733   0.331021
1788.717523  -0.084381
1789.870432   0.058929
1791.023460  -0.023419
1792.176606   0.244267
1793.329870   0.051922
1794.483252   2.270662
1795.636753   1.530308
1796.790372   0.440671
1797.944109   1.000095
1799.097965   0.917182
1800.251939   0.729157
1801.406032   1.230419
1802.560243  -0.023184
1803.714572   0.000336
1804.869019   0.027758
1806.023585   0.972498
1807.178269   0.906066
1808.333072  -0.019576
1809.487993   0.944083
1810.643032  -0.042326
1811.798190  -0.002998
1812.953466   0.000205
1814.108860   0.005853
1815.264373   0.674809
1816.420004   1.192659
1817.575753   0.298992
1818.731620  -0.059750
1819.887606   0.946115
1821.043711   1.252832
1822.199933   0.853741
1823.356274   0.966971
1824.512734   0.078633
1825.669312   2.067343
1826.826008  -0.042116
1827.982822   0.971723
1829.139755   0.907254
1830.296806  -0.110826
1831.453975   1.095271
1832.611263  -0.109720
1833.768669   0.919277
1834.926194   0.296513
1836.083836   0.996137
1837.241597   0.898446
1838.399477   2.963808
1839.557475  -0.199376
1840.715591   0.138633
1841.873825   0.004941
1843.032178  -0.065509
1844.190649   1.100682
1845.349239  -0.034176
1846.507947  -0.091730
1847.666773   0.143375
1848.825718   0.011738
1849.984781   0.024531
1851.143962   0.956848
1852.303261  -0.049514
1853.462679  -0.176195
1854.622216   0.327264
1855.781870   1.937172
1856.941643  -0.071541
1858.101535  -0.005207
1859.261544  -0.001629
1860.421672  -0.017575
1861.581919   3.010916
1862.742283  -0.184369
1863.902766   0.130036
1865.063368   0.027713
1866.224087   0.900418
1867.384926   1.082554
1868.545882   0.922868
1869.706957  -0.184890
1870.868150   1.224353
1872.029461  -0.016712
1873.190891  -0.007248
1874.352439  -0.084598
1875.514106   0.130213
1876.675890   0.009138
1877.837794   0.000653
1878.999815   0.000047
1880.161955   0.000007
1881.324213   0.000051
1882.486590   0.000710
1883.649084   0.009855
1884.811698   0.794403
1885.974429   0.135027
1887.137279   0.134174
1888.300247  -0.071796
1889.463334   0.126117
1890.626539   0.032178
1891.789862   0.990268
1892.953304   0.950753
1894.116864   0.852322
1895.280542   0.086654
1896.444339   0.005582
1897.608254  -0.006126
1898.772287  -0.091056
1899.936439  -0.039670
1901.100709   0.249189
1902.265097   0.748486
1903.429604   0.310482
1904.594229  -0.139849
1905.758972   0.157343
1906.923834   0.153071
1908.088814   0.979445
1909.253913  -0.029587
1910.419129  -0.002145
1911.584464  -0.000577
1912.749918  -0.005920
1913.915490  -0.082042
1915.081180   0.035686
1916.246988   0.119352
1917.412915   0.008520
1918.578960   0.002070
1919.745124   0.020433
1920.911406   0.975541
1922.077806   0.011448
1923.244324   1.945557
1924.410961  -0.037196
1925.577717   0.969451
1926.744590  -0.028503
1927.911582  -0.002029
1929.078692  -0.000037
1930.245921   0.001496
1931.413268   0.020909
1932.580733   0.994231
1933.748317   0.946909
1934.916019  -0.039571
1936.083839  -0.145704
1937.251778   0.203908
1938.419835   0.014385
1939.588010   0.001028
1940.756304   0.000074
1941.924716   0.000010
1943.093246   0.000070
1944.261895   0.000965
1945.430662   0.013393
1946.599548   0.903861
1947.768551   0.015929
1948.937673   1.010665
1950.106914   0.077662
1951.276273   0.000554
1952.445750  -0.068145
1953.615345   0.089953
1954.785059  -0.060961
1955.954891   0.094255
1957.124842   0.006656
1958.294911   0.000449
1959.465098  -0.000336
1960.635403  -0.005126
1961.805827  -0.071147
1962.976369   0.020207
1964.147030   0.031269
1965.317809   0.099041
1966.488706   0.041654
1967.659722   1.962302
1968.830856  -0.046992
1970.002108  -0.006623
1971.173479  -0.045793
1972.344968   1.085343
1973.516575   0.964884
1974.688301  -0.027066
1975.860145  -0.045181
1977.032107   1.101728
1978.204188   1.966685
1979.376387   0.953781
1980.548704   0.957544
1981.721140  -0.024707
1982.893694  -0.014890
1984.066366  -0.183063
1985.239157   0.239130
1986.412066  -0.041999
1987.585093   0.096610
1988.758239   0.978222
1989.931503   3.011648
1991.104886  -0.057652
1992.278387   0.008672
1993.452006   0.943902
1994.625743   1.072906
1995.799599   1.953707
1996.973573  -0.046042
1998.147666  -0.063482
1999.321877   0.033171
2000.496206   1.066961
2001.670653   0.001103
2002.845219   0.985156
2004.019904  -0.020050
2005.194706  -0.008329
2006.369627  -0.096191
2007.544666   1.130319
2008.719824  -0.008801
2009.895100  -0.000627
2011.070494  -0.000041
2012.246007   0.000050
2013.421638   0.000742
2014.597387   0.010280
2015.773255   0.931994
2016.949241   0.011100
2018.125345   1.059181
2019.301568  -0.011801
2020.477909   0.012748
2021.654368   0.984975
2022.830946  -0.067806
2024.007642   0.077385
2025.184457   0.993629
2026.361389  -0.016743
2027.538441  -0.001441
2028.715610  -0.003527
2029.892898  -0.047660
2031.070304   0.088461
2032.247828   1.984345
2033.425471  -0.032195
2034.603232  -0.001368
2035.781112   0.012709
2036.959110   0.990497
2038.137226  -0.015966
2039.315461  -0.003620
2040.493813  -0.034609
2041.672285   1.045314
2042.850874  -0.059821
2044.029582   0.022435
2045.208408   1.051749
2046.387353  -0.011054
2047.566416  -0.006614
2048.745597  -0.081062
2049.924897   1.050197
2051.104315  -0.040740
2052.283851   0.110427
2053.463506   0.007827
2054.643279   0.000541
2055.823170  -0.000178
2057.003180  -0.003004
2058.183308  -0.041563
2059.363554   0.058727
2060.543919   0.952200
2061.724402  -0.003844
2062.905004   0.059950
2064.085723   0.956374
2065.266561   0.033636
2066.447518  -0.026682
2067.628593   1.041460
2068.809786  -0.008428
2069.991097   0.009768
2071.172527   0.993816
2072.354075  -0.014957
2073.535742  -0.038984
2074.717527   0.042695
2075.899430  -0.024158
2077.081451   1.038637
2078.263591  -0.008467
2079.445849  -0.000615
2080.628226  -0.000229
2081.810721  -0.002576
2082.993334  -0.035505
2084.176066   0.039055
2085.358916  -0.025169
2086.541884   0.998822
2087.724970  -0.003803
2088.908175   0.017522
2090.091499   1.046390
2091.274940   0.988495
2092.458500  -0.010211
2093.642179   0.005426
2094.825975   0.961653
2096.009890  -0.004887
2097.193924   0.038131
2098.378076   0.004003
2099.562346   0.900125
2100.746734   0.034469
2101.931241   0.076016
2103.115866   0.013214
2104.300609   0.996096
2105.485471  -0.022568
2106.670451   2.021459
2107.855550  -0.073528
2109.040766   0.034930
2110.226102   0.043068
2111.411555   0.999707
2112.597127  -0.007961
2113.782817  -0.000700
2114.968626  -0.001923
2116.154552  -0.025882
2117.340598   0.028705
2118.526761   0.003028
2119.713043   0.013966
2120.899443   2.002548
2122.085962   0.989775
2123.272599   0.988084
2124.459354  -0.030974
2125.646228   0.025082
2126.833220   0.002089
2128.020330   0.004545
2129.207559   0.976602
2130.394906   0.023176
2131.582371   0.998053
2132.769955  -0.026630
2133.957657   0.027677
2135.145477   1.000111
2136.333416  -0.004914
2137.521473   0.010440
2138.709648   2.002413
2139.897942   0.987662
2141.086354  -0.007405
2142.274884  -0.017826
2143.463533   0.028649
2144.652300   1.999177
2145.841186  -0.009395
2147.030189   0.003802
2148.219312   0.999330
2149.408552  -0.000005
2150.597911   1.002974
2151.787388   0.994803
2152.976984  -0.004519
2154.166697  -0.000019
2155.356530   0.004023
2156.546480   1.003021
2157.736549   0.995868
2158.926736   0.000032
2160.117042   1.005908
2161.307466   1.995415
2162.498008  -0.007553
2163.688669  -0.008856
2164.879448   1.011621
2166.070345   0.003544
2167.261360   1.999081
2168.452494  -0.005702
2169.643747  -0.001756
2170.835117  -0.018355
2172.026606   0.020284
2173.218214   0.994355
2174.409939   1.000028
2175.601783   1.005510
2176.793746  -0.008935
2177.985827   0.007200
2179.178026   0.002242
2180.370343   0.999905
2181.562779  -0.001514
2182.755333   0.000957
2183.948005   0.994835
2185.140796   0.003215
2186.333705  -0.003211
2187.526733   1.000028
2188.719879   0.002849
2189.913143   0.000007
2191.106525  -0.002133
2192.300026   1.000634
2193.493645   1.001572
2194.687383  -0.000329
2195.881239   0.000007
2197.075216   0.000225
2198.269326   1.000112
2199.463516   1.000000
