1571936621649 2019_10_24_12_03_41_649 2.734449 0.478300  0.000014786
2019_10_24_12_03_41_715 1571936621715 66 65 157 78.192  
2019_10_24_12_03_41_771 1571936621771 122 121 211 104.314  
2019_10_24_12_03_41_801 1571936621801 152 151 279 137.331  
2019_10_24_12_03_41_805 1571936621805 156 155 193 95.5971  
2019_10_24_12_03_41_819 1571936621819 170 169 771 380.293  
2019_10_24_12_03_41_859 1571936621859 210 209 2193 1122.75  
2019_10_24_12_03_41_860 1571936621860 211 210 338 166.089  
2019_10_24_12_03_41_883 1571936621883 234 233 4095 2209.31  
2019_10_24_12_03_41_888 1571936621888 239 238 1691 853.819  
2019_10_24_12_03_41_890 1571936621890 241 240 278 136.845  
2019_10_24_12_03_41_902 1571936621902 253 252 683 336.311  
2019_10_24_12_03_41_915 1571936621915 266 265 302 148.53  
2019_10_24_12_03_41_918 1571936621918 269 268 2138 1092.93  
2019_10_24_12_03_41_966 1571936621966 317 316 708 348.782  
2019_10_24_12_03_41_979 1571936621979 330 329 231 114.011  
2019_10_24_12_03_41_982 1571936621982 333 332 1041 516.668  
2019_10_24_12_03_41_999 1571936621999 350 349 267 131.495  
2019_10_24_12_03_42_032 1571936622032 383 381 252 124.205  
2019_10_24_12_03_42_061 1571936622061 412 410 215 106.252  
2019_10_24_12_03_42_079 1571936622079 430 428 452 221.947  
2019_10_24_12_03_42_135 1571936622135 486 484 2479 1279.3  
2019_10_24_12_03_42_154 1571936622154 505 503 188 93.1774  
2019_10_24_12_03_42_160 1571936622160 511 509 489 240.159  
2019_10_24_12_03_42_171 1571936622171 522 520 494 242.623  
2019_10_24_12_03_42_205 1571936622205 556 554 408 200.342  
2019_10_24_12_03_42_213 1571936622213 564 562 555 272.745  
2019_10_24_12_03_42_222 1571936622222 573 571 486 238.681  
2019_10_24_12_03_42_232 1571936622232 583 581 977 484.147  
2019_10_24_12_03_42_237 1571936622237 588 586 4095 2209.31  
2019_10_24_12_03_42_261 1571936622261 612 610 1900 964.881  
2019_10_24_12_03_42_267 1571936622267 618 616 164 81.5733  
2019_10_24_12_03_42_271 1571936622271 622 620 82 42.0545  
2019_10_24_12_03_42_358 1571936622358 709 707 386 189.561  
2019_10_24_12_03_42_419 1571936622419 770 768 92 46.8632  
2019_10_24_12_03_42_435 1571936622435 786 783 557 273.735  
2019_10_24_12_03_42_443 1571936622443 794 791 1429 716.418  
2019_10_24_12_03_42_450 1571936622450 801 798 260 128.092  
2019_10_24_12_03_42_455 1571936622455 806 803 1024 508.018  
2019_10_24_12_03_42_490 1571936622490 841 838 166 82.5397  
2019_10_24_12_03_42_516 1571936622516 867 864 917 453.769  
2019_10_24_12_03_42_548 1571936622548 899 896 158 78.675  
2019_10_24_12_03_42_552 1571936622552 903 900 527 258.905  
2019_10_24_12_03_42_580 1571936622580 931 928 455 223.422  
2019_10_24_12_03_42_602 1571936622602 953 950 233 114.981  
2019_10_24_12_03_42_603 1571936622603 954 951 697 343.293  
2019_10_24_12_03_42_605 1571936622605 956 953 434 213.102  
2019_10_24_12_03_42_606 1571936622606 957 954 203 100.439  
2019_10_24_12_03_42_615 1571936622615 966 963 175 86.8898  
2019_10_24_12_03_42_616 1571936622616 967 964 356 174.883  
2019_10_24_12_03_42_629 1571936622629 980 977 92 46.8632  
2019_10_24_12_03_42_648 1571936622648 999 996 170 84.4728  
2019_10_24_12_03_42_661 1571936622661 1012 1008 1555 782.243  
2019_10_24_12_03_42_701 1571936622701 1052 1048 4095 2209.31  
2019_10_24_12_03_42_730 1571936622730 1081 1077 1190 592.849  
2019_10_24_12_03_42_753 1571936622753 1104 1100 194 96.0811  
2019_10_24_12_03_42_754 1571936622754 1105 1101 234 115.466  
2019_10_24_12_03_42_755 1571936622755 1106 1102 100 50.7123  
2019_10_24_12_03_42_820 1571936622820 1171 1167 97 49.2687  
2019_10_24_12_03_42_825 1571936622825 1176 1172 509 250.02  
2019_10_24_12_03_42_873 1571936622873 1224 1220 154 76.7433  
2019_10_24_12_03_42_891 1571936622891 1242 1238 854 421.986  
2019_10_24_12_03_42_897 1571936622897 1248 1244 120 60.3434  
2019_10_24_12_03_42_910 1571936622910 1261 1257 166 82.5397  
2019_10_24_12_03_42_947 1571936622947 1298 1294 419 205.738  
2019_10_24_12_03_42_948 1571936622948 1299 1295 270 132.953  
2019_10_24_12_03_43_026 1571936623026 1377 1373 423 207.701  
2019_10_24_12_03_43_028 1571936623028 1379 1375 252 124.205  
2019_10_24_12_03_43_035 1571936623035 1386 1382 70 36.2879  
2019_10_24_12_03_43_041 1571936623041 1392 1387 701 345.288  
2019_10_24_12_03_43_053 1571936623053 1404 1399 312 153.403  
2019_10_24_12_03_43_059 1571936623059 1410 1405 183 90.7585  
2019_10_24_12_03_43_062 1571936623062 1413 1408 1834 929.669  
2019_10_24_12_03_43_064 1571936623064 1415 1410 1102 547.777  
2019_10_24_12_03_43_066 1571936623066 1417 1412 172 85.4395  
2019_10_24_12_03_43_071 1571936623071 1422 1417 773 381.295  
2019_10_24_12_03_43_091 1571936623091 1442 1437 265 130.522  
2019_10_24_12_03_43_092 1571936623092 1443 1438 119 59.8615  
2019_10_24_12_03_43_095 1571936623095 1446 1441 393 192.99  
2019_10_24_12_03_43_171 1571936623171 1522 1517 714 351.778  
2019_10_24_12_03_43_177 1571936623177 1528 1523 167 83.0229  
2019_10_24_12_03_43_184 1571936623184 1535 1530 696 342.794  
2019_10_24_12_03_43_220 1571936623220 1571 1566 4095 2209.31  
2019_10_24_12_03_43_221 1571936623221 1572 1567 1344 672.278  
2019_10_24_12_03_43_269 1571936623269 1620 1615 141 70.4687  
2019_10_24_12_03_43_290 1571936623290 1641 1636 931 460.847  
2019_10_24_12_03_43_294 1571936623294 1645 1640 362 177.817  
2019_10_24_12_03_43_312 1571936623312 1663 1657 2933 1532.78  
2019_10_24_12_03_43_334 1571936623334 1685 1679 106 53.6004  
2019_10_24_12_03_43_336 1571936623336 1687 1681 116 58.4162  
2019_10_24_12_03_43_383 1571936623383 1734 1728 340 167.066  
2019_10_24_12_03_43_463 1571936623463 1814 1808 280 137.818  
2019_10_24_12_03_43_506 1571936623506 1857 1851 166 82.5397  
2019_10_24_12_03_43_573 1571936623573 1924 1918 563 276.704  
2019_10_24_12_03_43_579 1571936623579 1930 1924 588 289.087  
2019_10_24_12_03_43_642 1571936623642 1993 1987 386 189.561  
2019_10_24_12_03_43_675 1571936623675 2026 2020 300 147.555  
2019_10_24_12_03_43_681 1571936623681 2032 2026 66 34.3667  
2019_10_24_12_03_43_688 1571936623688 2039 2033 811 400.361  
2019_10_24_12_03_43_712 1571936623712 2063 2057 202 99.9544  
2019_10_24_12_03_43_717 1571936623717 2068 2062 201 99.4701  
2019_10_24_12_03_43_720 1571936623720 2071 2065 308 151.453  
2019_10_24_12_03_43_761 1571936623761 2112 2106 271 133.44  
2019_10_24_12_03_43_766 1571936623766 2117 2111 342 168.042  
2019_10_24_12_03_43_768 1571936623768 2119 2112 1065 528.894  
2019_10_24_12_03_44_100 1571936624100 2451 2444 173 85.9229  
2019_10_24_12_03_44_101 1571936624101 2452 2445 714 351.778  
2019_10_24_12_03_44_102 1571936624102 2453 2446 229 113.041  
2019_10_24_12_03_44_102 1571936624102 2453 2446 139 69.5038  
2019_10_24_12_03_44_102 1571936624102 2453 2446 413 202.794  
2019_10_24_12_03_44_102 1571936624102 2453 2446 325 159.744  
2019_10_24_12_03_44_102 1571936624102 2453 2446 610 299.999  
2019_10_24_12_03_44_103 1571936624103 2454 2447 996 493.789  
2019_10_24_12_03_44_108 1571936624108 2459 2452 1169 582.073  
2019_10_24_12_03_44_169 1571936624169 2520 2513 2359 1213.32  
2019_10_24_12_03_44_187 1571936624187 2538 2531 97 49.2687  
2019_10_24_12_03_44_200 1571936624200 2551 2544 103 52.1562  
2019_10_24_12_03_44_222 1571936624222 2573 2566 2749 1429.32  
2019_10_24_12_03_44_271 1571936624271 2622 2615 212 104.799  
2019_10_24_12_03_44_327 1571936624327 2678 2671 601 295.533  
2019_10_24_12_03_44_331 1571936624331 2682 2675 259 127.606  
2019_10_24_12_03_44_342 1571936624342 2693 2685 240 118.378  
2019_10_24_12_03_44_343 1571936624343 2694 2686 413 202.794  
2019_10_24_12_03_44_372 1571936624372 2723 2715 418 205.247  
2019_10_24_12_03_44_374 1571936624374 2725 2717 134 67.0921  
2019_10_24_12_03_44_376 1571936624376 2727 2719 1743 881.331  
2019_10_24_12_03_44_423 1571936624423 2774 2766 417 204.757  
2019_10_24_12_03_44_434 1571936624434 2785 2777 552 271.261  
2019_10_24_12_03_44_435 1571936624435 2786 2778 266 131.008  
2019_10_24_12_03_44_437 1571936624437 2788 2780 406 199.361  
2019_10_24_12_03_44_536 1571936624536 2887 2879 320 157.305  
2019_10_24_12_03_44_557 1571936624557 2908 2900 918 454.274  
2019_10_24_12_03_44_559 1571936624559 2910 2902 72 37.2487  
2019_10_24_12_03_44_560 1571936624560 2911 2903 561 275.714  
2019_10_24_12_03_44_614 1571936624614 2965 2957 568 279.179  
2019_10_24_12_03_44_628 1571936624628 2979 2971 740 364.773  
2019_10_24_12_03_44_635 1571936624635 2986 2978 244 120.32  
2019_10_24_12_03_44_652 1571936624652 3003 2995 222 109.646  
2019_10_24_12_03_44_660 1571936624660 3011 3002 1303 651.063  
2019_10_24_12_03_44_694 1571936624694 3045 3036 93 47.3442  
2019_10_24_12_03_44_699 1571936624699 3050 3041 415 203.775  
2019_10_24_12_03_44_720 1571936624720 3071 3062 362 177.817  
2019_10_24_12_03_44_726 1571936624726 3077 3068 485 238.188  
2019_10_24_12_03_44_739 1571936624739 3090 3081 85 43.4968  
2019_10_24_12_03_44_747 1571936624747 3098 3089 1813 918.492  
2019_10_24_12_03_44_842 1571936624842 3193 3184 154 76.7433  
2019_10_24_12_03_44_908 1571936624908 3259 3250 158 78.675  
2019_10_24_12_03_44_996 1571936624996 3347 3338 1233 614.957  
2019_10_24_12_03_45_010 1571936625010 3361 3352 155 77.2262  
2019_10_24_12_03_45_043 1571936625043 3394 3385 170 84.4728  
2019_10_24_12_03_45_056 1571936625056 3407 3398 1549 779.098  
2019_10_24_12_03_45_063 1571936625063 3414 3405 355 174.394  
2019_10_24_12_03_45_073 1571936625073 3424 3415 195 96.5652  
2019_10_24_12_03_45_120 1571936625120 3471 3462 416 204.266  
2019_10_24_12_03_45_133 1571936625133 3484 3475 121 60.8252  
2019_10_24_12_03_45_164 1571936625164 3515 3505 346 169.996  
2019_10_24_12_03_45_167 1571936625167 3518 3508 248 122.262  
2019_10_24_12_03_45_190 1571936625190 3541 3531 221 109.161  
2019_10_24_12_03_45_199 1571936625199 3550 3540 151 75.2949  
2019_10_24_12_03_45_212 1571936625212 3563 3553 234 115.466  
2019_10_24_12_03_45_237 1571936625237 3588 3578 285 140.251  
2019_10_24_12_03_45_276 1571936625276 3627 3617 382 187.603  
2019_10_24_12_03_45_281 1571936625281 3632 3622 1296 647.446  
2019_10_24_12_03_45_291 1571936625291 3642 3632 188 93.1774  
2019_10_24_12_03_45_308 1571936625308 3659 3649 100 50.7123  
2019_10_24_12_03_45_322 1571936625322 3673 3663 160 79.641  
2019_10_24_12_03_45_351 1571936625351 3702 3692 546 268.294  
2019_10_24_12_03_45_405 1571936625405 3756 3746 1201 598.5  
2019_10_24_12_03_45_415 1571936625415 3766 3756 297 146.094  
2019_10_24_12_03_45_470 1571936625470 3821 3811 357 175.372  
2019_10_24_12_03_45_483 1571936625483 3834 3824 2655 1376.85  
2019_10_24_12_03_45_487 1571936625487 3838 3828 130 65.1633  
2019_10_24_12_03_45_492 1571936625492 3843 3833 193 95.5971  
2019_10_24_12_03_45_515 1571936625515 3866 3855 498 244.595  
2019_10_24_12_03_45_531 1571936625531 3882 3871 281 138.304  
2019_10_24_12_03_45_649 1571936625649 4000 3989 2738 1423.16  
2019_10_24_12_03_45_672 1571936625672 4023 4012 4095 2209.31  
2019_10_24_12_03_45_685 1571936625685 4036 4025 562 276.209  
2019_10_24_12_03_45_710 1571936625710 4061 4050 99 50.2311  
2019_10_24_12_03_45_720 1571936625720 4071 4060 726 357.773  
2019_10_24_12_03_45_722 1571936625722 4073 4062 496 243.609  
2019_10_24_12_03_45_732 1571936625732 4083 4072 665 327.343  
2019_10_24_12_03_45_753 1571936625753 4104 4093 2762 1436.59  
2019_10_24_12_03_45_835 1571936625835 4186 4175 472 231.786  
2019_10_24_12_03_45_842 1571936625842 4193 4182 216 106.737  
2019_10_24_12_03_46_148 1571936626148 4499 4488 253 124.691  
2019_10_24_12_03_46_149 1571936626149 4500 4489 252 124.205  
2019_10_24_12_03_46_150 1571936626150 4501 4490 196 97.0493  
2019_10_24_12_03_46_156 1571936626156 4507 4496 544 267.305  
2019_10_24_12_03_46_162 1571936626162 4513 4502 801 395.339  
2019_10_24_12_03_46_165 1571936626165 4516 4504 289 142.198  
2019_10_24_12_03_46_176 1571936626176 4527 4515 271 133.44  
2019_10_24_12_03_46_192 1571936626192 4543 4531 1070 531.444  
2019_10_24_12_03_46_244 1571936626244 4595 4583 376 184.666  
2019_10_24_12_03_46_247 1571936626247 4598 4586 558 274.23  
2019_10_24_12_03_46_252 1571936626252 4603 4591 274 134.899  
2019_10_24_12_03_46_265 1571936626265 4616 4604 566 278.189  
2019_10_24_12_03_46_292 1571936626292 4643 4631 2308 1185.41  
2019_10_24_12_03_46_303 1571936626303 4654 4642 844 416.952  
2019_10_24_12_03_46_321 1571936626321 4672 4660 122 61.3071  
2019_10_24_12_03_46_365 1571936626365 4716 4704 1518 762.865  
2019_10_24_12_03_46_367 1571936626367 4718 4706 161 80.124  
2019_10_24_12_03_46_369 1571936626369 4720 4708 1485 745.616  
2019_10_24_12_03_46_375 1571936626375 4726 4714 64 33.4062  
2019_10_24_12_03_46_389 1571936626389 4740 4728 481 236.218  
2019_10_24_12_03_46_439 1571936626439 4790 4778 906 448.211  
2019_10_24_12_03_46_461 1571936626461 4812 4800 338 166.089  
2019_10_24_12_03_46_480 1571936626480 4831 4818 103 52.1562  
2019_10_24_12_03_46_492 1571936626492 4843 4830 213 105.283  
2019_10_24_12_03_46_540 1571936626540 4891 4878 418 205.247  
2019_10_24_12_03_46_571 1571936626571 4922 4909 1864 945.659  
2019_10_24_12_03_46_572 1571936626572 4923 4910 292 143.659  
2019_10_24_12_03_46_586 1571936626586 4937 4924 419 205.738  
2019_10_24_12_03_46_614 1571936626614 4965 4952 547 268.789  
2019_10_24_12_03_46_624 1571936626624 4975 4962 345 169.508  
2019_10_24_12_03_46_640 1571936626640 4991 4978 484 237.695  
2019_10_24_12_03_46_660 1571936626660 5011 4998 328 161.208  
2019_10_24_12_03_46_674 1571936626674 5025 5012 315 154.866  
2019_10_24_12_03_46_704 1571936626704 5055 5042 232 114.496  
2019_10_24_12_03_46_712 1571936626712 5063 5050 247 121.777  
2019_10_24_12_03_46_764 1571936626764 5115 5102 205 101.407  
2019_10_24_12_03_46_773 1571936626773 5124 5111 186 92.2098  
2019_10_24_12_03_46_802 1571936626802 5153 5140 192 95.1131  
2019_10_24_12_03_46_803 1571936626803 5154 5141 320 157.305  
2019_10_24_12_03_46_864 1571936626864 5215 5201 188 93.1774  
2019_10_24_12_03_46_876 1571936626876 5227 5213 223 110.131  
2019_10_24_12_03_46_901 1571936626901 5252 5238 1258 627.835  
2019_10_24_12_03_46_912 1571936626912 5263 5249 318 156.329  
2019_10_24_12_03_46_935 1571936626935 5286 5272 456 223.914  
2019_10_24_12_03_46_971 1571936626971 5322 5308 1182 588.743  
2019_10_24_12_03_46_973 1571936626973 5324 5310 472 231.786  
2019_10_24_12_03_46_989 1571936626989 5340 5326 113 56.9711  
2019_10_24_12_03_47_040 1571936627040 5391 5377 1871 949.393  
2019_10_24_12_03_47_049 1571936627049 5400 5386 1311 655.198  
2019_10_24_12_03_47_061 1571936627061 5412 5398 289 142.198  
2019_10_24_12_03_47_064 1571936627064 5415 5401 293 144.146  
2019_10_24_12_03_47_113 1571936627113 5464 5450 841 415.442  
2019_10_24_12_03_47_128 1571936627128 5479 5465 182 90.2748  
2019_10_24_12_03_47_134 1571936627134 5485 5471 263 129.55  
2019_10_24_12_03_47_153 1571936627153 5504 5490 446 218.997  
2019_10_24_12_03_47_179 1571936627179 5530 5516 314 154.378  
2019_10_24_12_03_47_202 1571936627202 5553 5538 321 157.792  
2019_10_24_12_03_47_221 1571936627221 5572 5557 194 96.0811  
2019_10_24_12_03_47_227 1571936627227 5578 5563 109 55.0448  
2019_10_24_12_03_47_235 1571936627235 5586 5571 905 447.706  
2019_10_24_12_03_47_239 1571936627239 5590 5575 599 294.541  
2019_10_24_12_03_47_284 1571936627284 5635 5620 247 121.777  
2019_10_24_12_03_47_336 1571936627336 5687 5672 513 251.993  
2019_10_24_12_03_47_349 1571936627349 5700 5685 243 119.834  
2019_10_24_12_03_47_369 1571936627369 5720 5705 458 224.897  
2019_10_24_12_03_47_378 1571936627378 5729 5714 203 100.439  
2019_10_24_12_03_47_434 1571936627434 5785 5770 711 350.28  
2019_10_24_12_03_47_437 1571936627437 5788 5773 466 228.833  
2019_10_24_12_03_47_474 1571936627474 5825 5810 523 256.93  
2019_10_24_12_03_47_547 1571936627547 5898 5883 103 52.1562  
2019_10_24_12_03_47_548 1571936627548 5899 5884 627 308.441  
2019_10_24_12_03_47_637 1571936627637 5988 5973 484 237.695  
2019_10_24_12_03_47_648 1571936627648 5999 5984 357 175.372  
2019_10_24_12_03_47_668 1571936627668 6019 6004 239 117.893  
2019_10_24_12_03_47_681 1571936627681 6032 6016 1588 799.561  
2019_10_24_12_03_47_706 1571936627706 6057 6041 762 375.784  
2019_10_24_12_03_47_733 1571936627733 6084 6068 267 131.495  
2019_10_24_12_03_47_735 1571936627735 6086 6070 584 287.104  
2019_10_24_12_03_47_772 1571936627772 6123 6107 119 59.8615  
2019_10_24_12_03_47_784 1571936627784 6135 6119 809 399.356  
2019_10_24_12_03_47_804 1571936627804 6155 6139 219 108.191  
2019_10_24_12_03_47_812 1571936627812 6163 6147 292 143.659  
2019_10_24_12_03_47_840 1571936627840 6191 6175 1358 679.533  
2019_10_24_12_03_47_871 1571936627871 6222 6206 324 159.256  
2019_10_24_12_03_47_918 1571936627918 6269 6253 352 172.928  
2019_10_24_12_03_48_196 1571936628196 6547 6531 104 52.6376  
2019_10_24_12_03_48_197 1571936628197 6548 6532 152 75.7777  
2019_10_24_12_03_48_198 1571936628198 6549 6533 160 79.641  
2019_10_24_12_03_48_198 1571936628198 6549 6533 408 200.342  
2019_10_24_12_03_48_198 1571936628198 6549 6533 573 281.655  
2019_10_24_12_03_48_198 1571936628198 6549 6533 314 154.378  
2019_10_24_12_03_48_198 1571936628198 6549 6532 181 89.7911  
2019_10_24_12_03_48_199 1571936628199 6550 6533 185 91.726  
2019_10_24_12_03_48_199 1571936628199 6550 6533 155 77.2262  
2019_10_24_12_03_48_199 1571936628199 6550 6533 131 65.6455  
2019_10_24_12_03_48_199 1571936628199 6550 6533 1182 588.743  
2019_10_24_12_03_48_199 1571936628199 6550 6533 459 225.389  
2019_10_24_12_03_48_199 1571936628199 6550 6533 469 230.309  
2019_10_24_12_03_48_213 1571936628213 6564 6547 502 246.567  
2019_10_24_12_03_48_215 1571936628215 6566 6549 170 84.4728  
2019_10_24_12_03_48_216 1571936628216 6567 6550 280 137.818  
2019_10_24_12_03_48_220 1571936628220 6571 6554 616 302.978  
2019_10_24_12_03_48_267 1571936628267 6618 6601 144 71.9162  
2019_10_24_12_03_48_277 1571936628277 6628 6611 207 102.376  
2019_10_24_12_03_48_308 1571936628308 6659 6642 208 102.861  
2019_10_24_12_03_48_315 1571936628315 6666 6649 334 164.136  
2019_10_24_12_03_48_321 1571936628321 6672 6655 1163 578.996  
2019_10_24_12_03_48_335 1571936628335 6686 6669 159 79.1579  
2019_10_24_12_03_48_341 1571936628341 6692 6674 512 251.5  
2019_10_24_12_03_48_403 1571936628403 6754 6736 318 156.329  
2019_10_24_12_03_48_419 1571936628419 6770 6752 111 56.0079  
2019_10_24_12_03_48_425 1571936628425 6776 6758 220 108.676  
2019_10_24_12_03_48_439 1571936628439 6790 6772 234 115.466  
2019_10_24_12_03_48_474 1571936628474 6825 6807 726 357.773  
2019_10_24_12_03_48_475 1571936628475 6826 6808 380 186.624  
2019_10_24_12_03_48_477 1571936628477 6828 6810 199 98.5017  
2019_10_24_12_03_48_496 1571936628496 6847 6829 313 153.891  
2019_10_24_12_03_48_554 1571936628554 6905 6887 3225 1699.03  
2019_10_24_12_03_48_582 1571936628582 6933 6915 753 371.278  
2019_10_24_12_03_48_637 1571936628637 6988 6970 84 43.016  
2019_10_24_12_03_48_640 1571936628640 6991 6973 176 87.3733  
2019_10_24_12_03_48_646 1571936628646 6997 6979 349 171.462  
2019_10_24_12_03_48_659 1571936628659 7010 6992 430 211.137  
2019_10_24_12_03_48_662 1571936628662 7013 6995 752 370.777  
2019_10_24_12_03_48_714 1571936628714 7065 7047 347 170.485  
2019_10_24_12_03_48_719 1571936628719 7070 7051 141 70.4687  
2019_10_24_12_03_48_722 1571936628722 7073 7054 696 342.794  
2019_10_24_12_03_48_754 1571936628754 7105 7086 427 209.664  
2019_10_24_12_03_48_763 1571936628763 7114 7095 184 91.2422  
2019_10_24_12_03_48_851 1571936628851 7202 7183 224 110.616  
2019_10_24_12_03_48_874 1571936628874 7225 7206 242 119.349  
2019_10_24_12_03_48_879 1571936628879 7230 7211 85 43.4968  
2019_10_24_12_03_48_923 1571936628923 7274 7255 205 101.407  
2019_10_24_12_03_48_946 1571936628946 7297 7278 289 142.198  
2019_10_24_12_03_48_969 1571936628969 7320 7301 274 134.899  
2019_10_24_12_03_48_976 1571936628976 7327 7308 218 107.707  
2019_10_24_12_03_49_120 1571936629120 7471 7452 217 107.222  
2019_10_24_12_03_49_136 1571936629136 7487 7468 395 193.97  
2019_10_24_12_03_49_160 1571936629160 7511 7492 1994 1015.25  
2019_10_24_12_03_49_195 1571936629195 7546 7527 412 202.304  
2019_10_24_12_03_49_196 1571936629196 7547 7528 231 114.011  
2019_10_24_12_03_49_242 1571936629242 7593 7574 495 243.116  
2019_10_24_12_03_49_266 1571936629266 7617 7597 363 178.306  
2019_10_24_12_03_49_314 1571936629314 7665 7645 294 144.633  
2019_10_24_12_03_49_323 1571936629323 7674 7654 158 78.675  
2019_10_24_12_03_49_380 1571936629380 7731 7711 328 161.208  
2019_10_24_12_03_49_391 1571936629391 7742 7722 302 148.53  
2019_10_24_12_03_49_405 1571936629405 7756 7736 83 42.5352  
2019_10_24_12_03_49_417 1571936629417 7768 7748 295 145.12  
2019_10_24_12_03_49_427 1571936629427 7778 7758 1393 697.697  
2019_10_24_12_03_49_471 1571936629471 7822 7802 73 37.7291  
2019_10_24_12_03_49_478 1571936629478 7829 7809 272 133.926  
2019_10_24_12_03_49_487 1571936629487 7838 7818 391 192.01  
2019_10_24_12_03_49_494 1571936629494 7845 7825 552 271.261  
2019_10_24_12_03_49_533 1571936629533 7884 7864 228 112.555  
2019_10_24_12_03_49_541 1571936629541 7892 7872 128 64.1991  
2019_10_24_12_03_49_553 1571936629553 7904 7884 1310 654.681  
2019_10_24_12_03_49_588 1571936629588 7939 7919 319 156.817  
2019_10_24_12_03_49_665 1571936629665 8016 7996 683 336.311  
2019_10_24_12_03_49_668 1571936629668 8019 7999 195 96.5652  
2019_10_24_12_03_49_682 1571936629682 8033 8012 535 262.857  
2019_10_24_12_03_49_683 1571936629683 8034 8013 261 128.578  
2019_10_24_12_03_49_710 1571936629710 8061 8040 1014 502.933  
2019_10_24_12_03_49_713 1571936629713 8064 8043 543 266.811  
2019_10_24_12_03_49_730 1571936629730 8081 8060 90 45.9012  
2019_10_24_12_03_49_746 1571936629746 8097 8076 252 124.205  
2019_10_24_12_03_49_780 1571936629780 8131 8110 123 61.789  
2019_10_24_12_03_49_847 1571936629847 8198 8177 1325 662.44  
2019_10_24_12_03_49_851 1571936629851 8202 8181 298 146.581  
2019_10_24_12_03_49_857 1571936629857 8208 8187 490 240.651  
2019_10_24_12_03_49_883 1571936629883 8234 8213 496 243.609  
2019_10_24_12_03_49_915 1571936629915 8266 8245 1188 591.823  
2019_10_24_12_03_49_974 1571936629974 8325 8304 1483 744.571  
2019_10_24_12_03_49_975 1571936629975 8326 8305 85 43.4968  
2019_10_24_12_03_50_244 1571936630244 8595 8574 128 64.1991  
2019_10_24_12_03_50_245 1571936630245 8596 8575 213 105.283  
2019_10_24_12_03_50_246 1571936630246 8597 8576 315 154.866  
2019_10_24_12_03_50_246 1571936630246 8597 8575 83 42.5352  
2019_10_24_12_03_50_246 1571936630246 8597 8575 257 126.634  
2019_10_24_12_03_50_246 1571936630246 8597 8575 90 45.9012  
2019_10_24_12_03_50_246 1571936630246 8597 8575 162 80.6071  
2019_10_24_12_03_50_247 1571936630247 8598 8576 1586 798.51  
2019_10_24_12_03_50_247 1571936630247 8598 8576 256 126.148  
2019_10_24_12_03_50_247 1571936630247 8598 8576 266 131.008  
2019_10_24_12_03_50_247 1571936630247 8598 8576 440 216.049  
2019_10_24_12_03_50_247 1571936630247 8598 8576 164 81.5733  
2019_10_24_12_03_50_247 1571936630247 8598 8576 272 133.926  
2019_10_24_12_03_50_247 1571936630247 8598 8576 90 45.9012  
2019_10_24_12_03_50_247 1571936630247 8598 8576 319 156.817  
2019_10_24_12_03_50_248 1571936630248 8599 8577 310 152.428  
2019_10_24_12_03_50_253 1571936630253 8604 8582 153 76.2605  
2019_10_24_12_03_50_301 1571936630301 8652 8630 481 236.218  
2019_10_24_12_03_50_326 1571936630326 8677 8655 281 138.304  
2019_10_24_12_03_50_329 1571936630329 8680 8658 132 66.1277  
2019_10_24_12_03_50_336 1571936630336 8687 8664 561 275.714  
2019_10_24_12_03_50_349 1571936630349 8700 8677 154 76.7433  
2019_10_24_12_03_50_380 1571936630380 8731 8708 266 131.008  
2019_10_24_12_03_50_387 1571936630387 8738 8715 402 197.4  
2019_10_24_12_03_50_392 1571936630392 8743 8720 711 350.28  
2019_10_24_12_03_50_431 1571936630431 8782 8759 164 81.5733  
2019_10_24_12_03_50_446 1571936630446 8797 8774 621 305.461  
2019_10_24_12_03_50_458 1571936630458 8809 8786 92 46.8632  
2019_10_24_12_03_50_475 1571936630475 8826 8803 300 147.555  
2019_10_24_12_03_50_507 1571936630507 8858 8835 600 295.037  
2019_10_24_12_03_50_508 1571936630508 8859 8836 191 94.6291  
2019_10_24_12_03_50_515 1571936630515 8866 8843 330 162.184  
2019_10_24_12_03_50_528 1571936630528 8879 8856 800 394.837  
2019_10_24_12_03_50_538 1571936630538 8889 8866 252 124.205  
2019_10_24_12_03_50_542 1571936630542 8893 8870 188 93.1774  
