1571934917558 2019_10_24_11_35_17_558 2.734449 0.478300  0.000014786
2019_10_24_11_35_17_559 1571934917559 1 0 529 259.893  
2019_10_24_11_35_17_636 1571934917636 78 77 464 227.849  
2019_10_24_11_35_17_746 1571934917746 188 187 143 71.4337  
2019_10_24_11_35_17_762 1571934917762 204 203 896 443.161  
2019_10_24_11_35_17_772 1571934917772 214 213 244 120.32  
2019_10_24_11_35_17_788 1571934917788 230 229 2432 1253.41  
2019_10_24_11_35_17_799 1571934917799 241 240 251 123.719  
2019_10_24_11_35_17_808 1571934917808 250 249 622 305.957  
2019_10_24_11_35_17_827 1571934917827 269 268 196 97.0493  
2019_10_24_11_35_17_923 1571934917923 365 364 342 168.042  
2019_10_24_11_35_17_945 1571934917945 387 386 65 33.8864  
2019_10_24_11_35_17_948 1571934917948 390 389 177 87.8568  
2019_10_24_11_35_17_956 1571934917956 398 397 122 61.3071  
2019_10_24_11_35_17_968 1571934917968 410 409 200 98.9859  
2019_10_24_11_35_17_980 1571934917980 422 421 1021 506.492  
2019_10_24_11_35_17_988 1571934917988 430 429 859 424.504  
2019_10_24_11_35_18_024 1571934918024 466 465 624 306.951  
2019_10_24_11_35_18_027 1571934918027 469 467 370 181.73  
2019_10_24_11_35_18_034 1571934918034 476 474 192 95.1131  
2019_10_24_11_35_18_062 1571934918062 504 502 88 44.9393  
2019_10_24_11_35_18_063 1571934918063 505 503 1300 649.512  
2019_10_24_11_35_18_067 1571934918067 509 507 441 216.54  
2019_10_24_11_35_18_100 1571934918100 542 540 760 374.783  
2019_10_24_11_35_18_132 1571934918132 574 572 289 142.198  
2019_10_24_11_35_18_144 1571934918144 586 584 149 74.3294  
2019_10_24_11_35_18_214 1571934918214 656 654 87 44.4585  
2019_10_24_11_35_18_221 1571934918221 663 661 175 86.8898  
2019_10_24_11_35_18_295 1571934918295 737 735 120 60.3434  
2019_10_24_11_35_18_437 1571934918437 879 877 161 80.124  
2019_10_24_11_35_18_442 1571934918442 884 882 134 67.0921  
2019_10_24_11_35_18_444 1571934918444 886 884 453 222.439  
2019_10_24_11_35_18_466 1571934918466 908 906 208 102.861  
2019_10_24_11_35_18_480 1571934918480 922 920 501 246.074  
2019_10_24_11_35_18_501 1571934918501 943 941 160 79.641  
2019_10_24_11_35_18_574 1571934918574 1016 1013 4095 2209.31  
2019_10_24_11_35_18_591 1571934918591 1033 1030 296 145.607  
2019_10_24_11_35_18_646 1571934918646 1088 1085 267 131.495  
2019_10_24_11_35_18_651 1571934918651 1093 1090 773 381.295  
2019_10_24_11_35_18_685 1571934918685 1127 1124 129 64.6812  
2019_10_24_11_35_18_766 1571934918766 1208 1205 274 134.899  
2019_10_24_11_35_18_776 1571934918776 1218 1215 497 244.102  
2019_10_24_11_35_18_787 1571934918787 1229 1226 87 44.4585  
2019_10_24_11_35_18_799 1571934918799 1241 1238 2989 1564.47  
2019_10_24_11_35_18_807 1571934918807 1249 1246 452 221.947  
2019_10_24_11_35_18_823 1571934918823 1265 1262 288 141.711  
2019_10_24_11_35_18_839 1571934918839 1281 1278 1040 516.159  
2019_10_24_11_35_18_846 1571934918846 1288 1285 152 75.7777  
2019_10_24_11_35_18_869 1571934918869 1311 1308 1625 819.015  
2019_10_24_11_35_18_883 1571934918883 1325 1322 255 125.662  
2019_10_24_11_35_18_914 1571934918914 1356 1353 181 89.7911  
2019_10_24_11_35_18_920 1571934918920 1362 1359 692 340.798  
2019_10_24_11_35_18_922 1571934918922 1364 1360 1593 802.187  
2019_10_24_11_35_18_940 1571934918940 1382 1378 149 74.3294  
2019_10_24_11_35_18_979 1571934918979 1421 1417 735 362.273  
2019_10_24_11_35_18_993 1571934918993 1435 1431 177 87.8568  
2019_10_24_11_35_19_007 1571934919007 1449 1445 322 158.28  
2019_10_24_11_35_19_070 1571934919070 1512 1508 154 76.7433  
2019_10_24_11_35_19_112 1571934919112 1554 1550 594 292.062  
2019_10_24_11_35_19_114 1571934919114 1556 1552 292 143.659  
2019_10_24_11_35_19_116 1571934919116 1558 1554 148 73.8467  
2019_10_24_11_35_19_168 1571934919168 1610 1606 164 81.5733  
2019_10_24_11_35_19_186 1571934919186 1628 1624 796 392.83  
2019_10_24_11_35_19_239 1571934919239 1681 1677 299 147.068  
2019_10_24_11_35_19_282 1571934919282 1724 1720 424 208.192  
2019_10_24_11_35_19_288 1571934919288 1730 1726 118 59.3797  
2019_10_24_11_35_19_309 1571934919309 1751 1747 416 204.266  
2019_10_24_11_35_19_338 1571934919338 1780 1776 143 71.4337  
2019_10_24_11_35_19_365 1571934919365 1807 1803 2815 1466.31  
2019_10_24_11_35_19_366 1571934919366 1808 1803 141 70.4687  
2019_10_24_11_35_19_387 1571934919387 1829 1824 162 80.6071  
2019_10_24_11_35_19_425 1571934919425 1867 1862 844 416.952  
2019_10_24_11_35_19_447 1571934919447 1889 1884 349 171.462  
2019_10_24_11_35_19_477 1571934919477 1919 1914 1872 949.927  
2019_10_24_11_35_19_478 1571934919478 1920 1915 206 101.892  
2019_10_24_11_35_19_491 1571934919491 1933 1928 440 216.049  
2019_10_24_11_35_19_503 1571934919503 1945 1940 229 113.041  
2019_10_24_11_35_19_517 1571934919517 1959 1954 264 130.036  
2019_10_24_11_35_19_523 1571934919523 1965 1960 129 64.6812  
2019_10_24_11_35_19_543 1571934919543 1985 1980 439 215.558  
2019_10_24_11_35_19_629 1571934919629 2071 2066 2244 1150.49  
2019_10_24_11_35_19_679 1571934919679 2121 2116 335 164.624  
2019_10_24_11_35_19_704 1571934919704 2146 2141 453 222.439  
2019_10_24_11_35_19_722 1571934919722 2164 2159 598 294.045  
2019_10_24_11_35_19_757 1571934919757 2199 2194 172 85.4395  
2019_10_24_11_35_19_846 1571934919846 2288 2283 4095 2209.31  
2019_10_24_11_35_19_874 1571934919874 2316 2311 527 258.905  
2019_10_24_11_35_19_939 1571934919939 2381 2375 191 94.6291  
2019_10_24_11_35_19_953 1571934919953 2395 2389 290 142.685  
2019_10_24_11_35_20_003 1571934920003 2445 2439 392 192.5  
2019_10_24_11_35_20_074 1571934920074 2516 2510 361 177.328  
2019_10_24_11_35_20_218 1571934920218 2660 2654 430 211.137  
2019_10_24_11_35_20_248 1571934920248 2690 2684 276 135.872  
2019_10_24_11_35_20_262 1571934920262 2704 2698 537 263.845  
2019_10_24_11_35_20_267 1571934920267 2709 2703 519 254.955  
2019_10_24_11_35_20_284 1571934920284 2726 2720 85 43.4968  
2019_10_24_11_35_20_288 1571934920288 2730 2724 651 320.374  
2019_10_24_11_35_20_295 1571934920295 2737 2731 354 173.906  
2019_10_24_11_35_20_332 1571934920332 2774 2768 181 89.7911  
2019_10_24_11_35_20_413 1571934920413 2855 2849 199 98.5017  
2019_10_24_11_35_20_428 1571934920428 2870 2864 421 206.719  
2019_10_24_11_35_20_472 1571934920472 2914 2908 352 172.928  
2019_10_24_11_35_20_530 1571934920530 2972 2966 251 123.719  
2019_10_24_11_35_20_531 1571934920531 2973 2967 508 249.527  
2019_10_24_11_35_20_607 1571934920607 3049 3042 344 169.019  
2019_10_24_11_35_20_616 1571934920616 3058 3051 128 64.1991  
2019_10_24_11_35_20_624 1571934920624 3066 3059 440 216.049  
2019_10_24_11_35_20_675 1571934920675 3117 3110 204 100.923  
2019_10_24_11_35_20_834 1571934920834 3276 3269 108 54.5633  
2019_10_24_11_35_20_871 1571934920871 3313 3306 144 71.9162  
2019_10_24_11_35_20_928 1571934920928 3370 3363 119 59.8615  
2019_10_24_11_35_20_946 1571934920946 3388 3381 251 123.719  
2019_10_24_11_35_20_987 1571934920987 3429 3422 245 120.805  
2019_10_24_11_35_21_071 1571934921071 3513 3506 2098 1071.29  
2019_10_24_11_35_21_076 1571934921076 3518 3511 168 83.5062  
2019_10_24_11_35_21_187 1571934921187 3629 3622 1485 745.616  
2019_10_24_11_35_21_199 1571934921199 3641 3634 837 413.43  
2019_10_24_11_35_21_363 1571934921363 3805 3798 2029 1034.08  
2019_10_24_11_35_21_390 1571934921390 3832 3825 1014 502.933  
2019_10_24_11_35_21_653 1571934921653 4095 4088 254 125.177  
2019_10_24_11_35_21_654 1571934921654 4096 4089 160 79.641  
2019_10_24_11_35_21_655 1571934921655 4097 4089 109 55.0448  
2019_10_24_11_35_21_655 1571934921655 4097 4089 290 142.685  
2019_10_24_11_35_21_655 1571934921655 4097 4089 107 54.0818  
2019_10_24_11_35_21_655 1571934921655 4097 4089 198 98.0175  
2019_10_24_11_35_21_655 1571934921655 4097 4089 245 120.805  
2019_10_24_11_35_21_656 1571934921656 4098 4090 319 156.817  
2019_10_24_11_35_21_656 1571934921656 4098 4090 1124 559.024  
2019_10_24_11_35_21_722 1571934921722 4164 4156 1338 669.17  
2019_10_24_11_35_21_733 1571934921733 4175 4167 700 344.789  
2019_10_24_11_35_21_734 1571934921734 4176 4168 358 175.861  
2019_10_24_11_35_21_775 1571934921775 4217 4209 728 358.773  
2019_10_24_11_35_21_804 1571934921804 4246 4238 258 127.12  
2019_10_24_11_35_21_832 1571934921832 4274 4266 523 256.93  
2019_10_24_11_35_21_835 1571934921835 4277 4269 161 80.124  
2019_10_24_11_35_21_898 1571934921898 4340 4332 186 92.2098  
2019_10_24_11_35_21_923 1571934921923 4365 4357 1281 639.7  
2019_10_24_11_35_21_932 1571934921932 4374 4366 607 298.51  
2019_10_24_11_35_21_935 1571934921935 4377 4368 181 89.7911  
2019_10_24_11_35_21_936 1571934921936 4378 4369 504 247.553  
2019_10_24_11_35_21_967 1571934921967 4409 4400 384 188.582  
2019_10_24_11_35_22_013 1571934922013 4455 4446 100 50.7123  
2019_10_24_11_35_22_031 1571934922031 4473 4464 252 124.205  
2019_10_24_11_35_22_254 1571934922254 4696 4687 515 252.98  
2019_10_24_11_35_22_301 1571934922301 4743 4734 354 173.906  
2019_10_24_11_35_22_309 1571934922309 4751 4742 317 155.841  
2019_10_24_11_35_22_337 1571934922337 4779 4770 1108 550.843  
2019_10_24_11_35_22_362 1571934922362 4804 4795 333 163.648  
2019_10_24_11_35_22_389 1571934922389 4831 4822 214 105.768  
2019_10_24_11_35_22_511 1571934922511 4953 4944 165 82.0565  
2019_10_24_11_35_22_522 1571934922522 4964 4955 200 98.9859  
2019_10_24_11_35_22_525 1571934922525 4967 4958 303 149.017  
2019_10_24_11_35_22_529 1571934922529 4971 4962 430 211.137  
2019_10_24_11_35_22_541 1571934922541 4983 4974 327 160.72  
2019_10_24_11_35_22_597 1571934922597 5039 5030 1321 660.37  
2019_10_24_11_35_22_638 1571934922638 5080 5070 709 349.282  
2019_10_24_11_35_22_700 1571934922700 5142 5132 285 140.251  
2019_10_24_11_35_22_702 1571934922702 5144 5134 1154 574.383  
2019_10_24_11_35_22_704 1571934922704 5146 5136 176 87.3733  
2019_10_24_11_35_22_705 1571934922705 5147 5137 260 128.092  
2019_10_24_11_35_22_709 1571934922709 5151 5141 787 388.314  
2019_10_24_11_35_22_739 1571934922739 5181 5171 482 236.71  
2019_10_24_11_35_22_782 1571934922782 5224 5214 115 57.9345  
2019_10_24_11_35_22_787 1571934922787 5229 5219 1405 703.933  
2019_10_24_11_35_22_830 1571934922830 5272 5262 1470 737.786  
2019_10_24_11_35_22_831 1571934922831 5273 5263 213 105.283  
2019_10_24_11_35_22_863 1571934922863 5305 5295 244 120.32  
2019_10_24_11_35_22_876 1571934922876 5318 5308 185 91.726  
2019_10_24_11_35_22_927 1571934922927 5369 5359 315 154.866  
2019_10_24_11_35_22_957 1571934922957 5399 5389 680 334.815  
2019_10_24_11_35_22_997 1571934922997 5439 5429 4095 2209.31  
2019_10_24_11_35_23_012 1571934923012 5454 5444 2064 1052.93  
2019_10_24_11_35_23_024 1571934923024 5466 5456 104 52.6376  
2019_10_24_11_35_23_036 1571934923036 5478 5467 1008 499.884  
2019_10_24_11_35_23_134 1571934923134 5576 5565 87 44.4585  
2019_10_24_11_35_23_176 1571934923176 5618 5607 249 122.748  
2019_10_24_11_35_23_238 1571934923238 5680 5669 788 388.816  
2019_10_24_11_35_23_313 1571934923313 5755 5744 525 257.917  
2019_10_24_11_35_23_330 1571934923330 5772 5761 154 76.7433  
2019_10_24_11_35_23_365 1571934923365 5807 5796 632 310.926  
2019_10_24_11_35_23_369 1571934923369 5811 5800 1150 572.334  
2019_10_24_11_35_23_412 1571934923412 5854 5843 264 130.036  
2019_10_24_11_35_23_436 1571934923436 5878 5867 231 114.011  
2019_10_24_11_35_23_701 1571934923701 6143 6132 195 96.5652  
2019_10_24_11_35_23_702 1571934923702 6144 6133 163 81.0902  
2019_10_24_11_35_23_703 1571934923703 6145 6134 49 26.2066  
2019_10_24_11_35_23_703 1571934923703 6145 6134 2118 1082.1  
2019_10_24_11_35_23_703 1571934923703 6145 6134 530 260.387  
2019_10_24_11_35_23_703 1571934923703 6145 6134 494 242.623  
2019_10_24_11_35_23_703 1571934923703 6145 6134 1315 657.267  
2019_10_24_11_35_23_703 1571934923703 6145 6133 263 129.55  
2019_10_24_11_35_23_704 1571934923704 6146 6134 1211 603.639  
2019_10_24_11_35_23_704 1571934923704 6146 6134 948 469.451  
2019_10_24_11_35_23_704 1571934923704 6146 6134 401 196.91  
2019_10_24_11_35_23_704 1571934923704 6146 6134 209 103.345  
2019_10_24_11_35_23_747 1571934923747 6189 6177 1383 692.504  
2019_10_24_11_35_23_789 1571934923789 6231 6219 163 81.0902  
2019_10_24_11_35_23_794 1571934923794 6236 6224 61 31.9658  
2019_10_24_11_35_23_798 1571934923798 6240 6228 159 79.1579  
2019_10_24_11_35_23_816 1571934923816 6258 6246 845 417.455  
2019_10_24_11_35_23_824 1571934923824 6266 6254 298 146.581  
2019_10_24_11_35_23_828 1571934923828 6270 6258 218 107.707  
2019_10_24_11_35_23_833 1571934923833 6275 6263 76 39.1707  
2019_10_24_11_35_23_853 1571934923853 6295 6283 2405 1238.57  
2019_10_24_11_35_23_864 1571934923864 6306 6294 476 233.755  
2019_10_24_11_35_23_869 1571934923869 6311 6299 680 334.815  
2019_10_24_11_35_23_889 1571934923889 6331 6319 223 110.131  
2019_10_24_11_35_23_909 1571934923909 6351 6338 1332 666.063  
2019_10_24_11_35_23_934 1571934923934 6376 6363 1087 540.117  
2019_10_24_11_35_23_935 1571934923935 6377 6364 260 128.092  
2019_10_24_11_35_23_945 1571934923945 6387 6374 170 84.4728  
2019_10_24_11_35_23_964 1571934923964 6406 6393 172 85.4395  
2019_10_24_11_35_23_995 1571934923995 6437 6424 241 118.864  
2019_10_24_11_35_23_998 1571934923998 6440 6427 671 330.331  
2019_10_24_11_35_24_035 1571934924035 6477 6464 285 140.251  
2019_10_24_11_35_24_051 1571934924051 6493 6480 401 196.91  
2019_10_24_11_35_24_056 1571934924056 6498 6485 287 141.224  
2019_10_24_11_35_24_065 1571934924065 6507 6494 369 181.24  
2019_10_24_11_35_24_097 1571934924097 6539 6526 451 221.455  
2019_10_24_11_35_24_110 1571934924110 6552 6539 797 393.332  
2019_10_24_11_35_24_112 1571934924112 6554 6541 471 231.294  
2019_10_24_11_35_24_140 1571934924140 6582 6569 919 454.78  
2019_10_24_11_35_24_156 1571934924156 6598 6585 1297 647.962  
2019_10_24_11_35_24_162 1571934924162 6604 6591 259 127.606  
2019_10_24_11_35_24_173 1571934924173 6615 6601 1370 685.757  
2019_10_24_11_35_24_180 1571934924180 6622 6608 409 200.833  
2019_10_24_11_35_24_183 1571934924183 6625 6611 665 327.343  
2019_10_24_11_35_24_184 1571934924184 6626 6612 68 35.3272  
2019_10_24_11_35_24_185 1571934924185 6627 6613 379 186.134  
2019_10_24_11_35_24_191 1571934924191 6633 6619 237 116.922  
2019_10_24_11_35_24_205 1571934924205 6647 6633 349 171.462  
2019_10_24_11_35_24_212 1571934924212 6654 6640 1150 572.334  
2019_10_24_11_35_24_223 1571934924223 6665 6651 214 105.768  
2019_10_24_11_35_24_231 1571934924231 6673 6659 466 228.833  
2019_10_24_11_35_24_255 1571934924255 6697 6683 169 83.9894  
2019_10_24_11_35_24_275 1571934924275 6717 6703 177 87.8568  
2019_10_24_11_35_24_285 1571934924285 6727 6713 1300 649.512  
2019_10_24_11_35_24_286 1571934924286 6728 6714 237 116.922  
2019_10_24_11_35_24_302 1571934924302 6744 6730 230 113.526  
2019_10_24_11_35_24_315 1571934924315 6757 6743 893 441.647  
2019_10_24_11_35_24_332 1571934924332 6774 6760 854 421.986  
2019_10_24_11_35_24_342 1571934924342 6784 6769 376 184.666  
2019_10_24_11_35_24_345 1571934924345 6787 6772 751 370.277  
2019_10_24_11_35_24_389 1571934924389 6831 6816 1341 670.724  
2019_10_24_11_35_24_390 1571934924390 6832 6817 144 71.9162  
2019_10_24_11_35_24_418 1571934924418 6860 6845 262 129.064  
2019_10_24_11_35_24_428 1571934924428 6870 6855 1290 644.346  
2019_10_24_11_35_24_431 1571934924431 6873 6858 639 314.405  
2019_10_24_11_35_24_444 1571934924444 6886 6871 119 59.8615  
2019_10_24_11_35_24_460 1571934924460 6902 6887 165 82.0565  
2019_10_24_11_35_24_463 1571934924463 6905 6890 416 204.266  
2019_10_24_11_35_24_474 1571934924474 6916 6901 98 49.7499  
2019_10_24_11_35_24_511 1571934924511 6953 6938 341 167.554  
2019_10_24_11_35_24_526 1571934924526 6968 6953 610 299.999  
2019_10_24_11_35_24_534 1571934924534 6976 6961 214 105.768  
2019_10_24_11_35_24_558 1571934924558 7000 6985 234 115.466  
2019_10_24_11_35_24_570 1571934924570 7012 6997 296 145.607  
2019_10_24_11_35_24_574 1571934924574 7016 7001 245 120.805  
2019_10_24_11_35_24_598 1571934924598 7040 7025 1059 525.836  
2019_10_24_11_35_24_603 1571934924603 7045 7029 256 126.148  
2019_10_24_11_35_24_605 1571934924605 7047 7031 241 118.864  
2019_10_24_11_35_24_607 1571934924607 7049 7033 430 211.137  
2019_10_24_11_35_24_619 1571934924619 7061 7045 942 466.413  
2019_10_24_11_35_24_638 1571934924638 7080 7064 1355 677.978  
2019_10_24_11_35_24_640 1571934924640 7082 7066 149 74.3294  
2019_10_24_11_35_24_649 1571934924649 7091 7075 539 264.834  
2019_10_24_11_35_24_662 1571934924662 7104 7088 636 312.914  
2019_10_24_11_35_24_676 1571934924676 7118 7102 288 141.711  
2019_10_24_11_35_24_679 1571934924679 7121 7105 501 246.074  
2019_10_24_11_35_24_764 1571934924764 7206 7190 370 181.73  
2019_10_24_11_35_24_813 1571934924813 7255 7239 547 268.789  
2019_10_24_11_35_24_831 1571934924831 7273 7257 440 216.049  
2019_10_24_11_35_24_832 1571934924832 7274 7258 278 136.845  
2019_10_24_11_35_24_834 1571934924834 7276 7260 324 159.256  
2019_10_24_11_35_24_842 1571934924842 7284 7268 456 223.914  
2019_10_24_11_35_24_844 1571934924844 7286 7270 136 68.0567  
2019_10_24_11_35_24_857 1571934924857 7299 7282 1400 701.334  
2019_10_24_11_35_24_861 1571934924861 7303 7286 665 327.343  
2019_10_24_11_35_24_866 1571934924866 7308 7291 150 74.8121  
2019_10_24_11_35_24_869 1571934924869 7311 7294 1247 622.166  
2019_10_24_11_35_24_895 1571934924895 7337 7320 1335 667.616  
2019_10_24_11_35_24_940 1571934924940 7382 7365 450 220.964  
2019_10_24_11_35_24_968 1571934924968 7410 7393 1301 650.029  
2019_10_24_11_35_24_988 1571934924988 7430 7413 849 419.469  
2019_10_24_11_35_25_006 1571934925006 7448 7431 279 137.331  
2019_10_24_11_35_25_036 1571934925036 7478 7461 1268 632.992  
2019_10_24_11_35_25_088 1571934925088 7530 7513 391 192.01  
2019_10_24_11_35_25_089 1571934925089 7531 7514 305 149.991  
2019_10_24_11_35_25_097 1571934925097 7539 7522 734 361.773  
2019_10_24_11_35_25_113 1571934925113 7555 7538 283 139.278  
2019_10_24_11_35_25_131 1571934925131 7573 7556 102 51.6749  
2019_10_24_11_35_25_132 1571934925132 7574 7557 828 408.904  
2019_10_24_11_35_25_133 1571934925133 7575 7558 135 67.5744  
2019_10_24_11_35_25_137 1571934925137 7579 7561 545 267.8  
2019_10_24_11_35_25_145 1571934925145 7587 7569 425 208.683  
2019_10_24_11_35_25_150 1571934925150 7592 7574 512 251.5  
2019_10_24_11_35_25_159 1571934925159 7601 7583 161 80.124  
2019_10_24_11_35_25_160 1571934925160 7602 7584 1313 656.232  
2019_10_24_11_35_25_164 1571934925164 7606 7588 1352 676.423  
2019_10_24_11_35_25_168 1571934925168 7610 7592 171 84.9561  
2019_10_24_11_35_25_175 1571934925175 7617 7599 170 84.4728  
2019_10_24_11_35_25_180 1571934925180 7622 7604 684 336.809  
2019_10_24_11_35_25_208 1571934925208 7650 7632 189 93.6613  
2019_10_24_11_35_25_209 1571934925209 7651 7633 1306 652.613  
2019_10_24_11_35_25_210 1571934925210 7652 7634 896 443.161  
2019_10_24_11_35_25_212 1571934925212 7654 7636 946 468.438  
2019_10_24_11_35_25_215 1571934925215 7657 7639 285 140.251  
2019_10_24_11_35_25_233 1571934925233 7675 7657 447 219.489  
2019_10_24_11_35_25_238 1571934925238 7680 7662 312 153.403  
2019_10_24_11_35_25_239 1571934925239 7681 7663 245 120.805  
2019_10_24_11_35_25_241 1571934925241 7683 7664 130 65.1633  
2019_10_24_11_35_25_256 1571934925256 7698 7679 124 62.271  
2019_10_24_11_35_25_261 1571934925261 7703 7684 551 270.767  
2019_10_24_11_35_25_271 1571934925271 7713 7694 552 271.261  
2019_10_24_11_35_25_297 1571934925297 7739 7720 700 344.789  
2019_10_24_11_35_25_306 1571934925306 7748 7729 238 117.407  
2019_10_24_11_35_25_307 1571934925307 7749 7730 1341 670.724  
2019_10_24_11_35_25_310 1571934925310 7752 7733 309 151.941  
2019_10_24_11_35_25_315 1571934925315 7757 7738 261 128.578  
2019_10_24_11_35_25_326 1571934925326 7768 7749 897 443.666  
2019_10_24_11_35_25_333 1571934925333 7775 7756 1253 625.258  
2019_10_24_11_35_25_350 1571934925350 7792 7773 1203 599.527  
2019_10_24_11_35_25_361 1571934925361 7803 7784 209 103.345  
2019_10_24_11_35_25_369 1571934925369 7811 7792 442 217.032  
2019_10_24_11_35_25_374 1571934925374 7816 7797 149 74.3294  
2019_10_24_11_35_25_375 1571934925375 7817 7798 1306 652.613  
2019_10_24_11_35_25_394 1571934925394 7836 7817 1309 654.164  
2019_10_24_11_35_25_395 1571934925395 7837 7817 945 467.932  
2019_10_24_11_35_25_414 1571934925414 7856 7836 323 158.768  
2019_10_24_11_35_25_417 1571934925417 7859 7839 679 334.317  
2019_10_24_11_35_25_421 1571934925421 7863 7843 763 376.285  
2019_10_24_11_35_25_434 1571934925434 7876 7856 1345 672.796  
2019_10_24_11_35_25_450 1571934925450 7892 7872 176 87.3733  
2019_10_24_11_35_25_451 1571934925451 7893 7873 415 203.775  
2019_10_24_11_35_25_452 1571934925452 7894 7874 371 182.219  
2019_10_24_11_35_25_480 1571934925480 7922 7902 301 148.042  
2019_10_24_11_35_25_495 1571934925495 7937 7917 454 222.93  
2019_10_24_11_35_25_496 1571934925496 7938 7918 397 194.95  
2019_10_24_11_35_25_508 1571934925508 7950 7930 139 69.5038  
2019_10_24_11_35_25_511 1571934925511 7953 7933 190 94.1452  
2019_10_24_11_35_25_516 1571934925516 7958 7938 278 136.845  
2019_10_24_11_35_25_537 1571934925537 7979 7959 288 141.711  
2019_10_24_11_35_25_539 1571934925539 7981 7961 633 311.423  
2019_10_24_11_35_25_552 1571934925552 7994 7974 523 256.93  
2019_10_24_11_35_25_575 1571934925575 8017 7997 939 464.895  
2019_10_24_11_35_25_585 1571934925585 8027 8006 1371 686.276  
2019_10_24_11_35_25_599 1571934925599 8041 8020 533 261.869  
2019_10_24_11_35_25_603 1571934925603 8045 8024 291 143.172  
2019_10_24_11_35_25_611 1571934925611 8053 8032 345 169.508  
2019_10_24_11_35_25_619 1571934925619 8061 8040 658 323.858  
2019_10_24_11_35_25_626 1571934925626 8068 8047 441 216.54  
2019_10_24_11_35_25_627 1571934925627 8069 8048 1333 666.581  
2019_10_24_11_35_25_632 1571934925632 8074 8053 3949 2122.12  
2019_10_24_11_35_25_650 1571934925650 8092 8071 1373 687.313  
2019_10_24_11_35_25_659 1571934925659 8101 8080 447 219.489  
2019_10_24_11_35_25_663 1571934925663 8105 8084 641 315.4  
2019_10_24_11_35_25_672 1571934925672 8114 8093 1272 635.055  
2019_10_24_11_35_25_677 1571934925677 8119 8098 1358 679.533  
2019_10_24_11_35_25_686 1571934925686 8128 8107 249 122.748  
2019_10_24_11_35_25_692 1571934925692 8134 8113 694 341.796  
2019_10_24_11_35_25_696 1571934925696 8138 8117 334 164.136  
2019_10_24_11_35_25_697 1571934925697 8139 8118 218 107.707  
2019_10_24_11_35_25_709 1571934925709 8151 8129 532 261.375  
2019_10_24_11_35_25_725 1571934925725 8167 8145 1342 671.242  
2019_10_24_11_35_25_726 1571934925726 8168 8146 3159 1661.23  
2019_10_24_11_35_25_727 1571934925727 8169 8147 1108 550.843  
2019_10_24_11_35_25_736 1571934925736 8178 8156 341 167.554  
2019_10_24_11_35_25_739 1571934925739 8181 8159 390 191.52  
2019_10_24_11_35_25_753 1571934925753 8195 8173 414 203.285  
2019_10_24_11_35_25_759 1571934925759 8201 8179 1253 625.258  
2019_10_24_11_35_25_777 1571934925777 8219 8197 328 161.208  
2019_10_24_11_35_25_779 1571934925779 8221 8199 49 26.2066  
2019_10_24_11_35_25_790 1571934925790 8232 8210 1357 679.015  
2019_10_24_11_35_25_802 1571934925802 8244 8222 757 373.28  
2019_10_24_11_35_25_811 1571934925811 8253 8231 465 228.341  
2019_10_24_11_35_25_817 1571934925817 8259 8237 673 331.327  
2019_10_24_11_35_25_820 1571934925820 8262 8240 787 388.314  
2019_10_24_11_35_25_826 1571934925826 8268 8246 1295 646.929  
2019_10_24_11_35_25_832 1571934925832 8274 8252 512 251.5  
2019_10_24_11_35_25_841 1571934925841 8283 8260 97 49.2687  
2019_10_24_11_35_25_845 1571934925845 8287 8264 1131 562.605  
2019_10_24_11_35_25_863 1571934925863 8305 8282 341 167.554  
2019_10_24_11_35_25_866 1571934925866 8308 8285 1328 663.993  
2019_10_24_11_35_25_869 1571934925869 8311 8288 225 111.1  
2019_10_24_11_35_25_878 1571934925878 8320 8297 636 312.914  
2019_10_24_11_35_25_892 1571934925892 8334 8311 1287 642.797  
2019_10_24_11_35_25_910 1571934925910 8352 8329 1324 661.923  
2019_10_24_11_35_25_912 1571934925912 8354 8331 586 288.096  
2019_10_24_11_35_25_917 1571934925917 8359 8336 105 53.119  
2019_10_24_11_35_25_921 1571934925921 8363 8340 1313 656.232  
2019_10_24_11_35_25_922 1571934925922 8364 8341 158 78.675  
2019_10_24_11_35_25_923 1571934925923 8365 8342 1290 644.346  
2019_10_24_11_35_25_941 1571934925941 8383 8360 169 83.9894  
2019_10_24_11_35_25_943 1571934925943 8385 8362 744 366.774  
2019_10_24_11_35_25_949 1571934925949 8391 8368 450 220.964  
2019_10_24_11_35_25_955 1571934925955 8397 8374 453 222.439  
2019_10_24_11_35_25_956 1571934925956 8398 8374 1045 518.704  
2019_10_24_11_35_25_957 1571934925957 8399 8375 534 262.363  
2019_10_24_11_35_25_958 1571934925958 8400 8376 1292 645.379  
2019_10_24_11_35_25_971 1571934925971 8413 8389 316 155.354  
2019_10_24_11_35_25_972 1571934925972 8414 8390 314 154.378  
2019_10_24_11_35_25_977 1571934925977 8419 8395 352 172.928  
2019_10_24_11_35_25_983 1571934925983 8425 8401 735 362.273  
2019_10_24_11_35_26_006 1571934926006 8448 8424 188 93.1774  
2019_10_24_11_35_26_011 1571934926011 8453 8429 666 327.841  
2019_10_24_11_35_26_019 1571934926019 8461 8437 650 319.876  
2019_10_24_11_35_26_023 1571934926023 8465 8441 546 268.294  
2019_10_24_11_35_26_027 1571934926027 8469 8445 154 76.7433  
2019_10_24_11_35_26_049 1571934926049 8491 8467 1325 662.44  
2019_10_24_11_35_26_062 1571934926062 8504 8480 373 183.197  
2019_10_24_11_35_26_064 1571934926064 8506 8482 1226 611.354  
2019_10_24_11_35_26_077 1571934926077 8519 8495 389 191.031  
2019_10_24_11_35_26_079 1571934926079 8521 8497 633 311.423  
2019_10_24_11_35_26_083 1571934926083 8525 8500 658 323.858  
2019_10_24_11_35_26_099 1571934926099 8541 8516 220 108.676  
2019_10_24_11_35_26_106 1571934926106 8548 8523 788 388.816  
2019_10_24_11_35_26_112 1571934926112 8554 8529 308 151.453  
2019_10_24_11_35_26_116 1571934926116 8558 8533 221 109.161  
2019_10_24_11_35_26_117 1571934926117 8559 8534 1258 627.835  
2019_10_24_11_35_26_129 1571934926129 8571 8546 350 171.951  
2019_10_24_11_35_26_146 1571934926146 8588 8563 184 91.2422  
2019_10_24_11_35_26_151 1571934926151 8593 8568 610 299.999  
2019_10_24_11_35_26_158 1571934926158 8600 8575 51 27.1662  
2019_10_24_11_35_26_171 1571934926171 8613 8588 99 50.2311  
2019_10_24_11_35_26_177 1571934926177 8619 8594 455 223.422  
2019_10_24_11_35_26_180 1571934926180 8622 8597 653 321.369  
2019_10_24_11_35_26_183 1571934926183 8625 8600 242 119.349  
2019_10_24_11_35_26_185 1571934926185 8627 8602 1347 673.832  
2019_10_24_11_35_26_198 1571934926198 8640 8615 575 282.645  
2019_10_24_11_35_26_199 1571934926199 8641 8616 1348 674.35  
2019_10_24_11_35_26_235 1571934926235 8677 8652 1307 653.13  
2019_10_24_11_35_26_238 1571934926238 8680 8654 182 90.2748  
2019_10_24_11_35_26_243 1571934926243 8685 8659 1303 651.063  
2019_10_24_11_35_26_261 1571934926261 8703 8677 336 165.112  
2019_10_24_11_35_26_275 1571934926275 8717 8691 457 224.406  
2019_10_24_11_35_26_282 1571934926282 8724 8698 1274 636.087  
2019_10_24_11_35_26_283 1571934926283 8725 8699 187 92.6936  
2019_10_24_11_35_26_306 1571934926306 8748 8722 409 200.833  
2019_10_24_11_35_26_312 1571934926312 8754 8728 216 106.737  
2019_10_24_11_35_26_313 1571934926313 8755 8729 626 307.944  
2019_10_24_11_35_26_342 1571934926342 8784 8758 167 83.0229  
2019_10_24_11_35_26_347 1571934926347 8789 8763 182 90.2748  
2019_10_24_11_35_26_363 1571934926363 8805 8779 1330 665.028  
2019_10_24_11_35_26_372 1571934926372 8814 8788 403 197.891  
2019_10_24_11_35_26_386 1571934926386 8828 8802 530 260.387  
2019_10_24_11_35_26_387 1571934926387 8829 8803 268 131.981  
2019_10_24_11_35_26_391 1571934926391 8833 8807 1356 678.496  
2019_10_24_11_35_26_405 1571934926405 8847 8821 1280 639.183  
2019_10_24_11_35_26_407 1571934926407 8849 8822 173 85.9229  
2019_10_24_11_35_26_424 1571934926424 8866 8839 660 324.853  
2019_10_24_11_35_26_432 1571934926432 8874 8847 717 353.277  
2019_10_24_11_35_26_460 1571934926460 8902 8875 526 258.411  
2019_10_24_11_35_26_474 1571934926474 8916 8889 437 214.575  
2019_10_24_11_35_26_484 1571934926484 8926 8899 376 184.666  
2019_10_24_11_35_26_493 1571934926493 8935 8908 90 45.9012  
2019_10_24_11_35_26_494 1571934926494 8936 8909 760 374.783  
2019_10_24_11_35_26_518 1571934926518 8960 8933 169 83.9894  
2019_10_24_11_35_26_523 1571934926523 8965 8938 1345 672.796  
2019_10_24_11_35_26_524 1571934926524 8966 8939 750 369.776  
2019_10_24_11_35_26_539 1571934926539 8981 8954 454 222.93  
2019_10_24_11_35_26_544 1571934926544 8986 8959 202 99.9544  
2019_10_24_11_35_26_545 1571934926545 8987 8960 823 406.39  
2019_10_24_11_35_26_554 1571934926554 8996 8969 1327 663.475  
2019_10_24_11_35_26_559 1571934926559 9001 8974 456 223.914  
2019_10_24_11_35_26_567 1571934926567 9009 8982 198 98.0175  
2019_10_24_11_35_26_582 1571934926582 9024 8996 1327 663.475  
2019_10_24_11_35_26_586 1571934926586 9028 9000 593 291.566  
2019_10_24_11_35_26_587 1571934926587 9029 9001 437 214.575  
2019_10_24_11_35_26_588 1571934926588 9030 9002 133 66.6099  
2019_10_24_11_35_26_591 1571934926591 9033 9005 1088 540.627  
2019_10_24_11_35_26_592 1571934926592 9034 9006 1007 499.376  
2019_10_24_11_35_26_605 1571934926605 9047 9019 1310 654.681  
2019_10_24_11_35_26_630 1571934926630 9072 9044 717 353.277  
2019_10_24_11_35_26_631 1571934926631 9073 9045 419 205.738  
2019_10_24_11_35_26_641 1571934926641 9083 9055 389 191.031  
2019_10_24_11_35_26_656 1571934926656 9098 9070 1295 646.929  
2019_10_24_11_35_26_664 1571934926664 9106 9078 451 221.455  
2019_10_24_11_35_26_670 1571934926670 9112 9084 120 60.3434  
2019_10_24_11_35_26_683 1571934926683 9125 9097 511 251.007  
2019_10_24_11_35_26_684 1571934926684 9126 9098 363 178.306  
2019_10_24_11_35_26_685 1571934926685 9127 9099 1247 622.166  
2019_10_24_11_35_26_687 1571934926687 9129 9101 377 185.155  
2019_10_24_11_35_26_690 1571934926690 9132 9103 366 179.773  
2019_10_24_11_35_26_720 1571934926720 9162 9133 375 184.176  
2019_10_24_11_35_26_722 1571934926722 9164 9135 1397 699.775  
2019_10_24_11_35_26_724 1571934926724 9166 9137 1314 656.75  
2019_10_24_11_35_26_734 1571934926734 9176 9147 583 286.609  
2019_10_24_11_35_26_748 1571934926748 9190 9161 360 176.839  
2019_10_24_11_35_26_756 1571934926756 9198 9169 344 169.019  
2019_10_24_11_35_26_769 1571934926769 9211 9182 345 169.508  
2019_10_24_11_35_26_770 1571934926770 9212 9183 109 55.0448  
2019_10_24_11_35_26_773 1571934926773 9215 9186 1288 643.313  
2019_10_24_11_35_26_775 1571934926775 9217 9188 413 202.794  
2019_10_24_11_35_26_782 1571934926782 9224 9195 1263 630.413  
2019_10_24_11_35_26_783 1571934926783 9225 9196 588 289.087  
2019_10_24_11_35_26_811 1571934926811 9253 9224 1359 680.052  
2019_10_24_11_35_26_815 1571934926815 9257 9228 412 202.304  
2019_10_24_11_35_26_819 1571934926819 9261 9232 113 56.9711  
2019_10_24_11_35_26_820 1571934926820 9262 9233 187 92.6936  
2019_10_24_11_35_26_831 1571934926831 9273 9243 141 70.4687  
2019_10_24_11_35_26_833 1571934926833 9275 9245 1198 596.958  
2019_10_24_11_35_26_839 1571934926839 9281 9251 1086 539.606  
2019_10_24_11_35_26_851 1571934926851 9293 9263 1354 677.46  
2019_10_24_11_35_26_860 1571934926860 9302 9272 1303 651.063  
2019_10_24_11_35_26_865 1571934926865 9307 9277 415 203.775  
2019_10_24_11_35_26_872 1571934926872 9314 9284 427 209.664  
2019_10_24_11_35_26_877 1571934926877 9319 9289 1137 565.676  
2019_10_24_11_35_26_883 1571934926883 9325 9295 286 140.738  
2019_10_24_11_35_26_890 1571934926890 9332 9302 146 72.8814  
2019_10_24_11_35_26_928 1571934926928 9370 9340 1408 705.493  
2019_10_24_11_35_26_939 1571934926939 9381 9351 1309 654.164  
2019_10_24_11_35_26_967 1571934926967 9409 9379 890 440.133  
2019_10_24_11_35_26_970 1571934926970 9412 9382 304 149.504  
2019_10_24_11_35_26_971 1571934926971 9413 9383 408 200.342  
2019_10_24_11_35_26_974 1571934926974 9416 9386 509 250.02  
2019_10_24_11_35_26_977 1571934926977 9419 9389 1282 640.216  
2019_10_24_11_35_26_989 1571934926989 9431 9401 1965 999.685  
2019_10_24_11_35_27_006 1571934927006 9448 9417 1101 547.266  
2019_10_24_11_35_27_007 1571934927007 9449 9418 168 83.5062  
2019_10_24_11_35_27_011 1571934927011 9453 9422 284 139.764  
2019_10_24_11_35_27_017 1571934927017 9459 9428 270 132.953  
2019_10_24_11_35_27_033 1571934927033 9475 9444 218 107.707  
2019_10_24_11_35_27_035 1571934927035 9477 9446 131 65.6455  
2019_10_24_11_35_27_072 1571934927072 9514 9483 630 309.932  
2019_10_24_11_35_27_074 1571934927074 9516 9485 793 391.324  
2019_10_24_11_35_27_090 1571934927090 9532 9501 1339 669.688  
2019_10_24_11_35_27_108 1571934927108 9550 9519 274 134.899  
2019_10_24_11_35_27_123 1571934927123 9565 9534 485 238.188  
2019_10_24_11_35_27_143 1571934927143 9585 9554 554 272.251  
2019_10_24_11_35_27_161 1571934927161 9603 9572 190 94.1452  
2019_10_24_11_35_27_171 1571934927171 9613 9582 82 42.0545  
2019_10_24_11_35_27_177 1571934927177 9619 9588 1354 677.46  
2019_10_24_11_35_27_210 1571934927210 9652 9621 254 125.177  
2019_10_24_11_35_27_216 1571934927216 9658 9627 2422 1247.91  
2019_10_24_11_35_27_250 1571934927250 9692 9660 145 72.3988  
2019_10_24_11_35_27_266 1571934927266 9708 9676 343 168.531  
