1571935172864 2019_10_24_11_39_32_864 2.734449 0.478300  0.000014786
2019_10_24_11_39_32_980 1571935172980 116 115 4095 2209.31  
2019_10_24_11_39_32_981 1571935172981 117 116 636 312.914  
2019_10_24_11_39_33_007 1571935173007 143 142 319 156.817  
2019_10_24_11_39_33_009 1571935173009 145 144 1186 590.796  
2019_10_24_11_39_33_059 1571935173059 195 194 1525 766.528  
2019_10_24_11_39_33_064 1571935173064 200 199 172 85.4395  
2019_10_24_11_39_33_076 1571935173076 212 211 270 132.953  
2019_10_24_11_39_33_079 1571935173079 215 214 225 111.1  
2019_10_24_11_39_33_120 1571935173120 256 255 4095 2209.31  
2019_10_24_11_39_33_238 1571935173238 374 373 501 246.074  
2019_10_24_11_39_33_257 1571935173257 393 392 4095 2209.31  
2019_10_24_11_39_33_298 1571935173298 434 433 1615 813.753  
2019_10_24_11_39_33_325 1571935173325 461 460 165 82.0565  
2019_10_24_11_39_33_344 1571935173344 480 479 274 134.899  
2019_10_24_11_39_33_372 1571935173372 508 507 181 89.7911  
2019_10_24_11_39_33_389 1571935173389 525 524 263 129.55  
2019_10_24_11_39_33_405 1571935173405 541 540 282 138.791  
2019_10_24_11_39_33_423 1571935173423 559 557 417 204.757  
2019_10_24_11_39_33_459 1571935173459 595 593 139 69.5038  
2019_10_24_11_39_33_461 1571935173461 597 595 53 28.1259  
2019_10_24_11_39_33_486 1571935173486 622 620 306 150.479  
2019_10_24_11_39_33_491 1571935173491 627 625 94 47.8253  
2019_10_24_11_39_33_534 1571935173534 670 668 460 225.881  
2019_10_24_11_39_33_557 1571935173557 693 691 491 241.144  
2019_10_24_11_39_33_577 1571935173577 713 711 85 43.4968  
2019_10_24_11_39_33_580 1571935173580 716 714 251 123.719  
2019_10_24_11_39_33_610 1571935173610 746 744 273 134.412  
2019_10_24_11_39_33_612 1571935173612 748 746 119 59.8615  
2019_10_24_11_39_33_619 1571935173619 755 753 228 112.555  
2019_10_24_11_39_33_668 1571935173668 804 802 433 212.611  
2019_10_24_11_39_33_778 1571935173778 914 912 539 264.834  
2019_10_24_11_39_33_786 1571935173786 922 920 441 216.54  
2019_10_24_11_39_33_897 1571935173897 1033 1031 191 94.6291  
2019_10_24_11_39_33_910 1571935173910 1046 1044 388 190.541  
2019_10_24_11_39_33_934 1571935173934 1070 1067 294 144.633  
2019_10_24_11_39_33_962 1571935173962 1098 1095 197 97.5334  
2019_10_24_11_39_33_968 1571935173968 1104 1101 564 277.199  
2019_10_24_11_39_33_986 1571935173986 1122 1119 172 85.4395  
2019_10_24_11_39_33_996 1571935173996 1132 1129 160 79.641  
2019_10_24_11_39_34_017 1571935174017 1153 1150 120 60.3434  
2019_10_24_11_39_34_021 1571935174021 1157 1154 336 165.112  
2019_10_24_11_39_34_048 1571935174048 1184 1181 984 487.698  
2019_10_24_11_39_34_053 1571935174053 1189 1186 251 123.719  
2019_10_24_11_39_34_058 1571935174058 1194 1191 209 103.345  
2019_10_24_11_39_34_102 1571935174102 1238 1235 981 486.176  
2019_10_24_11_39_34_112 1571935174112 1248 1245 220 108.676  
2019_10_24_11_39_34_126 1571935174126 1262 1259 97 49.2687  
2019_10_24_11_39_34_205 1571935174205 1341 1338 93 47.3442  
2019_10_24_11_39_34_211 1571935174211 1347 1344 224 110.616  
2019_10_24_11_39_34_228 1571935174228 1364 1361 375 184.176  
2019_10_24_11_39_34_244 1571935174244 1380 1377 291 143.172  
2019_10_24_11_39_34_253 1571935174253 1389 1385 184 91.2422  
2019_10_24_11_39_34_340 1571935174340 1476 1472 748 368.776  
2019_10_24_11_39_34_360 1571935174360 1496 1492 348 170.973  
2019_10_24_11_39_34_368 1571935174368 1504 1500 589 289.583  
2019_10_24_11_39_34_472 1571935174472 1608 1604 309 151.941  
2019_10_24_11_39_34_514 1571935174514 1650 1646 332 163.16  
2019_10_24_11_39_34_561 1571935174561 1697 1693 494 242.623  
2019_10_24_11_39_34_601 1571935174601 1737 1733 222 109.646  
2019_10_24_11_39_34_702 1571935174702 1838 1834 267 131.495  
2019_10_24_11_39_34_781 1571935174781 1917 1913 173 85.9229  
2019_10_24_11_39_34_885 1571935174885 2021 2017 594 292.062  
2019_10_24_11_39_34_892 1571935174892 2028 2024 218 107.707  
2019_10_24_11_39_34_983 1571935174983 2119 2115 396 194.46  
2019_10_24_11_39_34_997 1571935174997 2133 2129 268 131.981  
2019_10_24_11_39_35_053 1571935175053 2189 2185 206 101.892  
2019_10_24_11_39_35_309 1571935175309 2445 2441 333 163.648  
2019_10_24_11_39_35_310 1571935175310 2446 2442 209 103.345  
2019_10_24_11_39_35_311 1571935175311 2447 2442 245 120.805  
2019_10_24_11_39_35_311 1571935175311 2447 2442 351 172.439  
2019_10_24_11_39_35_311 1571935175311 2447 2442 587 288.591  
2019_10_24_11_39_35_312 1571935175312 2448 2443 651 320.374  
2019_10_24_11_39_35_312 1571935175312 2448 2443 176 87.3733  
2019_10_24_11_39_35_312 1571935175312 2448 2443 178 88.3403  
2019_10_24_11_39_35_312 1571935175312 2448 2443 113 56.9711  
2019_10_24_11_39_35_312 1571935175312 2448 2443 367 180.262  
2019_10_24_11_39_35_390 1571935175390 2526 2521 453 222.439  
2019_10_24_11_39_35_402 1571935175402 2538 2533 1887 957.935  
2019_10_24_11_39_35_410 1571935175410 2546 2541 1209 602.611  
2019_10_24_11_39_35_427 1571935175427 2563 2558 1009 500.392  
2019_10_24_11_39_35_436 1571935175436 2572 2567 222 109.646  
2019_10_24_11_39_35_494 1571935175494 2630 2625 326 160.232  
2019_10_24_11_39_35_589 1571935175589 2725 2720 217 107.222  
2019_10_24_11_39_35_658 1571935175658 2794 2789 79 40.6124  
2019_10_24_11_39_35_688 1571935175688 2824 2819 257 126.634  
2019_10_24_11_39_35_708 1571935175708 2844 2839 178 88.3403  
2019_10_24_11_39_35_718 1571935175718 2854 2848 120 60.3434  
2019_10_24_11_39_35_724 1571935175724 2860 2854 776 382.799  
2019_10_24_11_39_35_748 1571935175748 2884 2878 299 147.068  
2019_10_24_11_39_35_761 1571935175761 2897 2891 1390 696.139  
2019_10_24_11_39_35_782 1571935175782 2918 2912 546 268.294  
2019_10_24_11_39_35_795 1571935175795 2931 2925 139 69.5038  
2019_10_24_11_39_35_808 1571935175808 2944 2938 374 183.687  
2019_10_24_11_39_35_841 1571935175841 2977 2971 393 192.99  
2019_10_24_11_39_35_857 1571935175857 2993 2987 187 92.6936  
2019_10_24_11_39_35_867 1571935175867 3003 2997 230 113.526  
2019_10_24_11_39_35_900 1571935175900 3036 3030 121 60.8252  
2019_10_24_11_39_36_005 1571935176005 3141 3135 210 103.829  
2019_10_24_11_39_36_026 1571935176026 3162 3156 133 66.6099  
2019_10_24_11_39_36_090 1571935176090 3226 3220 145 72.3988  
2019_10_24_11_39_36_160 1571935176160 3296 3290 173 85.9229  
2019_10_24_11_39_36_162 1571935176162 3298 3292 239 117.893  
2019_10_24_11_39_36_178 1571935176178 3314 3308 159 79.1579  
2019_10_24_11_39_36_207 1571935176207 3343 3336 356 174.883  
2019_10_24_11_39_36_214 1571935176214 3350 3343 153 76.2605  
2019_10_24_11_39_36_261 1571935176261 3397 3390 209 103.345  
2019_10_24_11_39_36_262 1571935176262 3398 3391 203 100.439  
2019_10_24_11_39_36_310 1571935176310 3446 3439 233 114.981  
2019_10_24_11_39_36_387 1571935176387 3523 3516 514 252.487  
2019_10_24_11_39_36_398 1571935176398 3534 3527 285 140.251  
2019_10_24_11_39_36_421 1571935176421 3557 3550 446 218.997  
2019_10_24_11_39_36_422 1571935176422 3558 3551 345 169.508  
2019_10_24_11_39_36_431 1571935176431 3567 3560 269 132.467  
2019_10_24_11_39_36_433 1571935176433 3569 3562 93 47.3442  
2019_10_24_11_39_36_450 1571935176450 3586 3579 299 147.068  
2019_10_24_11_39_36_526 1571935176526 3662 3655 358 175.861  
2019_10_24_11_39_36_535 1571935176535 3671 3664 207 102.376  
2019_10_24_11_39_36_543 1571935176543 3679 3672 135 67.5744  
2019_10_24_11_39_36_575 1571935176575 3711 3704 393 192.99  
2019_10_24_11_39_36_584 1571935176584 3720 3713 238 117.407  
2019_10_24_11_39_36_586 1571935176586 3722 3714 440 216.049  
2019_10_24_11_39_36_587 1571935176587 3723 3715 250 123.234  
2019_10_24_11_39_36_590 1571935176590 3726 3718 365 179.284  
2019_10_24_11_39_36_603 1571935176603 3739 3731 206 101.892  
2019_10_24_11_39_36_629 1571935176629 3765 3757 4095 2209.31  
2019_10_24_11_39_36_631 1571935176631 3767 3759 2011 1024.39  
2019_10_24_11_39_36_642 1571935176642 3778 3770 180 89.3075  
2019_10_24_11_39_36_676 1571935176676 3812 3804 408 200.342  
2019_10_24_11_39_36_682 1571935176682 3818 3810 184 91.2422  
2019_10_24_11_39_36_684 1571935176684 3820 3812 434 213.102  
2019_10_24_11_39_36_764 1571935176764 3900 3892 321 157.792  
2019_10_24_11_39_36_782 1571935176782 3918 3910 201 99.4701  
2019_10_24_11_39_36_801 1571935176801 3937 3929 391 192.01  
2019_10_24_11_39_36_846 1571935176846 3982 3974 307 150.966  
2019_10_24_11_39_36_873 1571935176873 4009 4001 557 273.735  
2019_10_24_11_39_36_922 1571935176922 4058 4050 1467 736.221  
2019_10_24_11_39_36_971 1571935176971 4107 4099 412 202.304  
2019_10_24_11_39_36_981 1571935176981 4117 4108 1061 526.855  
2019_10_24_11_39_37_018 1571935177018 4154 4145 233 114.981  
2019_10_24_11_39_37_033 1571935177033 4169 4160 2372 1220.45  
2019_10_24_11_39_37_034 1571935177034 4170 4161 144 71.9162  
2019_10_24_11_39_37_039 1571935177039 4175 4166 1215 605.696  
2019_10_24_11_39_37_051 1571935177051 4187 4178 108 54.5633  
2019_10_24_11_39_37_084 1571935177084 4220 4211 106 53.6004  
2019_10_24_11_39_37_089 1571935177089 4225 4216 498 244.595  
2019_10_24_11_39_37_363 1571935177363 4499 4490 324 159.256  
2019_10_24_11_39_37_364 1571935177364 4500 4491 318 156.329  
2019_10_24_11_39_37_365 1571935177365 4501 4492 124 62.271  
2019_10_24_11_39_37_365 1571935177365 4501 4492 2314 1188.69  
2019_10_24_11_39_37_365 1571935177365 4501 4492 118 59.3797  
2019_10_24_11_39_37_365 1571935177365 4501 4492 1388 695.1  
2019_10_24_11_39_37_365 1571935177365 4501 4492 313 153.891  
2019_10_24_11_39_37_388 1571935177388 4524 4515 195 96.5652  
2019_10_24_11_39_37_400 1571935177400 4536 4527 177 87.8568  
2019_10_24_11_39_37_463 1571935177463 4599 4589 258 127.12  
2019_10_24_11_39_37_514 1571935177514 4650 4640 133 66.6099  
2019_10_24_11_39_37_520 1571935177520 4656 4646 288 141.711  
2019_10_24_11_39_37_550 1571935177550 4686 4676 260 128.092  
2019_10_24_11_39_37_567 1571935177567 4703 4693 4095 2209.31  
2019_10_24_11_39_37_648 1571935177648 4784 4774 885 437.61  
2019_10_24_11_39_37_653 1571935177653 4789 4779 153 76.2605  
2019_10_24_11_39_37_673 1571935177673 4809 4799 229 113.041  
2019_10_24_11_39_37_679 1571935177679 4815 4805 272 133.926  
2019_10_24_11_39_37_698 1571935177698 4834 4824 496 243.609  
2019_10_24_11_39_37_714 1571935177714 4850 4840 176 87.3733  
2019_10_24_11_39_37_756 1571935177756 4892 4882 258 127.12  
2019_10_24_11_39_37_860 1571935177860 4996 4986 209 103.345  
2019_10_24_11_39_37_882 1571935177882 5018 5008 203 100.439  
2019_10_24_11_39_37_902 1571935177902 5038 5028 427 209.664  
2019_10_24_11_39_37_922 1571935177922 5058 5048 408 200.342  
2019_10_24_11_39_37_933 1571935177933 5069 5059 157 78.192  
2019_10_24_11_39_37_943 1571935177943 5079 5069 774 381.796  
2019_10_24_11_39_37_976 1571935177976 5112 5101 295 145.12  
2019_10_24_11_39_38_037 1571935178037 5173 5162 750 369.776  
2019_10_24_11_39_38_111 1571935178111 5247 5236 502 246.567  
2019_10_24_11_39_38_127 1571935178127 5263 5252 570 280.169  
2019_10_24_11_39_38_146 1571935178146 5282 5271 299 147.068  
2019_10_24_11_39_38_169 1571935178169 5305 5294 576 283.141  
2019_10_24_11_39_38_235 1571935178235 5371 5360 95 48.3064  
2019_10_24_11_39_38_254 1571935178254 5390 5379 1851 938.727  
2019_10_24_11_39_38_311 1571935178311 5447 5436 636 312.914  
2019_10_24_11_39_38_313 1571935178313 5449 5438 257 126.634  
2019_10_24_11_39_38_334 1571935178334 5470 5459 112 56.4895  
2019_10_24_11_39_38_339 1571935178339 5475 5464 184 91.2422  
2019_10_24_11_39_38_348 1571935178348 5484 5473 484 237.695  
2019_10_24_11_39_38_391 1571935178391 5527 5516 80 41.0931  
2019_10_24_11_39_38_394 1571935178394 5530 5519 169 83.9894  
2019_10_24_11_39_38_411 1571935178411 5547 5536 473 232.278  
2019_10_24_11_39_38_427 1571935178427 5563 5552 271 133.44  
2019_10_24_11_39_38_465 1571935178465 5601 5589 162 80.6071  
2019_10_24_11_39_38_474 1571935178474 5610 5598 86 43.9776  
2019_10_24_11_39_38_481 1571935178481 5617 5605 270 132.953  
2019_10_24_11_39_38_488 1571935178488 5624 5612 328 161.208  
2019_10_24_11_39_38_505 1571935178505 5641 5629 150 74.8121  
2019_10_24_11_39_38_618 1571935178618 5754 5742 160 79.641  
2019_10_24_11_39_38_623 1571935178623 5759 5747 189 93.6613  
2019_10_24_11_39_38_654 1571935178654 5790 5778 627 308.441  
2019_10_24_11_39_38_700 1571935178700 5836 5824 257 126.634  
2019_10_24_11_39_38_713 1571935178713 5849 5837 389 191.031  
2019_10_24_11_39_38_725 1571935178725 5861 5849 360 176.839  
2019_10_24_11_39_38_806 1571935178806 5942 5930 172 85.4395  
2019_10_24_11_39_38_847 1571935178847 5983 5971 320 157.305  
2019_10_24_11_39_38_848 1571935178848 5984 5972 460 225.881  
2019_10_24_11_39_38_850 1571935178850 5986 5974 236 116.437  
2019_10_24_11_39_38_859 1571935178859 5995 5983 169 83.9894  
2019_10_24_11_39_38_914 1571935178914 6050 6038 311 152.916  
2019_10_24_11_39_38_950 1571935178950 6086 6073 288 141.711  
2019_10_24_11_39_38_997 1571935178997 6133 6120 443 217.523  
2019_10_24_11_39_39_006 1571935179006 6142 6129 195 96.5652  
2019_10_24_11_39_39_119 1571935179119 6255 6242 2211 1132.54  
2019_10_24_11_39_39_416 1571935179416 6552 6539 96 48.7875  
2019_10_24_11_39_39_417 1571935179417 6553 6540 242 119.349  
2019_10_24_11_39_39_418 1571935179418 6554 6541 99 50.2311  
2019_10_24_11_39_39_418 1571935179418 6554 6541 272 133.926  
2019_10_24_11_39_39_418 1571935179418 6554 6541 358 175.861  
2019_10_24_11_39_39_418 1571935179418 6554 6541 608 299.007  
2019_10_24_11_39_39_419 1571935179419 6555 6542 324 159.256  
2019_10_24_11_39_39_419 1571935179419 6555 6542 89 45.4203  
2019_10_24_11_39_39_419 1571935179419 6555 6542 137 68.5391  
2019_10_24_11_39_39_419 1571935179419 6555 6542 274 134.899  
2019_10_24_11_39_39_436 1571935179436 6572 6559 178 88.3403  
2019_10_24_11_39_39_475 1571935179475 6611 6598 313 153.891  
2019_10_24_11_39_39_480 1571935179480 6616 6603 386 189.561  
2019_10_24_11_39_39_490 1571935179490 6626 6612 105 53.119  
2019_10_24_11_39_39_528 1571935179528 6664 6650 337 165.601  
2019_10_24_11_39_39_588 1571935179588 6724 6710 565 277.694  
2019_10_24_11_39_39_614 1571935179614 6750 6736 151 75.2949  
2019_10_24_11_39_39_616 1571935179616 6752 6738 50 26.6864  
2019_10_24_11_39_39_640 1571935179640 6776 6762 347 170.485  
2019_10_24_11_39_39_666 1571935179666 6802 6788 417 204.757  
2019_10_24_11_39_39_678 1571935179678 6814 6800 193 95.5971  
2019_10_24_11_39_39_684 1571935179684 6820 6806 182 90.2748  
2019_10_24_11_39_39_686 1571935179686 6822 6808 130 65.1633  
2019_10_24_11_39_39_726 1571935179726 6862 6848 174 86.4063  
2019_10_24_11_39_39_743 1571935179743 6879 6865 341 167.554  
2019_10_24_11_39_39_781 1571935179781 6917 6903 189 93.6613  
2019_10_24_11_39_39_882 1571935179882 7018 7004 166 82.5397  
2019_10_24_11_39_39_891 1571935179891 7027 7013 325 159.744  
2019_10_24_11_39_39_916 1571935179916 7052 7038 233 114.981  
2019_10_24_11_39_39_930 1571935179930 7066 7052 200 98.9859  
2019_10_24_11_39_40_002 1571935180002 7138 7123 161 80.124  
2019_10_24_11_39_40_025 1571935180025 7161 7146 198 98.0175  
2019_10_24_11_39_40_027 1571935180027 7163 7148 493 242.13  
2019_10_24_11_39_40_046 1571935180046 7182 7167 263 129.55  
2019_10_24_11_39_40_060 1571935180060 7196 7181 359 176.35  
2019_10_24_11_39_40_099 1571935180099 7235 7220 312 153.403  
2019_10_24_11_39_40_136 1571935180136 7272 7257 93 47.3442  
2019_10_24_11_39_40_183 1571935180183 7319 7304 470 230.802  
2019_10_24_11_39_40_184 1571935180184 7320 7305 342 168.042  
2019_10_24_11_39_40_223 1571935180223 7359 7344 455 223.422  
2019_10_24_11_39_40_245 1571935180245 7381 7366 232 114.496  
2019_10_24_11_39_40_250 1571935180250 7386 7371 197 97.5334  
2019_10_24_11_39_40_263 1571935180263 7399 7384 147 73.3641  
2019_10_24_11_39_40_309 1571935180309 7445 7430 545 267.8  
2019_10_24_11_39_40_355 1571935180355 7491 7476 709 349.282  
2019_10_24_11_39_40_388 1571935180388 7524 7509 351 172.439  
2019_10_24_11_39_40_396 1571935180396 7532 7517 194 96.0811  
2019_10_24_11_39_40_420 1571935180420 7556 7541 135 67.5744  
2019_10_24_11_39_40_443 1571935180443 7579 7563 307 150.966  
2019_10_24_11_39_40_474 1571935180474 7610 7594 370 181.73  
2019_10_24_11_39_40_480 1571935180480 7616 7600 128 64.1991  
2019_10_24_11_39_40_481 1571935180481 7617 7601 175 86.8898  
2019_10_24_11_39_40_520 1571935180520 7656 7640 1724 871.269  
2019_10_24_11_39_40_552 1571935180552 7688 7672 130 65.1633  
2019_10_24_11_39_40_580 1571935180580 7716 7700 224 110.616  
2019_10_24_11_39_40_654 1571935180654 7790 7774 813 401.365  
2019_10_24_11_39_40_689 1571935180689 7825 7809 161 80.124  
2019_10_24_11_39_40_706 1571935180706 7842 7826 660 324.853  
2019_10_24_11_39_40_706 1571935180706 7842 7826 983 487.191  
2019_10_24_11_39_40_708 1571935180708 7844 7828 407 199.852  
2019_10_24_11_39_40_736 1571935180736 7872 7856 410 201.323  
2019_10_24_11_39_40_796 1571935180796 7932 7916 213 105.283  
2019_10_24_11_39_40_800 1571935180800 7936 7920 257 126.634  
2019_10_24_11_39_40_802 1571935180802 7938 7922 366 179.773  
2019_10_24_11_39_40_819 1571935180819 7955 7939 68 35.3272  
2019_10_24_11_39_40_832 1571935180832 7968 7951 197 97.5334  
2019_10_24_11_39_40_856 1571935180856 7992 7975 217 107.222  
2019_10_24_11_39_40_876 1571935180876 8012 7995 472 231.786  
2019_10_24_11_39_40_948 1571935180948 8084 8067 168 83.5062  
2019_10_24_11_39_41_013 1571935181013 8149 8132 125 62.753  
2019_10_24_11_39_41_049 1571935181049 8185 8168 179 88.8239  
2019_10_24_11_39_41_060 1571935181060 8196 8179 1801 912.112  
2019_10_24_11_39_41_089 1571935181089 8225 8208 134 67.0921  
2019_10_24_11_39_41_097 1571935181097 8233 8216 217 107.222  
2019_10_24_11_39_41_115 1571935181115 8251 8234 218 107.707  
2019_10_24_11_39_41_185 1571935181185 8321 8304 583 286.609  
2019_10_24_11_39_41_188 1571935181188 8324 8307 821 405.385  
2019_10_24_11_39_41_210 1571935181210 8346 8329 257 126.634  
2019_10_24_11_39_41_470 1571935181470 8606 8589 77 39.6512  
2019_10_24_11_39_41_471 1571935181471 8607 8590 184 91.2422  
2019_10_24_11_39_41_471 1571935181471 8607 8590 184 91.2422  
2019_10_24_11_39_41_472 1571935181472 8608 8591 361 177.328  
2019_10_24_11_39_41_472 1571935181472 8608 8590 95 48.3064  
2019_10_24_11_39_41_472 1571935181472 8608 8590 411 201.813  
2019_10_24_11_39_41_472 1571935181472 8608 8590 171 84.9561  
2019_10_24_11_39_41_472 1571935181472 8608 8590 720 354.775  
2019_10_24_11_39_41_472 1571935181472 8608 8590 168 83.5062  
2019_10_24_11_39_41_476 1571935181476 8612 8594 168 83.5062  
2019_10_24_11_39_41_493 1571935181493 8629 8611 260 128.092  
2019_10_24_11_39_41_511 1571935181511 8647 8629 146 72.8814  
2019_10_24_11_39_41_541 1571935181541 8677 8659 307 150.966  
2019_10_24_11_39_41_566 1571935181566 8702 8684 405 198.871  
2019_10_24_11_39_41_579 1571935181579 8715 8697 463 227.357  
2019_10_24_11_39_41_600 1571935181600 8736 8718 263 129.55  
2019_10_24_11_39_41_602 1571935181602 8738 8720 129 64.6812  
2019_10_24_11_39_41_722 1571935181722 8858 8840 521 255.942  
2019_10_24_11_39_41_741 1571935181741 8877 8859 212 104.799  
2019_10_24_11_39_41_804 1571935181804 8940 8922 457 224.406  
2019_10_24_11_39_41_873 1571935181873 9009 8991 1609 810.598  
2019_10_24_11_39_41_879 1571935181879 9015 8996 747 368.275  
2019_10_24_11_39_41_898 1571935181898 9034 9015 816 402.872  
2019_10_24_11_39_41_908 1571935181908 9044 9025 274 134.899  
2019_10_24_11_39_41_910 1571935181910 9046 9027 1883 955.799  
2019_10_24_11_39_41_920 1571935181920 9056 9037 137 68.5391  
2019_10_24_11_39_41_935 1571935181935 9071 9052 937 463.883  
2019_10_24_11_39_41_947 1571935181947 9083 9064 191 94.6291  
2019_10_24_11_39_41_985 1571935181985 9121 9102 597 293.549  
2019_10_24_11_39_42_016 1571935182016 9152 9133 2854 1488.24  
2019_10_24_11_39_42_022 1571935182022 9158 9139 115 57.9345  
2019_10_24_11_39_42_037 1571935182037 9173 9154 294 144.633  
2019_10_24_11_39_42_068 1571935182068 9204 9185 4095 2209.31  
2019_10_24_11_39_42_100 1571935182100 9236 9217 938 464.389  
2019_10_24_11_39_42_130 1571935182130 9266 9247 307 150.966  
2019_10_24_11_39_42_159 1571935182159 9295 9276 451 221.455  
2019_10_24_11_39_42_198 1571935182198 9334 9315 1714 865.978  
2019_10_24_11_39_42_201 1571935182201 9337 9318 168 83.5062  
2019_10_24_11_39_42_209 1571935182209 9345 9325 82 42.0545  
2019_10_24_11_39_42_254 1571935182254 9390 9370 296 145.607  
2019_10_24_11_39_42_266 1571935182266 9402 9382 151 75.2949  
2019_10_24_11_39_42_267 1571935182267 9403 9383 329 161.696  
2019_10_24_11_39_42_404 1571935182404 9540 9520 579 284.627  
2019_10_24_11_39_42_431 1571935182431 9567 9547 184 91.2422  
2019_10_24_11_39_42_487 1571935182487 9623 9603 809 399.356  
2019_10_24_11_39_42_499 1571935182499 9635 9615 553 271.756  
2019_10_24_11_39_42_602 1571935182602 9738 9718 486 238.681  
2019_10_24_11_39_42_606 1571935182606 9742 9722 246 121.291  
2019_10_24_11_39_42_624 1571935182624 9760 9740 217 107.222  
2019_10_24_11_39_42_651 1571935182651 9787 9767 361 177.328  
2019_10_24_11_39_42_682 1571935182682 9818 9798 543 266.811  
2019_10_24_11_39_42_721 1571935182721 9857 9837 624 306.951  
2019_10_24_11_39_42_731 1571935182731 9867 9847 190 94.1452  
2019_10_24_11_39_42_748 1571935182748 9884 9864 491 241.144  
2019_10_24_11_39_42_779 1571935182779 9915 9895 85 43.4968  
2019_10_24_11_39_42_802 1571935182802 9938 9918 207 102.376  
2019_10_24_11_39_42_817 1571935182817 9953 9932 183 90.7585  
2019_10_24_11_39_42_822 1571935182822 9958 9937 979 485.161  
2019_10_24_11_39_42_838 1571935182838 9974 9953 259 127.606  
2019_10_24_11_39_42_874 1571935182874 10010 9989 292 143.659  
2019_10_24_11_39_42_875 1571935182875 10011 9990 208 102.861  
2019_10_24_11_39_42_907 1571935182907 10043 10022 623 306.454  
2019_10_24_11_39_42_923 1571935182923 10059 10038 234 115.466  
2019_10_24_11_39_42_977 1571935182977 10113 10092 158 78.675  
2019_10_24_11_39_42_977 1571935182977 10113 10092 490 240.651  
2019_10_24_11_39_42_999 1571935182999 10135 10114 770 379.792  
2019_10_24_11_39_43_076 1571935183076 10212 10191 325 159.744  
2019_10_24_11_39_43_136 1571935183136 10272 10251 105 53.119  
2019_10_24_11_39_43_232 1571935183232 10368 10347 107 54.0818  
2019_10_24_11_39_43_233 1571935183233 10369 10348 842 415.946  
2019_10_24_11_39_43_238 1571935183238 10374 10353 885 437.61  
2019_10_24_11_39_43_242 1571935183242 10378 10357 367 180.262  
2019_10_24_11_39_43_261 1571935183261 10397 10376 106 53.6004  
2019_10_24_11_39_43_523 1571935183523 10659 10637 161 80.124  
2019_10_24_11_39_43_524 1571935183524 10660 10638 143 71.4337  
2019_10_24_11_39_43_525 1571935183525 10661 10639 319 156.817  
2019_10_24_11_39_43_525 1571935183525 10661 10639 311 152.916  
2019_10_24_11_39_43_525 1571935183525 10661 10639 883 436.602  
2019_10_24_11_39_43_525 1571935183525 10661 10639 627 308.441  
2019_10_24_11_39_43_525 1571935183525 10661 10639 199 98.5017  
2019_10_24_11_39_43_537 1571935183537 10673 10651 354 173.906  
2019_10_24_11_39_43_561 1571935183561 10697 10675 585 287.6  
2019_10_24_11_39_43_632 1571935183632 10768 10746 429 210.646  
2019_10_24_11_39_43_646 1571935183646 10782 10760 347 170.485  
2019_10_24_11_39_43_664 1571935183664 10800 10778 1708 862.805  
2019_10_24_11_39_43_673 1571935183673 10809 10787 301 148.042  
2019_10_24_11_39_43_705 1571935183705 10841 10819 3285 1733.51  
2019_10_24_11_39_43_720 1571935183720 10856 10834 208 102.861  
2019_10_24_11_39_43_775 1571935183775 10911 10889 413 202.794  
2019_10_24_11_39_43_801 1571935183801 10937 10915 418 205.247  
2019_10_24_11_39_43_818 1571935183818 10954 10931 273 134.412  
2019_10_24_11_39_43_870 1571935183870 11006 10983 370 181.73  
2019_10_24_11_39_43_882 1571935183882 11018 10995 397 194.95  
2019_10_24_11_39_43_883 1571935183883 11019 10996 290 142.685  
2019_10_24_11_39_43_901 1571935183901 11037 11014 242 119.349  
2019_10_24_11_39_43_906 1571935183906 11042 11019 131 65.6455  
2019_10_24_11_39_43_915 1571935183915 11051 11028 179 88.8239  
2019_10_24_11_39_43_956 1571935183956 11092 11069 209 103.345  
2019_10_24_11_39_43_968 1571935183968 11104 11081 319 156.817  
2019_10_24_11_39_43_981 1571935183981 11117 11094 480 235.725  
2019_10_24_11_39_44_006 1571935184006 11142 11119 2057 1049.16  
2019_10_24_11_39_44_007 1571935184007 11143 11120 199 98.5017  
2019_10_24_11_39_44_098 1571935184098 11234 11211 413 202.794  
2019_10_24_11_39_44_121 1571935184121 11257 11234 199 98.5017  
2019_10_24_11_39_44_176 1571935184176 11312 11289 436 214.084  
2019_10_24_11_39_44_177 1571935184177 11313 11290 212 104.799  
2019_10_24_11_39_44_205 1571935184205 11341 11318 358 175.861  
2019_10_24_11_39_44_233 1571935184233 11369 11345 117 58.898  
2019_10_24_11_39_44_255 1571935184255 11391 11367 1833 929.137  
2019_10_24_11_39_44_354 1571935184354 11490 11466 1727 872.857  
2019_10_24_11_39_44_357 1571935184357 11493 11469 925 457.813  
2019_10_24_11_39_44_377 1571935184377 11513 11489 1781 901.486  
2019_10_24_11_39_44_382 1571935184382 11518 11494 758 373.781  
2019_10_24_11_39_44_402 1571935184402 11538 11514 759 374.282  
2019_10_24_11_39_44_423 1571935184423 11559 11535 4095 2209.31  
2019_10_24_11_39_44_431 1571935184431 11567 11543 3402 1801.03  
2019_10_24_11_39_44_468 1571935184468 11604 11580 197 97.5334  
2019_10_24_11_39_44_473 1571935184473 11609 11585 357 175.372  
2019_10_24_11_39_44_540 1571935184540 11676 11652 342 168.042  
2019_10_24_11_39_44_592 1571935184592 11728 11704 1248 622.682  
2019_10_24_11_39_44_594 1571935184594 11730 11706 226 111.585  
2019_10_24_11_39_44_633 1571935184633 11769 11745 572 281.16  
2019_10_24_11_39_44_665 1571935184665 11801 11777 1159 576.945  
2019_10_24_11_39_44_751 1571935184751 11887 11863 192 95.1131  
2019_10_24_11_39_44_789 1571935184789 11925 11900 1107 550.332  
2019_10_24_11_39_44_793 1571935184793 11929 11904 803 396.343  
2019_10_24_11_39_44_794 1571935184794 11930 11905 440 216.049  
2019_10_24_11_39_44_826 1571935184826 11962 11937 443 217.523  
2019_10_24_11_39_44_858 1571935184858 11994 11969 585 287.6  
2019_10_24_11_39_44_878 1571935184878 12014 11989 494 242.623  
2019_10_24_11_39_44_913 1571935184913 12049 12024 187 92.6936  
2019_10_24_11_39_44_921 1571935184921 12057 12032 351 172.439  
2019_10_24_11_39_44_957 1571935184957 12093 12068 172 85.4395  
2019_10_24_11_39_44_982 1571935184982 12118 12093 170 84.4728  
2019_10_24_11_39_45_001 1571935185001 12137 12112 69 35.8075  
2019_10_24_11_39_45_021 1571935185021 12157 12132 3764 2012.53  
2019_10_24_11_39_45_032 1571935185032 12168 12143 135 67.5744  
2019_10_24_11_39_45_033 1571935185033 12169 12144 629 309.435  
2019_10_24_11_39_45_061 1571935185061 12197 12172 1036 514.123  
2019_10_24_11_39_45_105 1571935185105 12241 12216 148 73.8467  
2019_10_24_11_39_45_107 1571935185107 12243 12218 141 70.4687  
2019_10_24_11_39_45_121 1571935185121 12257 12232 2732 1419.81  
2019_10_24_11_39_45_150 1571935185150 12286 12260 4095 2209.31  
2019_10_24_11_39_45_211 1571935185211 12347 12321 1442 723.188  
2019_10_24_11_39_45_235 1571935185235 12371 12345 316 155.354  
2019_10_24_11_39_45_242 1571935185242 12378 12352 318 156.329  
2019_10_24_11_39_45_272 1571935185272 12408 12382 1145 569.772  
2019_10_24_11_39_45_562 1571935185562 12698 12672 207 102.376  
2019_10_24_11_39_45_563 1571935185563 12699 12673 176 87.3733  
2019_10_24_11_39_45_563 1571935185563 12699 12673 518 254.461  
2019_10_24_11_39_45_564 1571935185564 12700 12674 252 124.205  
2019_10_24_11_39_45_564 1571935185564 12700 12674 689 339.302  
2019_10_24_11_39_45_564 1571935185564 12700 12674 90 45.9012  
2019_10_24_11_39_45_564 1571935185564 12700 12674 1092 542.669  
2019_10_24_11_39_45_578 1571935185578 12714 12688 377 185.155  
2019_10_24_11_39_45_615 1571935185615 12751 12725 594 292.062  
2019_10_24_11_39_45_630 1571935185630 12766 12740 432 212.119  
2019_10_24_11_39_45_640 1571935185640 12776 12750 297 146.094  
2019_10_24_11_39_45_654 1571935185654 12790 12764 331 162.672  
2019_10_24_11_39_45_716 1571935185716 12852 12825 193 95.5971  
2019_10_24_11_39_45_754 1571935185754 12890 12863 96 48.7875  
2019_10_24_11_39_45_763 1571935185763 12899 12872 137 68.5391  
2019_10_24_11_39_45_791 1571935185791 12927 12900 327 160.72  
2019_10_24_11_39_45_814 1571935185814 12950 12923 84 43.016  
2019_10_24_11_39_45_820 1571935185820 12956 12929 247 121.777  
2019_10_24_11_39_45_821 1571935185821 12957 12930 653 321.369  
2019_10_24_11_39_45_886 1571935185886 13022 12995 218 107.707  
2019_10_24_11_39_45_890 1571935185890 13026 12999 177 87.8568  
2019_10_24_11_39_45_909 1571935185909 13045 13018 257 126.634  
2019_10_24_11_39_45_925 1571935185925 13061 13034 497 244.102  
2019_10_24_11_39_45_927 1571935185927 13063 13036 375 184.176  
2019_10_24_11_39_45_971 1571935185971 13107 13080 1133 563.629  
2019_10_24_11_39_46_024 1571935186024 13160 13133 70 36.2879  
2019_10_24_11_39_46_030 1571935186030 13166 13139 153 76.2605  
2019_10_24_11_39_46_038 1571935186038 13174 13147 263 129.55  
2019_10_24_11_39_46_039 1571935186039 13175 13148 255 125.662  
2019_10_24_11_39_46_051 1571935186051 13187 13159 117 58.898  
2019_10_24_11_39_46_086 1571935186086 13222 13194 571 280.664  
2019_10_24_11_39_46_118 1571935186118 13254 13226 790 389.819  
2019_10_24_11_39_46_135 1571935186135 13271 13243 642 315.897  
2019_10_24_11_39_46_156 1571935186156 13292 13264 355 174.394  
2019_10_24_11_39_46_160 1571935186160 13296 13268 356 174.883  
2019_10_24_11_39_46_176 1571935186176 13312 13284 126 63.235  
2019_10_24_11_39_46_192 1571935186192 13328 13300 149 74.3294  
2019_10_24_11_39_46_210 1571935186210 13346 13318 2311 1187.05  
2019_10_24_11_39_46_252 1571935186252 13388 13360 228 112.555  
2019_10_24_11_39_46_273 1571935186273 13409 13381 875 432.567  
2019_10_24_11_39_46_277 1571935186277 13413 13385 170 84.4728  
2019_10_24_11_39_46_286 1571935186286 13422 13394 742 365.774  
2019_10_24_11_39_46_298 1571935186298 13434 13406 229 113.041  
2019_10_24_11_39_46_302 1571935186302 13438 13410 42 22.8491  
2019_10_24_11_39_46_330 1571935186330 13466 13438 204 100.923  
2019_10_24_11_39_46_337 1571935186337 13473 13445 130 65.1633  
2019_10_24_11_39_46_339 1571935186339 13475 13446 181 89.7911  
2019_10_24_11_39_46_378 1571935186378 13514 13485 1315 657.267  
2019_10_24_11_39_46_382 1571935186382 13518 13489 282 138.791  
2019_10_24_11_39_46_476 1571935186476 13612 13583 212 104.799  
2019_10_24_11_39_46_477 1571935186477 13613 13584 332 163.16  
2019_10_24_11_39_46_480 1571935186480 13616 13587 1137 565.676  
2019_10_24_11_39_46_532 1571935186532 13668 13639 746 367.775  
2019_10_24_11_39_46_587 1571935186587 13723 13694 286 140.738  
2019_10_24_11_39_46_642 1571935186642 13778 13749 1685 850.65  
2019_10_24_11_39_46_687 1571935186687 13823 13794 1428 715.898  
2019_10_24_11_39_46_721 1571935186721 13857 13828 480 235.725  
2019_10_24_11_39_46_766 1571935186766 13902 13873 1334 667.099  
2019_10_24_11_39_46_780 1571935186780 13916 13887 568 279.179  
2019_10_24_11_39_46_843 1571935186843 13979 13950 286 140.738  
2019_10_24_11_39_46_884 1571935186884 14020 13991 2790 1452.28  
2019_10_24_11_39_46_888 1571935186888 14024 13995 121 60.8252  
2019_10_24_11_39_46_919 1571935186919 14055 14026 414 203.285  
2019_10_24_11_39_46_963 1571935186963 14099 14069 406 199.361  
2019_10_24_11_39_46_999 1571935186999 14135 14105 630 309.932  
2019_10_24_11_39_47_055 1571935187055 14191 14161 100 50.7123  
2019_10_24_11_39_47_065 1571935187065 14201 14171 176 87.3733  
2019_10_24_11_39_47_083 1571935187083 14219 14189 218 107.707  
2019_10_24_11_39_47_104 1571935187104 14240 14210 315 154.866  
2019_10_24_11_39_47_213 1571935187213 14349 14319 2249 1153.22  
2019_10_24_11_39_47_218 1571935187218 14354 14324 322 158.28  
2019_10_24_11_39_47_272 1571935187272 14408 14378 291 143.172  
2019_10_24_11_39_47_282 1571935187282 14418 14388 187 92.6936  
2019_10_24_11_39_47_283 1571935187283 14419 14389 256 126.148  
2019_10_24_11_39_47_286 1571935187286 14422 14392 594 292.062  
2019_10_24_11_39_47_324 1571935187324 14460 14430 369 181.24  
2019_10_24_11_39_47_369 1571935187369 14505 14475 296 145.607  
2019_10_24_11_39_47_578 1571935187578 14714 14684 493 242.13  
2019_10_24_11_39_47_579 1571935187579 14715 14685 171 84.9561  
2019_10_24_11_39_47_580 1571935187580 14716 14686 151 75.2949  
2019_10_24_11_39_47_580 1571935187580 14716 14686 291 143.172  
2019_10_24_11_39_47_580 1571935187580 14716 14685 2349 1207.85  
2019_10_24_11_39_47_580 1571935187580 14716 14685 199 98.5017  
2019_10_24_11_39_47_580 1571935187580 14716 14685 202 99.9544  
2019_10_24_11_39_47_580 1571935187580 14716 14685 156 77.7091  
2019_10_24_11_39_47_580 1571935187580 14716 14685 371 182.219  
2019_10_24_11_39_47_677 1571935187677 14813 14782 410 201.323  
2019_10_24_11_39_47_930 1571935187930 15066 15035 1073 532.974  
2019_10_24_11_39_47_957 1571935187957 15093 15062 87 44.4585  
2019_10_24_11_39_47_959 1571935187959 15095 15064 191 94.6291  
2019_10_24_11_39_47_963 1571935187963 15099 15068 1494 750.317  
2019_10_24_11_39_47_995 1571935187995 15131 15100 155 77.2262  
2019_10_24_11_39_48_043 1571935188043 15179 15148 555 272.745  
2019_10_24_11_39_48_061 1571935188061 15197 15166 425 208.683  
2019_10_24_11_39_48_090 1571935188090 15226 15195 1445 724.751  
2019_10_24_11_39_48_161 1571935188161 15297 15266 163 81.0902  
2019_10_24_11_39_48_166 1571935188166 15302 15271 644 316.892  
2019_10_24_11_39_48_212 1571935188212 15348 15317 776 382.799  
2019_10_24_11_39_48_212 1571935188212 15348 15316 176 87.3733  
2019_10_24_11_39_48_222 1571935188222 15358 15326 466 228.833  
2019_10_24_11_39_48_228 1571935188228 15364 15332 516 253.474  
2019_10_24_11_39_48_229 1571935188229 15365 15333 149 74.3294  
2019_10_24_11_39_48_252 1571935188252 15388 15356 152 75.7777  
2019_10_24_11_39_48_256 1571935188256 15392 15360 733 361.273  
2019_10_24_11_39_48_342 1571935188342 15478 15446 431 211.628  
2019_10_24_11_39_48_398 1571935188398 15534 15502 224 110.616  
2019_10_24_11_39_48_413 1571935188413 15549 15517 1603 807.443  
2019_10_24_11_39_48_414 1571935188414 15550 15518 193 95.5971  
2019_10_24_11_39_48_437 1571935188437 15573 15541 523 256.93  
2019_10_24_11_39_48_454 1571935188454 15590 15558 187 92.6936  
2019_10_24_11_39_48_492 1571935188492 15628 15596 95 48.3064  
2019_10_24_11_39_48_512 1571935188512 15648 15616 103 52.1562  
2019_10_24_11_39_48_545 1571935188545 15681 15649 1816 920.088  
2019_10_24_11_39_48_548 1571935188548 15684 15652 266 131.008  
2019_10_24_11_39_48_568 1571935188568 15704 15672 661 325.351  
2019_10_24_11_39_48_570 1571935188570 15706 15673 136 68.0567  
2019_10_24_11_39_48_588 1571935188588 15724 15691 247 121.777  
2019_10_24_11_39_48_602 1571935188602 15738 15705 238 117.407  
2019_10_24_11_39_48_632 1571935188632 15768 15735 434 213.102  
2019_10_24_11_39_48_636 1571935188636 15772 15739 335 164.624  
2019_10_24_11_39_48_637 1571935188637 15773 15740 152 75.7777  
2019_10_24_11_39_48_666 1571935188666 15802 15769 204 100.923  
2019_10_24_11_39_48_691 1571935188691 15827 15794 284 139.764  
2019_10_24_11_39_48_705 1571935188705 15841 15808 360 176.839  
2019_10_24_11_39_48_722 1571935188722 15858 15825 342 168.042  
2019_10_24_11_39_48_801 1571935188801 15937 15904 104 52.6376  
2019_10_24_11_39_48_858 1571935188858 15994 15961 124 62.271  
2019_10_24_11_39_48_859 1571935188859 15995 15962 407 199.852  
2019_10_24_11_39_48_906 1571935188906 16042 16009 236 116.437  
2019_10_24_11_39_48_918 1571935188918 16054 16021 169 83.9894  
2019_10_24_11_39_48_919 1571935188919 16055 16022 162 80.6071  
2019_10_24_11_39_48_936 1571935188936 16072 16039 171 84.9561  
2019_10_24_11_39_48_989 1571935188989 16125 16091 249 122.748  
2019_10_24_11_39_49_028 1571935189028 16164 16130 582 286.113  
2019_10_24_11_39_49_035 1571935189035 16171 16137 889 439.629  
2019_10_24_11_39_49_070 1571935189070 16206 16172 240 118.378  
2019_10_24_11_39_49_078 1571935189078 16214 16180 4095 2209.31  
2019_10_24_11_39_49_168 1571935189168 16304 16270 2943 1538.43  
2019_10_24_11_39_49_192 1571935189192 16328 16294 523 256.93  
2019_10_24_11_39_49_211 1571935189211 16347 16313 184 91.2422  
2019_10_24_11_39_49_248 1571935189248 16384 16350 844 416.952  
2019_10_24_11_39_49_262 1571935189262 16398 16364 705 347.285  
2019_10_24_11_39_49_271 1571935189271 16407 16373 326 160.232  
2019_10_24_11_39_49_312 1571935189312 16448 16414 318 156.329  
2019_10_24_11_39_49_369 1571935189369 16505 16471 368 180.751  
2019_10_24_11_39_49_595 1571935189595 16731 16697 207 102.376  
2019_10_24_11_39_49_595 1571935189595 16731 16697 880 435.088  
2019_10_24_11_39_49_596 1571935189596 16732 16698 483 237.203  
2019_10_24_11_39_49_596 1571935189596 16732 16698 285 140.251  
2019_10_24_11_39_49_596 1571935189596 16732 16697 94 47.8253  
2019_10_24_11_39_49_596 1571935189596 16732 16697 143 71.4337  
2019_10_24_11_39_49_597 1571935189597 16733 16698 358 175.861  
2019_10_24_11_39_49_597 1571935189597 16733 16698 4095 2209.31  
2019_10_24_11_39_49_604 1571935189604 16740 16705 3403 1801.61  
2019_10_24_11_39_49_604 1571935189604 16740 16705 670 329.833  
2019_10_24_11_39_49_604 1571935189604 16740 16705 132 66.1277  
2019_10_24_11_39_49_610 1571935189610 16746 16711 163 81.0902  
2019_10_24_11_39_49_657 1571935189657 16793 16758 95 48.3064  
2019_10_24_11_39_49_664 1571935189664 16800 16765 809 399.356  
2019_10_24_11_39_49_676 1571935189676 16812 16777 546 268.294  
2019_10_24_11_39_49_715 1571935189715 16851 16816 148 73.8467  
2019_10_24_11_39_49_757 1571935189757 16893 16858 4095 2209.31  
2019_10_24_11_39_49_786 1571935189786 16922 16887 401 196.91  
2019_10_24_11_39_49_787 1571935189787 16923 16888 174 86.4063  
2019_10_24_11_39_49_806 1571935189806 16942 16907 217 107.222  
2019_10_24_11_39_49_828 1571935189828 16964 16929 198 98.0175  
2019_10_24_11_39_49_835 1571935189835 16971 16936 171 84.9561  
2019_10_24_11_39_49_880 1571935189880 17016 16980 2123 1084.81  
2019_10_24_11_39_49_911 1571935189911 17047 17011 175 86.8898  
2019_10_24_11_39_49_928 1571935189928 17064 17028 99 50.2311  
2019_10_24_11_39_49_959 1571935189959 17095 17059 2025 1031.92  
2019_10_24_11_39_49_977 1571935189977 17113 17077 422 207.21  
2019_10_24_11_39_49_983 1571935189983 17119 17083 94 47.8253  
2019_10_24_11_39_49_985 1571935189985 17121 17085 883 436.602  
2019_10_24_11_39_50_015 1571935190015 17151 17115 123 61.789  
2019_10_24_11_39_50_046 1571935190046 17182 17146 499 245.088  
2019_10_24_11_39_50_075 1571935190075 17211 17175 1145 569.772  
2019_10_24_11_39_50_076 1571935190076 17212 17176 163 81.0902  
2019_10_24_11_39_50_137 1571935190137 17273 17237 607 298.51  
2019_10_24_11_39_50_148 1571935190148 17284 17248 370 181.73  
2019_10_24_11_39_50_213 1571935190213 17349 17313 80 41.0931  
2019_10_24_11_39_50_225 1571935190225 17361 17325 243 119.834  
2019_10_24_11_39_50_259 1571935190259 17395 17359 201 99.4701  
2019_10_24_11_39_50_267 1571935190267 17403 17367 179 88.8239  
2019_10_24_11_39_50_276 1571935190276 17412 17375 229 113.041  
2019_10_24_11_39_50_294 1571935190294 17430 17393 306 150.479  
2019_10_24_11_39_50_332 1571935190332 17468 17431 68 35.3272  
2019_10_24_11_39_50_412 1571935190412 17548 17511 157 78.192  
2019_10_24_11_39_50_442 1571935190442 17578 17541 4095 2209.31  
2019_10_24_11_39_50_446 1571935190446 17582 17545 725 357.274  
2019_10_24_11_39_50_452 1571935190452 17588 17551 113 56.9711  
2019_10_24_11_39_50_469 1571935190469 17605 17568 266 131.008  
2019_10_24_11_39_50_470 1571935190470 17606 17569 143 71.4337  
2019_10_24_11_39_50_512 1571935190512 17648 17611 439 215.558  
2019_10_24_11_39_50_534 1571935190534 17670 17633 2379 1224.29  
2019_10_24_11_39_50_558 1571935190558 17694 17657 143 71.4337  
2019_10_24_11_39_50_621 1571935190621 17757 17720 73 37.7291  
2019_10_24_11_39_50_633 1571935190633 17769 17732 91 46.3822  
2019_10_24_11_39_50_646 1571935190646 17782 17745 102 51.6749  
2019_10_24_11_39_50_650 1571935190650 17786 17749 258 127.12  
2019_10_24_11_39_50_726 1571935190726 17862 17825 123 61.789  
2019_10_24_11_39_50_761 1571935190761 17897 17859 372 182.708  
2019_10_24_11_39_50_769 1571935190769 17905 17867 173 85.9229  
2019_10_24_11_39_50_795 1571935190795 17931 17893 1047 519.723  
2019_10_24_11_39_50_838 1571935190838 17974 17936 818 403.877  
2019_10_24_11_39_50_912 1571935190912 18048 18010 183 90.7585  
2019_10_24_11_39_50_978 1571935190978 18114 18076 356 174.883  
2019_10_24_11_39_51_041 1571935191041 18177 18139 217 107.222  
2019_10_24_11_39_51_073 1571935191073 18209 18171 137 68.5391  
2019_10_24_11_39_51_079 1571935191079 18215 18177 1325 662.44  
2019_10_24_11_39_51_081 1571935191081 18217 18179 137 68.5391  
2019_10_24_11_39_51_121 1571935191121 18257 18219 393 192.99  
2019_10_24_11_39_51_123 1571935191123 18259 18221 734 361.773  
2019_10_24_11_39_51_131 1571935191131 18267 18229 136 68.0567  
2019_10_24_11_39_51_189 1571935191189 18325 18287 651 320.374  
2019_10_24_11_39_51_235 1571935191235 18371 18333 161 80.124  
2019_10_24_11_39_51_247 1571935191247 18383 18345 176 87.3733  
2019_10_24_11_39_51_300 1571935191300 18436 18398 440 216.049  
2019_10_24_11_39_51_364 1571935191364 18500 18461 321 157.792  
2019_10_24_11_39_51_387 1571935191387 18523 18484 122 61.3071  
2019_10_24_11_39_51_411 1571935191411 18547 18508 1865 946.192  
2019_10_24_11_39_51_412 1571935191412 18548 18509 189 93.6613  
2019_10_24_11_39_51_465 1571935191465 18601 18562 207 102.376  
2019_10_24_11_39_51_610 1571935191610 18746 18707 263 129.55  
2019_10_24_11_39_51_610 1571935191610 18746 18707 196 97.0493  
2019_10_24_11_39_51_611 1571935191611 18747 18708 245 120.805  
2019_10_24_11_39_51_611 1571935191611 18747 18708 991 491.251  
2019_10_24_11_39_51_612 1571935191612 18748 18709 1298 648.479  
2019_10_24_11_39_51_617 1571935191617 18753 18714 453 222.439  
2019_10_24_11_39_51_671 1571935191671 18807 18768 140 69.9862  
2019_10_24_11_39_51_683 1571935191683 18819 18780 749 369.276  
2019_10_24_11_39_51_702 1571935191702 18838 18799 289 142.198  
2019_10_24_11_39_51_706 1571935191706 18842 18803 137 68.5391  
2019_10_24_11_39_51_751 1571935191751 18887 18848 402 197.4  
2019_10_24_11_39_51_775 1571935191775 18911 18872 547 268.789  
2019_10_24_11_39_51_850 1571935191850 18986 18946 346 169.996  
2019_10_24_11_39_51_852 1571935191852 18988 18948 67 34.8469  
2019_10_24_11_39_51_853 1571935191853 18989 18949 591 290.574  
2019_10_24_11_39_51_875 1571935191875 19011 18971 198 98.0175  
2019_10_24_11_39_51_877 1571935191877 19013 18973 568 279.179  
2019_10_24_11_39_51_916 1571935191916 19052 19012 399 195.93  
2019_10_24_11_39_51_976 1571935191976 19112 19072 1918 974.506  
2019_10_24_11_39_52_035 1571935192035 19171 19131 302 148.53  
2019_10_24_11_39_52_116 1571935192116 19252 19212 538 264.339  
2019_10_24_11_39_52_185 1571935192185 19321 19281 314 154.378  
2019_10_24_11_39_52_198 1571935192198 19334 19294 207 102.376  
2019_10_24_11_39_52_210 1571935192210 19346 19306 1864 945.659  
2019_10_24_11_39_52_300 1571935192300 19436 19396 153 76.2605  
2019_10_24_11_39_52_322 1571935192322 19458 19418 365 179.284  
2019_10_24_11_39_52_391 1571935192391 19527 19487 123 61.789  
2019_10_24_11_39_52_391 1571935192391 19527 19487 233 114.981  
2019_10_24_11_39_52_462 1571935192462 19598 19558 429 210.646  
2019_10_24_11_39_52_499 1571935192499 19635 19595 518 254.461  
2019_10_24_11_39_52_583 1571935192583 19719 19678 212 104.799  
2019_10_24_11_39_52_586 1571935192586 19722 19681 485 238.188  
2019_10_24_11_39_52_593 1571935192593 19729 19688 383 188.092  
2019_10_24_11_39_52_652 1571935192652 19788 19747 360 176.839  
2019_10_24_11_39_52_653 1571935192653 19789 19748 717 353.277  
2019_10_24_11_39_52_671 1571935192671 19807 19766 4095 2209.31  
2019_10_24_11_39_52_710 1571935192710 19846 19805 262 129.064  
2019_10_24_11_39_52_788 1571935192788 19924 19883 2233 1144.5  
2019_10_24_11_39_52_803 1571935192803 19939 19898 565 277.694  
