2019_10_24_11_51_43_903 /home/raspion_user/data/Beacon_runf_aces_ource.sp 26641  180.000  178.451 2.734449 0.478300  0.000014786
   2.734 0
   3.213 0
   3.691 0
   4.169 0
   4.648 0
   5.126 0
   5.605 0
   6.083 0
   6.562 0
   7.040 0
   7.519 0
   7.998 0
   8.476 1
   8.955 0
   9.434 0
   9.912 0
  10.391 1
  10.870 0
  11.349 0
  11.827 0
  12.306 0
  12.785 0
  13.264 0
  13.743 0
  14.222 0
  14.701 0
  15.180 0
  15.659 0
  16.138 0
  16.618 0
  17.097 0
  17.576 0
  18.055 0
  18.534 0
  19.014 0
  19.493 0
  19.972 1
  20.452 0
  20.931 2
  21.411 0
  21.890 0
  22.370 1
  22.849 0
  23.329 0
  23.808 3
  24.288 4
  24.768 2
  25.247 3
  25.727 1
  26.207 3
  26.686 3
  27.166 5
  27.646 1
  28.126 8
  28.606 6
  29.086 3
  29.566 6
  30.046 10
  30.526 4
  31.006 5
  31.486 3
  31.966 11
  32.446 7
  32.926 9
  33.406 15
  33.886 17
  34.367 15
  34.847 19
  35.327 13
  35.808 11
  36.288 13
  36.768 18
  37.249 16
  37.729 18
  38.210 21
  38.690 18
  39.171 15
  39.651 19
  40.132 11
  40.612 16
  41.093 19
  41.574 24
  42.054 14
  42.535 23
  43.016 16
  43.497 16
  43.978 18
  44.458 14
  44.939 13
  45.420 20
  45.901 17
  46.382 17
  46.863 24
  47.344 11
  47.825 23
  48.306 10
  48.788 13
  49.269 17
  49.750 20
  50.231 17
  50.712 23
  51.194 23
  51.675 15
  52.156 21
  52.638 19
  53.119 25
  53.600 19
  54.082 15
  54.563 19
  55.045 19
  55.526 17
  56.008 16
  56.490 12
  56.971 18
  57.453 22
  57.934 17
  58.416 25
  58.898 17
  59.380 15
  59.862 18
  60.343 20
  60.825 26
  61.307 14
  61.789 28
  62.271 20
  62.753 26
  63.235 21
  63.717 19
  64.199 28
  64.681 29
  65.163 31
  65.645 18
  66.128 23
  66.610 26
  67.092 25
  67.574 24
  68.057 22
  68.539 29
  69.021 25
  69.504 28
  69.986 16
  70.469 26
  70.951 42
  71.434 39
  71.916 18
  72.399 30
  72.881 26
  73.364 28
  73.847 27
  74.329 26
  74.812 37
  75.295 26
  75.778 31
  76.260 20
  76.743 30
  77.226 28
  77.709 28
  78.192 31
  78.675 27
  79.158 27
  79.641 30
  80.124 22
  80.607 33
  81.090 19
  81.573 30
  82.056 29
  82.540 24
  83.023 21
  83.506 30
  83.989 37
  84.473 28
  84.956 25
  85.439 21
  85.923 42
  86.406 24
  86.890 16
  87.373 24
  87.857 25
  88.340 28
  88.824 40
  89.308 38
  89.791 23
  90.275 28
  90.759 25
  91.242 37
  91.726 33
  92.210 35
  92.694 35
  93.177 30
  93.661 27
  94.145 21
  94.629 29
  95.113 29
  95.597 30
  96.081 27
  96.565 24
  97.049 36
  97.533 26
  98.018 37
  98.502 23
  98.986 21
  99.470 27
  99.954 26
 100.439 26
 100.923 24
 101.407 27
 101.892 34
 102.376 24
 102.861 10
 103.345 25
 103.829 22
 104.314 21
 104.799 31
 105.283 29
 105.768 30
 106.252 31
 106.737 31
 107.222 36
 107.707 23
 108.191 34
 108.676 24
 109.161 36
 109.646 35
 110.131 17
 110.616 33
 111.100 27
 111.585 30
 112.070 26
 112.555 28
 113.041 35
 113.526 35
 114.011 27
 114.496 31
 114.981 38
 115.466 35
 115.951 29
 116.437 32
 116.922 34
 117.407 32
 117.893 28
 118.378 36
 118.864 30
 119.349 41
 119.834 33
 120.320 29
 120.805 33
 121.291 39
 121.777 18
 122.262 27
 122.748 27
 123.234 29
 123.719 30
 124.205 34
 124.691 32
 125.177 31
 125.662 33
 126.148 29
 126.634 31
 127.120 33
 127.606 42
 128.092 31
 128.578 28
 129.064 35
 129.550 34
 130.036 30
 130.522 26
 131.008 37
 131.495 31
 131.981 33
 132.467 36
 132.953 32
 133.440 41
 133.926 26
 134.412 29
 134.899 28
 135.385 22
 135.872 27
 136.358 25
 136.845 26
 137.331 38
 137.818 20
 138.304 27
 138.791 29
 139.278 24
 139.764 36
 140.251 20
 140.738 28
 141.224 26
 141.711 20
 142.198 26
 142.685 28
 143.172 27
 143.659 31
 144.146 22
 144.633 28
 145.120 32
 145.607 31
 146.094 35
 146.581 36
 147.068 19
 147.555 27
 148.042 31
 148.530 30
 149.017 29
 149.504 26
 149.991 31
 150.479 23
 150.966 28
 151.453 29
 151.941 33
 152.428 27
 152.916 27
 153.403 21
 153.891 39
 154.378 33
 154.866 37
 155.354 30
 155.841 38
 156.329 28
 156.817 19
 157.305 20
 157.792 31
 158.280 31
 158.768 28
 159.256 24
 159.744 16
 160.232 28
 160.720 25
 161.208 28
 161.696 35
 162.184 35
 162.672 33
 163.160 22
 163.648 30
 164.136 25
 164.624 30
 165.112 23
 165.601 36
 166.089 21
 166.577 23
 167.066 26
 167.554 18
 168.042 29
 168.531 26
 169.019 29
 169.508 25
 169.996 26
 170.485 27
 170.973 30
 171.462 27
 171.951 26
 172.439 28
 172.928 27
 173.417 32
 173.906 24
 174.394 35
 174.883 27
 175.372 18
 175.861 23
 176.350 23
 176.839 23
 177.328 30
 177.817 32
 178.306 26
 178.795 30
 179.284 21
 179.773 31
 180.262 24
 180.751 33
 181.240 29
 181.730 43
 182.219 28
 182.708 20
 183.197 27
 183.687 30
 184.176 17
 184.666 38
 185.155 29
 185.644 46
 186.134 30
 186.624 27
 187.113 35
 187.603 30
 188.092 26
 188.582 31
 189.072 34
 189.561 42
 190.051 27
 190.541 28
 191.031 28
 191.520 40
 192.010 29
 192.500 28
 192.990 35
 193.480 36
 193.970 33
 194.460 29
 194.950 31
 195.440 30
 195.930 39
 196.420 27
 196.910 38
 197.400 39
 197.891 29
 198.381 38
 198.871 35
 199.361 26
 199.852 40
 200.342 35
 200.833 38
 201.323 32
 201.813 25
 202.304 30
 202.794 30
 203.285 32
 203.775 32
 204.266 38
 204.757 35
 205.247 32
 205.738 38
 206.229 34
 206.719 21
 207.210 31
 207.701 27
 208.192 33
 208.683 34
 209.173 41
 209.664 31
 210.155 39
 210.646 37
 211.137 34
 211.628 34
 212.119 32
 212.611 41
 213.102 23
 213.593 35
 214.084 41
 214.575 29
 215.066 26
 215.558 43
 216.049 20
 216.540 31
 217.032 40
 217.523 26
 218.014 31
 218.506 21
 218.997 24
 219.489 26
 219.980 31
 220.472 31
 220.964 28
 221.455 22
 221.947 31
 222.439 24
 222.930 28
 223.422 31
 223.914 20
 224.406 29
 224.897 28
 225.389 32
 225.881 19
 226.373 27
 226.865 30
 227.357 29
 227.849 27
 228.341 25
 228.833 15
 229.325 31
 229.817 34
 230.309 34
 230.802 29
 231.294 28
 231.786 25
 232.278 23
 232.771 29
 233.263 35
 233.755 20
 234.248 26
 234.740 33
 235.233 27
 235.725 28
 236.218 34
 236.710 27
 237.203 23
 237.695 23
 238.188 24
 238.681 19
 239.173 27
 239.666 26
 240.159 34
 240.651 24
 241.144 29
 241.637 25
 242.130 29
 242.623 29
 243.116 17
 243.609 25
 244.102 23
 244.595 20
 245.088 25
 245.581 15
 246.074 22
 246.567 23
 247.060 23
 247.553 23
 248.047 22
 248.540 23
 249.033 22
 249.527 15
 250.020 21
 250.513 13
 251.007 23
 251.500 29
 251.993 18
 252.487 27
 252.980 24
 253.474 17
 253.968 21
 254.461 22
 254.955 27
 255.449 22
 255.942 18
 256.436 26
 256.930 19
 257.423 27
 257.917 22
 258.411 22
 258.905 25
 259.399 21
 259.893 21
 260.387 21
 260.881 24
 261.375 17
 261.869 20
 262.363 19
 262.857 20
 263.351 18
 263.845 19
 264.339 19
 264.834 18
 265.328 19
 265.822 21
 266.317 18
 266.811 18
 267.305 17
 267.800 21
 268.294 26
 268.789 14
 269.283 18
 269.778 19
 270.272 19
 270.767 21
 271.261 18
 271.756 27
 272.251 21
 272.745 13
 273.240 26
 273.735 22
 274.230 17
 274.724 15
 275.219 14
 275.714 21
 276.209 17
 276.704 26
 277.199 20
 277.694 22
 278.189 20
 278.684 19
 279.179 12
 279.674 16
 280.169 24
 280.664 19
 281.160 22
 281.655 14
 282.150 21
 282.645 20
 283.141 20
 283.636 18
 284.132 26
 284.627 21
 285.122 12
 285.618 11
 286.113 19
 286.609 20
 287.104 21
 287.600 21
 288.096 24
 288.591 22
 289.087 15
 289.583 27
 290.078 23
 290.574 22
 291.070 20
 291.566 20
 292.062 14
 292.557 17
 293.053 17
 293.549 16
 294.045 19
 294.541 15
 295.037 15
 295.533 10
 296.029 23
 296.526 14
 297.022 16
 297.518 15
 298.014 14
 298.510 22
 299.007 22
 299.503 18
 299.999 18
 300.496 21
 300.992 11
 301.488 10
 301.985 17
 302.481 20
 302.978 24
 303.474 16
 303.971 21
 304.467 18
 304.964 13
 305.461 23
 305.957 16
 306.454 19
 306.951 18
 307.448 15
 307.944 20
 308.441 11
 308.938 18
 309.435 14
 309.932 16
 310.429 12
 310.926 17
 311.423 20
 311.920 18
 312.417 23
 312.914 23
 313.411 19
 313.908 10
 314.405 15
 314.903 15
 315.400 12
 315.897 17
 316.394 10
 316.892 16
 317.389 22
 317.887 16
 318.384 16
 318.881 17
 319.379 12
 319.876 19
 320.374 15
 320.872 22
 321.369 19
 321.867 18
 322.364 13
 322.862 17
 323.360 11
 323.858 14
 324.355 13
 324.853 11
 325.351 19
 325.849 11
 326.347 13
 326.845 12
 327.343 11
 327.841 16
 328.339 9
 328.837 5
 329.335 14
 329.833 11
 330.331 17
 330.829 17
 331.327 14
 331.825 13
 332.324 10
 332.822 23
 333.320 13
 333.819 16
 334.317 19
 334.815 16
 335.314 24
 335.812 9
 336.311 20
 336.809 8
 337.308 12
 337.806 13
 338.305 23
 338.804 11
 339.302 15
 339.801 14
 340.300 16
 340.798 25
 341.297 16
 341.796 15
 342.295 18
 342.794 15
 343.293 10
 343.792 13
 344.290 19
 344.789 11
 345.288 16
 345.788 14
 346.287 14
 346.786 14
 347.285 12
 347.784 13
 348.283 14
 348.782 14
 349.282 12
 349.781 17
 350.280 11
 350.780 11
 351.279 22
 351.778 13
 352.278 15
 352.777 12
 353.277 14
 353.776 9
 354.276 12
 354.775 13
 355.275 19
 355.775 11
 356.274 16
 356.774 14
 357.274 15
 357.773 19
 358.273 20
 358.773 11
 359.273 17
 359.773 18
 360.273 14
 360.773 11
 361.273 13
 361.773 18
 362.273 12
 362.773 12
 363.273 15
 363.773 13
 364.273 17
 364.773 18
 365.273 11
 365.774 6
 366.274 14
 366.774 10
 367.274 20
 367.775 9
 368.275 15
 368.776 21
 369.276 9
 369.776 15
 370.277 15
 370.777 11
 371.278 12
 371.779 6
 372.279 17
 372.780 14
 373.280 12
 373.781 13
 374.282 13
 374.783 15
 375.283 14
 375.784 9
 376.285 12
 376.786 11
 377.287 13
 377.788 12
 378.289 14
 378.790 14
 379.291 11
 379.792 17
 380.293 9
 380.794 10
 381.295 11
 381.796 13
 382.298 13
 382.799 10
 383.300 15
 383.801 12
 384.303 15
 384.804 14
 385.305 12
 385.807 11
 386.308 16
 386.810 20
 387.311 13
 387.813 14
 388.314 14
 388.816 13
 389.318 13
 389.819 16
 390.321 13
 390.823 11
 391.324 14
 391.826 11
 392.328 12
 392.830 15
 393.332 19
 393.833 13
 394.335 20
 394.837 12
 395.339 10
 395.841 18
 396.343 17
 396.845 15
 397.347 14
 397.850 15
 398.352 10
 398.854 15
 399.356 21
 399.858 14
 400.361 17
 400.863 8
 401.365 21
 401.868 16
 402.370 12
 402.872 13
 403.375 10
 403.877 16
 404.380 12
 404.882 12
 405.385 12
 405.888 12
 406.390 17
 406.893 14
 407.395 15
 407.898 12
 408.401 8
 408.904 5
 409.406 27
 409.909 13
 410.412 13
 410.915 13
 411.418 12
 411.921 10
 412.424 14
 412.927 7
 413.430 8
 413.933 8
 414.436 13
 414.939 13
 415.442 16
 415.946 17
 416.449 15
 416.952 13
 417.455 15
 417.959 13
 418.462 12
 418.965 12
 419.469 13
 419.972 20
 420.476 12
 420.979 8
 421.483 11
 421.986 12
 422.490 16
 422.993 13
 423.497 12
 424.001 12
 424.504 19
 425.008 7
 425.512 14
 426.015 11
 426.519 8
 427.023 8
 427.527 6
 428.031 15
 428.535 15
 429.039 9
 429.543 13
 430.047 10
 430.551 12
 431.055 16
 431.559 11
 432.063 16
 432.567 20
 433.071 19
 433.576 11
 434.080 10
 434.584 20
 435.088 9
 435.593 11
 436.097 17
 436.602 16
 437.106 16
 437.610 14
 438.115 8
 438.619 13
 439.124 14
 439.629 12
 440.133 17
 440.638 20
 441.142 12
 441.647 18
 442.152 13
 442.657 13
 443.161 14
 443.666 14
 444.171 7
 444.676 6
 445.181 14
 445.686 14
 446.191 10
 446.696 16
 447.201 11
 447.706 15
 448.211 13
 448.716 10
 449.221 9
 449.726 11
 450.231 10
 450.737 8
 451.242 13
 451.747 8
 452.253 12
 452.758 9
 453.263 14
 453.769 12
 454.274 9
 454.780 16
 455.285 19
 455.791 12
 456.296 10
 456.802 7
 457.307 13
 457.813 6
 458.319 10
 458.824 15
 459.330 7
 459.836 9
 460.342 14
 460.847 10
 461.353 10
 461.859 7
 462.365 13
 462.871 4
 463.377 11
 463.883 10
 464.389 7
 464.895 11
 465.401 7
 465.907 6
 466.413 10
 466.920 5
 467.426 6
 467.932 14
 468.438 9
 468.944 10
 469.451 6
 469.957 11
 470.464 8
 470.970 12
 471.476 11
 471.983 6
 472.489 9
 472.996 13
 473.502 10
 474.009 6
 474.516 11
 475.022 7
 475.529 8
 476.036 4
 476.542 11
 477.049 4
 477.556 8
 478.063 13
 478.570 9
 479.076 10
 479.583 10
 480.090 11
 480.597 4
 481.104 9
 481.611 4
 482.118 5
 482.625 9
 483.133 7
 483.640 4
 484.147 8
 484.654 5
 485.161 5
 485.669 7
 486.176 6
 486.683 5
 487.191 8
 487.698 6
 488.205 7
 488.713 4
 489.220 8
 489.728 4
 490.235 4
 490.743 8
 491.251 4
 491.758 4
 492.266 7
 492.773 4
 493.281 6
 493.789 3
 494.297 5
 494.804 6
 495.312 8
 495.820 5
 496.328 5
 496.836 5
 497.344 9
 497.852 4
 498.360 5
 498.868 8
 499.376 6
 499.884 5
 500.392 3
 500.900 8
 501.409 6
 501.917 6
 502.425 7
 502.933 5
 503.442 4
 503.950 9
 504.458 4
 504.967 8
 505.475 3
 505.983 3
 506.492 8
 507.000 1
 507.509 6
 508.018 2
 508.526 6
 509.035 6
 509.543 8
 510.052 1
 510.561 2
 511.070 2
 511.578 2
 512.087 9
 512.596 6
 513.105 3
 513.614 8
 514.123 7
 514.632 2
 515.141 1
 515.650 2
 516.159 2
 516.668 6
 517.177 1
 517.686 7
 518.195 8
 518.704 6
 519.214 8
 519.723 5
 520.232 5
 520.741 3
 521.251 3
 521.760 5
 522.269 3
 522.779 7
 523.288 5
 523.798 2
 524.307 6
 524.817 3
 525.326 8
 525.836 4
 526.346 1
 526.855 3
 527.365 3
 527.875 7
 528.384 2
 528.894 8
 529.404 3
 529.914 4
 530.424 3
 530.934 10
 531.444 5
 531.954 3
 532.464 7
 532.974 7
 533.484 2
 533.994 3
 534.504 7
 535.014 0
 535.524 2
 536.034 7
 536.544 2
 537.055 5
 537.565 5
 538.075 5
 538.586 4
 539.096 6
 539.606 6
 540.117 3
 540.627 4
 541.138 5
 541.648 8
 542.159 3
 542.669 3
 543.180 2
 543.691 8
 544.201 2
 544.712 4
 545.223 3
 545.734 4
 546.244 6
 546.755 4
 547.266 1
 547.777 3
 548.288 3
 548.799 2
 549.310 5
 549.821 3
 550.332 3
 550.843 4
 551.354 5
 551.865 2
 552.376 4
 552.887 3
 553.398 5
 553.910 5
 554.421 4
 554.932 3
 555.444 4
 555.955 0
 556.466 4
 556.978 5
 557.489 4
 558.001 4
 558.512 7
 559.024 9
 559.535 4
 560.047 2
 560.558 1
 561.070 4
 561.582 5
 562.093 4
 562.605 1
 563.117 2
 563.629 3
 564.140 6
 564.652 1
 565.164 4
 565.676 2
 566.188 5
 566.700 5
 567.212 1
 567.724 2
 568.236 3
 568.748 6
 569.260 3
 569.772 5
 570.285 0
 570.797 5
 571.309 6
 571.821 2
 572.334 6
 572.846 6
 573.358 6
 573.871 6
 574.383 1
 574.895 3
 575.408 1
 575.920 1
 576.433 6
 576.945 3
 577.458 2
 577.971 5
 578.483 6
 578.996 4
 579.509 1
 580.021 5
 580.534 7
 581.047 5
 581.560 2
 582.073 1
 582.586 5
 583.099 4
 583.611 3
 584.124 4
 584.637 6
 585.150 2
 585.664 5
 586.177 1
 586.690 2
 587.203 2
 587.716 2
 588.229 2
 588.743 3
 589.256 3
 589.769 3
 590.282 3
 590.796 5
 591.309 4
 591.823 1
 592.336 2
 592.849 4
 593.363 5
 593.877 5
 594.390 5
 594.904 5
 595.417 6
 595.931 3
 596.445 2
 596.958 8
 597.472 6
 597.986 7
 598.500 2
 599.013 10
 599.527 3
 600.041 5
 600.555 4
 601.069 4
 601.583 4
 602.097 6
 602.611 3
 603.125 7
 603.639 7
 604.153 4
 604.668 9
 605.182 5
 605.696 6
 606.210 4
 606.724 8
 607.239 4
 607.753 1
 608.267 7
 608.782 8
 609.296 6
 609.811 8
 610.325 7
 610.840 6
 611.354 6
 611.869 11
 612.383 7
 612.898 9
 613.413 8
 613.927 12
 614.442 6
 614.957 9
 615.472 16
 615.986 15
 616.501 6
 617.016 13
 617.531 7
 618.046 6
 618.561 13
 619.076 16
 619.591 7
 620.106 12
 620.621 13
 621.136 9
 621.651 12
 622.166 14
 622.682 16
 623.197 14
 623.712 22
 624.227 25
 624.743 13
 625.258 9
 625.773 17
 626.289 22
 626.804 17
 627.320 15
 627.835 18
 628.351 22
 628.866 29
 629.382 12
 629.897 28
 630.413 32
 630.929 22
 631.444 26
 631.960 26
 632.476 22
 632.992 28
 633.507 19
 634.023 37
 634.539 32
 635.055 33
 635.571 32
 636.087 35
 636.603 33
 637.119 37
 637.635 43
 638.151 41
 638.667 41
 639.183 30
 639.700 42
 640.216 44
 640.732 42
 641.248 27
 641.764 36
 642.281 47
 642.797 45
 643.313 46
 643.830 36
 644.346 35
 644.863 44
 645.379 50
 645.896 46
 646.412 48
 646.929 63
 647.446 61
 647.962 46
 648.479 57
 648.996 48
 649.512 58
 650.029 50
 650.546 57
 651.063 59
 651.579 64
 652.096 58
 652.613 73
 653.130 60
 653.647 55
 654.164 55
 654.681 68
 655.198 62
 655.715 62
 656.232 67
 656.750 52
 657.267 63
 657.784 59
 658.301 78
 658.818 71
 659.336 67
 659.853 43
 660.370 53
 660.888 41
 661.405 70
 661.923 60
 662.440 53
 662.958 35
 663.475 65
 663.993 62
 664.510 57
 665.028 54
 665.546 63
 666.063 64
 666.581 63
 667.099 66
 667.616 51
 668.134 50
 668.652 66
 669.170 57
 669.688 45
 670.206 44
 670.724 60
 671.242 46
 671.760 29
 672.278 47
 672.796 49
 673.314 35
 673.832 48
 674.350 43
 674.868 53
 675.386 40
 675.905 41
 676.423 43
 676.941 53
 677.460 33
 677.978 29
 678.496 35
 679.015 34
 679.533 42
 680.052 24
 680.570 35
 681.089 34
 681.607 25
 682.126 30
 682.644 30
 683.163 38
 683.682 34
 684.200 18
 684.719 23
 685.238 31
 685.757 21
 686.276 29
 686.794 24
 687.313 24
 687.832 27
 688.351 15
 688.870 16
 689.389 17
 689.908 24
 690.427 13
 690.946 13
 691.465 12
 691.985 20
 692.504 12
 693.023 12
 693.542 11
 694.062 10
 694.581 15
 695.100 15
 695.620 7
 696.139 16
 696.658 15
 697.178 10
 697.697 7
 698.217 7
 698.736 3
 699.256 8
 699.775 11
 700.295 9
 700.815 4
 701.334 4
 701.854 10
 702.374 8
 702.894 7
 703.413 3
 703.933 4
 704.453 4
 704.973 4
 705.493 4
 706.013 9
 706.533 7
 707.053 4
 707.573 7
 708.093 4
 708.613 3
 709.133 2
 709.653 8
 710.174 2
 710.694 2
 711.214 4
 711.734 3
 712.255 2
 712.775 7
 713.295 2
 713.816 1
 714.336 0
 714.857 2
 715.377 4
 715.898 4
 716.418 2
 716.939 0
 717.459 3
 717.980 1
 718.501 1
 719.021 2
 719.542 1
 720.063 1
 720.584 3
 721.104 5
 721.625 4
 722.146 3
 722.667 2
 723.188 0
 723.709 2
 724.230 3
 724.751 0
 725.272 2
 725.793 3
 726.314 0
 726.835 1
 727.356 1
 727.878 5
 728.399 4
 728.920 1
 729.441 0
 729.963 0
 730.484 0
 731.005 1
 731.527 0
 732.048 1
 732.570 2
 733.091 2
 733.613 3
 734.134 0
 734.656 0
 735.177 0
 735.699 1
 736.221 1
 736.742 1
 737.264 3
 737.786 4
 738.308 2
 738.829 1
 739.351 2
 739.873 2
 740.395 1
 740.917 1
 741.439 1
 741.961 0
 742.483 2
 743.005 2
 743.527 0
 744.049 0
 744.571 0
 745.094 1
 745.616 2
 746.138 1
 746.660 1
 747.183 1
 747.705 0
 748.227 0
 748.750 1
 749.272 1
 749.794 0
 750.317 1
 750.839 0
 751.362 1
 751.884 1
 752.407 1
 752.930 0
 753.452 2
 753.975 0
 754.498 1
 755.020 2
 755.543 0
 756.066 1
 756.589 1
 757.112 0
 757.634 1
 758.157 1
 758.680 1
 759.203 2
 759.726 1
 760.249 0
 760.772 1
 761.295 2
 761.819 1
 762.342 2
 762.865 1
 763.388 0
 763.911 1
 764.435 0
 764.958 0
 765.481 0
 766.005 1
 766.528 1
 767.051 0
 767.575 0
 768.098 0
 768.622 0
 769.145 1
 769.669 0
 770.192 1
 770.716 0
 771.240 0
 771.763 0
 772.287 0
 772.811 0
 773.335 0
 773.858 1
 774.382 1
 774.906 1
 775.430 0
 775.954 1
 776.478 1
 777.002 1
 777.526 1
 778.050 1
 778.574 0
 779.098 0
 779.622 0
 780.146 2
 780.670 0
 781.195 0
 781.719 0
 782.243 0
 782.767 0
 783.292 3
 783.816 0
 784.341 0
 784.865 0
 785.389 1
 785.914 0
 786.438 0
 786.963 2
 787.487 0
 788.012 0
 788.537 1
 789.061 0
 789.586 0
 790.111 0
 790.635 2
 791.160 1
 791.685 1
 792.210 1
 792.735 0
 793.260 1
 793.785 0
 794.309 0
 794.834 0
 795.359 0
 795.885 1
 796.410 0
 796.935 1
 797.460 0
 797.985 1
 798.510 0
 799.035 1
 799.561 0
 800.086 0
 800.611 0
 801.137 0
 801.662 0
 802.187 2
 802.713 0
 803.238 0
 803.764 1
 804.289 1
 804.815 0
 805.340 0
 805.866 1
 806.391 0
 806.917 0
 807.443 0
 807.969 0
 808.494 0
 809.020 1
 809.546 1
 810.072 0
 810.598 0
 811.123 0
 811.649 0
 812.175 0
 812.701 1
 813.227 1
 813.753 0
 814.279 0
 814.806 0
 815.332 1
 815.858 0
 816.384 1
 816.910 0
 817.437 0
 817.963 1
 818.489 0
 819.015 0
 819.542 0
 820.068 1
 820.595 1
 821.121 0
 821.648 1
 822.174 0
 822.701 0
 823.227 1
 823.754 0
 824.280 2
 824.807 0
 825.334 1
 825.861 0
 826.387 0
 826.914 0
 827.441 0
 827.968 0
 828.495 1
 829.021 0
 829.548 0
 830.075 0
 830.602 1
 831.129 0
 831.656 1
 832.184 1
 832.711 0
 833.238 0
 833.765 0
 834.292 0
 834.819 0
 835.347 1
 835.874 0
 836.401 0
 836.929 1
 837.456 0
 837.983 1
 838.511 1
 839.038 0
 839.566 0
 840.093 0
 840.621 0
 841.148 1
 841.676 1
 842.204 1
 842.731 1
 843.259 0
 843.787 0
 844.314 0
 844.842 0
 845.370 0
 845.898 0
 846.426 0
 846.954 0
 847.482 0
 848.010 0
 848.538 0
 849.066 1
 849.594 0
 850.122 0
 850.650 0
 851.178 1
 851.706 0
 852.234 0
 852.763 1
 853.291 0
 853.819 0
 854.347 0
 854.876 0
 855.404 0
 855.933 0
 856.461 0
 856.990 0
 857.518 0
 858.047 1
 858.575 0
 859.104 0
 859.632 1
 860.161 1
 860.690 2
 861.218 1
 861.747 1
 862.276 0
 862.805 0
 863.333 1
 863.862 0
 864.391 1
 864.920 0
 865.449 0
 865.978 0
 866.507 1
 867.036 1
 867.565 1
 868.094 0
 868.623 0
 869.152 0
 869.682 0
 870.211 0
 870.740 0
 871.269 0
 871.799 0
 872.328 0
 872.857 0
 873.387 1
 873.916 0
 874.446 0
 874.975 0
 875.505 0
 876.034 0
 876.564 0
 877.093 0
 877.623 0
 878.153 0
 878.682 0
 879.212 0
 879.742 0
 880.271 0
 880.801 0
 881.331 0
 881.861 1
 882.391 0
 882.921 0
 883.451 0
 883.981 1
 884.511 0
 885.041 0
 885.571 0
 886.101 1
 886.631 0
 887.161 0
 887.691 0
 888.221 1
 888.752 0
 889.282 1
 889.812 0
 890.343 0
 890.873 0
 891.403 0
 891.934 0
 892.464 2
 892.995 0
 893.525 0
 894.056 0
 894.586 0
 895.117 0
 895.648 0
 896.178 1
 896.709 0
 897.240 0
 897.770 0
 898.301 0
 898.832 0
 899.363 1
 899.894 0
 900.425 0
 900.955 0
 901.486 0
 902.017 0
 902.548 0
 903.079 2
 903.611 0
 904.142 0
 904.673 0
 905.204 0
 905.735 0
 906.266 1
 906.798 0
 907.329 0
 907.860 0
 908.391 0
 908.923 0
 909.454 0
 909.986 0
 910.517 0
 911.049 0
 911.580 0
 912.112 0
 912.643 3
 913.175 1
 913.706 0
 914.238 0
 914.770 0
 915.302 1
 915.833 0
 916.365 0
 916.897 1
 917.429 0
 917.961 1
 918.492 0
 919.024 1
 919.556 2
 920.088 0
 920.620 1
 921.152 0
 921.684 0
 922.217 0
 922.749 0
 923.281 0
 923.813 0
 924.345 0
 924.878 1
 925.410 0
 925.942 0
 926.475 0
 927.007 0
 927.539 0
 928.072 0
 928.604 1
 929.137 0
 929.669 2
 930.202 0
 930.734 0
 931.267 0
 931.800 0
 932.332 0
 932.865 0
 933.398 0
 933.930 1
 934.463 0
 934.996 1
 935.529 0
 936.062 0
 936.595 1
 937.128 0
 937.661 1
 938.194 0
 938.727 0
 939.260 0
 939.793 0
 940.326 0
 940.859 1
 941.392 0
 941.925 0
 942.459 0
 942.992 0
 943.525 2
 944.058 1
 944.592 0
 945.125 0
 945.659 0
 946.192 0
 946.725 0
 947.259 0
 947.792 0
 948.326 0
 948.860 0
 949.393 0
 949.927 0
 950.460 0
 950.994 0
 951.528 0
 952.062 0
 952.595 0
 953.129 0
 953.663 0
 954.197 2
 954.731 0
 955.265 0
 955.799 0
 956.333 0
 956.867 0
 957.401 0
 957.935 0
 958.469 0
 959.003 0
 959.537 0
 960.072 0
 960.606 0
 961.140 0
 961.674 0
 962.209 1
 962.743 1
 963.278 0
 963.812 0
 964.346 0
 964.881 1
 965.415 1
 965.950 0
 966.484 0
 967.019 0
 967.554 0
 968.088 0
 968.623 0
 969.158 0
 969.692 0
 970.227 0
 970.762 1
 971.297 1
 971.832 0
 972.367 1
 972.901 2
 973.436 0
 973.971 0
 974.506 0
 975.041 1
 975.576 0
 976.112 1
 976.647 0
 977.182 0
 977.717 0
 978.252 0
 978.787 0
 979.323 1
 979.858 0
 980.393 0
 980.929 0
 981.464 1
 982.000 0
 982.535 0
 983.070 1
 983.606 0
 984.141 0
 984.677 0
 985.213 0
 985.748 0
 986.284 0
 986.820 1
 987.355 0
 987.891 0
 988.427 0
 988.963 1
 989.498 0
 990.034 0
 990.570 0
 991.106 0
 991.642 0
 992.178 0
 992.714 0
 993.250 0
 993.786 0
 994.322 0
 994.858 0
 995.395 0
 995.931 0
 996.467 1
 997.003 0
 997.539 1
 998.076 0
 998.612 1
 999.148 0
 999.685 1
1000.221 0
1000.758 0
1001.294 0
1001.831 1
1002.367 0
1002.904 0
1003.440 0
1003.977 0
1004.514 0
1005.050 0
1005.587 0
1006.124 0
1006.661 0
1007.197 0
1007.734 0
1008.271 0
1008.808 0
1009.345 0
1009.882 0
1010.419 0
1010.956 1
1011.493 0
1012.030 0
1012.567 0
1013.104 0
1013.641 0
1014.179 1
1014.716 0
1015.253 0
1015.790 0
1016.328 0
1016.865 0
1017.402 0
1017.940 0
1018.477 0
1019.015 0
1019.552 1
1020.090 0
1020.627 0
1021.165 0
1021.702 0
1022.240 0
1022.778 0
1023.315 0
1023.853 0
1024.391 0
1024.929 1
1025.467 0
1026.004 0
1026.542 0
1027.080 0
1027.618 0
1028.156 1
1028.694 0
1029.232 0
1029.770 1
1030.308 0
1030.846 1
1031.384 0
1031.923 0
1032.461 0
1032.999 0
1033.537 1
1034.076 0
1034.614 0
1035.152 0
1035.691 0
1036.229 0
1036.767 1
1037.306 0
1037.844 0
1038.383 0
1038.921 0
1039.460 0
1039.999 0
1040.537 1
1041.076 0
1041.615 0
1042.153 0
1042.692 0
1043.231 1
1043.770 0
1044.309 0
1044.847 0
1045.386 2
1045.925 0
1046.464 0
1047.003 0
1047.542 0
1048.081 0
1048.620 0
1049.160 0
1049.699 0
1050.238 0
1050.777 0
1051.316 0
1051.856 0
1052.395 0
1052.934 0
1053.474 0
1054.013 0
1054.552 0
1055.092 0
1055.631 1
1056.171 0
1056.710 0
1057.250 0
1057.789 1
1058.329 0
1058.869 2
1059.408 0
1059.948 0
1060.488 1
1061.028 0
1061.567 1
1062.107 0
1062.647 0
1063.187 1
1063.727 1
1064.267 0
1064.807 0
1065.347 0
1065.887 0
1066.427 0
1066.967 0
1067.507 0
1068.047 0
1068.587 0
1069.128 0
1069.668 0
1070.208 0
1070.748 0
1071.289 0
1071.829 0
1072.369 0
1072.910 0
1073.450 0
1073.991 1
1074.531 0
1075.072 0
1075.612 0
1076.153 0
1076.694 1
1077.234 0
1077.775 0
1078.316 0
1078.856 0
1079.397 1
1079.938 0
1080.479 0
1081.020 0
1081.560 0
1082.101 0
1082.642 0
1083.183 1
1083.724 0
1084.265 1
1084.806 1
1085.348 0
1085.889 1
1086.430 0
1086.971 0
1087.512 0
1088.053 0
1088.595 0
1089.136 0
1089.677 0
1090.219 0
1090.760 0
1091.301 0
1091.843 0
1092.384 0
1092.926 0
1093.467 0
1094.009 0
1094.551 0
1095.092 0
1095.634 0
1096.176 0
1096.717 0
1097.259 0
1097.801 0
1098.343 0
1098.884 0
1099.426 0
1099.968 0
1100.510 1
1101.052 0
1101.594 0
1102.136 0
1102.678 0
1103.220 0
1103.762 0
1104.304 0
1104.847 0
1105.389 1
1105.931 0
1106.473 0
1107.016 1
1107.558 0
1108.100 0
1108.643 0
1109.185 0
1109.727 0
1110.270 0
1110.812 0
1111.355 0
1111.897 0
1112.440 0
1112.983 1
1113.525 0
1114.068 0
1114.611 0
1115.153 0
1115.696 0
1116.239 1
1116.782 0
1117.324 0
1117.867 1
1118.410 1
1118.953 0
1119.496 0
1120.039 1
1120.582 0
1121.125 0
1121.668 0
1122.211 0
1122.754 0
1123.298 0
1123.841 0
1124.384 1
1124.927 0
1125.471 0
1126.014 0
1126.557 0
1127.101 0
1127.644 0
1128.187 0
1128.731 0
1129.274 1
1129.818 0
1130.361 0
1130.905 0
1131.449 0
1131.992 0
1132.536 0
1133.080 0
1133.623 1
1134.167 0
1134.711 0
1135.255 0
1135.799 1
1136.342 0
1136.886 1
1137.430 2
1137.974 0
1138.518 1
1139.062 0
1139.606 0
1140.150 0
1140.695 1
1141.239 0
1141.783 0
1142.327 1
1142.871 1
1143.416 0
1143.960 0
1144.504 1
1145.048 0
1145.593 0
1146.137 0
1146.682 0
1147.226 0
1147.771 0
1148.315 0
1148.860 0
1149.404 0
1149.949 0
1150.494 0
1151.038 0
1151.583 0
1152.128 0
1152.672 0
1153.217 0
1153.762 0
1154.307 1
1154.852 0
1155.397 0
1155.942 0
1156.487 0
1157.032 0
1157.577 0
1158.122 0
1158.667 0
1159.212 0
1159.757 0
1160.302 0
1160.847 0
1161.393 0
1161.938 1
1162.483 0
1163.029 0
1163.574 1
1164.119 0
1164.665 0
1165.210 0
1165.756 0
1166.301 0
1166.847 0
1167.392 1
1167.938 0
1168.483 0
1169.029 0
1169.575 0
1170.120 0
1170.666 0
1171.212 0
1171.758 0
1172.304 0
1172.849 0
1173.395 1
1173.941 1
1174.487 1
1175.033 0
1175.579 0
1176.125 0
1176.671 0
1177.217 0
1177.763 1
1178.310 0
1178.856 0
1179.402 0
1179.948 2
1180.495 0
1181.041 0
1181.587 0
1182.133 0
1182.680 0
1183.226 1
1183.773 0
1184.319 0
1184.866 1
1185.412 0
1185.959 1
1186.505 1
1187.052 0
1187.599 0
1188.145 0
1188.692 0
1189.239 1
1189.786 0
1190.332 0
1190.879 0
1191.426 0
1191.973 0
1192.520 0
1193.067 1
1193.614 1
1194.161 0
1194.708 0
1195.255 0
1195.802 0
1196.349 0
1196.896 0
1197.444 0
1197.991 0
1198.538 0
1199.085 0
1199.633 0
1200.180 0
1200.727 0
1201.275 0
1201.822 0
1202.370 0
1202.917 0
1203.465 0
1204.012 0
1204.560 0
1205.107 0
1205.655 0
1206.203 0
1206.750 0
1207.298 0
1207.846 0
1208.393 0
1208.941 0
1209.489 0
1210.037 0
1210.585 0
1211.133 0
1211.681 1
1212.229 0
1212.777 0
1213.325 0
1213.873 0
1214.421 0
1214.969 0
1215.517 1
1216.065 0
1216.614 0
1217.162 0
1217.710 0
1218.259 0
1218.807 0
1219.355 0
1219.904 0
1220.452 0
1221.001 0
1221.549 0
1222.098 0
1222.646 0
1223.195 0
1223.743 0
1224.292 0
1224.841 1
1225.389 0
1225.938 0
1226.487 0
1227.036 0
1227.584 0
1228.133 0
1228.682 1
1229.231 0
1229.780 0
1230.329 0
1230.878 0
1231.427 0
1231.976 0
1232.525 0
1233.074 0
1233.623 0
1234.172 0
1234.722 0
1235.271 0
1235.820 1
1236.369 0
1236.919 0
1237.468 0
1238.017 0
1238.567 0
1239.116 0
1239.666 0
1240.215 0
1240.765 0
1241.314 0
1241.864 0
1242.413 0
1242.963 1
1243.513 0
1244.062 0
1244.612 0
1245.162 0
1245.712 1
1246.262 1
1246.811 0
1247.361 0
1247.911 0
1248.461 0
1249.011 0
1249.561 0
1250.111 0
1250.661 0
1251.211 0
1251.761 1
1252.312 0
1252.862 0
1253.412 0
1253.962 0
1254.512 1
1255.063 1
1255.613 0
1256.163 0
1256.714 0
1257.264 0
1257.815 0
1258.365 0
1258.916 0
1259.466 0
1260.017 0
1260.567 0
1261.118 0
1261.668 0
1262.219 0
1262.770 0
1263.321 0
1263.871 0
1264.422 0
1264.973 0
1265.524 0
1266.075 0
1266.626 0
1267.177 0
1267.728 0
1268.279 0
1268.830 1
1269.381 1
1269.932 0
1270.483 0
1271.034 0
1271.585 1
1272.136 0
1272.688 0
1273.239 0
1273.790 0
1274.342 0
1274.893 0
1275.444 0
1275.996 0
1276.547 0
1277.099 0
1277.650 0
1278.202 0
1278.753 0
1279.305 0
1279.856 0
1280.408 0
1280.960 0
1281.511 0
1282.063 0
1282.615 0
1283.167 0
1283.719 0
1284.270 0
1284.822 0
1285.374 0
1285.926 0
1286.478 0
1287.030 0
1287.582 0
1288.134 0
1288.686 0
1289.239 0
1289.791 1
1290.343 0
1290.895 0
1291.447 0
1292.000 0
1292.552 1
1293.104 0
1293.657 0
1294.209 0
1294.761 0
1295.314 0
1295.866 0
1296.419 1
1296.971 0
1297.524 0
1298.077 0
1298.629 0
1299.182 0
1299.735 0
1300.287 0
1300.840 0
1301.393 0
1301.946 0
1302.498 0
1303.051 0
1303.604 0
1304.157 0
1304.710 0
1305.263 0
1305.816 0
1306.369 0
1306.922 0
1307.475 0
1308.028 0
1308.582 0
1309.135 0
1309.688 0
1310.241 0
1310.794 0
1311.348 0
1311.901 0
1312.454 0
1313.008 0
1313.561 0
1314.115 0
1314.668 1
1315.222 0
1315.775 0
1316.329 0
1316.882 0
1317.436 0
1317.990 0
1318.543 0
1319.097 1
1319.651 1
1320.205 0
1320.759 0
1321.312 0
1321.866 0
1322.420 1
1322.974 0
1323.528 0
1324.082 0
1324.636 0
1325.190 0
1325.744 1
1326.298 0
1326.852 0
1327.407 0
1327.961 0
1328.515 0
1329.069 0
1329.624 0
1330.178 0
1330.732 0
1331.287 0
1331.841 0
1332.395 0
1332.950 0
1333.504 0
1334.059 1
1334.613 0
1335.168 0
1335.723 0
1336.277 1
1336.832 0
1337.387 0
1337.941 0
1338.496 0
1339.051 0
1339.606 0
1340.161 0
1340.715 0
1341.270 0
1341.825 0
1342.380 0
1342.935 0
1343.490 0
1344.045 0
1344.600 0
1345.155 0
1345.711 0
1346.266 0
1346.821 0
1347.376 0
1347.931 0
1348.487 0
1349.042 0
1349.597 0
1350.153 0
1350.708 0
1351.264 0
1351.819 0
1352.375 0
1352.930 2
1353.486 0
1354.041 0
1354.597 0
1355.153 0
1355.708 0
1356.264 0
1356.820 0
1357.375 0
1357.931 0
1358.487 0
1359.043 1
1359.599 0
1360.155 0
1360.711 0
1361.267 0
1361.823 1
1362.379 0
1362.935 0
1363.491 0
1364.047 0
1364.603 0
1365.159 0
1365.715 0
1366.272 0
1366.828 0
1367.384 0
1367.941 0
1368.497 0
1369.053 0
1369.610 0
1370.166 0
1370.723 0
1371.279 0
1371.836 0
1372.392 0
1372.949 0
1373.505 0
1374.062 0
1374.619 0
1375.175 1
1375.732 0
1376.289 1
1376.846 0
1377.403 0
1377.959 0
1378.516 0
1379.073 0
1379.630 1
1380.187 0
1380.744 0
1381.301 0
1381.858 0
1382.415 0
1382.972 0
1383.530 0
1384.087 0
1384.644 0
1385.201 0
1385.758 0
1386.316 0
1386.873 0
1387.430 0
1387.988 0
1388.545 0
1389.103 0
1389.660 0
1390.218 0
1390.775 0
1391.333 0
1391.890 0
1392.448 0
1393.006 0
1393.563 0
1394.121 0
1394.679 0
1395.237 0
1395.794 0
1396.352 0
1396.910 0
1397.468 0
1398.026 0
1398.584 0
1399.142 0
1399.700 0
1400.258 0
1400.816 1
1401.374 0
1401.932 0
1402.490 0
1403.049 0
1403.607 0
1404.165 0
1404.723 0
1405.282 0
1405.840 0
1406.398 0
1406.957 0
1407.515 0
1408.074 0
1408.632 0
1409.191 0
1409.749 0
1410.308 0
1410.866 0
1411.425 0
1411.984 0
1412.542 0
1413.101 0
1413.660 0
1414.218 0
1414.777 0
1415.336 0
1415.895 0
1416.454 0
1417.013 0
1417.572 0
1418.131 1
1418.690 0
1419.249 0
1419.808 1
1420.367 0
1420.926 0
1421.485 2
1422.045 0
1422.604 0
1423.163 0
1423.722 1
1424.282 0
1424.841 1
1425.400 0
1425.960 0
1426.519 0
1427.079 0
1427.638 0
1428.198 0
1428.757 0
1429.317 0
1429.876 0
1430.436 0
1430.996 0
1431.555 0
1432.115 0
1432.675 0
1433.235 0
1433.794 0
1434.354 0
1434.914 0
1435.474 1
1436.034 0
1436.594 0
1437.154 1
1437.714 0
1438.274 0
1438.834 0
1439.394 0
1439.954 0
1440.514 0
1441.075 0
1441.635 1
1442.195 0
1442.755 0
1443.316 0
1443.876 0
1444.436 0
1444.997 0
1445.557 0
1446.118 0
1446.678 0
1447.239 0
1447.799 0
1448.360 0
1448.921 1
1449.481 0
1450.042 0
1450.603 0
1451.163 0
1451.724 0
1452.285 0
1452.846 1
1453.406 0
1453.967 0
1454.528 0
1455.089 1
1455.650 1
1456.211 1
1456.772 1
1457.333 1
1457.894 0
1458.455 0
1459.017 0
1459.578 0
1460.139 0
1460.700 0
1461.261 1
1461.823 0
1462.384 0
1462.945 0
1463.507 0
1464.068 0
1464.630 0
1465.191 0
1465.753 1
1466.314 0
1466.876 0
1467.437 0
1467.999 0
1468.561 0
1469.122 0
1469.684 0
1470.246 0
1470.807 0
1471.369 0
1471.931 1
1472.493 0
1473.055 1
1473.617 1
1474.179 1
1474.741 0
1475.303 0
1475.865 1
1476.427 0
1476.989 0
1477.551 0
1478.113 0
1478.675 1
1479.237 0
1479.800 0
1480.362 0
1480.924 0
1481.487 0
1482.049 0
1482.611 1
1483.174 0
1483.736 0
1484.299 0
1484.861 0
1485.424 0
1485.986 0
1486.549 0
1487.112 1
1487.674 0
1488.237 0
1488.800 0
1489.362 0
1489.925 0
1490.488 0
1491.051 0
1491.614 0
1492.176 0
1492.739 0
1493.302 0
1493.865 0
1494.428 0
1494.991 0
1495.554 0
1496.118 0
1496.681 0
1497.244 1
1497.807 0
1498.370 0
1498.933 0
1499.497 0
1500.060 0
1500.623 0
1501.187 0
1501.750 0
1502.314 0
1502.877 0
1503.440 0
1504.004 1
1504.567 0
1505.131 0
1505.695 0
1506.258 0
1506.822 1
1507.386 0
1507.949 0
1508.513 0
1509.077 1
1509.641 1
1510.205 0
1510.768 0
1511.332 0
1511.896 0
1512.460 0
1513.024 0
1513.588 0
1514.152 0
1514.716 0
1515.280 0
1515.844 0
1516.409 0
1516.973 0
1517.537 0
1518.101 0
1518.666 0
1519.230 0
1519.794 0
1520.359 0
1520.923 0
1521.487 0
1522.052 0
1522.616 0
1523.181 0
1523.745 0
1524.310 0
1524.875 0
1525.439 0
1526.004 0
1526.569 1
1527.133 0
1527.698 0
1528.263 0
1528.828 0
1529.393 0
1529.957 0
1530.522 0
1531.087 0
1531.652 0
1532.217 0
1532.782 0
1533.347 0
1533.912 0
1534.477 0
1535.043 0
1535.608 0
1536.173 0
1536.738 0
1537.303 0
1537.869 0
1538.434 0
1538.999 0
1539.565 0
1540.130 0
1540.696 0
1541.261 0
1541.826 0
1542.392 0
1542.958 0
1543.523 0
1544.089 0
1544.654 0
1545.220 0
1545.786 0
1546.351 0
1546.917 0
1547.483 0
1548.049 0
1548.615 0
1549.181 0
1549.746 0
1550.312 0
1550.878 0
1551.444 0
1552.010 0
1552.576 0
1553.143 0
1553.709 0
1554.275 0
1554.841 0
1555.407 0
1555.973 0
1556.540 0
1557.106 0
1557.672 0
1558.239 1
1558.805 0
1559.371 0
1559.938 0
1560.504 0
1561.071 1
1561.637 0
1562.204 0
1562.770 0
1563.337 0
1563.904 0
1564.470 0
1565.037 0
1565.604 0
1566.171 1
1566.737 0
1567.304 0
1567.871 0
1568.438 0
1569.005 0
1569.572 0
1570.139 0
1570.706 0
1571.273 0
1571.840 0
1572.407 0
1572.974 0
1573.541 0
1574.108 0
1574.676 0
1575.243 0
1575.810 0
1576.377 0
1576.945 0
1577.512 0
1578.079 0
1578.647 0
1579.214 0
1579.782 0
1580.349 0
1580.917 0
1581.484 0
1582.052 0
1582.620 0
1583.187 0
1583.755 0
1584.323 0
1584.890 0
1585.458 0
1586.026 0
1586.594 0
1587.162 0
1587.729 0
1588.297 0
1588.865 0
1589.433 0
1590.001 0
1590.569 0
1591.137 0
1591.706 0
1592.274 0
1592.842 0
1593.410 0
1593.978 0
1594.546 0
1595.115 0
1595.683 0
1596.251 0
1596.820 0
1597.388 0
1597.956 0
1598.525 0
1599.093 0
1599.662 0
1600.230 0
1600.799 0
1601.368 0
1601.936 0
1602.505 0
1603.074 0
1603.642 0
1604.211 0
1604.780 0
1605.349 0
1605.917 0
1606.486 0
1607.055 0
1607.624 0
1608.193 0
1608.762 0
1609.331 0
1609.900 0
1610.469 0
1611.038 0
1611.607 0
1612.177 0
1612.746 0
1613.315 0
1613.884 0
1614.454 0
1615.023 0
1615.592 0
1616.162 0
1616.731 0
1617.300 0
1617.870 0
1618.439 0
1619.009 0
1619.578 0
1620.148 0
1620.717 0
1621.287 0
1621.857 0
1622.426 0
1622.996 0
1623.566 0
1624.136 0
1624.706 0
1625.275 0
1625.845 0
1626.415 0
1626.985 0
1627.555 0
1628.125 0
1628.695 0
1629.265 0
1629.835 0
1630.405 1
1630.975 0
1631.546 0
1632.116 0
1632.686 0
1633.256 0
1633.826 0
1634.397 0
1634.967 0
1635.538 0
1636.108 0
1636.678 0
1637.249 0
1637.819 0
1638.390 0
1638.960 0
1639.531 0
1640.102 0
1640.672 0
1641.243 0
1641.814 0
1642.384 0
1642.955 0
1643.526 0
1644.097 0
1644.667 0
1645.238 0
1645.809 0
1646.380 0
1646.951 0
1647.522 0
1648.093 0
1648.664 0
1649.235 0
1649.806 0
1650.378 0
1650.949 0
1651.520 0
1652.091 0
1652.662 0
1653.234 0
1653.805 0
1654.376 0
1654.948 0
1655.519 0
1656.091 0
1656.662 0
1657.234 0
1657.805 0
1658.377 0
1658.948 0
1659.520 0
1660.091 0
1660.663 0
1661.235 0
1661.807 0
1662.378 0
1662.950 0
1663.522 0
1664.094 0
1664.666 0
1665.238 0
1665.809 0
1666.381 0
1666.953 0
1667.525 0
1668.098 0
1668.670 0
1669.242 0
1669.814 0
1670.386 0
1670.958 0
1671.530 0
1672.103 0
1672.675 0
1673.247 0
1673.820 0
1674.392 0
1674.965 0
1675.537 0
1676.109 1
1676.682 0
1677.254 0
1677.827 0
1678.400 0
1678.972 0
1679.545 0
1680.118 0
1680.690 0
1681.263 0
1681.836 0
1682.409 0
1682.981 0
1683.554 0
1684.127 0
1684.700 0
1685.273 0
1685.846 0
1686.419 0
1686.992 0
1687.565 0
1688.138 0
1688.711 0
1689.284 0
1689.858 0
1690.431 0
1691.004 0
1691.577 0
1692.151 0
1692.724 0
1693.297 0
1693.871 0
1694.444 0
1695.018 0
1695.591 0
1696.165 0
1696.738 0
1697.312 0
1697.885 0
1698.459 0
1699.032 0
1699.606 0
1700.180 0
1700.754 0
1701.327 0
1701.901 0
1702.475 0
1703.049 0
1703.623 0
1704.197 0
1704.771 0
1705.345 0
1705.919 0
1706.493 0
1707.067 0
1707.641 0
1708.215 0
1708.789 0
1709.363 0
1709.937 0
1710.512 0
1711.086 0
1711.660 0
1712.235 0
1712.809 0
1713.383 0
1713.958 0
1714.532 0
1715.107 0
1715.681 0
1716.256 0
1716.830 0
1717.405 0
1717.980 0
1718.554 0
1719.129 0
1719.704 0
1720.278 0
1720.853 0
1721.428 0
1722.003 0
1722.578 0
1723.153 0
1723.728 0
1724.302 0
1724.877 0
1725.452 0
1726.028 0
1726.603 0
1727.178 0
1727.753 0
1728.328 0
1728.903 0
1729.478 0
1730.054 0
1730.629 0
1731.204 0
1731.780 0
1732.355 0
1732.930 0
1733.506 0
1734.081 0
1734.657 0
1735.232 0
1735.808 1
1736.383 0
1736.959 0
1737.535 0
1738.110 0
1738.686 0
1739.262 0
1739.837 0
1740.413 0
1740.989 0
1741.565 0
1742.141 0
1742.717 0
1743.293 0
1743.869 0
1744.445 0
1745.021 0
1745.597 0
1746.173 0
1746.749 0
1747.325 0
1747.901 0
1748.477 0
1749.053 0
1749.630 0
1750.206 0
1750.782 0
1751.359 0
1751.935 0
1752.511 0
1753.088 0
1753.664 0
1754.241 0
1754.817 0
1755.394 0
1755.970 0
1756.547 0
1757.124 1
1757.700 0
1758.277 0
1758.854 0
1759.431 0
1760.007 0
1760.584 0
1761.161 0
1761.738 0
1762.315 0
1762.892 0
1763.469 0
1764.046 1
1764.623 0
1765.200 0
1765.777 0
1766.354 0
1766.931 0
1767.508 0
1768.086 0
1768.663 0
1769.240 0
1769.817 0
1770.395 0
1770.972 0
1771.549 0
1772.127 0
1772.704 0
1773.282 0
1773.859 0
1774.437 0
1775.014 0
1775.592 0
1776.169 0
1776.747 0
1777.325 0
1777.902 0
1778.480 0
1779.058 0
1779.636 0
1780.214 1
1780.791 0
1781.369 0
1781.947 0
1782.525 0
1783.103 0
1783.681 0
1784.259 0
1784.837 0
1785.415 0
1785.993 0
1786.572 0
1787.150 0
1787.728 0
1788.306 0
1788.884 0
1789.463 0
1790.041 2
1790.619 0
1791.198 0
1791.776 0
1792.355 0
1792.933 0
1793.512 0
1794.090 0
1794.669 0
1795.247 0
1795.826 0
1796.405 0
1796.983 0
1797.562 1
1798.141 0
1798.720 0
1799.298 0
1799.877 0
1800.456 0
1801.035 0
1801.614 0
1802.193 1
1802.772 0
1803.351 1
1803.930 0
1804.509 0
1805.088 0
1805.667 0
1806.246 0
1806.825 0
1807.405 0
1807.984 0
1808.563 0
1809.142 0
1809.722 0
1810.301 0
1810.880 0
1811.460 0
1812.039 0
1812.619 0
1813.198 0
1813.778 0
1814.357 0
1814.937 0
1815.517 0
1816.096 0
1816.676 0
1817.256 0
1817.835 0
1818.415 0
1818.995 0
1819.575 0
1820.155 0
1820.735 0
1821.315 0
1821.895 0
1822.474 0
1823.055 0
1823.635 0
1824.215 0
1824.795 0
1825.375 0
1825.955 1
1826.535 0
1827.115 0
1827.696 0
1828.276 0
1828.856 0
1829.437 0
1830.017 0
1830.597 0
1831.178 0
1831.758 0
1832.339 0
1832.919 0
1833.500 0
1834.080 0
1834.661 0
1835.242 0
1835.822 0
1836.403 0
1836.984 0
1837.564 0
1838.145 0
1838.726 0
1839.307 0
1839.888 0
1840.469 0
1841.050 0
1841.630 0
1842.211 0
1842.792 0
1843.374 0
1843.955 0
1844.536 0
1845.117 0
1845.698 0
1846.279 0
1846.860 0
1847.442 0
1848.023 0
1848.604 0
1849.186 0
1849.767 0
1850.348 0
1850.930 0
1851.511 1
1852.093 0
1852.674 0
1853.256 0
1853.837 0
1854.419 0
1855.001 0
1855.582 0
1856.164 0
1856.746 0
1857.327 0
1857.909 0
1858.491 0
1859.073 0
1859.655 0
1860.237 0
1860.819 0
1861.401 0
1861.983 0
1862.565 0
1863.147 0
1863.729 0
1864.311 0
1864.893 0
1865.475 0
1866.057 0
1866.640 0
1867.222 0
1867.804 0
1868.386 0
1868.969 0
1869.551 0
1870.134 0
1870.716 0
1871.298 0
1871.881 0
1872.464 0
1873.046 1
1873.629 0
1874.211 0
1874.794 0
1875.377 0
1875.959 0
1876.542 0
1877.125 0
1877.708 0
1878.290 0
1878.873 0
1879.456 0
1880.039 0
1880.622 0
1881.205 0
1881.788 0
1882.371 0
1882.954 0
1883.537 0
1884.120 0
1884.703 0
1885.287 0
1885.870 0
1886.453 0
1887.036 0
1887.620 0
1888.203 0
1888.786 0
1889.370 0
1889.953 0
1890.536 0
1891.120 0
1891.703 0
1892.287 0
1892.870 0
1893.454 0
1894.038 0
1894.621 0
1895.205 0
1895.789 0
1896.372 0
1896.956 0
1897.540 0
1898.124 0
1898.708 0
1899.292 0
1899.876 0
1900.459 0
1901.043 0
1901.627 0
1902.211 0
1902.796 0
1903.380 0
1903.964 0
1904.548 0
1905.132 0
1905.716 0
1906.301 0
1906.885 0
1907.469 0
1908.053 0
1908.638 0
1909.222 0
1909.807 0
1910.391 0
1910.976 0
1911.560 0
1912.145 0
1912.729 0
1913.314 0
1913.898 1
1914.483 0
1915.068 0
1915.652 0
1916.237 0
1916.822 0
1917.407 0
1917.992 0
1918.576 0
1919.161 0
1919.746 0
1920.331 0
1920.916 0
1921.501 0
1922.086 0
1922.671 0
1923.256 0
1923.841 0
1924.427 0
1925.012 0
1925.597 0
1926.182 0
1926.768 0
1927.353 0
1927.938 0
1928.524 0
1929.109 0
1929.694 0
1930.280 0
1930.865 0
1931.451 0
1932.036 0
1932.622 0
1933.208 0
1933.793 0
1934.379 0
1934.964 0
1935.550 0
1936.136 0
1936.722 0
1937.308 0
1937.893 0
1938.479 0
1939.065 0
1939.651 0
1940.237 0
1940.823 0
1941.409 0
1941.995 0
1942.581 0
1943.167 0
1943.753 0
1944.340 0
1944.926 0
1945.512 0
1946.098 0
1946.684 0
1947.271 0
1947.857 0
1948.443 0
1949.030 0
1949.616 0
1950.203 0
1950.789 0
1951.376 0
1951.962 1
1952.549 0
1953.135 0
1953.722 0
1954.309 1
1954.895 0
1955.482 1
1956.069 0
1956.656 0
1957.243 0
1957.829 0
1958.416 0
1959.003 0
1959.590 0
1960.177 0
1960.764 0
1961.351 0
1961.938 0
1962.525 0
1963.112 0
1963.699 1
1964.287 0
1964.874 0
1965.461 0
1966.048 0
1966.636 0
1967.223 0
1967.810 0
1968.398 0
1968.985 0
1969.572 0
1970.160 0
1970.747 0
1971.335 0
1971.922 0
1972.510 0
1973.098 0
1973.685 0
1974.273 0
1974.861 0
1975.448 0
1976.036 0
1976.624 0
1977.212 0
1977.800 0
1978.387 0
1978.975 0
1979.563 0
1980.151 0
1980.739 0
1981.327 0
1981.915 0
1982.503 0
1983.092 0
1983.680 0
1984.268 0
1984.856 0
1985.444 0
1986.033 0
1986.621 0
1987.209 0
1987.798 0
1988.386 0
1988.974 0
1989.563 0
1990.151 0
1990.740 0
1991.328 0
1991.917 0
1992.505 0
1993.094 0
1993.683 0
1994.271 1
1994.860 0
1995.449 0
1996.038 0
1996.626 0
1997.215 0
1997.804 0
1998.393 0
1998.982 0
1999.571 0
2000.160 0
2000.749 0
2001.338 0
2001.927 0
2002.516 0
2003.105 0
2003.694 0
2004.283 0
2004.873 0
2005.462 0
2006.051 0
2006.640 0
2007.230 0
2007.819 0
2008.408 0
2008.998 0
2009.587 0
2010.177 0
2010.766 0
2011.356 0
2011.945 0
2012.535 0
2013.125 0
2013.714 0
2014.304 0
2014.894 0
2015.483 0
2016.073 0
2016.663 0
2017.253 0
2017.843 0
2018.432 0
2019.022 0
2019.612 0
2020.202 0
2020.792 0
2021.382 0
2021.972 0
2022.563 0
2023.153 0
2023.743 0
2024.333 0
2024.923 0
2025.513 0
2026.104 0
2026.694 0
2027.284 0
2027.875 0
2028.465 0
2029.056 0
2029.646 0
2030.236 0
2030.827 0
2031.418 0
2032.008 0
2032.599 0
2033.189 0
2033.780 0
2034.371 0
2034.961 0
2035.552 0
2036.143 0
2036.734 0
2037.325 0
2037.915 0
2038.506 0
2039.097 0
2039.688 0
2040.279 0
2040.870 0
2041.461 0
2042.052 0
2042.643 0
2043.234 0
2043.826 0
2044.417 0
2045.008 0
2045.599 0
2046.191 0
2046.782 1
2047.373 0
2047.965 0
2048.556 0
2049.147 0
2049.739 0
2050.330 0
2050.922 0
2051.513 0
2052.105 0
2052.697 0
2053.288 0
2053.880 0
2054.472 0
2055.063 0
2055.655 0
2056.247 0
2056.839 0
2057.430 0
2058.022 0
2058.614 0
2059.206 0
2059.798 0
2060.390 0
2060.982 0
2061.574 0
2062.166 0
2062.758 0
2063.350 0
2063.943 0
2064.535 0
2065.127 1
2065.719 0
2066.312 0
2066.904 0
2067.496 0
2068.089 0
2068.681 0
2069.273 0
2069.866 0
2070.458 0
2071.051 0
2071.643 0
2072.236 0
2072.829 0
2073.421 0
2074.014 0
2074.607 0
2075.199 0
2075.792 0
2076.385 1
2076.978 0
2077.571 0
2078.163 0
2078.756 0
2079.349 0
2079.942 0
2080.535 0
2081.128 0
2081.721 0
2082.314 0
2082.908 0
2083.501 0
2084.094 0
2084.687 0
2085.280 0
2085.874 0
2086.467 0
2087.060 0
2087.653 0
2088.247 0
2088.840 0
2089.434 0
2090.027 0
2090.621 0
2091.214 0
2091.808 0
2092.401 1
2092.995 0
2093.589 0
2094.182 0
2094.776 0
2095.370 0
2095.963 0
2096.557 0
2097.151 0
2097.745 0
2098.339 0
2098.933 0
2099.527 0
2100.121 0
2100.715 0
2101.309 0
2101.903 0
2102.497 0
2103.091 0
2103.685 0
2104.279 0
2104.873 0
2105.468 0
2106.062 0
2106.656 0
2107.251 0
2107.845 0
2108.439 0
2109.034 0
2109.628 0
2110.223 0
2110.817 0
2111.412 0
2112.006 0
2112.601 0
2113.195 0
2113.790 0
2114.385 0
2114.979 0
2115.574 0
2116.169 0
2116.764 0
2117.359 0
2117.953 1
2118.548 0
2119.143 0
2119.738 0
2120.333 0
2120.928 0
2121.523 0
2122.118 0
2122.713 0
2123.308 0
2123.904 0
2124.499 0
2125.094 0
2125.689 0
2126.285 0
2126.880 0
2127.475 0
2128.070 0
2128.666 0
2129.261 0
2129.857 0
2130.452 0
2131.048 0
2131.643 0
2132.239 0
2132.834 0
2133.430 0
2134.026 0
2134.621 0
2135.217 0
2135.813 0
2136.409 0
2137.004 0
2137.600 0
2138.196 0
2138.792 0
2139.388 0
2139.984 0
2140.580 0
2141.176 0
2141.772 1
2142.368 0
2142.964 0
2143.560 0
2144.156 0
2144.753 0
2145.349 0
2145.945 1
2146.541 0
2147.138 0
2147.734 0
2148.330 0
2148.927 0
2149.523 0
2150.120 0
2150.716 0
2151.313 0
2151.909 0
2152.506 0
2153.102 0
2153.699 0
2154.296 0
2154.892 0
2155.489 0
2156.086 0
2156.682 0
2157.279 0
2157.876 0
2158.473 0
2159.070 0
2159.667 0
2160.264 0
2160.861 0
2161.458 0
2162.055 0
2162.652 0
2163.249 0
2163.846 0
2164.443 0
2165.040 0
2165.638 0
2166.235 0
2166.832 0
2167.430 0
2168.027 0
2168.624 0
2169.222 0
2169.819 0
2170.417 0
2171.014 0
2171.612 0
2172.209 0
2172.807 0
2173.404 1
2174.002 0
2174.600 0
2175.197 0
2175.795 0
2176.393 0
2176.991 0
2177.588 0
2178.186 0
2178.784 0
2179.382 0
2179.980 0
2180.578 0
2181.176 0
2181.774 0
2182.372 0
2182.970 0
2183.568 0
2184.166 0
2184.764 0
2185.363 0
2185.961 0
2186.559 0
2187.157 0
2187.756 0
2188.354 0
2188.952 0
2189.551 0
2190.149 0
2190.748 0
2191.346 0
2191.945 0
2192.543 0
2193.142 0
2193.740 0
2194.339 0
2194.938 0
2195.536 0
2196.135 0
2196.734 0
2197.333 0
2197.932 0
2198.530 0
2199.129 0
2199.728 0
2200.327 0
2200.926 0
2201.525 0
2202.124 0
2202.723 0
2203.322 0
2203.921 0
2204.521 0
2205.120 0
2205.719 0
2206.318 0
2206.917 0
2207.517 0
2208.116 0
2208.715 0
2209.315 90
