1576079433301 2019_12_11_09_50_33_301 2.734449 0.478300  0.000014786
2019_12_11_09_50_33_303 1576079433303 2 1 156 77.7091  
2019_12_11_09_50_33_303 1576079433303 2 1 4095 2209.31  
2019_12_11_09_50_33_303 1576079433303 2 1 4095 2209.31  
2019_12_11_09_50_33_303 1576079433303 2 1 280 137.818  
2019_12_11_09_50_33_303 1576079433303 2 1 2577 1333.5  
2019_12_11_09_50_33_303 1576079433303 2 1 889 439.629  
2019_12_11_09_50_33_303 1576079433303 2 1 854 421.986  
2019_12_11_09_50_33_303 1576079433303 2 1 617 303.474  
2019_12_11_09_50_33_303 1576079433303 2 1 184 91.2422  
2019_12_11_09_50_33_304 1576079433304 3 2 226 111.585  
2019_12_11_09_50_33_304 1576079433304 3 2 206 101.892  
2019_12_11_09_50_33_304 1576079433304 3 2 127 63.717  
2019_12_11_09_50_33_304 1576079433304 3 2 1100 546.755  
2019_12_11_09_50_33_304 1576079433304 3 2 392 192.5  
2019_12_11_09_50_33_304 1576079433304 3 2 476 233.755  
2019_12_11_09_50_33_304 1576079433304 3 2 88 44.9393  
2019_12_11_09_50_33_304 1576079433304 3 2 2071 1056.71  
2019_12_11_09_50_33_305 1576079433305 4 2 220 108.676  
2019_12_11_09_50_33_305 1576079433305 4 2 4095 2209.31  
2019_12_11_09_50_33_305 1576079433305 4 2 521 255.942  
2019_12_11_09_50_33_305 1576079433305 4 2 253 124.691  
2019_12_11_09_50_33_305 1576079433305 4 2 248 122.262  
2019_12_11_09_50_33_305 1576079433305 4 2 268 131.981  
2019_12_11_09_50_33_305 1576079433305 4 2 777 383.3  
2019_12_11_09_50_33_305 1576079433305 4 2 428 210.155  
2019_12_11_09_50_33_305 1576079433305 4 2 108 54.5633  
2019_12_11_09_50_33_306 1576079433306 5 3 1689 852.763  
2019_12_11_09_50_33_306 1576079433306 5 3 4095 2209.31  
2019_12_11_09_50_33_306 1576079433306 5 3 1174 584.637  
2019_12_11_09_50_33_306 1576079433306 5 3 902 446.191  
2019_12_11_09_50_33_306 1576079433306 5 3 667 328.339  
2019_12_11_09_50_33_371 1576079433371 70 68 338 166.089  
2019_12_11_09_50_33_389 1576079433389 88 86 284 139.764  
2019_12_11_09_50_33_429 1576079433429 128 126 386 189.561  
2019_12_11_09_50_33_549 1576079433549 248 245 184 91.2422  
2019_12_11_09_50_33_551 1576079433551 250 247 1115 554.421  
2019_12_11_09_50_33_563 1576079433563 262 259 738 363.773  
2019_12_11_09_50_33_620 1576079433620 319 316 117 58.898  
2019_12_11_09_50_33_654 1576079433654 353 350 453 222.439  
2019_12_11_09_50_33_655 1576079433655 354 351 165 82.0565  
2019_12_11_09_50_33_673 1576079433673 372 369 279 137.331  
2019_12_11_09_50_33_703 1576079433703 402 399 231 114.011  
2019_12_11_09_50_33_714 1576079433714 413 410 184 91.2422  
2019_12_11_09_50_33_780 1576079433780 479 476 236 116.437  
2019_12_11_09_50_33_807 1576079433807 506 503 198 98.0175  
2019_12_11_09_50_33_823 1576079433823 522 519 282 138.791  
2019_12_11_09_50_33_853 1576079433853 552 549 306 150.479  
2019_12_11_09_50_33_891 1576079433891 590 587 1576 793.26  
2019_12_11_09_50_33_914 1576079433914 613 610 369 181.24  
2019_12_11_09_50_33_915 1576079433915 614 611 916 453.263  
2019_12_11_09_50_33_943 1576079433943 642 639 236 116.437  
2019_12_11_09_50_33_947 1576079433947 646 642 221 109.161  
2019_12_11_09_50_33_968 1576079433968 667 663 939 464.895  
2019_12_11_09_50_33_994 1576079433994 693 689 966 478.57  
2019_12_11_09_50_34_052 1576079434052 751 747 237 116.922  
2019_12_11_09_50_34_101 1576079434101 800 796 195 96.5652  
2019_12_11_09_50_34_118 1576079434118 817 813 2495 1288.13  
2019_12_11_09_50_34_161 1576079434161 860 856 201 99.4701  
2019_12_11_09_50_34_162 1576079434162 861 857 231 114.011  
2019_12_11_09_50_34_196 1576079434196 895 891 268 131.981  
2019_12_11_09_50_34_251 1576079434251 950 946 106 53.6004  
2019_12_11_09_50_34_253 1576079434253 952 948 621 305.461  
2019_12_11_09_50_34_284 1576079434284 983 979 260 128.092  
2019_12_11_09_50_34_327 1576079434327 1026 1022 260 128.092  
2019_12_11_09_50_34_416 1576079434416 1115 1111 411 201.813  
2019_12_11_09_50_34_417 1576079434417 1116 1112 1333 666.581  
2019_12_11_09_50_34_465 1576079434465 1164 1160 350 171.951  
2019_12_11_09_50_34_469 1576079434469 1168 1164 723 356.274  
2019_12_11_09_50_34_487 1576079434487 1186 1181 432 212.119  
2019_12_11_09_50_34_510 1576079434510 1209 1204 312 153.403  
2019_12_11_09_50_34_527 1576079434527 1226 1221 221 109.161  
2019_12_11_09_50_34_527 1576079434527 1226 1221 202 99.9544  
2019_12_11_09_50_34_543 1576079434543 1242 1237 223 110.131  
2019_12_11_09_50_34_553 1576079434553 1252 1247 574 282.15  
2019_12_11_09_50_34_569 1576079434569 1268 1263 246 121.291  
2019_12_11_09_50_34_658 1576079434658 1357 1352 177 87.8568  
2019_12_11_09_50_34_689 1576079434689 1388 1383 626 307.944  
2019_12_11_09_50_34_726 1576079434726 1425 1420 419 205.738  
2019_12_11_09_50_34_730 1576079434730 1429 1424 276 135.872  
2019_12_11_09_50_34_751 1576079434751 1450 1445 194 96.0811  
2019_12_11_09_50_34_759 1576079434759 1458 1453 137 68.5391  
2019_12_11_09_50_34_761 1576079434761 1460 1455 267 131.495  
2019_12_11_09_50_34_932 1576079434932 1631 1626 407 199.852  
2019_12_11_09_50_34_932 1576079434932 1631 1626 244 120.32  
2019_12_11_09_50_35_046 1576079435046 1745 1740 164 81.5733  
2019_12_11_09_50_35_073 1576079435073 1772 1767 927 458.824  
2019_12_11_09_50_35_143 1576079435143 1842 1836 1333 666.581  
2019_12_11_09_50_35_151 1576079435151 1850 1844 473 232.278  
2019_12_11_09_50_35_157 1576079435157 1856 1850 384 188.582  
2019_12_11_09_50_35_160 1576079435160 1859 1853 284 139.764  
2019_12_11_09_50_35_173 1576079435173 1872 1866 348 170.973  
2019_12_11_09_50_35_186 1576079435186 1885 1879 274 134.899  
2019_12_11_09_50_35_203 1576079435203 1902 1896 248 122.262  
2019_12_11_09_50_35_247 1576079435247 1946 1940 979 485.161  
2019_12_11_09_50_35_280 1576079435280 1979 1973 408 200.342  
2019_12_11_09_50_35_310 1576079435310 2009 2003 242 119.349  
2019_12_11_09_50_35_312 1576079435312 2011 2005 324 159.256  
2019_12_11_09_50_35_327 1576079435327 2026 2020 269 132.467  
2019_12_11_09_50_35_361 1576079435361 2060 2054 180 89.3075  
2019_12_11_09_50_35_363 1576079435363 2062 2056 1010 500.9  
2019_12_11_09_50_35_381 1576079435381 2080 2074 297 146.094  
2019_12_11_09_50_35_385 1576079435385 2084 2078 612 300.992  
2019_12_11_09_50_35_437 1576079435437 2136 2130 385 189.072  
2019_12_11_09_50_35_445 1576079435445 2144 2137 203 100.439  
2019_12_11_09_50_35_454 1576079435454 2153 2146 241 118.864  
2019_12_11_09_50_35_483 1576079435483 2182 2175 577 283.636  
2019_12_11_09_50_35_494 1576079435494 2193 2186 261 128.578  
2019_12_11_09_50_35_497 1576079435497 2196 2189 153 76.2605  
2019_12_11_09_50_35_500 1576079435500 2199 2192 4095 2209.31  
2019_12_11_09_50_35_510 1576079435510 2209 2202 1840 932.865  
2019_12_11_09_50_35_567 1576079435567 2266 2259 316 155.354  
2019_12_11_09_50_35_573 1576079435573 2272 2265 191 94.6291  
2019_12_11_09_50_35_649 1576079435649 2348 2341 506 248.54  
2019_12_11_09_50_35_653 1576079435653 2352 2345 77 39.6512  
2019_12_11_09_50_35_675 1576079435675 2374 2367 1533 770.716  
2019_12_11_09_50_35_756 1576079435756 2455 2448 1332 666.063  
2019_12_11_09_50_35_762 1576079435762 2461 2454 204 100.923  
2019_12_11_09_50_35_767 1576079435767 2466 2459 370 181.73  
2019_12_11_09_50_35_772 1576079435772 2471 2464 369 181.24  
2019_12_11_09_50_35_775 1576079435775 2474 2467 200 98.9859  
2019_12_11_09_50_35_782 1576079435782 2481 2473 2365 1216.61  
2019_12_11_09_50_35_822 1576079435822 2521 2513 345 169.508  
2019_12_11_09_50_35_823 1576079435823 2522 2514 763 376.285  
2019_12_11_09_50_35_830 1576079435830 2529 2521 73 37.7291  
2019_12_11_09_50_35_841 1576079435841 2540 2532 643 316.394  
2019_12_11_09_50_35_891 1576079435891 2590 2582 414 203.285  
2019_12_11_09_50_35_914 1576079435914 2613 2605 601 295.533  
2019_12_11_09_50_35_931 1576079435931 2630 2622 1320 659.853  
2019_12_11_09_50_35_949 1576079435949 2648 2640 394 193.48  
2019_12_11_09_50_35_978 1576079435978 2677 2669 375 184.176  
2019_12_11_09_50_36_002 1576079436002 2701 2693 434 213.102  
2019_12_11_09_50_36_061 1576079436061 2760 2752 249 122.748  
2019_12_11_09_50_36_112 1576079436112 2811 2803 271 133.44  
2019_12_11_09_50_36_144 1576079436144 2843 2835 481 236.218  
2019_12_11_09_50_36_175 1576079436175 2874 2866 269 132.467  
2019_12_11_09_50_36_209 1576079436209 2908 2900 459 225.389  
2019_12_11_09_50_36_236 1576079436236 2935 2927 129 64.6812  
2019_12_11_09_50_36_272 1576079436272 2971 2962 636 312.914  
2019_12_11_09_50_36_272 1576079436272 2971 2962 288 141.711  
2019_12_11_09_50_36_351 1576079436351 3050 3041 353 173.417  
2019_12_11_09_50_36_371 1576079436371 3070 3061 944 467.426  
2019_12_11_09_50_36_399 1576079436399 3098 3089 684 336.809  
2019_12_11_09_50_36_401 1576079436401 3100 3091 881 435.593  
2019_12_11_09_50_36_463 1576079436463 3162 3153 178 88.3403  
2019_12_11_09_50_36_466 1576079436466 3165 3156 145 72.3988  
2019_12_11_09_50_36_483 1576079436483 3182 3173 925 457.813  
2019_12_11_09_50_36_499 1576079436499 3198 3189 374 183.687  
2019_12_11_09_50_36_510 1576079436510 3209 3200 343 168.531  
2019_12_11_09_50_36_535 1576079436535 3234 3225 369 181.24  
2019_12_11_09_50_36_536 1576079436536 3235 3226 746 367.775  
2019_12_11_09_50_36_537 1576079436537 3236 3227 200 98.9859  
2019_12_11_09_50_36_552 1576079436552 3251 3242 1651 832.711  
2019_12_11_09_50_36_555 1576079436555 3254 3245 223 110.131  
2019_12_11_09_50_36_558 1576079436558 3257 3248 424 208.192  
2019_12_11_09_50_36_573 1576079436573 3272 3262 331 162.672  
2019_12_11_09_50_36_595 1576079436595 3294 3284 103 52.1562  
2019_12_11_09_50_36_604 1576079436604 3303 3293 263 129.55  
2019_12_11_09_50_36_675 1576079436675 3374 3364 273 134.412  
2019_12_11_09_50_36_687 1576079436687 3386 3376 1220 608.267  
2019_12_11_09_50_36_703 1576079436703 3402 3392 222 109.646  
2019_12_11_09_50_36_752 1576079436752 3451 3441 499 245.088  
2019_12_11_09_50_36_839 1576079436839 3538 3528 315 154.866  
2019_12_11_09_50_36_840 1576079436840 3539 3529 1284 641.248  
2019_12_11_09_50_36_871 1576079436871 3570 3560 526 258.411  
2019_12_11_09_50_36_876 1576079436876 3575 3565 878 434.08  
2019_12_11_09_50_36_897 1576079436897 3596 3586 505 248.047  
2019_12_11_09_50_36_909 1576079436909 3608 3598 116 58.4162  
2019_12_11_09_50_36_920 1576079436920 3619 3609 330 162.184  
2019_12_11_09_50_36_932 1576079436932 3631 3621 251 123.719  
2019_12_11_09_50_36_946 1576079436946 3645 3635 1047 519.723  
2019_12_11_09_50_36_947 1576079436947 3646 3636 1310 654.681  
2019_12_11_09_50_36_950 1576079436950 3649 3639 2828 1473.62  
2019_12_11_09_50_36_967 1576079436967 3666 3655 268 131.981  
2019_12_11_09_50_37_023 1576079437023 3722 3711 1321 660.37  
2019_12_11_09_50_37_031 1576079437031 3730 3719 332 163.16  
2019_12_11_09_50_37_035 1576079437035 3734 3723 784 386.81  
2019_12_11_09_50_37_051 1576079437051 3750 3739 227 112.07  
2019_12_11_09_50_37_063 1576079437063 3762 3751 286 140.738  
2019_12_11_09_50_37_064 1576079437064 3763 3752 333 163.648  
2019_12_11_09_50_37_065 1576079437065 3764 3753 218 107.707  
2019_12_11_09_50_37_114 1576079437114 3813 3802 552 271.261  
2019_12_11_09_50_37_127 1576079437127 3826 3815 266 131.008  
2019_12_11_09_50_37_131 1576079437131 3830 3819 144 71.9162  
2019_12_11_09_50_37_153 1576079437153 3852 3841 1396 699.256  
2019_12_11_09_50_37_173 1576079437173 3872 3861 1307 653.13  
2019_12_11_09_50_37_209 1576079437209 3908 3897 264 130.036  
2019_12_11_09_50_37_217 1576079437217 3916 3905 2335 1200.18  
2019_12_11_09_50_37_288 1576079437288 3987 3976 357 175.372  
2019_12_11_09_50_37_290 1576079437290 3989 3978 475 233.263  
2019_12_11_09_50_37_294 1576079437294 3993 3981 569 279.674  
2019_12_11_09_50_37_344 1576079437344 4043 4031 927 458.824  
2019_12_11_09_50_37_360 1576079437360 4059 4047 951 470.97  
2019_12_11_09_50_37_367 1576079437367 4066 4054 178 88.3403  
2019_12_11_09_50_37_375 1576079437375 4074 4062 518 254.461  
2019_12_11_09_50_37_392 1576079437392 4091 4079 1315 657.267  
2019_12_11_09_50_37_410 1576079437410 4109 4097 172 85.4395  
2019_12_11_09_50_37_414 1576079437414 4113 4101 69 35.8075  
2019_12_11_09_50_37_479 1576079437479 4178 4166 506 248.54  
2019_12_11_09_50_37_500 1576079437500 4199 4187 1342 671.242  
2019_12_11_09_50_37_514 1576079437514 4213 4201 557 273.735  
2019_12_11_09_50_37_519 1576079437519 4218 4206 283 139.278  
2019_12_11_09_50_37_559 1576079437559 4258 4246 239 117.893  
2019_12_11_09_50_37_640 1576079437640 4339 4327 603 296.526  
2019_12_11_09_50_37_645 1576079437645 4344 4332 422 207.21  
2019_12_11_09_50_37_744 1576079437744 4443 4431 325 159.744  
2019_12_11_09_50_37_769 1576079437769 4468 4456 659 324.355  
2019_12_11_09_50_37_782 1576079437782 4481 4468 280 137.818  
2019_12_11_09_50_37_790 1576079437790 4489 4476 1974 1004.51  
2019_12_11_09_50_37_809 1576079437809 4508 4495 444 218.014  
2019_12_11_09_50_37_844 1576079437844 4543 4530 1032 512.087  
2019_12_11_09_50_37_855 1576079437855 4554 4541 193 95.5971  
2019_12_11_09_50_37_860 1576079437860 4559 4546 98 49.7499  
2019_12_11_09_50_37_884 1576079437884 4583 4570 541 265.822  
2019_12_11_09_50_37_889 1576079437889 4588 4575 152 75.7777  
2019_12_11_09_50_37_919 1576079437919 4618 4605 594 292.062  
2019_12_11_09_50_37_938 1576079437938 4637 4624 329 161.696  
2019_12_11_09_50_37_947 1576079437947 4646 4633 145 72.3988  
2019_12_11_09_50_37_951 1576079437951 4650 4637 315 154.866  
2019_12_11_09_50_37_970 1576079437970 4669 4656 350 171.951  
2019_12_11_09_50_37_971 1576079437971 4670 4657 488 239.666  
2019_12_11_09_50_37_976 1576079437976 4675 4662 826 407.898  
2019_12_11_09_50_37_991 1576079437991 4690 4677 447 219.489  
2019_12_11_09_50_38_039 1576079438039 4738 4725 176 87.3733  
2019_12_11_09_50_38_090 1576079438090 4789 4775 1331 665.546  
2019_12_11_09_50_38_102 1576079438102 4801 4787 331 162.672  
2019_12_11_09_50_38_110 1576079438110 4809 4795 190 94.1452  
2019_12_11_09_50_38_113 1576079438113 4812 4798 55 29.0857  
2019_12_11_09_50_38_157 1576079438157 4856 4842 326 160.232  
2019_12_11_09_50_38_162 1576079438162 4861 4847 140 69.9862  
2019_12_11_09_50_38_199 1576079438199 4898 4884 527 258.905  
2019_12_11_09_50_38_200 1576079438200 4899 4885 548 269.283  
2019_12_11_09_50_38_244 1576079438244 4943 4929 1341 670.724  
2019_12_11_09_50_38_271 1576079438271 4970 4956 297 146.094  
2019_12_11_09_50_38_272 1576079438272 4971 4957 211 104.314  
2019_12_11_09_50_38_295 1576079438295 4994 4980 554 272.251  
2019_12_11_09_50_38_298 1576079438298 4997 4983 258 127.12  
2019_12_11_09_50_38_300 1576079438300 4999 4985 933 461.859  
2019_12_11_09_50_38_302 1576079438302 5001 4987 1349 674.868  
2019_12_11_09_50_38_308 1576079438308 5007 4993 285 140.251  
2019_12_11_09_50_38_334 1576079438334 5033 5019 543 266.811  
2019_12_11_09_50_38_343 1576079438343 5042 5027 1340 670.206  
2019_12_11_09_50_38_347 1576079438347 5046 5031 201 99.4701  
2019_12_11_09_50_38_348 1576079438348 5047 5032 536 263.351  
2019_12_11_09_50_38_354 1576079438354 5053 5038 182 90.2748  
2019_12_11_09_50_38_385 1576079438385 5084 5069 4095 2209.31  
2019_12_11_09_50_38_391 1576079438391 5090 5075 978 484.654  
2019_12_11_09_50_38_392 1576079438392 5091 5076 831 410.412  
2019_12_11_09_50_38_398 1576079438398 5097 5082 245 120.805  
2019_12_11_09_50_38_415 1576079438415 5114 5099 1363 682.126  
2019_12_11_09_50_38_424 1576079438424 5123 5108 769 379.291  
2019_12_11_09_50_38_427 1576079438427 5126 5111 213 105.283  
2019_12_11_09_50_38_448 1576079438448 5147 5132 244 120.32  
2019_12_11_09_50_38_455 1576079438455 5154 5139 1348 674.35  
2019_12_11_09_50_38_462 1576079438462 5161 5146 728 358.773  
2019_12_11_09_50_38_467 1576079438467 5166 5151 1341 670.724  
2019_12_11_09_50_38_494 1576079438494 5193 5178 245 120.805  
2019_12_11_09_50_38_536 1576079438536 5235 5220 890 440.133  
2019_12_11_09_50_38_541 1576079438541 5240 5225 1275 636.603  
2019_12_11_09_50_38_543 1576079438543 5242 5226 1324 661.923  
2019_12_11_09_50_38_546 1576079438546 5245 5229 133 66.6099  
2019_12_11_09_50_38_547 1576079438547 5246 5230 253 124.691  
2019_12_11_09_50_38_548 1576079438548 5247 5231 291 143.172  
2019_12_11_09_50_38_562 1576079438562 5261 5245 767 378.289  
2019_12_11_09_50_38_576 1576079438576 5275 5259 1350 675.386  
2019_12_11_09_50_38_577 1576079438577 5276 5260 197 97.5334  
2019_12_11_09_50_38_613 1576079438613 5312 5296 428 210.155  
2019_12_11_09_50_38_614 1576079438614 5313 5297 375 184.176  
2019_12_11_09_50_38_619 1576079438619 5318 5302 884 437.106  
2019_12_11_09_50_38_673 1576079438673 5372 5356 1129 561.582  
2019_12_11_09_50_38_689 1576079438689 5388 5372 998 494.804  
2019_12_11_09_50_38_695 1576079438695 5394 5378 81 41.5738  
2019_12_11_09_50_38_748 1576079438748 5447 5431 1102 547.777  
2019_12_11_09_50_38_753 1576079438753 5452 5436 317 155.841  
2019_12_11_09_50_38_780 1576079438780 5479 5463 253 124.691  
2019_12_11_09_50_38_788 1576079438788 5487 5471 246 121.291  
2019_12_11_09_50_38_795 1576079438795 5494 5477 191 94.6291  
2019_12_11_09_50_38_815 1576079438815 5514 5497 498 244.595  
2019_12_11_09_50_38_829 1576079438829 5528 5511 152 75.7777  
2019_12_11_09_50_38_842 1576079438842 5541 5524 118 59.3797  
2019_12_11_09_50_38_850 1576079438850 5549 5532 734 361.773  
2019_12_11_09_50_38_879 1576079438879 5578 5561 710 349.781  
2019_12_11_09_50_38_882 1576079438882 5581 5564 697 343.293  
2019_12_11_09_50_38_883 1576079438883 5582 5565 1339 669.688  
2019_12_11_09_50_38_894 1576079438894 5593 5576 272 133.926  
2019_12_11_09_50_38_911 1576079438911 5610 5593 180 89.3075  
2019_12_11_09_50_38_919 1576079438919 5618 5601 225 111.1  
2019_12_11_09_50_38_934 1576079438934 5633 5616 143 71.4337  
2019_12_11_09_50_38_952 1576079438952 5651 5634 424 208.192  
2019_12_11_09_50_38_982 1576079438982 5681 5664 471 231.294  
2019_12_11_09_50_39_005 1576079439005 5704 5687 294 144.633  
2019_12_11_09_50_39_022 1576079439022 5721 5704 1376 688.87  
2019_12_11_09_50_39_067 1576079439067 5766 5749 341 167.554  
2019_12_11_09_50_39_085 1576079439085 5784 5766 138 69.0214  
2019_12_11_09_50_39_102 1576079439102 5801 5783 306 150.479  
2019_12_11_09_50_39_119 1576079439119 5818 5800 1400 701.334  
2019_12_11_09_50_39_120 1576079439120 5819 5801 198 98.0175  
2019_12_11_09_50_39_127 1576079439127 5826 5808 245 120.805  
2019_12_11_09_50_39_132 1576079439132 5831 5813 118 59.3797  
2019_12_11_09_50_39_141 1576079439141 5840 5822 249 122.748  
2019_12_11_09_50_39_149 1576079439149 5848 5830 226 111.585  
2019_12_11_09_50_39_170 1576079439170 5869 5851 258 127.12  
2019_12_11_09_50_39_171 1576079439171 5870 5852 113 56.9711  
2019_12_11_09_50_39_178 1576079439178 5877 5859 484 237.695  
2019_12_11_09_50_39_203 1576079439203 5902 5884 2541 1313.56  
2019_12_11_09_50_39_217 1576079439217 5916 5898 569 279.674  
2019_12_11_09_50_39_227 1576079439227 5926 5908 710 349.781  
2019_12_11_09_50_39_271 1576079439271 5970 5952 601 295.533  
2019_12_11_09_50_39_287 1576079439287 5986 5968 628 308.938  
2019_12_11_09_50_39_311 1576079439311 6010 5992 207 102.376  
2019_12_11_09_50_39_330 1576079439330 6029 6010 810 399.858  
2019_12_11_09_50_39_337 1576079439337 6036 6017 1326 662.958  
2019_12_11_09_50_39_358 1576079439358 6057 6038 154 76.7433  
2019_12_11_09_50_39_382 1576079439382 6081 6062 205 101.407  
2019_12_11_09_50_39_396 1576079439396 6095 6076 173 85.9229  
2019_12_11_09_50_39_399 1576079439399 6098 6079 503 247.06  
2019_12_11_09_50_39_407 1576079439407 6106 6087 1314 656.75  
2019_12_11_09_50_39_418 1576079439418 6117 6098 1066 529.404  
2019_12_11_09_50_39_435 1576079439435 6134 6115 1249 623.197  
2019_12_11_09_50_39_436 1576079439436 6135 6116 337 165.601  
2019_12_11_09_50_39_456 1576079439456 6155 6136 364 178.795  
2019_12_11_09_50_39_461 1576079439461 6160 6141 236 116.437  
2019_12_11_09_50_39_469 1576079439469 6168 6149 254 125.177  
2019_12_11_09_50_39_479 1576079439479 6178 6159 1340 670.206  
2019_12_11_09_50_39_480 1576079439480 6179 6160 86 43.9776  
2019_12_11_09_50_39_483 1576079439483 6182 6163 114 57.4528  
2019_12_11_09_50_39_487 1576079439487 6186 6167 607 298.51  
2019_12_11_09_50_39_488 1576079439488 6187 6167 1347 673.832  
2019_12_11_09_50_39_507 1576079439507 6206 6186 441 216.54  
2019_12_11_09_50_39_540 1576079439540 6239 6219 107 54.0818  
2019_12_11_09_50_39_579 1576079439579 6278 6258 275 135.385  
2019_12_11_09_50_39_581 1576079439581 6280 6260 159 79.1579  
2019_12_11_09_50_39_591 1576079439591 6290 6270 311 152.916  
2019_12_11_09_50_39_592 1576079439592 6291 6271 364 178.795  
2019_12_11_09_50_39_593 1576079439593 6292 6272 627 308.441  
2019_12_11_09_50_39_613 1576079439613 6312 6292 474 232.771  
2019_12_11_09_50_39_669 1576079439669 6368 6348 1433 718.501  
2019_12_11_09_50_39_678 1576079439678 6377 6357 906 448.211  
2019_12_11_09_50_39_688 1576079439688 6387 6367 456 223.914  
2019_12_11_09_50_39_737 1576079439737 6436 6416 295 145.12  
2019_12_11_09_50_39_752 1576079439752 6451 6431 1251 624.227  
2019_12_11_09_50_39_784 1576079439784 6483 6463 209 103.345  
2019_12_11_09_50_39_790 1576079439790 6489 6469 499 245.088  
2019_12_11_09_50_39_809 1576079439809 6508 6488 1138 566.188  
2019_12_11_09_50_39_853 1576079439853 6552 6532 352 172.928  
2019_12_11_09_50_39_872 1576079439872 6571 6550 1323 661.405  
2019_12_11_09_50_39_931 1576079439931 6630 6609 1244 620.621  
2019_12_11_09_50_39_986 1576079439986 6685 6664 735 362.273  
2019_12_11_09_50_40_003 1576079440003 6702 6681 170 84.4728  
2019_12_11_09_50_40_037 1576079440037 6736 6715 1357 679.015  
2019_12_11_09_50_40_058 1576079440058 6757 6736 171 84.9561  
2019_12_11_09_50_40_066 1576079440066 6765 6744 755 372.279  
2019_12_11_09_50_40_098 1576079440098 6797 6776 881 435.593  
2019_12_11_09_50_40_114 1576079440114 6813 6792 60 31.4857  
2019_12_11_09_50_40_116 1576079440116 6815 6794 532 261.375  
2019_12_11_09_50_40_125 1576079440125 6824 6803 1340 670.206  
2019_12_11_09_50_40_153 1576079440153 6852 6831 421 206.719  
2019_12_11_09_50_40_180 1576079440180 6879 6858 307 150.966  
2019_12_11_09_50_40_181 1576079440181 6880 6859 347 170.485  
2019_12_11_09_50_40_207 1576079440207 6906 6885 202 99.9544  
2019_12_11_09_50_40_227 1576079440227 6926 6905 721 355.275  
2019_12_11_09_50_40_244 1576079440244 6943 6922 322 158.28  
2019_12_11_09_50_40_261 1576079440261 6960 6938 1354 677.46  
2019_12_11_09_50_40_265 1576079440265 6964 6942 585 287.6  
2019_12_11_09_50_40_266 1576079440266 6965 6943 279 137.331  
2019_12_11_09_50_40_272 1576079440272 6971 6949 79 40.6124  
2019_12_11_09_50_40_273 1576079440273 6972 6950 956 473.502  
2019_12_11_09_50_40_288 1576079440288 6987 6965 174 86.4063  
2019_12_11_09_50_40_307 1576079440307 7006 6984 286 140.738  
2019_12_11_09_50_40_337 1576079440337 7036 7014 281 138.304  
2019_12_11_09_50_40_342 1576079440342 7041 7019 309 151.941  
2019_12_11_09_50_40_352 1576079440352 7051 7029 1364 682.644  
2019_12_11_09_50_40_357 1576079440357 7056 7034 82 42.0545  
2019_12_11_09_50_40_366 1576079440366 7065 7043 339 166.577  
2019_12_11_09_50_40_374 1576079440374 7073 7051 905 447.706  
2019_12_11_09_50_40_436 1576079440436 7135 7113 323 158.768  
2019_12_11_09_50_40_440 1576079440440 7139 7117 225 111.1  
2019_12_11_09_50_40_449 1576079440449 7148 7126 4095 2209.31  
2019_12_11_09_50_40_455 1576079440455 7154 7132 1372 686.794  
2019_12_11_09_50_40_470 1576079440470 7169 7146 648 318.881  
2019_12_11_09_50_40_476 1576079440476 7175 7152 1370 685.757  
2019_12_11_09_50_40_492 1576079440492 7191 7168 278 136.845  
2019_12_11_09_50_40_511 1576079440511 7210 7187 1317 658.301  
2019_12_11_09_50_40_516 1576079440516 7215 7192 172 85.4395  
2019_12_11_09_50_40_533 1576079440533 7232 7209 653 321.369  
2019_12_11_09_50_40_552 1576079440552 7251 7228 395 193.97  
2019_12_11_09_50_40_558 1576079440558 7257 7234 374 183.687  
2019_12_11_09_50_40_583 1576079440583 7282 7259 378 185.644  
2019_12_11_09_50_40_620 1576079440620 7319 7296 180 89.3075  
2019_12_11_09_50_40_658 1576079440658 7357 7334 171 84.9561  
2019_12_11_09_50_40_670 1576079440670 7369 7346 332 163.16  
2019_12_11_09_50_40_676 1576079440676 7375 7352 177 87.8568  
2019_12_11_09_50_40_679 1576079440679 7378 7355 522 256.436  
2019_12_11_09_50_40_680 1576079440680 7379 7356 1934 983.07  
2019_12_11_09_50_40_684 1576079440684 7383 7360 877 433.576  
2019_12_11_09_50_40_706 1576079440706 7405 7382 491 241.144  
2019_12_11_09_50_40_721 1576079440721 7420 7396 358 175.861  
2019_12_11_09_50_40_724 1576079440724 7423 7399 1055 523.798  
2019_12_11_09_50_40_732 1576079440732 7431 7407 443 217.523  
2019_12_11_09_50_40_733 1576079440733 7432 7408 1292 645.379  
2019_12_11_09_50_40_734 1576079440734 7433 7409 110 55.5264  
2019_12_11_09_50_40_751 1576079440751 7450 7426 352 172.928  
2019_12_11_09_50_40_757 1576079440757 7456 7432 443 217.523  
2019_12_11_09_50_41_025 1576079441025 7724 7700 394 193.48  
2019_12_11_09_50_41_026 1576079441026 7725 7701 241 118.864  
2019_12_11_09_50_41_027 1576079441027 7726 7702 1003 497.344  
2019_12_11_09_50_41_028 1576079441028 7727 7703 185 91.726  
2019_12_11_09_50_41_028 1576079441028 7727 7703 482 236.71  
2019_12_11_09_50_41_028 1576079441028 7727 7703 420 206.229  
2019_12_11_09_50_41_028 1576079441028 7727 7703 639 314.405  
2019_12_11_09_50_41_028 1576079441028 7727 7703 1267 632.476  
2019_12_11_09_50_41_028 1576079441028 7727 7703 183 90.7585  
2019_12_11_09_50_41_028 1576079441028 7727 7703 1294 646.412  
2019_12_11_09_50_41_028 1576079441028 7727 7702 176 87.3733  
2019_12_11_09_50_41_029 1576079441029 7728 7703 623 306.454  
2019_12_11_09_50_41_029 1576079441029 7728 7703 386 189.561  
2019_12_11_09_50_41_029 1576079441029 7728 7703 130 65.1633  
2019_12_11_09_50_41_029 1576079441029 7728 7703 1355 677.978  
2019_12_11_09_50_41_042 1576079441042 7741 7716 115 57.9345  
2019_12_11_09_50_41_101 1576079441101 7800 7775 253 124.691  
2019_12_11_09_50_41_140 1576079441140 7839 7814 382 187.603  
2019_12_11_09_50_41_171 1576079441171 7870 7845 447 219.489  
2019_12_11_09_50_41_179 1576079441179 7878 7853 175 86.8898  
2019_12_11_09_50_41_187 1576079441187 7886 7861 487 239.173  
2019_12_11_09_50_41_211 1576079441211 7910 7885 280 137.818  
2019_12_11_09_50_41_215 1576079441215 7914 7889 347 170.485  
2019_12_11_09_50_41_331 1576079441331 8030 8005 1327 663.475  
2019_12_11_09_50_41_344 1576079441344 8043 8018 456 223.914  
2019_12_11_09_50_41_384 1576079441384 8083 8058 178 88.3403  
2019_12_11_09_50_41_407 1576079441407 8106 8081 947 468.944  
2019_12_11_09_50_41_408 1576079441408 8107 8082 182 90.2748  
2019_12_11_09_50_41_508 1576079441508 8207 8181 150 74.8121  
2019_12_11_09_50_41_525 1576079441525 8224 8198 744 366.774  
2019_12_11_09_50_41_527 1576079441527 8226 8200 236 116.437  
2019_12_11_09_50_41_554 1576079441554 8253 8227 203 100.439  
2019_12_11_09_50_41_578 1576079441578 8277 8251 184 91.2422  
2019_12_11_09_50_41_593 1576079441593 8292 8266 446 218.997  
2019_12_11_09_50_41_616 1576079441616 8315 8289 237 116.922  
2019_12_11_09_50_41_666 1576079441666 8365 8339 703 346.287  
2019_12_11_09_50_41_675 1576079441675 8374 8348 819 404.38  
2019_12_11_09_50_41_751 1576079441751 8450 8424 111 56.0079  
2019_12_11_09_50_41_802 1576079441802 8501 8475 522 256.436  
2019_12_11_09_50_41_803 1576079441803 8502 8476 328 161.208  
2019_12_11_09_50_41_826 1576079441826 8525 8499 392 192.5  
2019_12_11_09_50_41_874 1576079441874 8573 8547 3010 1576.38  
2019_12_11_09_50_41_892 1576079441892 8591 8565 580 285.122  
2019_12_11_09_50_41_896 1576079441896 8595 8569 238 117.407  
2019_12_11_09_50_41_908 1576079441908 8607 8581 4095 2209.31  
2019_12_11_09_50_41_922 1576079441922 8621 8594 1683 849.594  
2019_12_11_09_50_41_925 1576079441925 8624 8597 564 277.199  
2019_12_11_09_50_41_931 1576079441931 8630 8603 2490 1285.37  
2019_12_11_09_50_41_951 1576079441951 8650 8623 221 109.161  
2019_12_11_09_50_41_969 1576079441969 8668 8641 195 96.5652  
2019_12_11_09_50_41_975 1576079441975 8674 8647 166 82.5397  
2019_12_11_09_50_41_990 1576079441990 8689 8662 1387 694.581  
2019_12_11_09_50_41_992 1576079441992 8691 8664 1131 562.605  
2019_12_11_09_50_42_067 1576079442067 8766 8739 568 279.179  
2019_12_11_09_50_42_102 1576079442102 8801 8774 953 471.983  
2019_12_11_09_50_42_104 1576079442104 8803 8776 412 202.304  
2019_12_11_09_50_42_108 1576079442108 8807 8780 140 69.9862  
2019_12_11_09_50_42_150 1576079442150 8849 8822 551 270.767  
2019_12_11_09_50_42_174 1576079442174 8873 8846 82 42.0545  
2019_12_11_09_50_42_189 1576079442189 8888 8861 1227 611.869  
2019_12_11_09_50_42_217 1576079442217 8916 8889 267 131.495  
2019_12_11_09_50_42_316 1576079442316 9015 8988 882 436.097  
2019_12_11_09_50_42_342 1576079442342 9041 9013 641 315.4  
2019_12_11_09_50_42_353 1576079442353 9052 9024 382 187.603  
2019_12_11_09_50_42_367 1576079442367 9066 9038 4095 2209.31  
2019_12_11_09_50_42_386 1576079442386 9085 9057 1729 873.916  
2019_12_11_09_50_42_404 1576079442404 9103 9075 1375 688.351  
2019_12_11_09_50_42_409 1576079442409 9108 9080 489 240.159  
2019_12_11_09_50_42_478 1576079442478 9177 9149 218 107.707  
2019_12_11_09_50_42_519 1576079442519 9218 9190 1395 698.736  
2019_12_11_09_50_42_552 1576079442552 9251 9223 295 145.12  
2019_12_11_09_50_42_598 1576079442598 9297 9269 373 183.197  
2019_12_11_09_50_42_614 1576079442614 9313 9285 1398 700.295  
2019_12_11_09_50_42_642 1576079442642 9341 9313 695 342.295  
2019_12_11_09_50_42_645 1576079442645 9344 9316 240 118.378  
2019_12_11_09_50_42_676 1576079442676 9375 9347 318 156.329  
2019_12_11_09_50_42_684 1576079442684 9383 9355 191 94.6291  
2019_12_11_09_50_42_693 1576079442693 9392 9364 499 245.088  
2019_12_11_09_50_42_743 1576079442743 9442 9414 477 234.248  
2019_12_11_09_50_42_755 1576079442755 9454 9425 131 65.6455  
2019_12_11_09_50_42_810 1576079442810 9509 9480 361 177.328  
2019_12_11_09_50_43_073 1576079443073 9772 9743 477 234.248  
2019_12_11_09_50_43_074 1576079443074 9773 9744 429 210.646  
2019_12_11_09_50_43_075 1576079443075 9774 9745 679 334.317  
2019_12_11_09_50_43_076 1576079443076 9775 9746 4095 2209.31  
2019_12_11_09_50_43_076 1576079443076 9775 9746 894 442.152  
2019_12_11_09_50_43_076 1576079443076 9775 9746 205 101.407  
2019_12_11_09_50_43_076 1576079443076 9775 9746 433 212.611  
2019_12_11_09_50_43_130 1576079443130 9829 9800 147 73.3641  
2019_12_11_09_50_43_170 1576079443170 9869 9840 388 190.541  
2019_12_11_09_50_43_239 1576079443239 9938 9909 155 77.2262  
2019_12_11_09_50_43_249 1576079443249 9948 9919 140 69.9862  
2019_12_11_09_50_43_262 1576079443262 9961 9932 235 115.951  
2019_12_11_09_50_43_263 1576079443263 9962 9933 484 237.695  
2019_12_11_09_50_43_305 1576079443305 10004 9975 259 127.606  
2019_12_11_09_50_43_312 1576079443312 10011 9982 221 109.161  
2019_12_11_09_50_43_329 1576079443329 10028 9998 1994 1015.25  
2019_12_11_09_50_43_333 1576079443333 10032 10002 125 62.753  
2019_12_11_09_50_43_355 1576079443355 10054 10024 185 91.726  
2019_12_11_09_50_43_374 1576079443374 10073 10043 243 119.834  
2019_12_11_09_50_43_394 1576079443394 10093 10063 75 38.6901  
2019_12_11_09_50_43_401 1576079443401 10100 10070 128 64.1991  
2019_12_11_09_50_43_409 1576079443409 10108 10078 228 112.555  
2019_12_11_09_50_43_495 1576079443495 10194 10164 153 76.2605  
2019_12_11_09_50_43_500 1576079443500 10199 10169 1288 643.313  
2019_12_11_09_50_43_508 1576079443508 10207 10177 291 143.172  
2019_12_11_09_50_43_524 1576079443524 10223 10193 467 229.325  
2019_12_11_09_50_43_555 1576079443555 10254 10224 283 139.278  
2019_12_11_09_50_43_563 1576079443563 10262 10232 140 69.9862  
2019_12_11_09_50_43_589 1576079443589 10288 10258 243 119.834  
2019_12_11_09_50_43_635 1576079443635 10334 10304 3174 1669.81  
2019_12_11_09_50_43_643 1576079443643 10342 10312 265 130.522  
2019_12_11_09_50_43_689 1576079443689 10388 10358 1337 668.652  
2019_12_11_09_50_43_708 1576079443708 10407 10377 285 140.251  
2019_12_11_09_50_43_722 1576079443722 10421 10390 221 109.161  
2019_12_11_09_50_43_781 1576079443781 10480 10449 4095 2209.31  
2019_12_11_09_50_43_798 1576079443798 10497 10466 450 220.964  
2019_12_11_09_50_43_806 1576079443806 10505 10474 198 98.0175  
2019_12_11_09_50_43_864 1576079443864 10563 10532 403 197.891  
2019_12_11_09_50_43_869 1576079443869 10568 10537 298 146.581  
2019_12_11_09_50_43_870 1576079443870 10569 10538 390 191.52  
2019_12_11_09_50_43_878 1576079443878 10577 10546 292 143.659  
2019_12_11_09_50_43_937 1576079443937 10636 10605 915 452.758  
2019_12_11_09_50_43_986 1576079443986 10685 10654 323 158.768  
2019_12_11_09_50_44_030 1576079444030 10729 10698 927 458.824  
2019_12_11_09_50_44_061 1576079444061 10760 10729 333 163.648  
2019_12_11_09_50_44_100 1576079444100 10799 10768 167 83.0229  
2019_12_11_09_50_44_135 1576079444135 10834 10803 620 304.964  
2019_12_11_09_50_44_202 1576079444202 10901 10870 153 76.2605  
2019_12_11_09_50_44_207 1576079444207 10906 10875 276 135.872  
2019_12_11_09_50_44_210 1576079444210 10909 10878 428 210.155  
2019_12_11_09_50_44_211 1576079444211 10910 10878 265 130.522  
2019_12_11_09_50_44_279 1576079444279 10978 10946 273 134.412  
2019_12_11_09_50_44_318 1576079444318 11017 10985 644 316.892  
2019_12_11_09_50_44_323 1576079444323 11022 10990 131 65.6455  
2019_12_11_09_50_44_346 1576079444346 11045 11013 234 115.466  
2019_12_11_09_50_44_377 1576079444377 11076 11044 2027 1033  
2019_12_11_09_50_44_393 1576079444393 11092 11060 407 199.852  
2019_12_11_09_50_44_408 1576079444408 11107 11075 227 112.07  
2019_12_11_09_50_44_416 1576079444416 11115 11083 1188 591.823  
2019_12_11_09_50_44_489 1576079444489 11188 11156 261 128.578  
2019_12_11_09_50_44_595 1576079444595 11294 11262 134 67.0921  
2019_12_11_09_50_44_604 1576079444604 11303 11271 128 64.1991  
2019_12_11_09_50_44_608 1576079444608 11307 11275 468 229.817  
2019_12_11_09_50_44_633 1576079444633 11332 11300 309 151.941  
2019_12_11_09_50_44_639 1576079444639 11338 11306 109 55.0448  
2019_12_11_09_50_44_737 1576079444737 11436 11404 377 185.155  
2019_12_11_09_50_44_828 1576079444828 11527 11495 198 98.0175  
2019_12_11_09_50_44_848 1576079444848 11547 11514 4095 2209.31  
2019_12_11_09_50_45_121 1576079445121 11820 11787 2257 1157.58  
2019_12_11_09_50_45_122 1576079445122 11821 11788 333 163.648  
2019_12_11_09_50_45_123 1576079445123 11822 11789 358 175.861  
2019_12_11_09_50_45_123 1576079445123 11822 11789 201 99.4701  
2019_12_11_09_50_45_124 1576079445124 11823 11790 4095 2209.31  
2019_12_11_09_50_45_124 1576079445124 11823 11790 4095 2209.31  
2019_12_11_09_50_45_124 1576079445124 11823 11790 227 112.07  
2019_12_11_09_50_45_124 1576079445124 11823 11790 2302 1182.13  
2019_12_11_09_50_45_124 1576079445124 11823 11790 150 74.8121  
2019_12_11_09_50_45_124 1576079445124 11823 11790 2214 1134.17  
2019_12_11_09_50_45_125 1576079445125 11824 11791 237 116.922  
2019_12_11_09_50_45_138 1576079445138 11837 11804 196 97.0493  
2019_12_11_09_50_45_196 1576079445196 11895 11862 283 139.278  
2019_12_11_09_50_45_257 1576079445257 11956 11923 681 335.314  
2019_12_11_09_50_45_300 1576079445300 11999 11966 485 238.188  
2019_12_11_09_50_45_301 1576079445301 12000 11967 970 480.597  
2019_12_11_09_50_45_345 1576079445345 12044 12010 518 254.461  
2019_12_11_09_50_45_359 1576079445359 12058 12024 418 205.247  
2019_12_11_09_50_45_370 1576079445370 12069 12035 1052 522.269  
2019_12_11_09_50_45_378 1576079445378 12077 12043 595 292.557  
2019_12_11_09_50_45_398 1576079445398 12097 12063 343 168.531  
2019_12_11_09_50_45_402 1576079445402 12101 12067 316 155.354  
2019_12_11_09_50_45_420 1576079445420 12119 12085 366 179.773  
2019_12_11_09_50_45_440 1576079445440 12139 12105 179 88.8239  
2019_12_11_09_50_45_468 1576079445468 12167 12133 444 218.014  
2019_12_11_09_50_45_499 1576079445499 12198 12164 265 130.522  
2019_12_11_09_50_45_541 1576079445541 12240 12206 161 80.124  
2019_12_11_09_50_45_606 1576079445606 12305 12271 216 106.737  
2019_12_11_09_50_45_609 1576079445609 12308 12274 100 50.7123  
2019_12_11_09_50_45_628 1576079445628 12327 12293 467 229.325  
2019_12_11_09_50_45_683 1576079445683 12382 12348 238 117.407  
2019_12_11_09_50_45_697 1576079445697 12396 12362 173 85.9229  
2019_12_11_09_50_45_730 1576079445730 12429 12395 773 381.295  
2019_12_11_09_50_45_737 1576079445737 12436 12401 176 87.3733  
2019_12_11_09_50_45_755 1576079445755 12454 12419 404 198.381  
2019_12_11_09_50_45_767 1576079445767 12466 12431 270 132.953  
2019_12_11_09_50_45_791 1576079445791 12490 12455 4095 2209.31  
2019_12_11_09_50_45_796 1576079445796 12495 12460 1394 698.217  
2019_12_11_09_50_45_880 1576079445880 12579 12544 312 153.403  
2019_12_11_09_50_45_886 1576079445886 12585 12550 103 52.1562  
2019_12_11_09_50_45_924 1576079445924 12623 12588 558 274.23  
2019_12_11_09_50_45_925 1576079445925 12624 12589 166 82.5397  
2019_12_11_09_50_45_926 1576079445926 12625 12590 1687 851.706  
2019_12_11_09_50_45_943 1576079445943 12642 12607 1157 575.92  
2019_12_11_09_50_45_977 1576079445977 12676 12641 300 147.555  
2019_12_11_09_50_46_003 1576079446003 12702 12667 297 146.094  
2019_12_11_09_50_46_089 1576079446089 12788 12753 366 179.773  
2019_12_11_09_50_46_108 1576079446108 12807 12772 220 108.676  
2019_12_11_09_50_46_109 1576079446109 12808 12773 285 140.251  
2019_12_11_09_50_46_111 1576079446111 12810 12775 171 84.9561  
2019_12_11_09_50_46_130 1576079446130 12829 12794 534 262.363  
2019_12_11_09_50_46_148 1576079446148 12847 12811 1113 553.398  
2019_12_11_09_50_46_171 1576079446171 12870 12834 369 181.24  
2019_12_11_09_50_46_208 1576079446208 12907 12871 299 147.068  
2019_12_11_09_50_46_216 1576079446216 12915 12879 381 187.113  
2019_12_11_09_50_46_252 1576079446252 12951 12915 487 239.173  
2019_12_11_09_50_46_272 1576079446272 12971 12935 721 355.275  
2019_12_11_09_50_46_313 1576079446313 13012 12976 96 48.7875  
2019_12_11_09_50_46_318 1576079446318 13017 12981 330 162.184  
2019_12_11_09_50_46_399 1576079446399 13098 13062 475 233.263  
2019_12_11_09_50_46_454 1576079446454 13153 13117 172 85.4395  
2019_12_11_09_50_46_468 1576079446468 13167 13131 2377 1223.19  
2019_12_11_09_50_46_484 1576079446484 13183 13147 592 291.07  
2019_12_11_09_50_46_515 1576079446515 13214 13178 426 209.173  
2019_12_11_09_50_46_557 1576079446557 13256 13220 209 103.345  
2019_12_11_09_50_46_593 1576079446593 13292 13256 225 111.1  
2019_12_11_09_50_46_596 1576079446596 13295 13259 638 313.908  
2019_12_11_09_50_46_822 1576079446822 13521 13485 278 136.845  
2019_12_11_09_50_46_853 1576079446853 13552 13515 75 38.6901  
2019_12_11_09_50_47_169 1576079447169 13868 13831 186 92.2098  
2019_12_11_09_50_47_170 1576079447170 13869 13832 797 393.332  
2019_12_11_09_50_47_171 1576079447171 13870 13833 187 92.6936  
2019_12_11_09_50_47_171 1576079447171 13870 13833 682 335.812  
2019_12_11_09_50_47_172 1576079447172 13871 13834 403 197.891  
2019_12_11_09_50_47_172 1576079447172 13871 13834 1924 977.717  
2019_12_11_09_50_47_172 1576079447172 13871 13834 395 193.97  
2019_12_11_09_50_47_172 1576079447172 13871 13834 1256 626.804  
2019_12_11_09_50_47_172 1576079447172 13871 13834 211 104.314  
2019_12_11_09_50_47_172 1576079447172 13871 13834 351 172.439  
2019_12_11_09_50_47_172 1576079447172 13871 13834 244 120.32  
2019_12_11_09_50_47_172 1576079447172 13871 13834 244 120.32  
2019_12_11_09_50_47_173 1576079447173 13872 13835 232 114.496  
2019_12_11_09_50_47_173 1576079447173 13872 13835 82 42.0545  
2019_12_11_09_50_47_173 1576079447173 13872 13835 140 69.9862  
2019_12_11_09_50_47_194 1576079447194 13893 13856 438 215.066  
2019_12_11_09_50_47_200 1576079447200 13899 13861 428 210.155  
2019_12_11_09_50_47_228 1576079447228 13927 13889 251 123.719  
2019_12_11_09_50_47_357 1576079447357 14056 14018 138 69.0214  
2019_12_11_09_50_47_373 1576079447373 14072 14034 895 442.657  
2019_12_11_09_50_47_459 1576079447459 14158 14120 517 253.968  
2019_12_11_09_50_47_490 1576079447490 14189 14151 887 438.619  
2019_12_11_09_50_47_588 1576079447588 14287 14249 156 77.7091  
2019_12_11_09_50_47_613 1576079447613 14312 14274 486 238.681  
2019_12_11_09_50_47_624 1576079447624 14323 14285 183 90.7585  
2019_12_11_09_50_47_655 1576079447655 14354 14316 207 102.376  
2019_12_11_09_50_47_705 1576079447705 14404 14366 213 105.283  
2019_12_11_09_50_47_736 1576079447736 14435 14397 76 39.1707  
2019_12_11_09_50_47_758 1576079447758 14457 14419 105 53.119  
2019_12_11_09_50_47_762 1576079447762 14461 14423 422 207.21  
2019_12_11_09_50_47_968 1576079447968 14667 14629 149 74.3294  
2019_12_11_09_50_47_973 1576079447973 14672 14634 1839 932.332  
2019_12_11_09_50_47_985 1576079447985 14684 14646 108 54.5633  
2019_12_11_09_50_47_986 1576079447986 14685 14646 246 121.291  
2019_12_11_09_50_47_993 1576079447993 14692 14653 123 61.789  
2019_12_11_09_50_48_009 1576079448009 14708 14669 522 256.436  
2019_12_11_09_50_48_019 1576079448019 14718 14679 289 142.198  
2019_12_11_09_50_48_020 1576079448020 14719 14680 154 76.7433  
2019_12_11_09_50_48_036 1576079448036 14735 14696 116 58.4162  
2019_12_11_09_50_48_051 1576079448051 14750 14711 211 104.314  
2019_12_11_09_50_48_088 1576079448088 14787 14748 150 74.8121  
2019_12_11_09_50_48_100 1576079448100 14799 14760 169 83.9894  
2019_12_11_09_50_48_111 1576079448111 14810 14771 462 226.865  
2019_12_11_09_50_48_129 1576079448129 14828 14789 626 307.944  
2019_12_11_09_50_48_179 1576079448179 14878 14839 215 106.252  
2019_12_11_09_50_48_184 1576079448184 14883 14844 245 120.805  
2019_12_11_09_50_48_185 1576079448185 14884 14845 479 235.233  
2019_12_11_09_50_48_264 1576079448264 14963 14924 1814 919.024  
2019_12_11_09_50_48_288 1576079448288 14987 14948 133 66.6099  
2019_12_11_09_50_48_313 1576079448313 15012 14973 293 144.146  
2019_12_11_09_50_48_323 1576079448323 15022 14982 241 118.864  
2019_12_11_09_50_48_351 1576079448351 15050 15010 683 336.311  
2019_12_11_09_50_48_363 1576079448363 15062 15022 1047 519.723  
2019_12_11_09_50_48_396 1576079448396 15095 15055 124 62.271  
2019_12_11_09_50_48_411 1576079448411 15110 15070 439 215.558  
2019_12_11_09_50_48_500 1576079448500 15199 15159 154 76.7433  
2019_12_11_09_50_48_535 1576079448535 15234 15194 288 141.711  
2019_12_11_09_50_48_644 1576079448644 15343 15303 284 139.764  
2019_12_11_09_50_48_678 1576079448678 15377 15337 148 73.8467  
2019_12_11_09_50_48_728 1576079448728 15427 15387 173 85.9229  
2019_12_11_09_50_48_769 1576079448769 15468 15428 310 152.428  
2019_12_11_09_50_48_784 1576079448784 15483 15443 179 88.8239  
2019_12_11_09_50_48_833 1576079448833 15532 15492 237 116.922  
2019_12_11_09_50_48_836 1576079448836 15535 15495 406 199.361  
2019_12_11_09_50_48_943 1576079448943 15642 15602 301 148.042  
2019_12_11_09_50_48_947 1576079448947 15646 15606 125 62.753  
2019_12_11_09_50_49_217 1576079449217 15916 15876 634 311.92  
2019_12_11_09_50_49_218 1576079449218 15917 15877 165 82.0565  
2019_12_11_09_50_49_219 1576079449219 15918 15877 366 179.773  
2019_12_11_09_50_49_219 1576079449219 15918 15877 167 83.0229  
2019_12_11_09_50_49_220 1576079449220 15919 15878 110 55.5264  
2019_12_11_09_50_49_220 1576079449220 15919 15878 422 207.21  
2019_12_11_09_50_49_220 1576079449220 15919 15878 417 204.757  
2019_12_11_09_50_49_303 1576079449303 16002 15961 2695 1399.14  
2019_12_11_09_50_49_341 1576079449341 16040 15999 365 179.284  
2019_12_11_09_50_49_361 1576079449361 16060 16019 270 132.953  
2019_12_11_09_50_49_384 1576079449384 16083 16042 407 199.852  
2019_12_11_09_50_49_396 1576079449396 16095 16054 304 149.504  
2019_12_11_09_50_49_474 1576079449474 16173 16132 2538 1311.9  
2019_12_11_09_50_49_539 1576079449539 16238 16197 314 154.378  
2019_12_11_09_50_49_586 1576079449586 16285 16244 102 51.6749  
2019_12_11_09_50_49_622 1576079449622 16321 16280 271 133.44  
2019_12_11_09_50_49_624 1576079449624 16323 16282 250 123.234  
2019_12_11_09_50_49_673 1576079449673 16372 16331 213 105.283  
2019_12_11_09_50_49_784 1576079449784 16483 16442 144 71.9162  
2019_12_11_09_50_49_797 1576079449797 16496 16454 497 244.102  
2019_12_11_09_50_49_809 1576079449809 16508 16466 940 465.401  
2019_12_11_09_50_49_823 1576079449823 16522 16480 387 190.051  
2019_12_11_09_50_49_893 1576079449893 16592 16550 2744 1426.52  
2019_12_11_09_50_49_897 1576079449897 16596 16554 467 229.325  
2019_12_11_09_50_49_979 1576079449979 16678 16636 310 152.428  
2019_12_11_09_50_50_105 1576079450105 16804 16762 904 447.201  
2019_12_11_09_50_50_106 1576079450106 16805 16763 1652 833.238  
2019_12_11_09_50_50_141 1576079450141 16840 16798 77 39.6512  
2019_12_11_09_50_50_170 1576079450170 16869 16827 333 163.648  
2019_12_11_09_50_50_179 1576079450179 16878 16836 604 297.022  
2019_12_11_09_50_50_278 1576079450278 16977 16935 214 105.768  
2019_12_11_09_50_50_290 1576079450290 16989 16947 325 159.744  
2019_12_11_09_50_50_300 1576079450300 16999 16957 1501 753.975  
2019_12_11_09_50_50_355 1576079450355 17054 17012 450 220.964  
2019_12_11_09_50_50_367 1576079450367 17066 17024 1939 985.748  
2019_12_11_09_50_50_475 1576079450475 17174 17132 344 169.019  
2019_12_11_09_50_50_481 1576079450481 17180 17137 131 65.6455  
2019_12_11_09_50_50_496 1576079450496 17195 17152 207 102.376  
2019_12_11_09_50_50_501 1576079450501 17200 17157 137 68.5391  
2019_12_11_09_50_50_612 1576079450612 17311 17268 477 234.248  
2019_12_11_09_50_50_673 1576079450673 17372 17329 198 98.0175  
2019_12_11_09_50_50_680 1576079450680 17379 17336 945 467.932  
2019_12_11_09_50_50_713 1576079450713 17412 17369 104 52.6376  
2019_12_11_09_50_50_775 1576079450775 17474 17431 667 328.339  
2019_12_11_09_50_50_828 1576079450828 17527 17484 321 157.792  
2019_12_11_09_50_50_872 1576079450872 17571 17528 196 97.0493  
2019_12_11_09_50_50_910 1576079450910 17609 17566 667 328.339  
2019_12_11_09_50_50_912 1576079450912 17611 17568 272 133.926  
2019_12_11_09_50_50_938 1576079450938 17637 17594 235 115.951  
2019_12_11_09_50_50_970 1576079450970 17669 17626 253 124.691  
2019_12_11_09_50_51_265 1576079451265 17964 17921 322 158.28  
2019_12_11_09_50_51_266 1576079451266 17965 17922 346 169.996  
2019_12_11_09_50_51_267 1576079451267 17966 17923 4095 2209.31  
2019_12_11_09_50_51_267 1576079451267 17966 17922 1256 626.804  
2019_12_11_09_50_51_268 1576079451268 17967 17923 358 175.861  
2019_12_11_09_50_51_268 1576079451268 17967 17923 179 88.8239  
2019_12_11_09_50_51_268 1576079451268 17967 17923 97 49.2687  
2019_12_11_09_50_51_268 1576079451268 17967 17923 663 326.347  
2019_12_11_09_50_51_278 1576079451278 17977 17933 1187 591.309  
2019_12_11_09_50_51_281 1576079451281 17980 17936 194 96.0811  
2019_12_11_09_50_51_397 1576079451397 18096 18052 308 151.453  
2019_12_11_09_50_51_432 1576079451432 18131 18087 373 183.197  
2019_12_11_09_50_51_453 1576079451453 18152 18108 143 71.4337  
2019_12_11_09_50_51_517 1576079451517 18216 18172 129 64.6812  
2019_12_11_09_50_51_525 1576079451525 18224 18180 312 153.403  
2019_12_11_09_50_51_536 1576079451536 18235 18191 699 344.29  
2019_12_11_09_50_51_543 1576079451543 18242 18198 163 81.0902  
2019_12_11_09_50_51_550 1576079451550 18249 18205 364 178.795  
2019_12_11_09_50_51_590 1576079451590 18289 18245 1518 762.865  
2019_12_11_09_50_51_612 1576079451612 18311 18267 209 103.345  
2019_12_11_09_50_51_618 1576079451618 18317 18272 142 70.9512  
2019_12_11_09_50_51_670 1576079451670 18369 18324 112 56.4895  
2019_12_11_09_50_51_696 1576079451696 18395 18350 215 106.252  
2019_12_11_09_50_51_699 1576079451699 18398 18353 254 125.177  
2019_12_11_09_50_51_703 1576079451703 18402 18357 254 125.177  
2019_12_11_09_50_51_798 1576079451798 18497 18452 746 367.775  
2019_12_11_09_50_51_871 1576079451871 18570 18525 182 90.2748  
2019_12_11_09_50_51_934 1576079451934 18633 18588 83 42.5352  
2019_12_11_09_50_51_939 1576079451939 18638 18593 332 163.16  
2019_12_11_09_50_51_951 1576079451951 18650 18605 191 94.6291  
2019_12_11_09_50_51_990 1576079451990 18689 18644 281 138.304  
2019_12_11_09_50_52_023 1576079452023 18722 18677 117 58.898  
2019_12_11_09_50_52_076 1576079452076 18775 18730 689 339.302  
2019_12_11_09_50_52_171 1576079452171 18870 18825 454 222.93  
2019_12_11_09_50_52_207 1576079452207 18906 18861 353 173.417  
2019_12_11_09_50_52_359 1576079452359 19058 19013 321 157.792  
2019_12_11_09_50_52_361 1576079452361 19060 19015 189 93.6613  
2019_12_11_09_50_52_403 1576079452403 19102 19057 229 113.041  
2019_12_11_09_50_52_422 1576079452422 19121 19075 1535 771.763  
2019_12_11_09_50_52_423 1576079452423 19122 19076 1970 1002.37  
2019_12_11_09_50_52_433 1576079452433 19132 19086 296 145.607  
2019_12_11_09_50_52_454 1576079452454 19153 19107 661 325.351  
2019_12_11_09_50_52_486 1576079452486 19185 19139 542 266.317  
2019_12_11_09_50_52_509 1576079452509 19208 19162 169 83.9894  
2019_12_11_09_50_52_513 1576079452513 19212 19166 140 69.9862  
2019_12_11_09_50_52_534 1576079452534 19233 19187 163 81.0902  
2019_12_11_09_50_52_536 1576079452536 19235 19189 330 162.184  
2019_12_11_09_50_52_560 1576079452560 19259 19213 473 232.278  
2019_12_11_09_50_52_589 1576079452589 19288 19242 563 276.704  
2019_12_11_09_50_52_609 1576079452609 19308 19262 381 187.113  
2019_12_11_09_50_52_624 1576079452624 19323 19277 815 402.37  
2019_12_11_09_50_52_632 1576079452632 19331 19285 271 133.44  
2019_12_11_09_50_52_667 1576079452667 19366 19320 174 86.4063  
2019_12_11_09_50_52_707 1576079452707 19406 19360 214 105.768  
2019_12_11_09_50_52_769 1576079452769 19468 19422 643 316.394  
2019_12_11_09_50_52_773 1576079452773 19472 19425 1061 526.855  
2019_12_11_09_50_52_783 1576079452783 19482 19435 176 87.3733  
2019_12_11_09_50_52_789 1576079452789 19488 19441 1336 668.134  
2019_12_11_09_50_52_803 1576079452803 19502 19455 157 78.192  
2019_12_11_09_50_52_823 1576079452823 19522 19475 338 166.089  
2019_12_11_09_50_52_889 1576079452889 19588 19541 304 149.504  
2019_12_11_09_50_52_896 1576079452896 19595 19548 621 305.461  
2019_12_11_09_50_52_906 1576079452906 19605 19558 256 126.148  
2019_12_11_09_50_52_937 1576079452937 19636 19589 184 91.2422  
2019_12_11_09_50_52_964 1576079452964 19663 19616 2695 1399.14  
2019_12_11_09_50_52_966 1576079452966 19665 19618 419 205.738  
2019_12_11_09_50_52_982 1576079452982 19681 19634 558 274.23  
2019_12_11_09_50_53_314 1576079453314 20013 19966 232 114.496  
2019_12_11_09_50_53_315 1576079453315 20014 19967 226 111.585  
2019_12_11_09_50_53_316 1576079453316 20015 19968 253 124.691  
2019_12_11_09_50_53_316 1576079453316 20015 19968 257 126.634  
2019_12_11_09_50_53_316 1576079453316 20015 19968 220 108.676  
2019_12_11_09_50_53_316 1576079453316 20015 19967 137 68.5391  
2019_12_11_09_50_53_316 1576079453316 20015 19967 539 264.834  
2019_12_11_09_50_53_316 1576079453316 20015 19967 213 105.283  
2019_12_11_09_50_53_328 1576079453328 20027 19979 475 233.263  
2019_12_11_09_50_53_363 1576079453363 20062 20014 85 43.4968  
2019_12_11_09_50_53_405 1576079453405 20104 20056 275 135.385  
2019_12_11_09_50_53_470 1576079453470 20169 20121 277 136.358  
2019_12_11_09_50_53_499 1576079453499 20198 20150 421 206.719  
2019_12_11_09_50_53_502 1576079453502 20201 20153 261 128.578  
2019_12_11_09_50_53_559 1576079453559 20258 20210 163 81.0902  
2019_12_11_09_50_53_560 1576079453560 20259 20211 516 253.474  
2019_12_11_09_50_53_574 1576079453574 20273 20225 908 449.221  
2019_12_11_09_50_53_593 1576079453593 20292 20244 215 106.252  
2019_12_11_09_50_53_604 1576079453604 20303 20255 253 124.691  
2019_12_11_09_50_53_657 1576079453657 20356 20308 229 113.041  
2019_12_11_09_50_53_670 1576079453670 20369 20321 722 355.775  
2019_12_11_09_50_53_678 1576079453678 20377 20329 158 78.675  
2019_12_11_09_50_53_680 1576079453680 20379 20330 141 70.4687  
2019_12_11_09_50_53_690 1576079453690 20389 20340 639 314.405  
2019_12_11_09_50_53_704 1576079453704 20403 20354 257 126.634  
2019_12_11_09_50_53_724 1576079453724 20423 20374 176 87.3733  
2019_12_11_09_50_53_755 1576079453755 20454 20405 291 143.172  
2019_12_11_09_50_53_798 1576079453798 20497 20448 218 107.707  
2019_12_11_09_50_53_862 1576079453862 20561 20512 222 109.646  
2019_12_11_09_50_53_899 1576079453899 20598 20549 480 235.725  
2019_12_11_09_50_53_914 1576079453914 20613 20564 231 114.011  
2019_12_11_09_50_53_928 1576079453928 20627 20578 401 196.91  
2019_12_11_09_50_53_945 1576079453945 20644 20595 859 424.504  
2019_12_11_09_50_53_975 1576079453975 20674 20625 177 87.8568  
2019_12_11_09_50_53_976 1576079453976 20675 20626 55 29.0857  
2019_12_11_09_50_54_017 1576079454017 20716 20667 928 459.33  
2019_12_11_09_50_54_026 1576079454026 20725 20676 2774 1443.32  
2019_12_11_09_50_54_035 1576079454035 20734 20685 162 80.6071  
2019_12_11_09_50_54_076 1576079454076 20775 20726 3288 1735.23  
2019_12_11_09_50_54_090 1576079454090 20789 20739 321 157.792  
2019_12_11_09_50_54_097 1576079454097 20796 20746 527 258.905  
2019_12_11_09_50_54_106 1576079454106 20805 20755 4095 2209.31  
2019_12_11_09_50_54_202 1576079454202 20901 20851 367 180.262  
2019_12_11_09_50_54_207 1576079454207 20906 20856 244 120.32  
2019_12_11_09_50_54_231 1576079454231 20930 20880 723 356.274  
2019_12_11_09_50_54_244 1576079454244 20943 20893 202 99.9544  
2019_12_11_09_50_54_265 1576079454265 20964 20914 729 359.273  
2019_12_11_09_50_54_270 1576079454270 20969 20919 285 140.251  
2019_12_11_09_50_54_293 1576079454293 20992 20942 1386 694.062  
2019_12_11_09_50_54_358 1576079454358 21057 21007 139 69.5038  
2019_12_11_09_50_54_383 1576079454383 21082 21032 285 140.251  
2019_12_11_09_50_54_477 1576079454477 21176 21126 193 95.5971  
2019_12_11_09_50_54_510 1576079454510 21209 21159 155 77.2262  
2019_12_11_09_50_54_529 1576079454529 21228 21178 326 160.232  
2019_12_11_09_50_54_617 1576079454617 21316 21266 469 230.309  
2019_12_11_09_50_54_677 1576079454677 21376 21326 201 99.4701  
2019_12_11_09_50_54_678 1576079454678 21377 21327 139 69.5038  
2019_12_11_09_50_54_692 1576079454692 21391 21340 4095 2209.31  
2019_12_11_09_50_54_696 1576079454696 21395 21344 923 456.802  
2019_12_11_09_50_54_723 1576079454723 21422 21371 224 110.616  
2019_12_11_09_50_54_732 1576079454732 21431 21380 255 125.662  
2019_12_11_09_50_54_804 1576079454804 21503 21452 262 129.064  
2019_12_11_09_50_54_835 1576079454835 21534 21483 317 155.841  
2019_12_11_09_50_54_843 1576079454843 21542 21491 313 153.891  
2019_12_11_09_50_54_876 1576079454876 21575 21524 201 99.4701  
2019_12_11_09_50_54_926 1576079454926 21625 21574 285 140.251  
2019_12_11_09_50_54_956 1576079454956 21655 21604 494 242.623  
2019_12_11_09_50_54_959 1576079454959 21658 21607 467 229.325  
2019_12_11_09_50_55_014 1576079455014 21713 21662 293 144.146  
2019_12_11_09_50_55_037 1576079455037 21736 21685 184 91.2422  
2019_12_11_09_50_55_363 1576079455363 22062 22011 278 136.845  
2019_12_11_09_50_55_364 1576079455364 22063 22012 1153 573.871  
2019_12_11_09_50_55_365 1576079455365 22064 22013 209 103.345  
2019_12_11_09_50_55_365 1576079455365 22064 22013 191 94.6291  
2019_12_11_09_50_55_365 1576079455365 22064 22012 258 127.12  
2019_12_11_09_50_55_365 1576079455365 22064 22012 218 107.707  
2019_12_11_09_50_55_365 1576079455365 22064 22012 234 115.466  
2019_12_11_09_50_55_365 1576079455365 22064 22012 234 115.466  
2019_12_11_09_50_55_365 1576079455365 22064 22012 4095 2209.31  
2019_12_11_09_50_55_365 1576079455365 22064 22012 1114 553.91  
2019_12_11_09_50_55_366 1576079455366 22065 22013 408 200.342  
2019_12_11_09_50_55_366 1576079455366 22065 22013 140 69.9862  
2019_12_11_09_50_55_421 1576079455421 22120 22068 80 41.0931  
2019_12_11_09_50_55_445 1576079455445 22144 22092 550 270.272  
2019_12_11_09_50_55_531 1576079455531 22230 22178 1888 958.469  
2019_12_11_09_50_55_610 1576079455610 22309 22257 40 21.8901  
2019_12_11_09_50_55_696 1576079455696 22395 22343 523 256.93  
2019_12_11_09_50_55_727 1576079455727 22426 22374 343 168.531  
2019_12_11_09_50_55_732 1576079455732 22431 22379 160 79.641  
2019_12_11_09_50_55_762 1576079455762 22461 22409 241 118.864  
2019_12_11_09_50_55_766 1576079455766 22465 22413 288 141.711  
2019_12_11_09_50_55_769 1576079455769 22468 22415 493 242.13  
2019_12_11_09_50_55_770 1576079455770 22469 22416 1500 753.452  
2019_12_11_09_50_55_774 1576079455774 22473 22420 752 370.777  
2019_12_11_09_50_55_782 1576079455782 22481 22428 198 98.0175  
2019_12_11_09_50_55_811 1576079455811 22510 22457 273 134.412  
2019_12_11_09_50_55_891 1576079455891 22590 22537 372 182.708  
2019_12_11_09_50_55_932 1576079455932 22631 22578 242 119.349  
2019_12_11_09_50_55_961 1576079455961 22660 22607 110 55.5264  
2019_12_11_09_50_55_981 1576079455981 22680 22627 100 50.7123  
2019_12_11_09_50_55_982 1576079455982 22681 22628 1637 825.334  
2019_12_11_09_50_56_008 1576079456008 22707 22654 211 104.314  
2019_12_11_09_50_56_015 1576079456015 22714 22661 331 162.672  
2019_12_11_09_50_56_027 1576079456027 22726 22673 542 266.317  
2019_12_11_09_50_56_085 1576079456085 22784 22731 465 228.341  
2019_12_11_09_50_56_086 1576079456086 22785 22732 68 35.3272  
2019_12_11_09_50_56_168 1576079456168 22867 22814 143 71.4337  
2019_12_11_09_50_56_170 1576079456170 22869 22816 294 144.633  
2019_12_11_09_50_56_184 1576079456184 22883 22829 347 170.485  
2019_12_11_09_50_56_200 1576079456200 22899 22845 1139 566.7  
2019_12_11_09_50_56_203 1576079456203 22902 22848 219 108.191  
2019_12_11_09_50_56_233 1576079456233 22932 22878 779 384.303  
2019_12_11_09_50_56_270 1576079456270 22969 22915 349 171.462  
2019_12_11_09_50_56_312 1576079456312 23011 22957 406 199.361  
2019_12_11_09_50_56_359 1576079456359 23058 23004 84 43.016  
2019_12_11_09_50_56_372 1576079456372 23071 23017 312 153.403  
2019_12_11_09_50_56_375 1576079456375 23074 23020 274 134.899  
2019_12_11_09_50_56_435 1576079456435 23134 23080 212 104.799  
2019_12_11_09_50_56_445 1576079456445 23144 23090 444 218.014  
2019_12_11_09_50_56_561 1576079456561 23260 23206 2164 1107.02  
2019_12_11_09_50_56_600 1576079456600 23299 23245 395 193.97  
2019_12_11_09_50_56_611 1576079456611 23310 23256 1585 797.985  
2019_12_11_09_50_56_633 1576079456633 23332 23278 179 88.8239  
2019_12_11_09_50_56_635 1576079456635 23334 23280 313 153.891  
2019_12_11_09_50_56_649 1576079456649 23348 23294 111 56.0079  
2019_12_11_09_50_56_686 1576079456686 23385 23330 267 131.495  
2019_12_11_09_50_56_718 1576079456718 23417 23362 256 126.148  
2019_12_11_09_50_56_755 1576079456755 23454 23399 1933 982.535  
2019_12_11_09_50_56_774 1576079456774 23473 23418 216 106.737  
2019_12_11_09_50_56_775 1576079456775 23474 23419 193 95.5971  
2019_12_11_09_50_56_790 1576079456790 23489 23434 232 114.496  
2019_12_11_09_50_56_796 1576079456796 23495 23440 360 176.839  
2019_12_11_09_50_56_846 1576079456846 23545 23490 225 111.1  
2019_12_11_09_50_56_851 1576079456851 23550 23495 412 202.304  
2019_12_11_09_50_56_866 1576079456866 23565 23510 259 127.606  
2019_12_11_09_50_56_891 1576079456891 23590 23535 800 394.837  
2019_12_11_09_50_56_893 1576079456893 23592 23537 229 113.041  
2019_12_11_09_50_56_894 1576079456894 23593 23538 707 348.283  
2019_12_11_09_50_56_919 1576079456919 23618 23563 2081 1062.11  
2019_12_11_09_50_56_951 1576079456951 23650 23595 2866 1494.99  
2019_12_11_09_50_56_967 1576079456967 23666 23611 138 69.0214  
2019_12_11_09_50_56_969 1576079456969 23668 23613 321 157.792  
2019_12_11_09_50_56_999 1576079456999 23698 23643 206 101.892  
2019_12_11_09_50_57_081 1576079457081 23780 23724 238 117.407  
2019_12_11_09_50_57_105 1576079457105 23804 23748 332 163.16  
2019_12_11_09_50_57_125 1576079457125 23824 23768 658 323.858  
2019_12_11_09_50_57_412 1576079457412 24111 24055 650 319.876  
2019_12_11_09_50_57_412 1576079457412 24111 24055 258 127.12  
2019_12_11_09_50_57_413 1576079457413 24112 24056 122 61.3071  
2019_12_11_09_50_57_414 1576079457414 24113 24057 231 114.011  
2019_12_11_09_50_57_414 1576079457414 24113 24057 1594 802.713  
2019_12_11_09_50_57_414 1576079457414 24113 24057 1572 791.16  
2019_12_11_09_50_57_414 1576079457414 24113 24057 104 52.6376  
2019_12_11_09_50_57_414 1576079457414 24113 24057 328 161.208  
2019_12_11_09_50_57_414 1576079457414 24113 24057 233 114.981  
2019_12_11_09_50_57_414 1576079457414 24113 24057 211 104.314  
2019_12_11_09_50_57_414 1576079457414 24113 24057 152 75.7777  
2019_12_11_09_50_57_414 1576079457414 24113 24057 481 236.218  
2019_12_11_09_50_57_464 1576079457464 24163 24107 157 78.192  
2019_12_11_09_50_57_469 1576079457469 24168 24112 142 70.9512  
2019_12_11_09_50_57_476 1576079457476 24175 24118 2767 1439.39  
2019_12_11_09_50_57_495 1576079457495 24194 24137 161 80.124  
2019_12_11_09_50_57_574 1576079457574 24273 24216 106 53.6004  
2019_12_11_09_50_57_614 1576079457614 24313 24256 395 193.97  
2019_12_11_09_50_57_630 1576079457630 24329 24272 229 113.041  
2019_12_11_09_50_57_641 1576079457641 24340 24283 211 104.314  
2019_12_11_09_50_57_667 1576079457667 24366 24309 190 94.1452  
2019_12_11_09_50_57_675 1576079457675 24374 24317 257 126.634  
2019_12_11_09_50_57_709 1576079457709 24408 24351 121 60.8252  
2019_12_11_09_50_57_830 1576079457830 24529 24472 184 91.2422  
2019_12_11_09_50_57_832 1576079457832 24531 24474 740 364.773  
2019_12_11_09_50_57_876 1576079457876 24575 24518 427 209.664  
2019_12_11_09_50_57_882 1576079457882 24581 24524 547 268.789  
2019_12_11_09_50_57_890 1576079457890 24589 24532 163 81.0902  
2019_12_11_09_50_57_932 1576079457932 24631 24574 655 322.364  
2019_12_11_09_50_57_933 1576079457933 24632 24575 450 220.964  
2019_12_11_09_50_58_005 1576079458005 24704 24647 1086 539.606  
2019_12_11_09_50_58_007 1576079458007 24706 24648 341 167.554  
2019_12_11_09_50_58_034 1576079458034 24733 24675 152 75.7777  
2019_12_11_09_50_58_073 1576079458073 24772 24714 414 203.285  
2019_12_11_09_50_58_087 1576079458087 24786 24728 317 155.841  
2019_12_11_09_50_58_099 1576079458099 24798 24740 1250 623.712  
2019_12_11_09_50_58_111 1576079458111 24810 24752 273 134.412  
2019_12_11_09_50_58_146 1576079458146 24845 24787 485 238.188  
2019_12_11_09_50_58_152 1576079458152 24851 24793 485 238.188  
2019_12_11_09_50_58_153 1576079458153 24852 24794 473 232.278  
2019_12_11_09_50_58_174 1576079458174 24873 24815 170 84.4728  
2019_12_11_09_50_58_188 1576079458188 24887 24829 119 59.8615  
2019_12_11_09_50_58_202 1576079458202 24901 24843 127 63.717  
2019_12_11_09_50_58_203 1576079458203 24902 24844 491 241.144  
2019_12_11_09_50_58_237 1576079458237 24936 24878 481 236.218  
2019_12_11_09_50_58_244 1576079458244 24943 24885 280 137.818  
2019_12_11_09_50_58_278 1576079458278 24977 24919 4095 2209.31  
2019_12_11_09_50_58_301 1576079458301 25000 24942 801 395.339  
