1576085921039 2019_12_11_11_38_41_039 2.734449 0.478300  0.000014786
2019_12_11_11_38_41_053 1576085921053 14 13 166 82.5397  
2019_12_11_11_38_41_069 1576085921069 30 29 992 491.758  
2019_12_11_11_38_41_086 1576085921086 47 46 708 348.782  
2019_12_11_11_38_41_135 1576085921135 96 95 497 244.102  
2019_12_11_11_38_41_139 1576085921139 100 99 1358 679.533  
2019_12_11_11_38_41_143 1576085921143 104 103 117 58.898  
2019_12_11_11_38_41_160 1576085921160 121 120 1388 695.1  
2019_12_11_11_38_41_173 1576085921173 134 133 479 235.233  
2019_12_11_11_38_41_174 1576085921174 135 134 290 142.685  
2019_12_11_11_38_41_178 1576085921178 139 138 413 202.794  
2019_12_11_11_38_41_179 1576085921179 140 139 202 99.9544  
2019_12_11_11_38_41_206 1576085921206 167 166 413 202.794  
2019_12_11_11_38_41_262 1576085921262 223 222 4095 2209.31  
2019_12_11_11_38_41_313 1576085921313 274 273 560 275.219  
2019_12_11_11_38_41_361 1576085921361 322 321 1352 676.423  
2019_12_11_11_38_41_372 1576085921372 333 332 1678 846.954  
2019_12_11_11_38_41_399 1576085921399 360 359 1277 637.635  
2019_12_11_11_38_41_405 1576085921405 366 364 637 313.411  
2019_12_11_11_38_41_433 1576085921433 394 392 502 246.567  
2019_12_11_11_38_41_435 1576085921435 396 394 514 252.487  
2019_12_11_11_38_41_437 1576085921437 398 396 168 83.5062  
2019_12_11_11_38_41_467 1576085921467 428 426 199 98.5017  
2019_12_11_11_38_41_492 1576085921492 453 451 469 230.309  
2019_12_11_11_38_41_494 1576085921494 455 453 210 103.829  
2019_12_11_11_38_41_504 1576085921504 465 463 373 183.197  
2019_12_11_11_38_41_507 1576085921507 468 466 1293 645.896  
2019_12_11_11_38_41_533 1576085921533 494 492 445 218.506  
2019_12_11_11_38_41_538 1576085921538 499 497 314 154.378  
2019_12_11_11_38_41_540 1576085921540 501 499 279 137.331  
2019_12_11_11_38_41_596 1576085921596 557 555 1346 673.314  
2019_12_11_11_38_41_617 1576085921617 578 576 171 84.9561  
2019_12_11_11_38_41_650 1576085921650 611 609 918 454.274  
2019_12_11_11_38_41_666 1576085921666 627 625 141 70.4687  
2019_12_11_11_38_41_699 1576085921699 660 658 187 92.6936  
2019_12_11_11_38_41_700 1576085921700 661 658 902 446.191  
2019_12_11_11_38_41_709 1576085921709 670 667 1961 997.539  
2019_12_11_11_38_41_730 1576085921730 691 688 974 482.625  
2019_12_11_11_38_41_741 1576085921741 702 699 248 122.262  
2019_12_11_11_38_41_748 1576085921748 709 706 320 157.305  
2019_12_11_11_38_41_761 1576085921761 722 719 962 476.542  
2019_12_11_11_38_41_866 1576085921866 827 824 250 123.234  
2019_12_11_11_38_41_913 1576085921913 874 871 198 98.0175  
2019_12_11_11_38_41_945 1576085921945 906 903 386 189.561  
2019_12_11_11_38_41_973 1576085921973 934 931 301 148.042  
2019_12_11_11_38_41_976 1576085921976 937 934 298 146.581  
2019_12_11_11_38_42_006 1576085922006 967 964 174 86.4063  
2019_12_11_11_38_42_025 1576085922025 986 983 222 109.646  
2019_12_11_11_38_42_053 1576085922053 1014 1011 1383 692.504  
2019_12_11_11_38_42_063 1576085922063 1024 1021 437 214.575  
2019_12_11_11_38_42_064 1576085922064 1025 1022 1412 707.573  
2019_12_11_11_38_42_065 1576085922065 1026 1023 593 291.566  
2019_12_11_11_38_42_092 1576085922092 1053 1049 819 404.38  
2019_12_11_11_38_42_096 1576085922096 1057 1053 597 293.549  
2019_12_11_11_38_42_097 1576085922097 1058 1054 1802 912.643  
2019_12_11_11_38_42_126 1576085922126 1087 1083 440 216.049  
2019_12_11_11_38_42_134 1576085922134 1095 1091 139 69.5038  
2019_12_11_11_38_42_185 1576085922185 1146 1142 98 49.7499  
2019_12_11_11_38_42_210 1576085922210 1171 1167 78 40.1318  
2019_12_11_11_38_42_274 1576085922274 1235 1231 383 188.092  
2019_12_11_11_38_42_275 1576085922275 1236 1232 109 55.0448  
2019_12_11_11_38_42_306 1576085922306 1267 1263 361 177.328  
2019_12_11_11_38_42_323 1576085922323 1284 1280 671 330.331  
2019_12_11_11_38_42_339 1576085922339 1300 1296 445 218.506  
2019_12_11_11_38_42_340 1576085922340 1301 1297 362 177.817  
2019_12_11_11_38_42_341 1576085922341 1302 1298 211 104.314  
2019_12_11_11_38_42_371 1576085922371 1332 1328 346 169.996  
2019_12_11_11_38_42_373 1576085922373 1334 1330 544 267.305  
2019_12_11_11_38_42_443 1576085922443 1404 1400 673 331.327  
2019_12_11_11_38_42_449 1576085922449 1410 1405 1315 657.267  
2019_12_11_11_38_42_471 1576085922471 1432 1427 183 90.7585  
2019_12_11_11_38_42_486 1576085922486 1447 1442 744 366.774  
2019_12_11_11_38_42_553 1576085922553 1514 1509 348 170.973  
2019_12_11_11_38_42_562 1576085922562 1523 1518 1387 694.581  
2019_12_11_11_38_42_564 1576085922564 1525 1520 798 393.833  
2019_12_11_11_38_42_571 1576085922571 1532 1527 435 213.593  
2019_12_11_11_38_42_849 1576085922849 1810 1805 222 109.646  
2019_12_11_11_38_42_850 1576085922850 1811 1806 300 147.555  
2019_12_11_11_38_42_851 1576085922851 1812 1807 518 254.461  
2019_12_11_11_38_42_851 1576085922851 1812 1807 709 349.282  
2019_12_11_11_38_42_851 1576085922851 1812 1807 839 414.436  
2019_12_11_11_38_42_852 1576085922852 1813 1808 168 83.5062  
2019_12_11_11_38_42_852 1576085922852 1813 1808 448 219.98  
2019_12_11_11_38_42_852 1576085922852 1813 1808 171 84.9561  
2019_12_11_11_38_42_852 1576085922852 1813 1808 1405 703.933  
2019_12_11_11_38_42_852 1576085922852 1813 1808 196 97.0493  
2019_12_11_11_38_42_852 1576085922852 1813 1808 625 307.448  
2019_12_11_11_38_42_852 1576085922852 1813 1807 142 70.9512  
2019_12_11_11_38_42_912 1576085922912 1873 1867 635 312.417  
2019_12_11_11_38_42_933 1576085922933 1894 1888 209 103.345  
2019_12_11_11_38_42_945 1576085922945 1906 1900 570 280.169  
2019_12_11_11_38_42_957 1576085922957 1918 1912 332 163.16  
2019_12_11_11_38_42_962 1576085922962 1923 1917 662 325.849  
2019_12_11_11_38_42_970 1576085922970 1931 1925 1085 539.096  
2019_12_11_11_38_42_971 1576085922971 1932 1926 202 99.9544  
2019_12_11_11_38_42_982 1576085922982 1943 1937 604 297.022  
2019_12_11_11_38_42_999 1576085922999 1960 1954 318 156.329  
2019_12_11_11_38_43_031 1576085923031 1992 1986 316 155.354  
2019_12_11_11_38_43_047 1576085923047 2008 2002 70 36.2879  
2019_12_11_11_38_43_086 1576085923086 2047 2041 232 114.496  
2019_12_11_11_38_43_096 1576085923096 2057 2051 241 118.864  
2019_12_11_11_38_43_150 1576085923150 2111 2105 1000 495.82  
2019_12_11_11_38_43_167 1576085923167 2128 2122 132 66.1277  
2019_12_11_11_38_43_217 1576085923217 2178 2172 984 487.698  
2019_12_11_11_38_43_233 1576085923233 2194 2187 1318 658.818  
2019_12_11_11_38_43_234 1576085923234 2195 2188 1120 556.978  
2019_12_11_11_38_43_235 1576085923235 2196 2189 3275 1727.75  
2019_12_11_11_38_43_238 1576085923238 2199 2192 239 117.893  
2019_12_11_11_38_43_252 1576085923252 2213 2206 517 253.968  
2019_12_11_11_38_43_264 1576085923264 2225 2218 202 99.9544  
2019_12_11_11_38_43_302 1576085923302 2263 2256 98 49.7499  
2019_12_11_11_38_43_303 1576085923303 2264 2257 607 298.51  
2019_12_11_11_38_43_398 1576085923398 2359 2352 697 343.293  
2019_12_11_11_38_43_425 1576085923425 2386 2379 163 81.0902  
2019_12_11_11_38_43_426 1576085923426 2387 2380 249 122.748  
2019_12_11_11_38_43_440 1576085923440 2401 2394 234 115.466  
2019_12_11_11_38_43_492 1576085923492 2453 2446 2190 1121.13  
2019_12_11_11_38_43_502 1576085923502 2463 2456 244 120.32  
2019_12_11_11_38_43_521 1576085923521 2482 2475 196 97.0493  
2019_12_11_11_38_43_558 1576085923558 2519 2512 192 95.1131  
2019_12_11_11_38_43_586 1576085923586 2547 2540 168 83.5062  
2019_12_11_11_38_43_588 1576085923588 2549 2541 519 254.955  
2019_12_11_11_38_43_592 1576085923592 2553 2545 83 42.5352  
2019_12_11_11_38_43_600 1576085923600 2561 2553 1397 699.775  
2019_12_11_11_38_43_641 1576085923641 2602 2594 1271 634.539  
2019_12_11_11_38_43_661 1576085923661 2622 2614 227 112.07  
2019_12_11_11_38_43_663 1576085923663 2624 2616 154 76.7433  
2019_12_11_11_38_43_676 1576085923676 2637 2629 229 113.041  
2019_12_11_11_38_43_706 1576085923706 2667 2659 245 120.805  
2019_12_11_11_38_43_721 1576085923721 2682 2674 293 144.146  
2019_12_11_11_38_43_723 1576085923723 2684 2676 274 134.899  
2019_12_11_11_38_43_724 1576085923724 2685 2677 719 354.276  
2019_12_11_11_38_43_760 1576085923760 2721 2713 861 425.512  
2019_12_11_11_38_43_765 1576085923765 2726 2718 1415 709.133  
2019_12_11_11_38_43_767 1576085923767 2728 2720 713 351.279  
2019_12_11_11_38_43_820 1576085923820 2781 2773 826 407.898  
2019_12_11_11_38_43_839 1576085923839 2800 2792 282 138.791  
2019_12_11_11_38_43_851 1576085923851 2812 2804 443 217.523  
2019_12_11_11_38_43_876 1576085923876 2837 2828 1310 654.681  
2019_12_11_11_38_43_879 1576085923879 2840 2831 1580 795.359  
2019_12_11_11_38_43_897 1576085923897 2858 2849 191 94.6291  
2019_12_11_11_38_43_909 1576085923909 2870 2861 1320 659.853  
2019_12_11_11_38_43_953 1576085923953 2914 2905 484 237.695  
2019_12_11_11_38_43_954 1576085923954 2915 2906 382 187.603  
2019_12_11_11_38_43_977 1576085923977 2938 2929 437 214.575  
2019_12_11_11_38_43_985 1576085923985 2946 2937 149 74.3294  
2019_12_11_11_38_43_990 1576085923990 2951 2942 255 125.662  
2019_12_11_11_38_44_015 1576085924015 2976 2967 1267 632.476  
2019_12_11_11_38_44_115 1576085924115 3076 3067 727 358.273  
2019_12_11_11_38_44_116 1576085924116 3077 3068 259 127.606  
2019_12_11_11_38_44_131 1576085924131 3092 3083 471 231.294  
2019_12_11_11_38_44_172 1576085924172 3133 3124 612 300.992  
2019_12_11_11_38_44_196 1576085924196 3157 3148 352 172.928  
2019_12_11_11_38_44_226 1576085924226 3187 3178 1372 686.794  
2019_12_11_11_38_44_227 1576085924227 3188 3179 435 213.593  
2019_12_11_11_38_44_244 1576085924244 3205 3195 256 126.148  
2019_12_11_11_38_44_294 1576085924294 3255 3245 496 243.609  
2019_12_11_11_38_44_326 1576085924326 3287 3277 121 60.8252  
2019_12_11_11_38_44_343 1576085924343 3304 3294 259 127.606  
2019_12_11_11_38_44_344 1576085924344 3305 3295 74 38.2096  
2019_12_11_11_38_44_352 1576085924352 3313 3303 325 159.744  
2019_12_11_11_38_44_357 1576085924357 3318 3308 146 72.8814  
2019_12_11_11_38_44_365 1576085924365 3326 3316 613 301.488  
2019_12_11_11_38_44_389 1576085924389 3350 3340 990 490.743  
2019_12_11_11_38_44_391 1576085924391 3352 3342 300 147.555  
2019_12_11_11_38_44_392 1576085924392 3353 3343 174 86.4063  
2019_12_11_11_38_44_396 1576085924396 3357 3347 417 204.757  
2019_12_11_11_38_44_424 1576085924424 3385 3375 318 156.329  
2019_12_11_11_38_44_427 1576085924427 3388 3378 218 107.707  
2019_12_11_11_38_44_449 1576085924449 3410 3400 458 224.897  
2019_12_11_11_38_44_538 1576085924538 3499 3489 668 328.837  
2019_12_11_11_38_44_538 1576085924538 3499 3489 287 141.224  
2019_12_11_11_38_44_542 1576085924542 3503 3493 1029 510.561  
2019_12_11_11_38_44_572 1576085924572 3533 3522 185 91.726  
2019_12_11_11_38_44_587 1576085924587 3548 3537 175 86.8898  
2019_12_11_11_38_44_601 1576085924601 3562 3551 156 77.7091  
2019_12_11_11_38_44_629 1576085924629 3590 3579 90 45.9012  
2019_12_11_11_38_44_898 1576085924898 3859 3848 834 411.921  
2019_12_11_11_38_44_898 1576085924898 3859 3848 932 461.353  
2019_12_11_11_38_44_899 1576085924899 3860 3849 610 299.999  
2019_12_11_11_38_44_900 1576085924900 3861 3850 1385 693.542  
2019_12_11_11_38_44_900 1576085924900 3861 3850 180 89.3075  
2019_12_11_11_38_44_900 1576085924900 3861 3850 1838 931.8  
2019_12_11_11_38_44_900 1576085924900 3861 3850 1345 672.796  
2019_12_11_11_38_44_900 1576085924900 3861 3850 424 208.192  
2019_12_11_11_38_44_900 1576085924900 3861 3850 1338 669.17  
2019_12_11_11_38_44_933 1576085924933 3894 3883 330 162.184  
2019_12_11_11_38_44_988 1576085924988 3949 3938 331 162.672  
2019_12_11_11_38_44_990 1576085924990 3951 3940 362 177.817  
2019_12_11_11_38_45_023 1576085925023 3984 3973 133 66.6099  
2019_12_11_11_38_45_082 1576085925082 4043 4031 435 213.593  
2019_12_11_11_38_45_083 1576085925083 4044 4032 590 290.078  
2019_12_11_11_38_45_084 1576085925084 4045 4033 289 142.198  
2019_12_11_11_38_45_147 1576085925147 4108 4096 4095 2209.31  
2019_12_11_11_38_45_162 1576085925162 4123 4111 503 247.06  
2019_12_11_11_38_45_164 1576085925164 4125 4113 287 141.224  
2019_12_11_11_38_45_184 1576085925184 4145 4133 1288 643.313  
2019_12_11_11_38_45_258 1576085925258 4219 4207 452 221.947  
2019_12_11_11_38_45_293 1576085925293 4254 4242 330 162.184  
2019_12_11_11_38_45_339 1576085925339 4300 4288 171 84.9561  
2019_12_11_11_38_45_340 1576085925340 4301 4289 146 72.8814  
2019_12_11_11_38_45_377 1576085925377 4338 4326 450 220.964  
2019_12_11_11_38_45_382 1576085925382 4343 4331 1327 663.475  
2019_12_11_11_38_45_386 1576085925386 4347 4335 206 101.892  
2019_12_11_11_38_45_405 1576085925405 4366 4354 4095 2209.31  
2019_12_11_11_38_45_573 1576085925573 4534 4522 4095 2209.31  
2019_12_11_11_38_45_613 1576085925613 4574 4562 449 220.472  
2019_12_11_11_38_45_631 1576085925631 4592 4579 1235 615.986  
2019_12_11_11_38_45_734 1576085925734 4695 4682 952 471.476  
2019_12_11_11_38_45_795 1576085925795 4756 4743 4095 2209.31  
2019_12_11_11_38_45_796 1576085925796 4757 4744 452 221.947  
2019_12_11_11_38_45_881 1576085925881 4842 4829 532 261.375  
2019_12_11_11_38_45_891 1576085925891 4852 4839 1384 693.023  
2019_12_11_11_38_45_900 1576085925900 4861 4848 1359 680.052  
2019_12_11_11_38_45_906 1576085925906 4867 4854 1608 810.072  
2019_12_11_11_38_45_926 1576085925926 4887 4874 178 88.3403  
2019_12_11_11_38_45_939 1576085925939 4900 4887 494 242.623  
2019_12_11_11_38_45_960 1576085925960 4921 4908 1926 978.787  
2019_12_11_11_38_45_968 1576085925968 4929 4916 261 128.578  
2019_12_11_11_38_45_991 1576085925991 4952 4939 128 64.1991  
2019_12_11_11_38_46_003 1576085926003 4964 4951 266 131.008  
2019_12_11_11_38_46_012 1576085926012 4973 4960 1287 642.797  
2019_12_11_11_38_46_041 1576085926041 5002 4989 407 199.852  
2019_12_11_11_38_46_049 1576085926049 5010 4997 517 253.968  
2019_12_11_11_38_46_061 1576085926061 5022 5008 205 101.407  
2019_12_11_11_38_46_070 1576085926070 5031 5017 336 165.112  
2019_12_11_11_38_46_071 1576085926071 5032 5018 1351 675.905  
2019_12_11_11_38_46_114 1576085926114 5075 5061 1297 647.962  
2019_12_11_11_38_46_124 1576085926124 5085 5071 405 198.871  
2019_12_11_11_38_46_166 1576085926166 5127 5113 63 32.926  
2019_12_11_11_38_46_173 1576085926173 5134 5120 598 294.045  
2019_12_11_11_38_46_195 1576085926195 5156 5142 692 340.798  
2019_12_11_11_38_46_234 1576085926234 5195 5181 245 120.805  
2019_12_11_11_38_46_255 1576085926255 5216 5202 216 106.737  
2019_12_11_11_38_46_276 1576085926276 5237 5223 253 124.691  
2019_12_11_11_38_46_317 1576085926317 5278 5264 99 50.2311  
2019_12_11_11_38_46_324 1576085926324 5285 5271 209 103.345  
2019_12_11_11_38_46_358 1576085926358 5319 5305 527 258.905  
2019_12_11_11_38_46_359 1576085926359 5320 5306 357 175.372  
2019_12_11_11_38_46_403 1576085926403 5364 5350 442 217.032  
2019_12_11_11_38_46_412 1576085926412 5373 5359 1216 606.21  
2019_12_11_11_38_46_446 1576085926446 5407 5392 1270 634.023  
2019_12_11_11_38_46_462 1576085926462 5423 5408 957 474.009  
2019_12_11_11_38_46_466 1576085926466 5427 5412 1218 607.239  
2019_12_11_11_38_46_470 1576085926470 5431 5416 267 131.495  
2019_12_11_11_38_46_477 1576085926477 5438 5423 186 92.2098  
2019_12_11_11_38_46_487 1576085926487 5448 5433 1347 673.832  
2019_12_11_11_38_46_524 1576085926524 5485 5470 720 354.775  
2019_12_11_11_38_46_560 1576085926560 5521 5506 189 93.6613  
2019_12_11_11_38_46_563 1576085926563 5524 5509 280 137.818  
2019_12_11_11_38_46_594 1576085926594 5555 5540 4095 2209.31  
2019_12_11_11_38_46_605 1576085926605 5566 5551 258 127.12  
2019_12_11_11_38_46_620 1576085926620 5581 5566 277 136.358  
2019_12_11_11_38_46_639 1576085926639 5600 5585 291 143.172  
2019_12_11_11_38_46_674 1576085926674 5635 5620 2004 1020.63  
2019_12_11_11_38_46_946 1576085926946 5907 5892 72 37.2487  
2019_12_11_11_38_46_947 1576085926947 5908 5893 315 154.866  
2019_12_11_11_38_46_948 1576085926948 5909 5894 735 362.273  
2019_12_11_11_38_46_948 1576085926948 5909 5894 251 123.719  
2019_12_11_11_38_46_948 1576085926948 5909 5893 931 460.847  
2019_12_11_11_38_46_948 1576085926948 5909 5893 180 89.3075  
2019_12_11_11_38_46_948 1576085926948 5909 5893 1522 764.958  
2019_12_11_11_38_46_948 1576085926948 5909 5893 503 247.06  
2019_12_11_11_38_46_949 1576085926949 5910 5894 2835 1477.55  
2019_12_11_11_38_46_949 1576085926949 5910 5894 286 140.738  
2019_12_11_11_38_46_949 1576085926949 5910 5894 183 90.7585  
2019_12_11_11_38_46_949 1576085926949 5910 5894 269 132.467  
2019_12_11_11_38_46_949 1576085926949 5910 5894 155 77.2262  
2019_12_11_11_38_46_949 1576085926949 5910 5894 601 295.533  
2019_12_11_11_38_46_975 1576085926975 5936 5920 593 291.566  
2019_12_11_11_38_46_984 1576085926984 5945 5929 544 267.305  
2019_12_11_11_38_47_005 1576085927005 5966 5950 1190 592.849  
2019_12_11_11_38_47_009 1576085927009 5970 5954 1371 686.276  
2019_12_11_11_38_47_021 1576085927021 5982 5966 581 285.618  
2019_12_11_11_38_47_025 1576085927025 5986 5970 324 159.256  
2019_12_11_11_38_47_028 1576085927028 5989 5973 1124 559.024  
2019_12_11_11_38_47_029 1576085927029 5990 5973 2299 1180.49  
2019_12_11_11_38_47_041 1576085927041 6002 5985 689 339.302  
2019_12_11_11_38_47_069 1576085927069 6030 6013 2698 1400.82  
2019_12_11_11_38_47_118 1576085927118 6079 6062 1334 667.099  
2019_12_11_11_38_47_135 1576085927135 6096 6079 276 135.872  
2019_12_11_11_38_47_173 1576085927173 6134 6117 246 121.291  
2019_12_11_11_38_47_188 1576085927188 6149 6132 205 101.407  
2019_12_11_11_38_47_230 1576085927230 6191 6174 461 226.373  
2019_12_11_11_38_47_242 1576085927242 6203 6186 300 147.555  
2019_12_11_11_38_47_327 1576085927327 6288 6271 426 209.173  
2019_12_11_11_38_47_328 1576085927328 6289 6272 259 127.606  
2019_12_11_11_38_47_342 1576085927342 6303 6286 358 175.861  
2019_12_11_11_38_47_346 1576085927346 6307 6290 1294 646.412  
2019_12_11_11_38_47_380 1576085927380 6341 6324 338 166.089  
2019_12_11_11_38_47_413 1576085927413 6374 6357 802 395.841  
2019_12_11_11_38_47_415 1576085927415 6376 6359 162 80.6071  
2019_12_11_11_38_47_437 1576085927437 6398 6381 520 255.449  
2019_12_11_11_38_47_450 1576085927450 6411 6393 412 202.304  
2019_12_11_11_38_47_476 1576085927476 6437 6419 222 109.646  
2019_12_11_11_38_47_496 1576085927496 6457 6439 281 138.304  
2019_12_11_11_38_47_515 1576085927515 6476 6458 1378 689.908  
2019_12_11_11_38_47_523 1576085927523 6484 6466 294 144.633  
2019_12_11_11_38_47_537 1576085927537 6498 6480 760 374.783  
2019_12_11_11_38_47_554 1576085927554 6515 6497 670 329.833  
2019_12_11_11_38_47_584 1576085927584 6545 6527 209 103.345  
2019_12_11_11_38_47_625 1576085927625 6586 6568 116 58.4162  
2019_12_11_11_38_47_653 1576085927653 6614 6596 223 110.131  
2019_12_11_11_38_47_677 1576085927677 6638 6620 195 96.5652  
2019_12_11_11_38_47_688 1576085927688 6649 6631 516 253.474  
2019_12_11_11_38_47_705 1576085927705 6666 6648 480 235.725  
2019_12_11_11_38_47_740 1576085927740 6701 6683 765 377.287  
2019_12_11_11_38_47_755 1576085927755 6716 6698 165 82.0565  
2019_12_11_11_38_47_788 1576085927788 6749 6731 71 36.7683  
2019_12_11_11_38_47_791 1576085927791 6752 6734 352 172.928  
2019_12_11_11_38_47_802 1576085927802 6763 6744 484 237.695  
2019_12_11_11_38_47_852 1576085927852 6813 6794 366 179.773  
2019_12_11_11_38_47_910 1576085927910 6871 6852 936 463.377  
2019_12_11_11_38_47_912 1576085927912 6873 6854 418 205.247  
2019_12_11_11_38_47_936 1576085927936 6897 6878 192 95.1131  
2019_12_11_11_38_47_945 1576085927945 6906 6887 411 201.813  
2019_12_11_11_38_47_961 1576085927961 6922 6903 399 195.93  
2019_12_11_11_38_47_962 1576085927962 6923 6904 283 139.278  
2019_12_11_11_38_48_028 1576085928028 6989 6970 294 144.633  
2019_12_11_11_38_48_051 1576085928051 7012 6993 425 208.683  
2019_12_11_11_38_48_064 1576085928064 7025 7006 214 105.768  
2019_12_11_11_38_48_068 1576085928068 7029 7010 813 401.365  
2019_12_11_11_38_48_071 1576085928071 7032 7013 306 150.479  
2019_12_11_11_38_48_089 1576085928089 7050 7031 106 53.6004  
2019_12_11_11_38_48_100 1576085928100 7061 7042 933 461.859  
2019_12_11_11_38_48_107 1576085928107 7068 7049 154 76.7433  
2019_12_11_11_38_48_126 1576085928126 7087 7068 550 270.272  
2019_12_11_11_38_48_128 1576085928128 7089 7069 457 224.406  
2019_12_11_11_38_48_148 1576085928148 7109 7089 310 152.428  
2019_12_11_11_38_48_190 1576085928190 7151 7131 391 192.01  
2019_12_11_11_38_48_212 1576085928212 7173 7153 339 166.577  
2019_12_11_11_38_48_230 1576085928230 7191 7171 279 137.331  
2019_12_11_11_38_48_242 1576085928242 7203 7183 222 109.646  
2019_12_11_11_38_48_290 1576085928290 7251 7231 968 479.583  
2019_12_11_11_38_48_305 1576085928305 7266 7246 276 135.872  
2019_12_11_11_38_48_390 1576085928390 7351 7331 715 352.278  
2019_12_11_11_38_48_411 1576085928411 7372 7352 468 229.817  
2019_12_11_11_38_48_417 1576085928417 7378 7358 248 122.262  
2019_12_11_11_38_48_464 1576085928464 7425 7405 533 261.869  
2019_12_11_11_38_48_497 1576085928497 7458 7438 720 354.775  
2019_12_11_11_38_48_503 1576085928503 7464 7444 218 107.707  
2019_12_11_11_38_48_506 1576085928506 7467 7447 211 104.314  
2019_12_11_11_38_48_513 1576085928513 7474 7454 907 448.716  
2019_12_11_11_38_48_584 1576085928584 7545 7525 155 77.2262  
2019_12_11_11_38_48_598 1576085928598 7559 7539 397 194.95  
2019_12_11_11_38_48_656 1576085928656 7617 7596 1373 687.313  
2019_12_11_11_38_48_698 1576085928698 7659 7638 262 129.064  
2019_12_11_11_38_48_706 1576085928706 7667 7646 291 143.172  
2019_12_11_11_38_48_707 1576085928707 7668 7647 215 106.252  
2019_12_11_11_38_48_735 1576085928735 7696 7675 376 184.666  
2019_12_11_11_38_48_994 1576085928994 7955 7934 205 101.407  
2019_12_11_11_38_48_995 1576085928995 7956 7935 658 323.858  
2019_12_11_11_38_48_996 1576085928996 7957 7936 350 171.951  
2019_12_11_11_38_48_996 1576085928996 7957 7936 294 144.633  
2019_12_11_11_38_48_996 1576085928996 7957 7936 198 98.0175  
2019_12_11_11_38_48_996 1576085928996 7957 7936 136 68.0567  
2019_12_11_11_38_48_997 1576085928997 7958 7937 1197 596.445  
2019_12_11_11_38_48_997 1576085928997 7958 7937 124 62.271  
2019_12_11_11_38_48_997 1576085928997 7958 7937 4095 2209.31  
2019_12_11_11_38_48_997 1576085928997 7958 7937 1291 644.863  
2019_12_11_11_38_48_997 1576085928997 7958 7937 538 264.339  
2019_12_11_11_38_49_003 1576085929003 7964 7943 389 191.031  
2019_12_11_11_38_49_008 1576085929008 7969 7947 225 111.1  
2019_12_11_11_38_49_029 1576085929029 7990 7968 327 160.72  
2019_12_11_11_38_49_037 1576085929037 7998 7976 1295 646.929  
2019_12_11_11_38_49_039 1576085929039 8000 7978 423 207.701  
2019_12_11_11_38_49_043 1576085929043 8004 7982 364 178.795  
2019_12_11_11_38_49_052 1576085929052 8013 7991 110 55.5264  
2019_12_11_11_38_49_060 1576085929060 8021 7999 221 109.161  
2019_12_11_11_38_49_077 1576085929077 8038 8016 473 232.278  
2019_12_11_11_38_49_147 1576085929147 8108 8086 289 142.198  
2019_12_11_11_38_49_189 1576085929189 8150 8128 356 174.883  
2019_12_11_11_38_49_206 1576085929206 8167 8145 401 196.91  
2019_12_11_11_38_49_214 1576085929214 8175 8153 1352 676.423  
2019_12_11_11_38_49_217 1576085929217 8178 8156 275 135.385  
2019_12_11_11_38_49_299 1576085929299 8260 8238 474 232.771  
2019_12_11_11_38_49_307 1576085929307 8268 8246 50 26.6864  
2019_12_11_11_38_49_322 1576085929322 8283 8261 126 63.235  
2019_12_11_11_38_49_330 1576085929330 8291 8269 505 248.047  
2019_12_11_11_38_49_343 1576085929343 8304 8281 278 136.845  
2019_12_11_11_38_49_357 1576085929357 8318 8295 475 233.263  
2019_12_11_11_38_49_429 1576085929429 8390 8367 1045 518.704  
2019_12_11_11_38_49_445 1576085929445 8406 8383 249 122.748  
2019_12_11_11_38_49_486 1576085929486 8447 8424 390 191.52  
2019_12_11_11_38_49_502 1576085929502 8463 8440 513 251.993  
2019_12_11_11_38_49_508 1576085929508 8469 8446 589 289.583  
2019_12_11_11_38_49_523 1576085929523 8484 8461 176 87.3733  
2019_12_11_11_38_49_528 1576085929528 8489 8466 1315 657.267  
2019_12_11_11_38_49_577 1576085929577 8538 8515 146 72.8814  
2019_12_11_11_38_49_630 1576085929630 8591 8568 1163 578.996  
2019_12_11_11_38_49_650 1576085929650 8611 8588 700 344.789  
2019_12_11_11_38_49_729 1576085929729 8690 8667 536 263.351  
2019_12_11_11_38_49_750 1576085929750 8711 8688 245 120.805  
2019_12_11_11_38_49_782 1576085929782 8743 8720 1034 513.105  
2019_12_11_11_38_49_790 1576085929790 8751 8728 712 350.78  
2019_12_11_11_38_49_811 1576085929811 8772 8749 1235 615.986  
2019_12_11_11_38_49_833 1576085929833 8794 8770 1380 690.946  
2019_12_11_11_38_49_895 1576085929895 8856 8832 837 413.43  
2019_12_11_11_38_49_905 1576085929905 8866 8842 126 63.235  
2019_12_11_11_38_49_918 1576085929918 8879 8855 2504 1293.1  
2019_12_11_11_38_49_919 1576085929919 8880 8856 281 138.304  
2019_12_11_11_38_49_976 1576085929976 8937 8913 1309 654.164  
2019_12_11_11_38_49_982 1576085929982 8943 8919 541 265.822  
2019_12_11_11_38_49_992 1576085929992 8953 8929 330 162.184  
2019_12_11_11_38_50_013 1576085930013 8974 8950 185 91.726  
2019_12_11_11_38_50_052 1576085930052 9013 8989 402 197.4  
2019_12_11_11_38_50_060 1576085930060 9021 8997 335 164.624  
2019_12_11_11_38_50_091 1576085930091 9052 9028 507 249.033  
2019_12_11_11_38_50_118 1576085930118 9079 9055 109 55.0448  
2019_12_11_11_38_50_146 1576085930146 9107 9083 208 102.861  
2019_12_11_11_38_50_164 1576085930164 9125 9101 205 101.407  
2019_12_11_11_38_50_171 1576085930171 9132 9108 1094 543.691  
2019_12_11_11_38_50_214 1576085930214 9175 9151 659 324.355  
2019_12_11_11_38_50_217 1576085930217 9178 9153 380 186.624  
2019_12_11_11_38_50_218 1576085930218 9179 9154 136 68.0567  
2019_12_11_11_38_50_241 1576085930241 9202 9177 2870 1497.24  
2019_12_11_11_38_50_242 1576085930242 9203 9178 456 223.914  
2019_12_11_11_38_50_264 1576085930264 9225 9200 1092 542.669  
2019_12_11_11_38_50_288 1576085930288 9249 9224 434 213.102  
2019_12_11_11_38_50_289 1576085930289 9250 9225 577 283.636  
2019_12_11_11_38_50_296 1576085930296 9257 9232 719 354.276  
2019_12_11_11_38_50_299 1576085930299 9260 9235 435 213.593  
2019_12_11_11_38_50_301 1576085930301 9262 9237 570 280.169  
2019_12_11_11_38_50_352 1576085930352 9313 9288 258 127.12  
2019_12_11_11_38_50_384 1576085930384 9345 9320 260 128.092  
2019_12_11_11_38_50_392 1576085930392 9353 9328 1006 498.868  
2019_12_11_11_38_50_411 1576085930411 9372 9347 329 161.696  
2019_12_11_11_38_50_422 1576085930422 9383 9358 133 66.6099  
2019_12_11_11_38_50_443 1576085930443 9404 9379 273 134.412  
2019_12_11_11_38_50_461 1576085930461 9422 9397 128 64.1991  
2019_12_11_11_38_50_500 1576085930500 9461 9436 299 147.068  
2019_12_11_11_38_50_502 1576085930502 9463 9437 293 144.146  
2019_12_11_11_38_50_503 1576085930503 9464 9438 1202 599.013  
2019_12_11_11_38_50_504 1576085930504 9465 9439 977 484.147  
2019_12_11_11_38_50_505 1576085930505 9466 9440 1235 615.986  
2019_12_11_11_38_50_536 1576085930536 9497 9471 2048 1044.31  
2019_12_11_11_38_50_537 1576085930537 9498 9472 308 151.453  
2019_12_11_11_38_50_558 1576085930558 9519 9493 350 171.951  
2019_12_11_11_38_50_605 1576085930605 9566 9540 406 199.361  
2019_12_11_11_38_50_629 1576085930629 9590 9564 134 67.0921  
2019_12_11_11_38_50_665 1576085930665 9626 9600 960 475.529  
2019_12_11_11_38_50_686 1576085930686 9647 9621 448 219.98  
2019_12_11_11_38_50_715 1576085930715 9676 9650 321 157.792  
2019_12_11_11_38_50_732 1576085930732 9693 9667 402 197.4  
2019_12_11_11_38_51_043 1576085931043 10004 9978 299 147.068  
2019_12_11_11_38_51_044 1576085931044 10005 9979 1402 702.374  
2019_12_11_11_38_51_044 1576085931044 10005 9979 412 202.304  
2019_12_11_11_38_51_045 1576085931045 10006 9980 468 229.817  
2019_12_11_11_38_51_045 1576085931045 10006 9979 581 285.618  
2019_12_11_11_38_51_045 1576085931045 10006 9979 232 114.496  
2019_12_11_11_38_51_045 1576085931045 10006 9979 131 65.6455  
2019_12_11_11_38_51_045 1576085931045 10006 9979 105 53.119  
2019_12_11_11_38_51_045 1576085931045 10006 9979 106 53.6004  
2019_12_11_11_38_51_045 1576085931045 10006 9979 150 74.8121  
2019_12_11_11_38_51_045 1576085931045 10006 9979 196 97.0493  
2019_12_11_11_38_51_088 1576085931088 10049 10022 180 89.3075  
2019_12_11_11_38_51_089 1576085931089 10050 10023 422 207.21  
2019_12_11_11_38_51_124 1576085931124 10085 10058 315 154.866  
2019_12_11_11_38_51_149 1576085931149 10110 10083 1089 541.138  
2019_12_11_11_38_51_151 1576085931151 10112 10085 682 335.812  
2019_12_11_11_38_51_181 1576085931181 10142 10115 661 325.351  
2019_12_11_11_38_51_205 1576085931205 10166 10139 211 104.314  
2019_12_11_11_38_51_215 1576085931215 10176 10149 351 172.439  
2019_12_11_11_38_51_228 1576085931228 10189 10162 672 330.829  
2019_12_11_11_38_51_270 1576085931270 10231 10204 2184 1117.87  
2019_12_11_11_38_51_273 1576085931273 10234 10206 1246 621.651  
2019_12_11_11_38_51_274 1576085931274 10235 10207 203 100.439  
2019_12_11_11_38_51_330 1576085931330 10291 10263 439 215.558  
2019_12_11_11_38_51_356 1576085931356 10317 10289 454 222.93  
2019_12_11_11_38_51_381 1576085931381 10342 10314 1140 567.212  
2019_12_11_11_38_51_388 1576085931388 10349 10321 1821 922.749  
2019_12_11_11_38_51_390 1576085931390 10351 10323 535 262.857  
2019_12_11_11_38_51_395 1576085931395 10356 10328 1336 668.134  
2019_12_11_11_38_51_423 1576085931423 10384 10356 224 110.616  
2019_12_11_11_38_51_427 1576085931427 10388 10360 743 366.274  
2019_12_11_11_38_51_428 1576085931428 10389 10361 1299 648.996  
2019_12_11_11_38_51_440 1576085931440 10401 10373 294 144.633  
2019_12_11_11_38_51_441 1576085931441 10402 10374 165 82.0565  
2019_12_11_11_38_51_469 1576085931469 10430 10402 211 104.314  
2019_12_11_11_38_51_477 1576085931477 10438 10410 482 236.71  
2019_12_11_11_38_51_479 1576085931479 10440 10412 568 279.179  
2019_12_11_11_38_51_492 1576085931492 10453 10425 410 201.323  
2019_12_11_11_38_51_500 1576085931500 10461 10432 766 377.788  
2019_12_11_11_38_51_553 1576085931553 10514 10485 235 115.951  
2019_12_11_11_38_51_575 1576085931575 10536 10507 683 336.311  
2019_12_11_11_38_51_615 1576085931615 10576 10547 204 100.923  
2019_12_11_11_38_51_618 1576085931618 10579 10550 145 72.3988  
2019_12_11_11_38_51_628 1576085931628 10589 10560 921 455.791  
2019_12_11_11_38_51_665 1576085931665 10626 10597 1459 732.048  
2019_12_11_11_38_51_677 1576085931677 10638 10609 460 225.881  
2019_12_11_11_38_51_683 1576085931683 10644 10615 446 218.997  
2019_12_11_11_38_51_690 1576085931690 10651 10622 58 30.5256  
2019_12_11_11_38_51_710 1576085931710 10671 10642 208 102.861  
2019_12_11_11_38_51_723 1576085931723 10684 10655 448 219.98  
2019_12_11_11_38_51_747 1576085931747 10708 10679 695 342.295  
2019_12_11_11_38_51_756 1576085931756 10717 10688 274 134.899  
2019_12_11_11_38_51_763 1576085931763 10724 10695 3648 1944.34  
2019_12_11_11_38_51_805 1576085931805 10766 10737 1380 690.946  
2019_12_11_11_38_51_850 1576085931850 10811 10782 990 490.743  
2019_12_11_11_38_51_875 1576085931875 10836 10806 266 131.008  
2019_12_11_11_38_51_890 1576085931890 10851 10821 690 339.801  
2019_12_11_11_38_51_916 1576085931916 10877 10847 218 107.707  
2019_12_11_11_38_51_937 1576085931937 10898 10868 633 311.423  
2019_12_11_11_38_51_983 1576085931983 10944 10914 1271 634.539  
2019_12_11_11_38_52_008 1576085932008 10969 10939 228 112.555  
2019_12_11_11_38_52_021 1576085932021 10982 10952 975 483.133  
2019_12_11_11_38_52_032 1576085932032 10993 10963 421 206.719  
2019_12_11_11_38_52_047 1576085932047 11008 10978 330 162.184  
2019_12_11_11_38_52_051 1576085932051 11012 10982 236 116.437  
2019_12_11_11_38_52_087 1576085932087 11048 11018 288 141.711  
2019_12_11_11_38_52_134 1576085932134 11095 11065 215 106.252  
2019_12_11_11_38_52_161 1576085932161 11122 11092 376 184.666  
2019_12_11_11_38_52_179 1576085932179 11140 11110 1307 653.13  
2019_12_11_11_38_52_232 1576085932232 11193 11163 414 203.285  
2019_12_11_11_38_52_272 1576085932272 11233 11203 262 129.064  
2019_12_11_11_38_52_318 1576085932318 11279 11249 331 162.672  
2019_12_11_11_38_52_376 1576085932376 11337 11307 1287 642.797  
2019_12_11_11_38_52_380 1576085932380 11341 11310 241 118.864  
2019_12_11_11_38_52_382 1576085932382 11343 11312 362 177.817  
2019_12_11_11_38_52_393 1576085932393 11354 11323 1017 504.458  
2019_12_11_11_38_52_403 1576085932403 11364 11333 1464 734.656  
2019_12_11_11_38_52_459 1576085932459 11420 11389 372 182.708  
2019_12_11_11_38_52_485 1576085932485 11446 11415 1323 661.405  
2019_12_11_11_38_52_493 1576085932493 11454 11423 317 155.841  
2019_12_11_11_38_52_500 1576085932500 11461 11430 163 81.0902  
2019_12_11_11_38_52_508 1576085932508 11469 11438 1314 656.75  
2019_12_11_11_38_52_548 1576085932548 11509 11478 193 95.5971  
2019_12_11_11_38_52_557 1576085932557 11518 11487 100 50.7123  
2019_12_11_11_38_52_573 1576085932573 11534 11503 478 234.74  
2019_12_11_11_38_52_589 1576085932589 11550 11519 574 282.15  
2019_12_11_11_38_52_594 1576085932594 11555 11524 274 134.899  
2019_12_11_11_38_52_598 1576085932598 11559 11528 255 125.662  
2019_12_11_11_38_52_628 1576085932628 11589 11558 569 279.674  
2019_12_11_11_38_52_645 1576085932645 11606 11575 372 182.708  
2019_12_11_11_38_52_652 1576085932652 11613 11581 157 78.192  
2019_12_11_11_38_52_720 1576085932720 11681 11649 781 385.305  
2019_12_11_11_38_52_724 1576085932724 11685 11653 406 199.361  
2019_12_11_11_38_52_737 1576085932737 11698 11666 485 238.188  
2019_12_11_11_38_52_799 1576085932799 11760 11728 647 318.384  
2019_12_11_11_38_52_815 1576085932815 11776 11744 760 374.783  
2019_12_11_11_38_52_823 1576085932823 11784 11752 940 465.401  
2019_12_11_11_38_53_091 1576085933091 12052 12020 613 301.488  
2019_12_11_11_38_53_092 1576085933092 12053 12021 371 182.219  
2019_12_11_11_38_53_093 1576085933093 12054 12022 632 310.926  
2019_12_11_11_38_53_093 1576085933093 12054 12022 951 470.97  
2019_12_11_11_38_53_093 1576085933093 12054 12022 713 351.279  
2019_12_11_11_38_53_093 1576085933093 12054 12022 1061 526.855  
2019_12_11_11_38_53_093 1576085933093 12054 12022 734 361.773  
2019_12_11_11_38_53_093 1576085933093 12054 12022 60 31.4857  
2019_12_11_11_38_53_094 1576085933094 12055 12023 132 66.1277  
2019_12_11_11_38_53_094 1576085933094 12055 12023 475 233.263  
2019_12_11_11_38_53_094 1576085933094 12055 12022 581 285.618  
2019_12_11_11_38_53_094 1576085933094 12055 12022 192 95.1131  
2019_12_11_11_38_53_094 1576085933094 12055 12022 571 280.664  
2019_12_11_11_38_53_094 1576085933094 12055 12022 766 377.788  
2019_12_11_11_38_53_114 1576085933114 12075 12042 1091 542.159  
2019_12_11_11_38_53_173 1576085933173 12134 12101 185 91.726  
2019_12_11_11_38_53_207 1576085933207 12168 12135 153 76.2605  
2019_12_11_11_38_53_223 1576085933223 12184 12151 719 354.276  
2019_12_11_11_38_53_246 1576085933246 12207 12174 631 310.429  
2019_12_11_11_38_53_249 1576085933249 12210 12177 444 218.014  
2019_12_11_11_38_53_266 1576085933266 12227 12194 225 111.1  
2019_12_11_11_38_53_328 1576085933328 12289 12256 658 323.858  
2019_12_11_11_38_53_361 1576085933361 12322 12289 336 165.112  
2019_12_11_11_38_53_486 1576085933486 12447 12414 1331 665.546  
2019_12_11_11_38_53_523 1576085933523 12484 12451 466 228.833  
2019_12_11_11_38_53_528 1576085933528 12489 12456 1584 797.46  
2019_12_11_11_38_53_630 1576085933630 12591 12558 228 112.555  
2019_12_11_11_38_53_650 1576085933650 12611 12577 4095 2209.31  
2019_12_11_11_38_53_654 1576085933654 12615 12581 1346 673.314  
2019_12_11_11_38_53_717 1576085933717 12678 12644 287 141.224  
2019_12_11_11_38_53_721 1576085933721 12682 12648 772 380.794  
2019_12_11_11_38_53_730 1576085933730 12691 12657 1290 644.346  
2019_12_11_11_38_53_745 1576085933745 12706 12672 656 322.862  
2019_12_11_11_38_53_805 1576085933805 12766 12732 487 239.173  
2019_12_11_11_38_53_821 1576085933821 12782 12748 1381 691.465  
2019_12_11_11_38_53_833 1576085933833 12794 12760 189 93.6613  
2019_12_11_11_38_53_837 1576085933837 12798 12764 584 287.104  
2019_12_11_11_38_53_841 1576085933841 12802 12768 1320 659.853  
2019_12_11_11_38_53_851 1576085933851 12812 12778 292 143.659  
2019_12_11_11_38_53_860 1576085933860 12821 12787 1362 681.607  
2019_12_11_11_38_53_861 1576085933861 12822 12788 229 113.041  
2019_12_11_11_38_53_881 1576085933881 12842 12808 1370 685.757  
2019_12_11_11_38_53_905 1576085933905 12866 12832 2677 1389.1  
2019_12_11_11_38_53_914 1576085933914 12875 12841 153 76.2605  
2019_12_11_11_38_53_933 1576085933933 12894 12859 328 161.208  
2019_12_11_11_38_53_938 1576085933938 12899 12864 325 159.744  
2019_12_11_11_38_53_942 1576085933942 12903 12868 465 228.341  
2019_12_11_11_38_53_989 1576085933989 12950 12915 691 340.3  
2019_12_11_11_38_53_998 1576085933998 12959 12924 1325 662.44  
2019_12_11_11_38_54_002 1576085934002 12963 12928 1390 696.139  
2019_12_11_11_38_54_020 1576085934020 12981 12946 906 448.211  
2019_12_11_11_38_54_043 1576085934043 13004 12969 385 189.072  
2019_12_11_11_38_54_048 1576085934048 13009 12974 510 250.513  
2019_12_11_11_38_54_059 1576085934059 13020 12985 152 75.7777  
2019_12_11_11_38_54_101 1576085934101 13062 13027 515 252.98  
2019_12_11_11_38_54_152 1576085934152 13113 13078 567 278.684  
2019_12_11_11_38_54_168 1576085934168 13129 13094 1328 663.993  
2019_12_11_11_38_54_189 1576085934189 13150 13115 255 125.662  
2019_12_11_11_38_54_191 1576085934191 13152 13117 909 449.726  
2019_12_11_11_38_54_216 1576085934216 13177 13142 563 276.704  
2019_12_11_11_38_54_222 1576085934222 13183 13148 1371 686.276  
2019_12_11_11_38_54_238 1576085934238 13199 13164 896 443.161  
2019_12_11_11_38_54_244 1576085934244 13205 13169 250 123.234  
2019_12_11_11_38_54_350 1576085934350 13311 13275 271 133.44  
2019_12_11_11_38_54_355 1576085934355 13316 13280 414 203.285  
2019_12_11_11_38_54_408 1576085934408 13369 13333 273 134.412  
2019_12_11_11_38_54_423 1576085934423 13384 13348 208 102.861  
2019_12_11_11_38_54_426 1576085934426 13387 13351 281 138.304  
2019_12_11_11_38_54_493 1576085934493 13454 13418 359 176.35  
2019_12_11_11_38_54_529 1576085934529 13490 13454 154 76.7433  
2019_12_11_11_38_54_536 1576085934536 13497 13461 629 309.435  
2019_12_11_11_38_54_564 1576085934564 13525 13489 539 264.834  
2019_12_11_11_38_54_592 1576085934592 13553 13517 558 274.23  
2019_12_11_11_38_54_644 1576085934644 13605 13569 141 70.4687  
2019_12_11_11_38_54_688 1576085934688 13649 13613 256 126.148  
2019_12_11_11_38_54_689 1576085934689 13650 13614 254 125.177  
2019_12_11_11_38_54_697 1576085934697 13658 13622 1325 662.44  
2019_12_11_11_38_54_726 1576085934726 13687 13651 283 139.278  
2019_12_11_11_38_54_727 1576085934727 13688 13652 436 214.084  
2019_12_11_11_38_54_754 1576085934754 13715 13678 303 149.017  
2019_12_11_11_38_54_757 1576085934757 13718 13681 246 121.291  
2019_12_11_11_38_54_776 1576085934776 13737 13700 473 232.278  
2019_12_11_11_38_54_780 1576085934780 13741 13704 148 73.8467  
2019_12_11_11_38_54_782 1576085934782 13743 13706 327 160.72  
2019_12_11_11_38_54_811 1576085934811 13772 13735 191 94.6291  
2019_12_11_11_38_54_840 1576085934840 13801 13764 1082 537.565  
2019_12_11_11_38_54_841 1576085934841 13802 13765 180 89.3075  
2019_12_11_11_38_54_845 1576085934845 13806 13769 343 168.531  
2019_12_11_11_38_55_139 1576085935139 14100 14063 484 237.695  
2019_12_11_11_38_55_140 1576085935140 14101 14064 79 40.6124  
2019_12_11_11_38_55_141 1576085935141 14102 14065 1359 680.052  
2019_12_11_11_38_55_141 1576085935141 14102 14065 1005 498.36  
2019_12_11_11_38_55_141 1576085935141 14102 14065 401 196.91  
2019_12_11_11_38_55_141 1576085935141 14102 14065 675 332.324  
2019_12_11_11_38_55_142 1576085935142 14103 14066 276 135.872  
2019_12_11_11_38_55_142 1576085935142 14103 14066 299 147.068  
2019_12_11_11_38_55_142 1576085935142 14103 14065 425 208.683  
2019_12_11_11_38_55_142 1576085935142 14103 14065 178 88.3403  
2019_12_11_11_38_55_142 1576085935142 14103 14065 199 98.5017  
2019_12_11_11_38_55_142 1576085935142 14103 14065 215 106.252  
2019_12_11_11_38_55_142 1576085935142 14103 14065 632 310.926  
2019_12_11_11_38_55_142 1576085935142 14103 14065 715 352.278  
2019_12_11_11_38_55_142 1576085935142 14103 14065 530 260.387  
2019_12_11_11_38_55_161 1576085935161 14122 14084 189 93.6613  
2019_12_11_11_38_55_174 1576085935174 14135 14097 302 148.53  
2019_12_11_11_38_55_186 1576085935186 14147 14109 1319 659.336  
2019_12_11_11_38_55_217 1576085935217 14178 14140 363 178.306  
2019_12_11_11_38_55_220 1576085935220 14181 14143 818 403.877  
2019_12_11_11_38_55_256 1576085935256 14217 14179 136 68.0567  
2019_12_11_11_38_55_274 1576085935274 14235 14197 465 228.341  
2019_12_11_11_38_55_284 1576085935284 14245 14207 442 217.032  
2019_12_11_11_38_55_394 1576085935394 14355 14317 164 81.5733  
2019_12_11_11_38_55_395 1576085935395 14356 14318 818 403.877  
2019_12_11_11_38_55_406 1576085935406 14367 14328 701 345.288  
2019_12_11_11_38_55_408 1576085935408 14369 14330 151 75.2949  
2019_12_11_11_38_55_430 1576085935430 14391 14352 364 178.795  
2019_12_11_11_38_55_468 1576085935468 14429 14390 2205 1129.27  
2019_12_11_11_38_55_502 1576085935502 14463 14424 91 46.3822  
2019_12_11_11_38_55_527 1576085935527 14488 14449 411 201.813  
2019_12_11_11_38_55_566 1576085935566 14527 14488 325 159.744  
2019_12_11_11_38_55_617 1576085935617 14578 14539 258 127.12  
2019_12_11_11_38_55_639 1576085935639 14600 14561 240 118.378  
2019_12_11_11_38_55_641 1576085935641 14602 14563 546 268.294  
2019_12_11_11_38_55_656 1576085935656 14617 14578 245 120.805  
2019_12_11_11_38_55_694 1576085935694 14655 14616 333 163.648  
2019_12_11_11_38_55_761 1576085935761 14722 14683 1644 829.021  
2019_12_11_11_38_55_793 1576085935793 14754 14715 1322 660.888  
2019_12_11_11_38_55_834 1576085935834 14795 14756 256 126.148  
2019_12_11_11_38_55_844 1576085935844 14805 14766 1059 525.836  
2019_12_11_11_38_55_876 1576085935876 14837 14798 876 433.071  
2019_12_11_11_38_55_880 1576085935880 14841 14801 250 123.234  
2019_12_11_11_38_55_905 1576085935905 14866 14826 444 218.014  
2019_12_11_11_38_55_922 1576085935922 14883 14843 336 165.112  
2019_12_11_11_38_55_939 1576085935939 14900 14860 399 195.93  
2019_12_11_11_38_55_977 1576085935977 14938 14898 116 58.4162  
2019_12_11_11_38_55_986 1576085935986 14947 14907 942 466.413  
2019_12_11_11_38_56_040 1576085936040 15001 14961 302 148.53  
2019_12_11_11_38_56_046 1576085936046 15007 14967 264 130.036  
2019_12_11_11_38_56_083 1576085936083 15044 15004 722 355.775  
2019_12_11_11_38_56_152 1576085936152 15113 15073 526 258.411  
2019_12_11_11_38_56_180 1576085936180 15141 15101 231 114.011  
2019_12_11_11_38_56_199 1576085936199 15160 15120 186 92.2098  
2019_12_11_11_38_56_217 1576085936217 15178 15138 1331 665.546  
2019_12_11_11_38_56_225 1576085936225 15186 15146 165 82.0565  
2019_12_11_11_38_56_264 1576085936264 15225 15185 165 82.0565  
2019_12_11_11_38_56_293 1576085936293 15254 15214 639 314.405  
2019_12_11_11_38_56_306 1576085936306 15267 15227 887 438.619  
2019_12_11_11_38_56_334 1576085936334 15295 15255 2556 1321.87  
2019_12_11_11_38_56_388 1576085936388 15349 15308 2149 1098.88  
2019_12_11_11_38_56_408 1576085936408 15369 15328 422 207.21  
2019_12_11_11_38_56_426 1576085936426 15387 15346 353 173.417  
2019_12_11_11_38_56_434 1576085936434 15395 15354 551 270.767  
2019_12_11_11_38_56_479 1576085936479 15440 15399 472 231.786  
2019_12_11_11_38_56_480 1576085936480 15441 15400 64 33.4062  
2019_12_11_11_38_56_522 1576085936522 15483 15442 273 134.412  
2019_12_11_11_38_56_523 1576085936523 15484 15443 770 379.792  
2019_12_11_11_38_56_528 1576085936528 15489 15448 757 373.28  
2019_12_11_11_38_56_529 1576085936529 15490 15449 321 157.792  
2019_12_11_11_38_56_533 1576085936533 15494 15453 434 213.102  
2019_12_11_11_38_56_535 1576085936535 15496 15455 241 118.864  
2019_12_11_11_38_56_630 1576085936630 15591 15550 343 168.531  
2019_12_11_11_38_56_641 1576085936641 15602 15561 220 108.676  
2019_12_11_11_38_56_658 1576085936658 15619 15578 192 95.1131  
2019_12_11_11_38_56_719 1576085936719 15680 15639 452 221.947  
2019_12_11_11_38_56_847 1576085936847 15808 15767 280 137.818  
2019_12_11_11_38_56_867 1576085936867 15828 15786 2776 1444.44  
2019_12_11_11_38_56_885 1576085936885 15846 15804 643 316.394  
2019_12_11_11_38_56_915 1576085936915 15876 15834 357 175.372  
2019_12_11_11_38_56_917 1576085936917 15878 15836 141 70.4687  
2019_12_11_11_38_57_188 1576085937188 16149 16107 296 145.607  
2019_12_11_11_38_57_189 1576085937189 16150 16108 311 152.916  
2019_12_11_11_38_57_190 1576085937190 16151 16109 51 27.1662  
2019_12_11_11_38_57_190 1576085937190 16151 16109 1390 696.139  
2019_12_11_11_38_57_190 1576085937190 16151 16109 605 297.518  
2019_12_11_11_38_57_190 1576085937190 16151 16109 656 322.862  
2019_12_11_11_38_57_190 1576085937190 16151 16109 192 95.1131  
2019_12_11_11_38_57_190 1576085937190 16151 16109 209 103.345  
2019_12_11_11_38_57_190 1576085937190 16151 16109 407 199.852  
2019_12_11_11_38_57_190 1576085937190 16151 16109 456 223.914  
2019_12_11_11_38_57_194 1576085937194 16155 16113 322 158.28  
2019_12_11_11_38_57_194 1576085937194 16155 16113 3020 1582.05  
2019_12_11_11_38_57_199 1576085937199 16160 16118 944 467.426  
2019_12_11_11_38_57_211 1576085937211 16172 16129 271 133.44  
2019_12_11_11_38_57_238 1576085937238 16199 16156 275 135.385  
2019_12_11_11_38_57_267 1576085937267 16228 16185 405 198.871  
2019_12_11_11_38_57_313 1576085937313 16274 16231 707 348.283  
2019_12_11_11_38_57_314 1576085937314 16275 16232 335 164.624  
2019_12_11_11_38_57_316 1576085937316 16277 16234 758 373.781  
2019_12_11_11_38_57_332 1576085937332 16293 16250 317 155.841  
2019_12_11_11_38_57_362 1576085937362 16323 16280 4095 2209.31  
2019_12_11_11_38_57_373 1576085937373 16334 16291 1161 577.971  
2019_12_11_11_38_57_388 1576085937388 16349 16306 352 172.928  
2019_12_11_11_38_57_442 1576085937442 16403 16360 677 333.32  
2019_12_11_11_38_57_497 1576085937497 16458 16415 348 170.973  
2019_12_11_11_38_57_509 1576085937509 16470 16427 220 108.676  
2019_12_11_11_38_57_567 1576085937567 16528 16485 172 85.4395  
2019_12_11_11_38_57_578 1576085937578 16539 16496 1449 726.835  
2019_12_11_11_38_57_585 1576085937585 16546 16503 243 119.834  
2019_12_11_11_38_57_600 1576085937600 16561 16518 145 72.3988  
2019_12_11_11_38_57_604 1576085937604 16565 16521 526 258.411  
2019_12_11_11_38_57_615 1576085937615 16576 16532 270 132.953  
2019_12_11_11_38_57_620 1576085937620 16581 16537 999 495.312  
2019_12_11_11_38_57_628 1576085937628 16589 16545 121 60.8252  
2019_12_11_11_38_57_637 1576085937637 16598 16554 199 98.5017  
2019_12_11_11_38_57_638 1576085937638 16599 16555 1291 644.863  
2019_12_11_11_38_57_679 1576085937679 16640 16596 360 176.839  
2019_12_11_11_38_57_704 1576085937704 16665 16621 117 58.898  
2019_12_11_11_38_57_831 1576085937831 16792 16748 386 189.561  
2019_12_11_11_38_57_877 1576085937877 16838 16794 127 63.717  
2019_12_11_11_38_57_892 1576085937892 16853 16809 490 240.651  
2019_12_11_11_38_57_928 1576085937928 16889 16845 97 49.2687  
2019_12_11_11_38_57_929 1576085937929 16890 16846 243 119.834  
2019_12_11_11_38_57_944 1576085937944 16905 16861 140 69.9862  
2019_12_11_11_38_57_948 1576085937948 16909 16865 241 118.864  
2019_12_11_11_38_58_028 1576085938028 16989 16945 170 84.4728  
2019_12_11_11_38_58_071 1576085938071 17032 16988 813 401.365  
2019_12_11_11_38_58_078 1576085938078 17039 16994 174 86.4063  
2019_12_11_11_38_58_084 1576085938084 17045 17000 679 334.317  
2019_12_11_11_38_58_093 1576085938093 17054 17009 222 109.646  
2019_12_11_11_38_58_100 1576085938100 17061 17016 138 69.0214  
2019_12_11_11_38_58_140 1576085938140 17101 17056 2574 1331.84  
2019_12_11_11_38_58_181 1576085938181 17142 17097 808 398.854  
2019_12_11_11_38_58_198 1576085938198 17159 17114 855 422.49  
2019_12_11_11_38_58_212 1576085938212 17173 17128 872 431.055  
2019_12_11_11_38_58_230 1576085938230 17191 17146 1516 761.819  
2019_12_11_11_38_58_268 1576085938268 17229 17184 222 109.646  
2019_12_11_11_38_58_286 1576085938286 17247 17202 455 223.422  
2019_12_11_11_38_58_309 1576085938309 17270 17225 184 91.2422  
2019_12_11_11_38_58_319 1576085938319 17280 17235 179 88.8239  
2019_12_11_11_38_58_357 1576085938357 17318 17273 410 201.323  
2019_12_11_11_38_58_376 1576085938376 17337 17292 575 282.645  
2019_12_11_11_38_58_416 1576085938416 17377 17332 106 53.6004  
2019_12_11_11_38_58_438 1576085938438 17399 17354 384 188.582  
2019_12_11_11_38_58_449 1576085938449 17410 17365 965 478.063  
2019_12_11_11_38_58_504 1576085938504 17465 17419 142 70.9512  
2019_12_11_11_38_58_511 1576085938511 17472 17426 228 112.555  
2019_12_11_11_38_58_523 1576085938523 17484 17438 381 187.113  
2019_12_11_11_38_58_553 1576085938553 17514 17468 397 194.95  
2019_12_11_11_38_58_580 1576085938580 17541 17495 330 162.184  
2019_12_11_11_38_58_674 1576085938674 17635 17589 479 235.233  
2019_12_11_11_38_58_702 1576085938702 17663 17617 168 83.5062  
2019_12_11_11_38_58_718 1576085938718 17679 17633 177 87.8568  
2019_12_11_11_38_58_743 1576085938743 17704 17658 93 47.3442  
2019_12_11_11_38_58_760 1576085938760 17721 17675 902 446.191  
2019_12_11_11_38_58_783 1576085938783 17744 17698 371 182.219  
2019_12_11_11_38_58_804 1576085938804 17765 17719 506 248.54  
2019_12_11_11_38_58_818 1576085938818 17779 17733 403 197.891  
2019_12_11_11_38_58_819 1576085938819 17780 17734 1326 662.958  
2019_12_11_11_38_58_917 1576085938917 17878 17832 408 200.342  
2019_12_11_11_38_58_939 1576085938939 17900 17854 2330 1197.44  
2019_12_11_11_38_58_940 1576085938940 17901 17855 268 131.981  
2019_12_11_11_38_59_236 1576085939236 18197 18150 371 182.219  
2019_12_11_11_38_59_237 1576085939237 18198 18151 504 247.553  
2019_12_11_11_38_59_238 1576085939238 18199 18152 368 180.751  
2019_12_11_11_38_59_238 1576085939238 18199 18152 128 64.1991  
2019_12_11_11_38_59_238 1576085939238 18199 18152 137 68.5391  
2019_12_11_11_38_59_238 1576085939238 18199 18152 427 209.664  
2019_12_11_11_38_59_238 1576085939238 18199 18152 235 115.951  
2019_12_11_11_38_59_238 1576085939238 18199 18152 2103 1073.99  
2019_12_11_11_38_59_239 1576085939239 18200 18153 416 204.266  
2019_12_11_11_38_59_267 1576085939267 18228 18181 416 204.266  
2019_12_11_11_38_59_275 1576085939275 18236 18189 520 255.449  
2019_12_11_11_38_59_284 1576085939284 18245 18198 895 442.657  
2019_12_11_11_38_59_317 1576085939317 18278 18231 459 225.389  
2019_12_11_11_38_59_332 1576085939332 18293 18246 184 91.2422  
2019_12_11_11_38_59_335 1576085939335 18296 18249 300 147.555  
2019_12_11_11_38_59_373 1576085939373 18334 18287 1272 635.055  
2019_12_11_11_38_59_406 1576085939406 18367 18320 1361 681.089  
2019_12_11_11_38_59_411 1576085939411 18372 18324 103 52.1562  
2019_12_11_11_38_59_439 1576085939439 18400 18352 108 54.5633  
2019_12_11_11_38_59_472 1576085939472 18433 18385 462 226.865  
2019_12_11_11_38_59_575 1576085939575 18536 18488 1169 582.073  
2019_12_11_11_38_59_591 1576085939591 18552 18504 327 160.72  
2019_12_11_11_38_59_600 1576085939600 18561 18513 492 241.637  
2019_12_11_11_38_59_624 1576085939624 18585 18537 1324 661.923  
2019_12_11_11_38_59_652 1576085939652 18613 18565 623 306.454  
2019_12_11_11_38_59_654 1576085939654 18615 18567 707 348.283  
2019_12_11_11_38_59_667 1576085939667 18628 18580 168 83.5062  
2019_12_11_11_38_59_688 1576085939688 18649 18601 108 54.5633  
2019_12_11_11_38_59_700 1576085939700 18661 18613 291 143.172  
2019_12_11_11_38_59_748 1576085939748 18709 18661 428 210.155  
2019_12_11_11_38_59_766 1576085939766 18727 18679 518 254.461  
2019_12_11_11_38_59_786 1576085939786 18747 18699 430 211.137  
2019_12_11_11_38_59_806 1576085939806 18767 18719 227 112.07  
2019_12_11_11_38_59_817 1576085939817 18778 18730 252 124.205  
2019_12_11_11_38_59_819 1576085939819 18780 18731 995 493.281  
2019_12_11_11_38_59_844 1576085939844 18805 18756 137 68.5391  
2019_12_11_11_38_59_845 1576085939845 18806 18757 256 126.148  
2019_12_11_11_38_59_874 1576085939874 18835 18786 1030 511.07  
2019_12_11_11_38_59_918 1576085939918 18879 18830 253 124.691  
2019_12_11_11_38_59_929 1576085939929 18890 18841 623 306.454  
2019_12_11_11_38_59_952 1576085939952 18913 18864 857 423.497  
2019_12_11_11_38_59_960 1576085939960 18921 18872 520 255.449  
2019_12_11_11_39_00_078 1576085940078 19039 18990 183 90.7585  
2019_12_11_11_39_00_099 1576085940099 19060 19011 4095 2209.31  
2019_12_11_11_39_00_118 1576085940118 19079 19030 1008 499.884  
2019_12_11_11_39_00_135 1576085940135 19096 19047 621 305.461  
2019_12_11_11_39_00_207 1576085940207 19168 19119 324 159.256  
2019_12_11_11_39_00_213 1576085940213 19174 19125 254 125.177  
2019_12_11_11_39_00_231 1576085940231 19192 19143 324 159.256  
2019_12_11_11_39_00_246 1576085940246 19207 19158 200 98.9859  
2019_12_11_11_39_00_251 1576085940251 19212 19163 703 346.287  
2019_12_11_11_39_00_253 1576085940253 19214 19164 168 83.5062  
2019_12_11_11_39_00_291 1576085940291 19252 19202 147 73.3641  
2019_12_11_11_39_00_311 1576085940311 19272 19222 328 161.208  
2019_12_11_11_39_00_321 1576085940321 19282 19232 379 186.134  
2019_12_11_11_39_00_361 1576085940361 19322 19272 293 144.146  
2019_12_11_11_39_00_363 1576085940363 19324 19274 50 26.6864  
2019_12_11_11_39_00_372 1576085940372 19333 19283 238 117.407  
2019_12_11_11_39_00_420 1576085940420 19381 19331 176 87.3733  
2019_12_11_11_39_00_421 1576085940421 19382 19332 1315 657.267  
2019_12_11_11_39_00_459 1576085940459 19420 19370 312 153.403  
2019_12_11_11_39_00_476 1576085940476 19437 19387 349 171.462  
2019_12_11_11_39_00_492 1576085940492 19453 19403 491 241.144  
2019_12_11_11_39_00_503 1576085940503 19464 19414 158 78.675  
2019_12_11_11_39_00_520 1576085940520 19481 19431 86 43.9776  
2019_12_11_11_39_00_523 1576085940523 19484 19434 447 219.489  
2019_12_11_11_39_00_593 1576085940593 19554 19504 1030 511.07  
2019_12_11_11_39_00_600 1576085940600 19561 19511 1367 684.2  
2019_12_11_11_39_00_631 1576085940631 19592 19542 450 220.964  
2019_12_11_11_39_00_633 1576085940633 19594 19543 1274 636.087  
2019_12_11_11_39_00_634 1576085940634 19595 19544 536 263.351  
2019_12_11_11_39_00_653 1576085940653 19614 19563 797 393.332  
2019_12_11_11_39_00_687 1576085940687 19648 19597 425 208.683  
2019_12_11_11_39_00_720 1576085940720 19681 19630 574 282.15  
2019_12_11_11_39_00_809 1576085940809 19770 19719 1321 660.37  
2019_12_11_11_39_00_824 1576085940824 19785 19734 305 149.991  
2019_12_11_11_39_00_867 1576085940867 19828 19777 221 109.161  
2019_12_11_11_39_00_896 1576085940896 19857 19806 274 134.899  
2019_12_11_11_39_00_912 1576085940912 19873 19822 1368 684.719  
2019_12_11_11_39_00_929 1576085940929 19890 19839 731 360.273  
2019_12_11_11_39_00_995 1576085940995 19956 19905 4095 2209.31  
2019_12_11_11_39_01_021 1576085941021 19982 19931 1766 893.525  
2019_12_11_11_39_01_284 1576085941284 20245 20194 1297 647.962  
2019_12_11_11_39_01_285 1576085941285 20246 20195 503 247.06  
2019_12_11_11_39_01_286 1576085941286 20247 20196 266 131.008  
2019_12_11_11_39_01_286 1576085941286 20247 20196 2304 1183.23  
2019_12_11_11_39_01_286 1576085941286 20247 20195 453 222.439  
2019_12_11_11_39_01_286 1576085941286 20247 20195 316 155.354  
2019_12_11_11_39_01_287 1576085941287 20248 20196 424 208.192  
2019_12_11_11_39_01_287 1576085941287 20248 20196 512 251.5  
2019_12_11_11_39_01_287 1576085941287 20248 20196 343 168.531  
2019_12_11_11_39_01_287 1576085941287 20248 20196 222 109.646  
2019_12_11_11_39_01_300 1576085941300 20261 20209 61 31.9658  
2019_12_11_11_39_01_315 1576085941315 20276 20224 205 101.407  
2019_12_11_11_39_01_319 1576085941319 20280 20228 1331 665.546  
2019_12_11_11_39_01_337 1576085941337 20298 20246 230 113.526  
2019_12_11_11_39_01_372 1576085941372 20333 20281 1310 654.681  
2019_12_11_11_39_01_378 1576085941378 20339 20287 224 110.616  
2019_12_11_11_39_01_381 1576085941381 20342 20290 1973 1003.98  
2019_12_11_11_39_01_395 1576085941395 20356 20304 321 157.792  
2019_12_11_11_39_01_424 1576085941424 20385 20333 478 234.74  
2019_12_11_11_39_01_436 1576085941436 20397 20345 1011 501.409  
2019_12_11_11_39_01_460 1576085941460 20421 20369 563 276.704  
2019_12_11_11_39_01_472 1576085941472 20433 20380 372 182.708  
2019_12_11_11_39_01_510 1576085941510 20471 20418 120 60.3434  
2019_12_11_11_39_01_516 1576085941516 20477 20424 1283 640.732  
2019_12_11_11_39_01_536 1576085941536 20497 20444 857 423.497  
2019_12_11_11_39_01_542 1576085941542 20503 20450 104 52.6376  
2019_12_11_11_39_01_548 1576085941548 20509 20456 225 111.1  
2019_12_11_11_39_01_579 1576085941579 20540 20487 304 149.504  
2019_12_11_11_39_01_587 1576085941587 20548 20495 368 180.751  
2019_12_11_11_39_01_596 1576085941596 20557 20504 488 239.666  
2019_12_11_11_39_01_654 1576085941654 20615 20562 531 260.881  
2019_12_11_11_39_01_658 1576085941658 20619 20566 1286 642.281  
2019_12_11_11_39_01_678 1576085941678 20639 20586 162 80.6071  
2019_12_11_11_39_01_709 1576085941709 20670 20617 690 339.801  
2019_12_11_11_39_01_727 1576085941727 20688 20635 204 100.923  
2019_12_11_11_39_01_808 1576085941808 20769 20716 536 263.351  
2019_12_11_11_39_01_843 1576085941843 20804 20751 382 187.603  
2019_12_11_11_39_01_858 1576085941858 20819 20766 377 185.155  
2019_12_11_11_39_01_903 1576085941903 20864 20810 529 259.893  
2019_12_11_11_39_01_904 1576085941904 20865 20811 515 252.98  
2019_12_11_11_39_01_921 1576085941921 20882 20828 721 355.275  
2019_12_11_11_39_01_930 1576085941930 20891 20837 174 86.4063  
2019_12_11_11_39_01_950 1576085941950 20911 20857 119 59.8615  
2019_12_11_11_39_01_951 1576085941951 20912 20858 915 452.758  
2019_12_11_11_39_01_998 1576085941998 20959 20905 595 292.557  
2019_12_11_11_39_02_050 1576085942050 21011 20957 230 113.526  
2019_12_11_11_39_02_063 1576085942063 21024 20970 324 159.256  
2019_12_11_11_39_02_096 1576085942096 21057 21003 1215 605.696  
2019_12_11_11_39_02_140 1576085942140 21101 21047 405 198.871  
2019_12_11_11_39_02_150 1576085942150 21111 21057 358 175.861  
2019_12_11_11_39_02_174 1576085942174 21135 21081 584 287.104  
2019_12_11_11_39_02_195 1576085942195 21156 21102 376 184.666  
2019_12_11_11_39_02_196 1576085942196 21157 21103 219 108.191  
2019_12_11_11_39_02_216 1576085942216 21177 21123 224 110.616  
2019_12_11_11_39_02_217 1576085942217 21178 21124 65 33.8864  
2019_12_11_11_39_02_239 1576085942239 21200 21145 263 129.55  
2019_12_11_11_39_02_246 1576085942246 21207 21152 162 80.6071  
2019_12_11_11_39_02_265 1576085942265 21226 21171 399 195.93  
2019_12_11_11_39_02_286 1576085942286 21247 21192 763 376.285  
2019_12_11_11_39_02_289 1576085942289 21250 21195 1297 647.962  
2019_12_11_11_39_02_291 1576085942291 21252 21197 284 139.764  
2019_12_11_11_39_02_292 1576085942292 21253 21198 931 460.847  
2019_12_11_11_39_02_312 1576085942312 21273 21218 1258 627.835  
2019_12_11_11_39_02_327 1576085942327 21288 21233 545 267.8  
2019_12_11_11_39_02_356 1576085942356 21317 21262 112 56.4895  
2019_12_11_11_39_02_368 1576085942368 21329 21274 725 357.274  
2019_12_11_11_39_02_416 1576085942416 21377 21322 438 215.066  
2019_12_11_11_39_02_421 1576085942421 21382 21327 542 266.317  
2019_12_11_11_39_02_469 1576085942469 21430 21375 519 254.955  
2019_12_11_11_39_02_532 1576085942532 21493 21438 378 185.644  
2019_12_11_11_39_02_559 1576085942559 21520 21465 301 148.042  
2019_12_11_11_39_02_564 1576085942564 21525 21470 175 86.8898  
2019_12_11_11_39_02_582 1576085942582 21543 21488 183 90.7585  
2019_12_11_11_39_02_594 1576085942594 21555 21499 299 147.068  
2019_12_11_11_39_02_597 1576085942597 21558 21502 231 114.011  
2019_12_11_11_39_02_641 1576085942641 21602 21546 588 289.087  
2019_12_11_11_39_02_659 1576085942659 21620 21564 311 152.916  
2019_12_11_11_39_02_671 1576085942671 21632 21576 426 209.173  
2019_12_11_11_39_02_676 1576085942676 21637 21581 249 122.748  
2019_12_11_11_39_02_677 1576085942677 21638 21582 256 126.148  
2019_12_11_11_39_02_680 1576085942680 21641 21585 462 226.865  
2019_12_11_11_39_02_691 1576085942691 21652 21596 607 298.51  
2019_12_11_11_39_02_722 1576085942722 21683 21627 687 338.305  
2019_12_11_11_39_02_742 1576085942742 21703 21647 846 417.959  
2019_12_11_11_39_02_758 1576085942758 21719 21663 329 161.696  
2019_12_11_11_39_02_762 1576085942762 21723 21667 311 152.916  
2019_12_11_11_39_02_772 1576085942772 21733 21677 48 25.7269  
2019_12_11_11_39_02_773 1576085942773 21734 21678 469 230.309  
2019_12_11_11_39_02_792 1576085942792 21753 21697 422 207.21  
2019_12_11_11_39_02_842 1576085942842 21803 21747 2417 1245.16  
2019_12_11_11_39_02_862 1576085942862 21823 21766 755 372.279  
2019_12_11_11_39_02_868 1576085942868 21829 21772 140 69.9862  
2019_12_11_11_39_02_878 1576085942878 21839 21782 309 151.941  
2019_12_11_11_39_02_879 1576085942879 21840 21783 150 74.8121  
2019_12_11_11_39_02_893 1576085942893 21854 21797 820 404.882  
2019_12_11_11_39_02_904 1576085942904 21865 21808 392 192.5  
2019_12_11_11_39_02_913 1576085942913 21874 21817 192 95.1131  
2019_12_11_11_39_02_963 1576085942963 21924 21867 274 134.899  
2019_12_11_11_39_02_992 1576085942992 21953 21896 170 84.4728  
2019_12_11_11_39_03_022 1576085943022 21983 21926 362 177.817  
2019_12_11_11_39_03_036 1576085943036 21997 21940 226 111.585  
2019_12_11_11_39_03_046 1576085943046 22007 21950 373 183.197  
2019_12_11_11_39_03_062 1576085943062 22023 21966 877 433.576  
2019_12_11_11_39_03_321 1576085943321 22282 22225 2325 1194.71  
2019_12_11_11_39_03_321 1576085943321 22282 22225 678 333.819  
2019_12_11_11_39_03_322 1576085943322 22283 22226 293 144.146  
2019_12_11_11_39_03_323 1576085943323 22284 22227 377 185.155  
2019_12_11_11_39_03_323 1576085943323 22284 22226 1370 685.757  
2019_12_11_11_39_03_323 1576085943323 22284 22226 1337 668.652  
2019_12_11_11_39_03_323 1576085943323 22284 22226 907 448.716  
2019_12_11_11_39_03_323 1576085943323 22284 22226 150 74.8121  
2019_12_11_11_39_03_323 1576085943323 22284 22226 672 330.829  
2019_12_11_11_39_03_323 1576085943323 22284 22226 760 374.783  
2019_12_11_11_39_03_323 1576085943323 22284 22226 417 204.757  
2019_12_11_11_39_03_376 1576085943376 22337 22279 98 49.7499  
2019_12_11_11_39_03_384 1576085943384 22345 22287 539 264.834  
2019_12_11_11_39_03_386 1576085943386 22347 22289 270 132.953  
2019_12_11_11_39_03_415 1576085943415 22376 22318 212 104.799  
2019_12_11_11_39_03_450 1576085943450 22411 22353 414 203.285  
2019_12_11_11_39_03_478 1576085943478 22439 22381 402 197.4  
2019_12_11_11_39_03_518 1576085943518 22479 22421 2757 1433.79  
2019_12_11_11_39_03_530 1576085943530 22491 22433 146 72.8814  
2019_12_11_11_39_03_538 1576085943538 22499 22441 405 198.871  
2019_12_11_11_39_03_590 1576085943590 22551 22493 927 458.824  
2019_12_11_11_39_03_629 1576085943629 22590 22531 375 184.176  
2019_12_11_11_39_03_673 1576085943673 22634 22575 1063 527.875  
2019_12_11_11_39_03_697 1576085943697 22658 22599 90 45.9012  
2019_12_11_11_39_03_705 1576085943705 22666 22607 331 162.672  
2019_12_11_11_39_03_715 1576085943715 22676 22617 357 175.372  
2019_12_11_11_39_03_718 1576085943718 22679 22620 410 201.323  
2019_12_11_11_39_03_742 1576085943742 22703 22644 294 144.633  
2019_12_11_11_39_03_765 1576085943765 22726 22667 226 111.585  
2019_12_11_11_39_03_786 1576085943786 22747 22688 727 358.273  
2019_12_11_11_39_03_950 1576085943950 22911 22852 251 123.719  
2019_12_11_11_39_03_962 1576085943962 22923 22864 877 433.576  
2019_12_11_11_39_03_987 1576085943987 22948 22889 111 56.0079  
2019_12_11_11_39_04_030 1576085944030 22991 22932 639 314.405  
2019_12_11_11_39_04_031 1576085944031 22992 22933 796 392.83  
2019_12_11_11_39_04_077 1576085944077 23038 22979 279 137.331  
2019_12_11_11_39_04_082 1576085944082 23043 22984 553 271.756  
2019_12_11_11_39_04_096 1576085944096 23057 22998 1351 675.905  
2019_12_11_11_39_04_105 1576085944105 23066 23006 1930 980.929  
2019_12_11_11_39_04_126 1576085944126 23087 23027 533 261.869  
2019_12_11_11_39_04_135 1576085944135 23096 23036 3580 1904.55  
2019_12_11_11_39_04_151 1576085944151 23112 23052 519 254.955  
2019_12_11_11_39_04_161 1576085944161 23122 23062 1300 649.512  
2019_12_11_11_39_04_162 1576085944162 23123 23063 335 164.624  
2019_12_11_11_39_04_176 1576085944176 23137 23077 148 73.8467  
2019_12_11_11_39_04_190 1576085944190 23151 23091 319 156.817  
2019_12_11_11_39_04_218 1576085944218 23179 23119 440 216.049  
2019_12_11_11_39_04_229 1576085944229 23190 23130 561 275.714  
2019_12_11_11_39_04_272 1576085944272 23233 23173 1245 621.136  
2019_12_11_11_39_04_273 1576085944273 23234 23174 888 439.124  
2019_12_11_11_39_04_303 1576085944303 23264 23204 2401 1236.37  
2019_12_11_11_39_04_321 1576085944321 23282 23222 1097 545.223  
2019_12_11_11_39_04_338 1576085944338 23299 23239 453 222.439  
2019_12_11_11_39_04_378 1576085944378 23339 23279 1391 696.658  
2019_12_11_11_39_04_391 1576085944391 23352 23292 4095 2209.31  
2019_12_11_11_39_04_405 1576085944405 23366 23306 1302 650.546  
2019_12_11_11_39_04_406 1576085944406 23367 23306 446 218.997  
2019_12_11_11_39_04_486 1576085944486 23447 23386 257 126.634  
2019_12_11_11_39_04_502 1576085944502 23463 23402 257 126.634  
2019_12_11_11_39_04_524 1576085944524 23485 23424 210 103.829  
2019_12_11_11_39_04_579 1576085944579 23540 23479 1048 520.232  
2019_12_11_11_39_04_609 1576085944609 23570 23509 359 176.35  
2019_12_11_11_39_04_616 1576085944616 23577 23516 276 135.872  
2019_12_11_11_39_04_660 1576085944660 23621 23560 279 137.331  
2019_12_11_11_39_04_688 1576085944688 23649 23588 1270 634.023  
2019_12_11_11_39_04_694 1576085944694 23655 23594 281 138.304  
2019_12_11_11_39_04_702 1576085944702 23663 23602 884 437.106  
2019_12_11_11_39_04_716 1576085944716 23677 23616 611 300.496  
2019_12_11_11_39_04_732 1576085944732 23693 23632 309 151.941  
2019_12_11_11_39_04_746 1576085944746 23707 23646 129 64.6812  
2019_12_11_11_39_04_785 1576085944785 23746 23685 645 317.389  
2019_12_11_11_39_04_788 1576085944788 23749 23688 1341 670.724  
2019_12_11_11_39_04_797 1576085944797 23758 23697 313 153.891  
2019_12_11_11_39_04_815 1576085944815 23776 23714 309 151.941  
2019_12_11_11_39_04_826 1576085944826 23787 23725 438 215.066  
2019_12_11_11_39_04_829 1576085944829 23790 23728 538 264.339  
2019_12_11_11_39_04_855 1576085944855 23816 23754 332 163.16  
2019_12_11_11_39_04_921 1576085944921 23882 23820 4095 2209.31  
2019_12_11_11_39_04_938 1576085944938 23899 23837 1561 785.389  
2019_12_11_11_39_04_965 1576085944965 23926 23864 1061 526.855  
2019_12_11_11_39_05_025 1576085945025 23986 23924 1018 504.967  
2019_12_11_11_39_05_033 1576085945033 23994 23932 511 251.007  
2019_12_11_11_39_05_048 1576085945048 24009 23947 438 215.066  
2019_12_11_11_39_05_056 1576085945056 24017 23955 419 205.738  
2019_12_11_11_39_05_078 1576085945078 24039 23977 387 190.051  
2019_12_11_11_39_05_086 1576085945086 24047 23985 47 25.2472  
2019_12_11_11_39_05_097 1576085945097 24058 23996 160 79.641  
2019_12_11_11_39_05_111 1576085945111 24072 24010 124 62.271  
2019_12_11_11_39_05_112 1576085945112 24073 24011 444 218.014  
2019_12_11_11_39_05_337 1576085945337 24298 24236 290 142.685  
2019_12_11_11_39_05_338 1576085945338 24299 24236 428 210.155  
2019_12_11_11_39_05_339 1576085945339 24300 24237 117 58.898  
2019_12_11_11_39_05_339 1576085945339 24300 24237 815 402.37  
2019_12_11_11_39_05_339 1576085945339 24300 24237 1363 682.126  
2019_12_11_11_39_05_339 1576085945339 24300 24237 596 293.053  
2019_12_11_11_39_05_339 1576085945339 24300 24237 169 83.9894  
2019_12_11_11_39_05_347 1576085945347 24308 24245 426 209.173  
2019_12_11_11_39_05_383 1576085945383 24344 24281 474 232.771  
2019_12_11_11_39_05_388 1576085945388 24349 24286 122 61.3071  
2019_12_11_11_39_05_456 1576085945456 24417 24354 1214 605.182  
2019_12_11_11_39_05_480 1576085945480 24441 24378 131 65.6455  
2019_12_11_11_39_05_482 1576085945482 24443 24380 324 159.256  
2019_12_11_11_39_05_493 1576085945493 24454 24391 363 178.306  
2019_12_11_11_39_05_570 1576085945570 24531 24468 122 61.3071  
2019_12_11_11_39_05_581 1576085945581 24542 24479 460 225.881  
2019_12_11_11_39_05_583 1576085945583 24544 24481 634 311.92  
2019_12_11_11_39_05_610 1576085945610 24571 24508 132 66.1277  
2019_12_11_11_39_05_611 1576085945611 24572 24508 1171 583.099  
2019_12_11_11_39_05_612 1576085945612 24573 24509 411 201.813  
2019_12_11_11_39_05_617 1576085945617 24578 24514 272 133.926  
2019_12_11_11_39_05_639 1576085945639 24600 24536 451 221.455  
2019_12_11_11_39_05_640 1576085945640 24601 24537 1210 603.125  
2019_12_11_11_39_05_653 1576085945653 24614 24550 487 239.173  
2019_12_11_11_39_05_758 1576085945758 24719 24655 831 410.412  
2019_12_11_11_39_05_775 1576085945775 24736 24672 374 183.687  
2019_12_11_11_39_05_789 1576085945789 24750 24686 363 178.306  
2019_12_11_11_39_05_847 1576085945847 24808 24744 281 138.304  
2019_12_11_11_39_05_850 1576085945850 24811 24747 417 204.757  
2019_12_11_11_39_05_871 1576085945871 24832 24768 1032 512.087  
2019_12_11_11_39_05_876 1576085945876 24837 24773 234 115.466  
2019_12_11_11_39_05_893 1576085945893 24854 24790 486 238.681  
2019_12_11_11_39_05_906 1576085945906 24867 24803 456 223.914  
2019_12_11_11_39_05_941 1576085945941 24902 24838 1344 672.278  
2019_12_11_11_39_05_947 1576085945947 24908 24844 558 274.23  
2019_12_11_11_39_05_958 1576085945958 24919 24854 508 249.527  
2019_12_11_11_39_06_006 1576085946006 24967 24902 364 178.795  
2019_12_11_11_39_06_009 1576085946009 24970 24905 214 105.768  
2019_12_11_11_39_06_011 1576085946011 24972 24907 140 69.9862  
2019_12_11_11_39_06_024 1576085946024 24985 24920 180 89.3075  
2019_12_11_11_39_06_038 1576085946038 24999 24934 492 241.637  
2019_12_11_11_39_06_071 1576085946071 25032 24967 440 216.049  
2019_12_11_11_39_06_111 1576085946111 25072 25007 1257 627.32  
2019_12_11_11_39_06_125 1576085946125 25086 25021 158 78.675  
2019_12_11_11_39_06_134 1576085946134 25095 25030 707 348.283  
2019_12_11_11_39_06_142 1576085946142 25103 25038 1415 709.133  
2019_12_11_11_39_06_145 1576085946145 25106 25041 389 191.031  
2019_12_11_11_39_06_148 1576085946148 25109 25044 583 286.609  
2019_12_11_11_39_06_174 1576085946174 25135 25070 428 210.155  
2019_12_11_11_39_06_200 1576085946200 25161 25096 559 274.724  
2019_12_11_11_39_06_206 1576085946206 25167 25102 1967 1000.76  
2019_12_11_11_39_06_214 1576085946214 25175 25110 1861 944.058  
2019_12_11_11_39_06_217 1576085946217 25178 25113 788 388.816  
2019_12_11_11_39_06_224 1576085946224 25185 25119 66 34.3667  
2019_12_11_11_39_06_238 1576085946238 25199 25133 206 101.892  
2019_12_11_11_39_06_245 1576085946245 25206 25140 306 150.479  
2019_12_11_11_39_06_254 1576085946254 25215 25149 406 199.361  
2019_12_11_11_39_06_278 1576085946278 25239 25173 327 160.72  
2019_12_11_11_39_06_305 1576085946305 25266 25200 196 97.0493  
2019_12_11_11_39_06_336 1576085946336 25297 25231 545 267.8  
2019_12_11_11_39_06_347 1576085946347 25308 25242 408 200.342  
2019_12_11_11_39_06_374 1576085946374 25335 25269 186 92.2098  
2019_12_11_11_39_06_399 1576085946399 25360 25294 91 46.3822  
2019_12_11_11_39_06_440 1576085946440 25401 25335 613 301.488  
2019_12_11_11_39_06_448 1576085946448 25409 25343 549 269.778  
2019_12_11_11_39_06_453 1576085946453 25414 25348 534 262.363  
2019_12_11_11_39_06_479 1576085946479 25440 25374 1390 696.139  
2019_12_11_11_39_06_487 1576085946487 25448 25382 701 345.288  
2019_12_11_11_39_06_488 1576085946488 25449 25383 2210 1131.99  
2019_12_11_11_39_06_501 1576085946501 25462 25396 290 142.685  
2019_12_11_11_39_06_515 1576085946515 25476 25409 123 61.789  
2019_12_11_11_39_06_535 1576085946535 25496 25429 111 56.0079  
2019_12_11_11_39_06_548 1576085946548 25509 25442 170 84.4728  
2019_12_11_11_39_06_549 1576085946549 25510 25443 460 225.881  
2019_12_11_11_39_06_555 1576085946555 25516 25449 102 51.6749  
2019_12_11_11_39_06_557 1576085946557 25518 25451 193 95.5971  
2019_12_11_11_39_06_561 1576085946561 25522 25455 150 74.8121  
2019_12_11_11_39_06_586 1576085946586 25547 25480 258 127.12  
2019_12_11_11_39_06_615 1576085946615 25576 25509 746 367.775  
2019_12_11_11_39_06_618 1576085946618 25579 25512 310 152.428  
2019_12_11_11_39_06_622 1576085946622 25583 25516 517 253.968  
2019_12_11_11_39_06_676 1576085946676 25637 25570 138 69.0214  
2019_12_11_11_39_06_718 1576085946718 25679 25612 380 186.624  
2019_12_11_11_39_06_764 1576085946764 25725 25658 508 249.527  
2019_12_11_11_39_06_780 1576085946780 25741 25674 405 198.871  
2019_12_11_11_39_06_783 1576085946783 25744 25677 239 117.893  
2019_12_11_11_39_06_830 1576085946830 25791 25724 991 491.251  
2019_12_11_11_39_06_835 1576085946835 25796 25728 524 257.423  
2019_12_11_11_39_06_840 1576085946840 25801 25733 263 129.55  
2019_12_11_11_39_06_841 1576085946841 25802 25734 217 107.222  
2019_12_11_11_39_06_891 1576085946891 25852 25784 949 469.957  
2019_12_11_11_39_06_894 1576085946894 25855 25787 823 406.39  
2019_12_11_11_39_06_926 1576085946926 25887 25819 1366 683.682  
2019_12_11_11_39_06_993 1576085946993 25954 25886 821 405.385  
2019_12_11_11_39_07_005 1576085947005 25966 25898 679 334.317  
2019_12_11_11_39_07_017 1576085947017 25978 25910 162 80.6071  
2019_12_11_11_39_07_023 1576085947023 25984 25916 480 235.725  
2019_12_11_11_39_07_037 1576085947037 25998 25930 1872 949.927  
2019_12_11_11_39_07_126 1576085947126 26087 26019 129 64.6812  
2019_12_11_11_39_07_159 1576085947159 26120 26052 278 136.845  
2019_12_11_11_39_07_160 1576085947160 26121 26053 2815 1466.31  
2019_12_11_11_39_07_162 1576085947162 26123 26055 144 71.9162  
2019_12_11_11_39_07_353 1576085947353 26314 26246 632 310.926  
2019_12_11_11_39_07_353 1576085947353 26314 26246 351 172.439  
2019_12_11_11_39_07_354 1576085947354 26315 26246 394 193.48  
2019_12_11_11_39_07_354 1576085947354 26315 26246 293 144.146  
2019_12_11_11_39_07_354 1576085947354 26315 26246 234 115.466  
2019_12_11_11_39_07_354 1576085947354 26315 26246 372 182.708  
2019_12_11_11_39_07_355 1576085947355 26316 26247 458 224.897  
2019_12_11_11_39_07_355 1576085947355 26316 26247 355 174.394  
2019_12_11_11_39_07_355 1576085947355 26316 26247 825 407.395  
2019_12_11_11_39_07_355 1576085947355 26316 26247 1337 668.652  
2019_12_11_11_39_07_355 1576085947355 26316 26247 306 150.479  
2019_12_11_11_39_07_355 1576085947355 26316 26247 363 178.306  
2019_12_11_11_39_07_368 1576085947368 26329 26260 337 165.601  
2019_12_11_11_39_07_390 1576085947390 26351 26282 197 97.5334  
2019_12_11_11_39_07_396 1576085947396 26357 26288 4095 2209.31  
2019_12_11_11_39_07_408 1576085947408 26369 26300 1363 682.126  
2019_12_11_11_39_07_512 1576085947512 26473 26404 272 133.926  
2019_12_11_11_39_07_542 1576085947542 26503 26434 79 40.6124  
2019_12_11_11_39_07_544 1576085947544 26505 26436 139 69.5038  
2019_12_11_11_39_07_556 1576085947556 26517 26447 101 51.1936  
2019_12_11_11_39_07_578 1576085947578 26539 26469 1201 598.5  
2019_12_11_11_39_07_619 1576085947619 26580 26510 426 209.173  
2019_12_11_11_39_07_628 1576085947628 26589 26519 717 353.277  
2019_12_11_11_39_07_645 1576085947645 26606 26536 157 78.192  
2019_12_11_11_39_07_659 1576085947659 26620 26550 711 350.28  
2019_12_11_11_39_07_682 1576085947682 26643 26573 324 159.256  
2019_12_11_11_39_07_694 1576085947694 26655 26585 1413 708.093  
2019_12_11_11_39_07_709 1576085947709 26670 26600 149 74.3294  
2019_12_11_11_39_07_711 1576085947711 26672 26602 724 356.774  
2019_12_11_11_39_07_729 1576085947729 26690 26620 1343 671.76  
2019_12_11_11_39_07_735 1576085947735 26696 26626 404 198.381  
2019_12_11_11_39_07_742 1576085947742 26703 26633 367 180.262  
2019_12_11_11_39_07_759 1576085947759 26720 26650 517 253.968  
2019_12_11_11_39_07_765 1576085947765 26726 26656 313 153.891  
2019_12_11_11_39_07_779 1576085947779 26740 26670 145 72.3988  
2019_12_11_11_39_07_786 1576085947786 26747 26677 228 112.555  
2019_12_11_11_39_07_822 1576085947822 26783 26713 138 69.0214  
2019_12_11_11_39_08_002 1576085948002 26963 26892 606 298.014  
2019_12_11_11_39_08_007 1576085948007 26968 26897 414 203.285  
2019_12_11_11_39_08_008 1576085948008 26969 26898 737 363.273  
2019_12_11_11_39_08_019 1576085948019 26980 26909 126 63.235  
2019_12_11_11_39_08_039 1576085948039 27000 26929 310 152.428  
2019_12_11_11_39_08_087 1576085948087 27048 26977 1326 662.958  
2019_12_11_11_39_08_120 1576085948120 27081 27010 144 71.9162  
2019_12_11_11_39_08_149 1576085948149 27110 27039 1349 674.868  
2019_12_11_11_39_08_155 1576085948155 27116 27045 305 149.991  
2019_12_11_11_39_08_164 1576085948164 27125 27054 214 105.768  
2019_12_11_11_39_08_181 1576085948181 27142 27071 192 95.1131  
2019_12_11_11_39_08_194 1576085948194 27155 27084 212 104.799  
2019_12_11_11_39_08_229 1576085948229 27190 27119 749 369.276  
2019_12_11_11_39_08_257 1576085948257 27218 27147 245 120.805  
2019_12_11_11_39_08_297 1576085948297 27258 27187 683 336.311  
2019_12_11_11_39_08_316 1576085948316 27277 27206 625 307.448  
2019_12_11_11_39_08_330 1576085948330 27291 27220 2647 1372.39  
2019_12_11_11_39_08_342 1576085948342 27303 27231 159 79.1579  
2019_12_11_11_39_08_385 1576085948385 27346 27274 293 144.146  
2019_12_11_11_39_08_408 1576085948408 27369 27297 928 459.33  
2019_12_11_11_39_08_446 1576085948446 27407 27335 266 131.008  
2019_12_11_11_39_08_575 1576085948575 27536 27464 2841 1480.92  
2019_12_11_11_39_08_597 1576085948597 27558 27486 467 229.325  
2019_12_11_11_39_08_627 1576085948627 27588 27516 204 100.923  
2019_12_11_11_39_08_635 1576085948635 27596 27524 1438 721.104  
2019_12_11_11_39_08_660 1576085948660 27621 27549 266 131.008  
2019_12_11_11_39_08_669 1576085948669 27630 27558 121 60.8252  
2019_12_11_11_39_08_678 1576085948678 27639 27567 73 37.7291  
2019_12_11_11_39_08_681 1576085948681 27642 27570 1426 714.857  
2019_12_11_11_39_08_710 1576085948710 27671 27599 346 169.996  
2019_12_11_11_39_08_724 1576085948724 27685 27613 2201 1127.1  
2019_12_11_11_39_08_743 1576085948743 27704 27632 643 316.394  
2019_12_11_11_39_08_760 1576085948760 27721 27649 555 272.745  
2019_12_11_11_39_08_772 1576085948772 27733 27661 255 125.662  
2019_12_11_11_39_08_775 1576085948775 27736 27663 545 267.8  
2019_12_11_11_39_08_795 1576085948795 27756 27683 1343 671.76  
2019_12_11_11_39_08_856 1576085948856 27817 27744 268 131.981  
2019_12_11_11_39_08_889 1576085948889 27850 27777 1343 671.76  
2019_12_11_11_39_08_919 1576085948919 27880 27807 457 224.406  
2019_12_11_11_39_08_931 1576085948931 27892 27819 310 152.428  
2019_12_11_11_39_08_950 1576085948950 27911 27838 401 196.91  
2019_12_11_11_39_08_952 1576085948952 27913 27840 385 189.072  
2019_12_11_11_39_08_981 1576085948981 27942 27869 257 126.634  
2019_12_11_11_39_09_014 1576085949014 27975 27902 210 103.829  
2019_12_11_11_39_09_093 1576085949093 28054 27981 599 294.541  
2019_12_11_11_39_09_106 1576085949106 28067 27994 660 324.853  
2019_12_11_11_39_09_111 1576085949111 28072 27999 150 74.8121  
2019_12_11_11_39_09_114 1576085949114 28075 28002 97 49.2687  
2019_12_11_11_39_09_123 1576085949123 28084 28011 328 161.208  
2019_12_11_11_39_09_125 1576085949125 28086 28013 477 234.248  
2019_12_11_11_39_09_128 1576085949128 28089 28016 174 86.4063  
2019_12_11_11_39_09_129 1576085949129 28090 28016 142 70.9512  
2019_12_11_11_39_09_130 1576085949130 28091 28017 107 54.0818  
2019_12_11_11_39_09_155 1576085949155 28116 28042 194 96.0811  
2019_12_11_11_39_09_159 1576085949159 28120 28046 399 195.93  
2019_12_11_11_39_09_168 1576085949168 28129 28055 960 475.529  
2019_12_11_11_39_09_199 1576085949199 28160 28086 316 155.354  
2019_12_11_11_39_09_369 1576085949369 28330 28256 107 54.0818  
2019_12_11_11_39_09_369 1576085949369 28330 28256 233 114.981  
2019_12_11_11_39_09_370 1576085949370 28331 28257 1343 671.76  
2019_12_11_11_39_09_371 1576085949371 28332 28258 241 118.864  
2019_12_11_11_39_09_371 1576085949371 28332 28258 156 77.7091  
2019_12_11_11_39_09_371 1576085949371 28332 28258 277 136.358  
2019_12_11_11_39_09_371 1576085949371 28332 28258 559 274.724  
2019_12_11_11_39_09_371 1576085949371 28332 28258 2728 1417.57  
2019_12_11_11_39_09_371 1576085949371 28332 28258 394 193.48  
2019_12_11_11_39_09_371 1576085949371 28332 28258 54 28.6058  
2019_12_11_11_39_09_371 1576085949371 28332 28258 1400 701.334  
2019_12_11_11_39_09_371 1576085949371 28332 28258 1318 658.818  
2019_12_11_11_39_09_372 1576085949372 28333 28258 223 110.131  
2019_12_11_11_39_09_378 1576085949378 28339 28264 260 128.092  
2019_12_11_11_39_09_404 1576085949404 28365 28290 2362 1214.97  
2019_12_11_11_39_09_418 1576085949418 28379 28304 214 105.768  
2019_12_11_11_39_09_430 1576085949430 28391 28316 687 338.305  
2019_12_11_11_39_09_446 1576085949446 28407 28332 3491 1852.67  
2019_12_11_11_39_09_488 1576085949488 28449 28374 1282 640.216  
2019_12_11_11_39_09_492 1576085949492 28453 28378 329 161.696  
2019_12_11_11_39_09_502 1576085949502 28463 28388 243 119.834  
2019_12_11_11_39_09_507 1576085949507 28468 28393 1222 609.296  
2019_12_11_11_39_09_517 1576085949517 28478 28403 375 184.176  
2019_12_11_11_39_09_608 1576085949608 28569 28494 175 86.8898  
2019_12_11_11_39_09_609 1576085949609 28570 28495 714 351.778  
2019_12_11_11_39_09_610 1576085949610 28571 28496 519 254.955  
2019_12_11_11_39_09_616 1576085949616 28577 28502 509 250.02  
2019_12_11_11_39_09_658 1576085949658 28619 28544 947 468.944  
2019_12_11_11_39_09_660 1576085949660 28621 28546 848 418.965  
2019_12_11_11_39_09_708 1576085949708 28669 28593 1036 514.123  
2019_12_11_11_39_09_717 1576085949717 28678 28602 172 85.4395  
2019_12_11_11_39_09_721 1576085949721 28682 28606 339 166.577  
2019_12_11_11_39_09_727 1576085949727 28688 28612 758 373.781  
2019_12_11_11_39_09_733 1576085949733 28694 28618 163 81.0902  
2019_12_11_11_39_09_751 1576085949751 28712 28636 117 58.898  
2019_12_11_11_39_09_781 1576085949781 28742 28666 585 287.6  
2019_12_11_11_39_09_787 1576085949787 28748 28672 288 141.711  
2019_12_11_11_39_09_800 1576085949800 28761 28685 588 289.087  
2019_12_11_11_39_09_816 1576085949816 28777 28701 108 54.5633  
2019_12_11_11_39_09_874 1576085949874 28835 28759 966 478.57  
2019_12_11_11_39_09_886 1576085949886 28847 28771 255 125.662  
2019_12_11_11_39_09_918 1576085949918 28879 28803 539 264.834  
2019_12_11_11_39_09_927 1576085949927 28888 28812 367 180.262  
2019_12_11_11_39_09_931 1576085949931 28892 28816 318 156.329  
2019_12_11_11_39_09_934 1576085949934 28895 28819 209 103.345  
2019_12_11_11_39_09_962 1576085949962 28923 28847 244 120.32  
2019_12_11_11_39_09_975 1576085949975 28936 28859 948 469.451  
2019_12_11_11_39_09_983 1576085949983 28944 28867 217 107.222  
2019_12_11_11_39_10_003 1576085950003 28964 28887 226 111.585  
2019_12_11_11_39_10_036 1576085950036 28997 28920 175 86.8898  
2019_12_11_11_39_10_056 1576085950056 29017 28940 4095 2209.31  
2019_12_11_11_39_10_066 1576085950066 29027 28950 2800 1457.89  
2019_12_11_11_39_10_091 1576085950091 29052 28975 481 236.218  
2019_12_11_11_39_10_107 1576085950107 29068 28991 384 188.582  
2019_12_11_11_39_10_182 1576085950182 29143 29066 646 317.887  
2019_12_11_11_39_10_274 1576085950274 29235 29158 302 148.53  
2019_12_11_11_39_10_278 1576085950278 29239 29162 279 137.331  
2019_12_11_11_39_10_350 1576085950350 29311 29234 668 328.837  
2019_12_11_11_39_10_353 1576085950353 29314 29237 377 185.155  
2019_12_11_11_39_10_439 1576085950439 29400 29323 992 491.758  
2019_12_11_11_39_10_447 1576085950447 29408 29331 658 323.858  
2019_12_11_11_39_10_474 1576085950474 29435 29358 2621 1357.93  
2019_12_11_11_39_10_509 1576085950509 29470 29393 449 220.472  
2019_12_11_11_39_10_510 1576085950510 29471 29393 73 37.7291  
2019_12_11_11_39_10_522 1576085950522 29483 29405 376 184.666  
2019_12_11_11_39_10_578 1576085950578 29539 29461 254 125.177  
2019_12_11_11_39_10_624 1576085950624 29585 29507 1003 497.344  
2019_12_11_11_39_10_634 1576085950634 29595 29517 2317 1190.33  
2019_12_11_11_39_10_655 1576085950655 29616 29538 218 107.707  
2019_12_11_11_39_10_664 1576085950664 29625 29547 103 52.1562  
2019_12_11_11_39_10_672 1576085950672 29633 29555 937 463.883  
2019_12_11_11_39_10_674 1576085950674 29635 29557 1353 676.941  
2019_12_11_11_39_10_725 1576085950725 29686 29608 402 197.4  
2019_12_11_11_39_10_726 1576085950726 29687 29609 1065 528.894  
2019_12_11_11_39_10_749 1576085950749 29710 29632 653 321.369  
2019_12_11_11_39_10_760 1576085950760 29721 29643 4095 2209.31  
2019_12_11_11_39_10_770 1576085950770 29731 29653 860 425.008  
2019_12_11_11_39_10_802 1576085950802 29763 29685 205 101.407  
2019_12_11_11_39_10_816 1576085950816 29777 29699 355 174.394  
2019_12_11_11_39_10_820 1576085950820 29781 29703 171 84.9561  
2019_12_11_11_39_10_859 1576085950859 29820 29741 443 217.523  
2019_12_11_11_39_10_864 1576085950864 29825 29746 690 339.801  
2019_12_11_11_39_10_908 1576085950908 29869 29790 1350 675.386  
2019_12_11_11_39_10_971 1576085950971 29932 29853 336 165.112  
2019_12_11_11_39_10_992 1576085950992 29953 29874 417 204.757  
2019_12_11_11_39_10_998 1576085950998 29959 29880 489 240.159  
2019_12_11_11_39_11_042 1576085951042 30003 29924 644 316.892  
