1576079520349 2019_12_11_09_52_00_349 2.734449 0.478300  0.000014786
2019_12_11_09_52_00_381 1576079520381 32 31 256 126.148  
2019_12_11_09_52_00_460 1576079520460 111 110 215 106.252  
2019_12_11_09_52_00_559 1576079520559 210 209 444 218.014  
2019_12_11_09_52_00_565 1576079520565 216 215 1011 501.409  
2019_12_11_09_52_00_572 1576079520572 223 222 564 277.199  
2019_12_11_09_52_00_589 1576079520589 240 239 462 226.865  
2019_12_11_09_52_00_600 1576079520600 251 250 254 125.177  
2019_12_11_09_52_00_643 1576079520643 294 293 653 321.369  
2019_12_11_09_52_00_648 1576079520648 299 298 307 150.966  
2019_12_11_09_52_00_677 1576079520677 328 327 387 190.051  
2019_12_11_09_52_00_695 1576079520695 346 345 298 146.581  
2019_12_11_09_52_00_752 1576079520752 403 402 251 123.719  
2019_12_11_09_52_00_800 1576079520800 451 450 340 167.066  
2019_12_11_09_52_00_895 1576079520895 546 545 608 299.007  
2019_12_11_09_52_00_901 1576079520901 552 551 201 99.4701  
2019_12_11_09_52_00_923 1576079520923 574 573 132 66.1277  
2019_12_11_09_52_00_961 1576079520961 612 611 150 74.8121  
2019_12_11_09_52_00_986 1576079520986 637 635 80 41.0931  
2019_12_11_09_52_00_991 1576079520991 642 640 738 363.773  
2019_12_11_09_52_01_041 1576079521041 692 690 197 97.5334  
2019_12_11_09_52_01_090 1576079521090 741 739 180 89.3075  
2019_12_11_09_52_01_152 1576079521152 803 801 235 115.951  
2019_12_11_09_52_01_157 1576079521157 808 806 259 127.606  
2019_12_11_09_52_01_246 1576079521246 897 895 188 93.1774  
2019_12_11_09_52_01_272 1576079521272 923 921 593 291.566  
2019_12_11_09_52_01_401 1576079521401 1052 1050 123 61.789  
2019_12_11_09_52_01_408 1576079521408 1059 1057 630 309.932  
2019_12_11_09_52_01_429 1576079521429 1080 1078 468 229.817  
2019_12_11_09_52_01_452 1576079521452 1103 1101 91 46.3822  
2019_12_11_09_52_01_551 1576079521551 1202 1200 1360 680.57  
2019_12_11_09_52_01_589 1576079521589 1240 1238 378 185.644  
2019_12_11_09_52_01_650 1576079521650 1301 1299 296 145.607  
2019_12_11_09_52_01_667 1576079521667 1318 1316 296 145.607  
2019_12_11_09_52_01_678 1576079521678 1329 1327 291 143.172  
2019_12_11_09_52_01_725 1576079521725 1376 1373 152 75.7777  
2019_12_11_09_52_01_732 1576079521732 1383 1380 246 121.291  
2019_12_11_09_52_01_739 1576079521739 1390 1387 151 75.2949  
2019_12_11_09_52_01_790 1576079521790 1441 1438 1884 956.333  
2019_12_11_09_52_01_845 1576079521845 1496 1493 431 211.628  
2019_12_11_09_52_01_864 1576079521864 1515 1512 584 287.104  
2019_12_11_09_52_01_996 1576079521996 1647 1644 304 149.504  
2019_12_11_09_52_02_048 1576079522048 1699 1696 172 85.4395  
2019_12_11_09_52_02_136 1576079522136 1787 1784 241 118.864  
2019_12_11_09_52_02_167 1576079522167 1818 1815 120 60.3434  
2019_12_11_09_52_02_192 1576079522192 1843 1840 218 107.707  
2019_12_11_09_52_02_217 1576079522217 1868 1865 336 165.112  
2019_12_11_09_52_02_222 1576079522222 1873 1870 205 101.407  
2019_12_11_09_52_02_269 1576079522269 1920 1917 259 127.606  
2019_12_11_09_52_02_276 1576079522276 1927 1924 1230 613.413  
2019_12_11_09_52_02_290 1576079522290 1941 1938 932 461.353  
2019_12_11_09_52_02_302 1576079522302 1953 1950 301 148.042  
2019_12_11_09_52_02_329 1576079522329 1980 1976 200 98.9859  
2019_12_11_09_52_02_337 1576079522337 1988 1984 118 59.3797  
2019_12_11_09_52_02_347 1576079522347 1998 1994 68 35.3272  
2019_12_11_09_52_02_374 1576079522374 2025 2021 390 191.52  
2019_12_11_09_52_02_404 1576079522404 2055 2051 462 226.865  
2019_12_11_09_52_02_414 1576079522414 2065 2061 251 123.719  
2019_12_11_09_52_02_457 1576079522457 2108 2104 189 93.6613  
2019_12_11_09_52_02_478 1576079522478 2129 2125 301 148.042  
2019_12_11_09_52_02_498 1576079522498 2149 2145 238 117.407  
2019_12_11_09_52_02_671 1576079522671 2322 2318 410 201.323  
2019_12_11_09_52_02_672 1576079522672 2323 2319 515 252.98  
2019_12_11_09_52_02_689 1576079522689 2340 2336 1508 757.634  
2019_12_11_09_52_02_971 1576079522971 2622 2618 483 237.203  
2019_12_11_09_52_02_972 1576079522972 2623 2619 210 103.829  
2019_12_11_09_52_02_973 1576079522973 2624 2620 316 155.354  
2019_12_11_09_52_02_973 1576079522973 2624 2620 355 174.394  
2019_12_11_09_52_02_973 1576079522973 2624 2620 52 27.646  
2019_12_11_09_52_02_974 1576079522974 2625 2620 604 297.022  
2019_12_11_09_52_02_974 1576079522974 2625 2620 559 274.724  
2019_12_11_09_52_02_974 1576079522974 2625 2620 1978 1006.66  
2019_12_11_09_52_02_993 1576079522993 2644 2639 1117 555.444  
2019_12_11_09_52_03_045 1576079523045 2696 2691 501 246.074  
2019_12_11_09_52_03_076 1576079523076 2727 2722 291 143.172  
2019_12_11_09_52_03_094 1576079523094 2745 2740 505 248.047  
2019_12_11_09_52_03_154 1576079523154 2805 2800 174 86.4063  
2019_12_11_09_52_03_161 1576079523161 2812 2807 201 99.4701  
2019_12_11_09_52_03_212 1576079523212 2863 2858 2319 1191.43  
2019_12_11_09_52_03_216 1576079523216 2867 2862 325 159.744  
2019_12_11_09_52_03_222 1576079523222 2873 2868 703 346.287  
2019_12_11_09_52_03_253 1576079523253 2904 2899 372 182.708  
2019_12_11_09_52_03_259 1576079523259 2910 2905 254 125.177  
2019_12_11_09_52_03_285 1576079523285 2936 2931 2825 1471.93  
2019_12_11_09_52_03_290 1576079523290 2941 2936 428 210.155  
2019_12_11_09_52_03_429 1576079523429 3080 3075 460 225.881  
2019_12_11_09_52_03_500 1576079523500 3151 3146 212 104.799  
2019_12_11_09_52_03_554 1576079523554 3205 3199 170 84.4728  
2019_12_11_09_52_03_577 1576079523577 3228 3222 440 216.049  
2019_12_11_09_52_03_578 1576079523578 3229 3223 458 224.897  
2019_12_11_09_52_03_587 1576079523587 3238 3232 144 71.9162  
2019_12_11_09_52_03_610 1576079523610 3261 3255 496 243.609  
2019_12_11_09_52_03_628 1576079523628 3279 3273 559 274.724  
2019_12_11_09_52_03_630 1576079523630 3281 3275 173 85.9229  
2019_12_11_09_52_03_631 1576079523631 3282 3276 1790 906.266  
2019_12_11_09_52_03_695 1576079523695 3346 3340 236 116.437  
2019_12_11_09_52_03_709 1576079523709 3360 3354 332 163.16  
2019_12_11_09_52_03_724 1576079523724 3375 3369 1279 638.667  
2019_12_11_09_52_03_728 1576079523728 3379 3373 314 154.378  
2019_12_11_09_52_03_765 1576079523765 3416 3410 236 116.437  
2019_12_11_09_52_03_788 1576079523788 3439 3433 149 74.3294  
2019_12_11_09_52_03_815 1576079523815 3466 3460 251 123.719  
2019_12_11_09_52_03_941 1576079523941 3592 3586 326 160.232  
2019_12_11_09_52_04_025 1576079524025 3676 3670 2211 1132.54  
2019_12_11_09_52_04_078 1576079524078 3729 3722 196 97.0493  
2019_12_11_09_52_04_096 1576079524096 3747 3740 346 169.996  
2019_12_11_09_52_04_166 1576079524166 3817 3810 1956 994.858  
2019_12_11_09_52_04_214 1576079524214 3865 3858 326 160.232  
2019_12_11_09_52_04_231 1576079524231 3882 3875 231 114.011  
2019_12_11_09_52_04_232 1576079524232 3883 3876 1379 690.427  
2019_12_11_09_52_04_248 1576079524248 3899 3892 240 118.378  
2019_12_11_09_52_04_255 1576079524255 3906 3899 408 200.342  
2019_12_11_09_52_04_256 1576079524256 3907 3900 914 452.253  
2019_12_11_09_52_04_270 1576079524270 3921 3914 302 148.53  
2019_12_11_09_52_04_274 1576079524274 3925 3918 327 160.72  
2019_12_11_09_52_04_312 1576079524312 3963 3956 582 286.113  
2019_12_11_09_52_04_329 1576079524329 3980 3973 1446 725.272  
2019_12_11_09_52_04_332 1576079524332 3983 3976 121 60.8252  
2019_12_11_09_52_04_348 1576079524348 3999 3992 154 76.7433  
2019_12_11_09_52_04_387 1576079524387 4038 4031 209 103.345  
2019_12_11_09_52_04_400 1576079524400 4051 4044 142 70.9512  
2019_12_11_09_52_04_427 1576079524427 4078 4070 267 131.495  
2019_12_11_09_52_04_459 1576079524459 4110 4102 293 144.146  
2019_12_11_09_52_04_460 1576079524460 4111 4103 151 75.2949  
2019_12_11_09_52_04_537 1576079524537 4188 4180 171 84.9561  
2019_12_11_09_52_04_546 1576079524546 4197 4189 333 163.648  
2019_12_11_09_52_04_556 1576079524556 4207 4199 1020 505.983  
2019_12_11_09_52_04_604 1576079524604 4255 4247 173 85.9229  
2019_12_11_09_52_04_653 1576079524653 4304 4296 157 78.192  
2019_12_11_09_52_04_658 1576079524658 4309 4301 1561 785.389  
2019_12_11_09_52_04_684 1576079524684 4335 4327 97 49.2687  
2019_12_11_09_52_04_707 1576079524707 4358 4350 260 128.092  
2019_12_11_09_52_04_732 1576079524732 4383 4375 877 433.576  
2019_12_11_09_52_05_019 1576079525019 4670 4662 727 358.273  
2019_12_11_09_52_05_020 1576079525020 4671 4663 462 226.865  
2019_12_11_09_52_05_021 1576079525021 4672 4664 173 85.9229  
2019_12_11_09_52_05_021 1576079525021 4672 4664 384 188.582  
2019_12_11_09_52_05_021 1576079525021 4672 4664 2807 1461.82  
2019_12_11_09_52_05_070 1576079525070 4721 4712 537 263.845  
2019_12_11_09_52_05_096 1576079525096 4747 4738 881 435.593  
2019_12_11_09_52_05_097 1576079525097 4748 4739 255 125.662  
2019_12_11_09_52_05_109 1576079525109 4760 4751 689 339.302  
2019_12_11_09_52_05_148 1576079525148 4799 4790 2753 1431.56  
2019_12_11_09_52_05_173 1576079525173 4824 4815 773 381.295  
2019_12_11_09_52_05_203 1576079525203 4854 4845 340 167.066  
2019_12_11_09_52_05_204 1576079525204 4855 4846 161 80.124  
2019_12_11_09_52_05_250 1576079525250 4901 4892 80 41.0931  
2019_12_11_09_52_05_288 1576079525288 4939 4930 255 125.662  
2019_12_11_09_52_05_318 1576079525318 4969 4960 333 163.648  
2019_12_11_09_52_05_330 1576079525330 4981 4972 156 77.7091  
2019_12_11_09_52_05_348 1576079525348 4999 4990 184 91.2422  
2019_12_11_09_52_05_354 1576079525354 5005 4996 248 122.262  
2019_12_11_09_52_05_365 1576079525365 5016 5007 233 114.981  
2019_12_11_09_52_05_389 1576079525389 5040 5031 206 101.892  
2019_12_11_09_52_05_390 1576079525390 5041 5032 213 105.283  
2019_12_11_09_52_05_410 1576079525410 5061 5051 188 93.1774  
2019_12_11_09_52_05_443 1576079525443 5094 5084 1053 522.779  
2019_12_11_09_52_05_444 1576079525444 5095 5085 311 152.916  
2019_12_11_09_52_05_479 1576079525479 5130 5120 431 211.628  
2019_12_11_09_52_05_503 1576079525503 5154 5144 702 345.788  
2019_12_11_09_52_05_516 1576079525516 5167 5157 202 99.9544  
2019_12_11_09_52_05_564 1576079525564 5215 5205 523 256.93  
2019_12_11_09_52_05_588 1576079525588 5239 5229 271 133.44  
2019_12_11_09_52_05_590 1576079525590 5241 5231 158 78.675  
2019_12_11_09_52_05_610 1576079525610 5261 5251 276 135.872  
2019_12_11_09_52_05_626 1576079525626 5277 5267 585 287.6  
2019_12_11_09_52_05_648 1576079525648 5299 5289 483 237.203  
2019_12_11_09_52_05_669 1576079525669 5320 5310 491 241.144  
2019_12_11_09_52_05_691 1576079525691 5342 5332 487 239.173  
2019_12_11_09_52_05_731 1576079525731 5382 5372 267 131.495  
2019_12_11_09_52_05_818 1576079525818 5469 5459 98 49.7499  
2019_12_11_09_52_05_832 1576079525832 5483 5473 387 190.051  
2019_12_11_09_52_05_877 1576079525877 5528 5518 1360 680.57  
2019_12_11_09_52_05_886 1576079525886 5537 5526 251 123.719  
2019_12_11_09_52_05_899 1576079525899 5550 5539 135 67.5744  
2019_12_11_09_52_05_907 1576079525907 5558 5547 143 71.4337  
2019_12_11_09_52_05_949 1576079525949 5600 5589 330 162.184  
2019_12_11_09_52_06_006 1576079526006 5657 5646 293 144.146  
2019_12_11_09_52_06_009 1576079526009 5660 5649 1129 561.582  
2019_12_11_09_52_06_015 1576079526015 5666 5655 302 148.53  
2019_12_11_09_52_06_043 1576079526043 5694 5683 228 112.555  
2019_12_11_09_52_06_086 1576079526086 5737 5726 508 249.527  
2019_12_11_09_52_06_104 1576079526104 5755 5744 125 62.753  
2019_12_11_09_52_06_146 1576079526146 5797 5786 375 184.176  
2019_12_11_09_52_06_168 1576079526168 5819 5808 1129 561.582  
2019_12_11_09_52_06_185 1576079526185 5836 5825 189 93.6613  
2019_12_11_09_52_06_207 1576079526207 5858 5847 273 134.412  
2019_12_11_09_52_06_219 1576079526219 5870 5859 420 206.229  
2019_12_11_09_52_06_236 1576079526236 5887 5876 138 69.0214  
2019_12_11_09_52_06_375 1576079526375 6026 6015 1687 851.706  
2019_12_11_09_52_06_427 1576079526427 6078 6066 205 101.407  
2019_12_11_09_52_06_428 1576079526428 6079 6067 226 111.585  
2019_12_11_09_52_06_467 1576079526467 6118 6106 246 121.291  
2019_12_11_09_52_06_549 1576079526549 6200 6188 1678 846.954  
2019_12_11_09_52_06_561 1576079526561 6212 6200 356 174.883  
2019_12_11_09_52_06_596 1576079526596 6247 6235 81 41.5738  
2019_12_11_09_52_06_618 1576079526618 6269 6257 192 95.1131  
2019_12_11_09_52_06_628 1576079526628 6279 6267 535 262.857  
2019_12_11_09_52_06_660 1576079526660 6311 6299 405 198.871  
2019_12_11_09_52_06_711 1576079526711 6362 6350 1616 814.279  
2019_12_11_09_52_06_725 1576079526725 6376 6364 2331 1197.99  
2019_12_11_09_52_06_807 1576079526807 6458 6446 141 70.4687  
2019_12_11_09_52_07_067 1576079527067 6718 6706 168 83.5062  
2019_12_11_09_52_07_068 1576079527068 6719 6707 2381 1225.39  
2019_12_11_09_52_07_069 1576079527069 6720 6708 97 49.2687  
2019_12_11_09_52_07_069 1576079527069 6720 6708 257 126.634  
2019_12_11_09_52_07_069 1576079527069 6720 6708 247 121.777  
2019_12_11_09_52_07_069 1576079527069 6720 6707 311 152.916  
2019_12_11_09_52_07_069 1576079527069 6720 6707 4095 2209.31  
2019_12_11_09_52_07_070 1576079527070 6721 6708 1045 518.704  
2019_12_11_09_52_07_070 1576079527070 6721 6708 382 187.603  
2019_12_11_09_52_07_070 1576079527070 6721 6708 231 114.011  
2019_12_11_09_52_07_070 1576079527070 6721 6708 4095 2209.31  
2019_12_11_09_52_07_102 1576079527102 6753 6740 259 127.606  
2019_12_11_09_52_07_239 1576079527239 6890 6877 254 125.177  
2019_12_11_09_52_07_251 1576079527251 6902 6889 309 151.941  
2019_12_11_09_52_07_298 1576079527298 6949 6936 449 220.472  
2019_12_11_09_52_07_325 1576079527325 6976 6963 884 437.106  
2019_12_11_09_52_07_327 1576079527327 6978 6965 750 369.776  
2019_12_11_09_52_07_328 1576079527328 6979 6966 262 129.064  
2019_12_11_09_52_07_345 1576079527345 6996 6983 355 174.394  
2019_12_11_09_52_07_354 1576079527354 7005 6992 2091 1067.51  
2019_12_11_09_52_07_367 1576079527367 7018 7005 300 147.555  
2019_12_11_09_52_07_415 1576079527415 7066 7053 243 119.834  
2019_12_11_09_52_07_451 1576079527451 7102 7088 398 195.44  
2019_12_11_09_52_07_464 1576079527464 7115 7101 155 77.2262  
2019_12_11_09_52_07_465 1576079527465 7116 7102 100 50.7123  
2019_12_11_09_52_07_578 1576079527578 7229 7215 305 149.991  
2019_12_11_09_52_07_633 1576079527633 7284 7270 217 107.222  
2019_12_11_09_52_07_762 1576079527762 7413 7399 365 179.284  
2019_12_11_09_52_07_820 1576079527820 7471 7457 187 92.6936  
2019_12_11_09_52_07_896 1576079527896 7547 7533 4095 2209.31  
2019_12_11_09_52_07_897 1576079527897 7548 7534 296 145.607  
2019_12_11_09_52_07_924 1576079527924 7575 7561 745 367.274  
2019_12_11_09_52_07_932 1576079527932 7583 7569 194 96.0811  
2019_12_11_09_52_07_998 1576079527998 7649 7635 228 112.555  
2019_12_11_09_52_08_115 1576079528115 7766 7752 380 186.624  
2019_12_11_09_52_08_133 1576079528133 7784 7770 249 122.748  
2019_12_11_09_52_08_159 1576079528159 7810 7796 150 74.8121  
2019_12_11_09_52_08_207 1576079528207 7858 7844 222 109.646  
2019_12_11_09_52_08_211 1576079528211 7862 7848 166 82.5397  
2019_12_11_09_52_08_271 1576079528271 7922 7907 289 142.198  
2019_12_11_09_52_08_365 1576079528365 8016 8001 184 91.2422  
2019_12_11_09_52_08_366 1576079528366 8017 8002 504 247.553  
2019_12_11_09_52_08_379 1576079528379 8030 8015 426 209.173  
2019_12_11_09_52_08_394 1576079528394 8045 8030 241 118.864  
2019_12_11_09_52_08_418 1576079528418 8069 8054 370 181.73  
2019_12_11_09_52_08_439 1576079528439 8090 8075 550 270.272  
2019_12_11_09_52_08_465 1576079528465 8116 8101 1083 538.075  
2019_12_11_09_52_08_475 1576079528475 8126 8111 510 250.513  
2019_12_11_09_52_08_523 1576079528523 8174 8159 231 114.011  
2019_12_11_09_52_08_549 1576079528549 8200 8185 375 184.176  
2019_12_11_09_52_08_556 1576079528556 8207 8192 690 339.801  
2019_12_11_09_52_08_585 1576079528585 8236 8221 120 60.3434  
2019_12_11_09_52_08_631 1576079528631 8282 8267 152 75.7777  
2019_12_11_09_52_08_656 1576079528656 8307 8292 302 148.53  
2019_12_11_09_52_08_666 1576079528666 8317 8302 255 125.662  
2019_12_11_09_52_08_686 1576079528686 8337 8322 343 168.531  
2019_12_11_09_52_08_727 1576079528727 8378 8363 744 366.774  
2019_12_11_09_52_08_760 1576079528760 8411 8395 467 229.325  
2019_12_11_09_52_08_780 1576079528780 8431 8415 435 213.593  
2019_12_11_09_52_09_115 1576079529115 8766 8750 436 214.084  
2019_12_11_09_52_09_116 1576079529116 8767 8751 2390 1230.33  
2019_12_11_09_52_09_117 1576079529117 8768 8752 228 112.555  
2019_12_11_09_52_09_117 1576079529117 8768 8752 212 104.799  
2019_12_11_09_52_09_117 1576079529117 8768 8752 1556 782.767  
2019_12_11_09_52_09_117 1576079529117 8768 8752 1913 971.832  
2019_12_11_09_52_09_118 1576079529118 8769 8753 196 97.0493  
2019_12_11_09_52_09_137 1576079529137 8788 8772 418 205.247  
2019_12_11_09_52_09_270 1576079529270 8921 8905 266 131.008  
2019_12_11_09_52_09_299 1576079529299 8950 8934 89 45.4203  
2019_12_11_09_52_09_343 1576079529343 8994 8978 466 228.833  
2019_12_11_09_52_09_359 1576079529359 9010 8994 392 192.5  
2019_12_11_09_52_09_378 1576079529378 9029 9013 526 258.411  
2019_12_11_09_52_09_398 1576079529398 9049 9033 285 140.251  
2019_12_11_09_52_09_401 1576079529401 9052 9036 360 176.839  
2019_12_11_09_52_09_430 1576079529430 9081 9064 170 84.4728  
2019_12_11_09_52_09_440 1576079529440 9091 9074 135 67.5744  
2019_12_11_09_52_09_471 1576079529471 9122 9105 457 224.406  
2019_12_11_09_52_09_514 1576079529514 9165 9148 202 99.9544  
2019_12_11_09_52_09_540 1576079529540 9191 9174 3485 1849.19  
2019_12_11_09_52_09_545 1576079529545 9196 9179 277 136.358  
2019_12_11_09_52_09_564 1576079529564 9215 9198 1808 915.833  
2019_12_11_09_52_09_577 1576079529577 9228 9211 197 97.5334  
2019_12_11_09_52_09_659 1576079529659 9310 9293 329 161.696  
2019_12_11_09_52_09_674 1576079529674 9325 9308 447 219.489  
2019_12_11_09_52_09_693 1576079529693 9344 9327 526 258.411  
2019_12_11_09_52_09_700 1576079529700 9351 9334 668 328.837  
2019_12_11_09_52_09_701 1576079529701 9352 9335 982 486.683  
2019_12_11_09_52_09_717 1576079529717 9368 9351 428 210.155  
2019_12_11_09_52_09_744 1576079529744 9395 9378 345 169.508  
2019_12_11_09_52_09_746 1576079529746 9397 9380 1468 736.742  
2019_12_11_09_52_09_798 1576079529798 9449 9432 452 221.947  
2019_12_11_09_52_09_817 1576079529817 9468 9450 186 92.2098  
2019_12_11_09_52_09_820 1576079529820 9471 9453 106 53.6004  
2019_12_11_09_52_09_829 1576079529829 9480 9462 327 160.72  
2019_12_11_09_52_09_834 1576079529834 9485 9467 192 95.1131  
2019_12_11_09_52_09_846 1576079529846 9497 9479 383 188.092  
2019_12_11_09_52_09_849 1576079529849 9500 9482 227 112.07  
2019_12_11_09_52_09_862 1576079529862 9513 9495 620 304.964  
2019_12_11_09_52_09_865 1576079529865 9516 9498 292 143.659  
2019_12_11_09_52_09_869 1576079529869 9520 9502 771 380.293  
2019_12_11_09_52_09_879 1576079529879 9530 9512 1284 641.248  
2019_12_11_09_52_09_886 1576079529886 9537 9519 318 156.329  
2019_12_11_09_52_09_890 1576079529890 9541 9523 123 61.789  
2019_12_11_09_52_09_896 1576079529896 9547 9529 194 96.0811  
2019_12_11_09_52_09_940 1576079529940 9591 9573 480 235.725  
2019_12_11_09_52_09_963 1576079529963 9614 9596 419 205.738  
2019_12_11_09_52_09_981 1576079529981 9632 9614 1397 699.775  
2019_12_11_09_52_10_008 1576079530008 9659 9641 406 199.361  
2019_12_11_09_52_10_053 1576079530053 9704 9685 467 229.325  
2019_12_11_09_52_10_082 1576079530082 9733 9714 379 186.134  
2019_12_11_09_52_10_092 1576079530092 9743 9724 297 146.094  
2019_12_11_09_52_10_102 1576079530102 9753 9734 1358 679.533  
2019_12_11_09_52_10_127 1576079530127 9778 9759 209 103.345  
2019_12_11_09_52_10_168 1576079530168 9819 9800 279 137.331  
2019_12_11_09_52_10_197 1576079530197 9848 9829 339 166.577  
2019_12_11_09_52_10_231 1576079530231 9882 9863 113 56.9711  
2019_12_11_09_52_10_232 1576079530232 9883 9864 1347 673.832  
2019_12_11_09_52_10_249 1576079530249 9900 9881 748 368.776  
2019_12_11_09_52_10_251 1576079530251 9902 9883 635 312.417  
2019_12_11_09_52_10_252 1576079530252 9903 9884 293 144.146  
2019_12_11_09_52_10_254 1576079530254 9905 9886 700 344.789  
2019_12_11_09_52_10_257 1576079530257 9908 9889 388 190.541  
2019_12_11_09_52_10_356 1576079530356 10007 9988 806 397.85  
2019_12_11_09_52_10_363 1576079530363 10014 9995 154 76.7433  
2019_12_11_09_52_10_377 1576079530377 10028 10009 121 60.8252  
2019_12_11_09_52_10_407 1576079530407 10058 10038 745 367.274  
2019_12_11_09_52_10_409 1576079530409 10060 10040 170 84.4728  
2019_12_11_09_52_10_417 1576079530417 10068 10048 203 100.439  
2019_12_11_09_52_10_476 1576079530476 10127 10107 480 235.725  
2019_12_11_09_52_10_490 1576079530490 10141 10121 1007 499.376  
2019_12_11_09_52_10_492 1576079530492 10143 10123 575 282.645  
2019_12_11_09_52_10_509 1576079530509 10160 10140 169 83.9894  
2019_12_11_09_52_10_529 1576079530529 10180 10160 170 84.4728  
2019_12_11_09_52_10_534 1576079530534 10185 10165 157 78.192  
2019_12_11_09_52_10_535 1576079530535 10186 10166 438 215.066  
2019_12_11_09_52_10_536 1576079530536 10187 10167 169 83.9894  
2019_12_11_09_52_10_550 1576079530550 10201 10181 423 207.701  
2019_12_11_09_52_10_551 1576079530551 10202 10182 2233 1144.5  
2019_12_11_09_52_10_575 1576079530575 10226 10206 698 343.792  
2019_12_11_09_52_10_583 1576079530583 10234 10214 684 336.809  
2019_12_11_09_52_10_663 1576079530663 10314 10294 432 212.119  
2019_12_11_09_52_10_737 1576079530737 10388 10368 668 328.837  
2019_12_11_09_52_10_740 1576079530740 10391 10371 1153 573.871  
2019_12_11_09_52_10_749 1576079530749 10400 10379 683 336.311  
2019_12_11_09_52_10_787 1576079530787 10438 10417 712 350.78  
2019_12_11_09_52_10_805 1576079530805 10456 10435 865 427.527  
2019_12_11_09_52_10_842 1576079530842 10493 10472 258 127.12  
2019_12_11_09_52_10_846 1576079530846 10497 10476 436 214.084  
2019_12_11_09_52_10_880 1576079530880 10531 10510 378 185.644  
2019_12_11_09_52_10_906 1576079530906 10557 10536 299 147.068  
2019_12_11_09_52_11_163 1576079531163 10814 10793 464 227.849  
2019_12_11_09_52_11_164 1576079531164 10815 10794 159 79.1579  
2019_12_11_09_52_11_165 1576079531165 10816 10795 580 285.122  
2019_12_11_09_52_11_165 1576079531165 10816 10795 509 250.02  
2019_12_11_09_52_11_165 1576079531165 10816 10795 663 326.347  
2019_12_11_09_52_11_165 1576079531165 10816 10795 375 184.176  
2019_12_11_09_52_11_165 1576079531165 10816 10795 143 71.4337  
2019_12_11_09_52_11_166 1576079531166 10817 10796 1226 611.354  
2019_12_11_09_52_11_166 1576079531166 10817 10796 420 206.229  
2019_12_11_09_52_11_166 1576079531166 10817 10796 229 113.041  
2019_12_11_09_52_11_166 1576079531166 10817 10795 495 243.116  
2019_12_11_09_52_11_166 1576079531166 10817 10795 312 153.403  
2019_12_11_09_52_11_166 1576079531166 10817 10795 150 74.8121  
2019_12_11_09_52_11_166 1576079531166 10817 10795 198 98.0175  
2019_12_11_09_52_11_166 1576079531166 10817 10795 430 211.137  
2019_12_11_09_52_11_166 1576079531166 10817 10795 117 58.898  
2019_12_11_09_52_11_167 1576079531167 10818 10796 695 342.295  
2019_12_11_09_52_11_167 1576079531167 10818 10796 166 82.5397  
2019_12_11_09_52_11_174 1576079531174 10825 10803 190 94.1452  
2019_12_11_09_52_11_206 1576079531206 10857 10835 3855 2066.31  
2019_12_11_09_52_11_239 1576079531239 10890 10868 561 275.714  
2019_12_11_09_52_11_293 1576079531293 10944 10922 346 169.996  
2019_12_11_09_52_11_297 1576079531297 10948 10926 779 384.303  
2019_12_11_09_52_11_309 1576079531309 10960 10938 162 80.6071  
2019_12_11_09_52_11_320 1576079531320 10971 10949 342 168.042  
2019_12_11_09_52_11_331 1576079531331 10982 10960 1795 908.923  
2019_12_11_09_52_11_332 1576079531332 10983 10961 909 449.726  
2019_12_11_09_52_11_338 1576079531338 10989 10966 1273 635.571  
2019_12_11_09_52_11_345 1576079531345 10996 10973 1009 500.392  
2019_12_11_09_52_11_354 1576079531354 11005 10982 265 130.522  
2019_12_11_09_52_11_429 1576079531429 11080 11057 411 201.813  
2019_12_11_09_52_11_435 1576079531435 11086 11063 423 207.701  
2019_12_11_09_52_11_461 1576079531461 11112 11089 150 74.8121  
2019_12_11_09_52_11_470 1576079531470 11121 11098 218 107.707  
2019_12_11_09_52_11_473 1576079531473 11124 11101 399 195.93  
2019_12_11_09_52_11_511 1576079531511 11162 11139 321 157.792  
2019_12_11_09_52_11_524 1576079531524 11175 11152 242 119.349  
2019_12_11_09_52_11_555 1576079531555 11206 11183 554 272.251  
2019_12_11_09_52_11_584 1576079531584 11235 11212 773 381.295  
2019_12_11_09_52_11_607 1576079531607 11258 11235 1406 704.453  
2019_12_11_09_52_11_614 1576079531614 11265 11242 429 210.646  
2019_12_11_09_52_11_629 1576079531629 11280 11257 1337 668.652  
2019_12_11_09_52_11_639 1576079531639 11290 11267 4095 2209.31  
2019_12_11_09_52_11_659 1576079531659 11310 11287 3681 1963.7  
2019_12_11_09_52_11_664 1576079531664 11315 11291 1343 671.76  
2019_12_11_09_52_11_683 1576079531683 11334 11310 448 219.98  
2019_12_11_09_52_11_684 1576079531684 11335 11311 177 87.8568  
2019_12_11_09_52_11_693 1576079531693 11344 11320 359 176.35  
2019_12_11_09_52_11_703 1576079531703 11354 11330 1314 656.75  
2019_12_11_09_52_11_710 1576079531710 11361 11337 1128 561.07  
2019_12_11_09_52_11_713 1576079531713 11364 11340 492 241.637  
2019_12_11_09_52_11_716 1576079531716 11367 11343 555 272.745  
2019_12_11_09_52_11_755 1576079531755 11406 11382 643 316.394  
2019_12_11_09_52_11_792 1576079531792 11443 11419 496 243.609  
2019_12_11_09_52_11_798 1576079531798 11449 11425 663 326.347  
2019_12_11_09_52_11_807 1576079531807 11458 11434 176 87.3733  
2019_12_11_09_52_11_824 1576079531824 11475 11451 370 181.73  
2019_12_11_09_52_11_833 1576079531833 11484 11460 300 147.555  
2019_12_11_09_52_11_839 1576079531839 11490 11466 393 192.99  
2019_12_11_09_52_11_861 1576079531861 11512 11488 114 57.4528  
2019_12_11_09_52_11_868 1576079531868 11519 11495 238 117.407  
2019_12_11_09_52_11_875 1576079531875 11526 11501 492 241.637  
2019_12_11_09_52_11_886 1576079531886 11537 11512 423 207.701  
2019_12_11_09_52_11_889 1576079531889 11540 11515 1342 671.242  
2019_12_11_09_52_11_895 1576079531895 11546 11521 401 196.91  
2019_12_11_09_52_11_920 1576079531920 11571 11546 107 54.0818  
2019_12_11_09_52_11_967 1576079531967 11618 11593 1329 664.51  
2019_12_11_09_52_11_968 1576079531968 11619 11594 400 196.42  
2019_12_11_09_52_11_972 1576079531972 11623 11598 656 322.862  
2019_12_11_09_52_11_977 1576079531977 11628 11603 1357 679.015  
2019_12_11_09_52_11_979 1576079531979 11630 11605 354 173.906  
2019_12_11_09_52_11_980 1576079531980 11631 11606 554 272.251  
2019_12_11_09_52_11_989 1576079531989 11640 11615 1359 680.052  
2019_12_11_09_52_12_003 1576079532003 11654 11629 2113 1079.4  
2019_12_11_09_52_12_020 1576079532020 11671 11646 699 344.29  
2019_12_11_09_52_12_034 1576079532034 11685 11660 380 186.624  
2019_12_11_09_52_12_044 1576079532044 11695 11670 717 353.277  
2019_12_11_09_52_12_066 1576079532066 11717 11692 644 316.892  
2019_12_11_09_52_12_091 1576079532091 11742 11717 211 104.314  
2019_12_11_09_52_12_102 1576079532102 11753 11727 323 158.768  
2019_12_11_09_52_12_146 1576079532146 11797 11771 547 268.789  
2019_12_11_09_52_12_159 1576079532159 11810 11784 1160 577.458  
2019_12_11_09_52_12_175 1576079532175 11826 11800 427 209.664  
2019_12_11_09_52_12_242 1576079532242 11893 11867 354 173.906  
2019_12_11_09_52_12_254 1576079532254 11905 11879 345 169.508  
2019_12_11_09_52_12_266 1576079532266 11917 11891 156 77.7091  
2019_12_11_09_52_12_269 1576079532269 11920 11894 651 320.374  
2019_12_11_09_52_12_280 1576079532280 11931 11905 990 490.743  
2019_12_11_09_52_12_289 1576079532289 11940 11914 569 279.674  
2019_12_11_09_52_12_310 1576079532310 11961 11935 716 352.777  
2019_12_11_09_52_12_322 1576079532322 11973 11947 267 131.495  
2019_12_11_09_52_12_331 1576079532331 11982 11956 375 184.176  
2019_12_11_09_52_12_338 1576079532338 11989 11963 588 289.087  
2019_12_11_09_52_12_356 1576079532356 12007 11981 253 124.691  
2019_12_11_09_52_12_371 1576079532371 12022 11996 950 470.464  
2019_12_11_09_52_12_457 1576079532457 12108 12082 177 87.8568  
2019_12_11_09_52_12_459 1576079532459 12110 12083 319 156.817  
2019_12_11_09_52_12_479 1576079532479 12130 12103 274 134.899  
2019_12_11_09_52_12_507 1576079532507 12158 12131 240 118.378  
2019_12_11_09_52_12_509 1576079532509 12160 12133 1293 645.896  
2019_12_11_09_52_12_511 1576079532511 12162 12135 217 107.222  
2019_12_11_09_52_12_521 1576079532521 12172 12145 530 260.387  
2019_12_11_09_52_12_526 1576079532526 12177 12150 578 284.132  
2019_12_11_09_52_12_528 1576079532528 12179 12152 796 392.83  
2019_12_11_09_52_12_538 1576079532538 12189 12162 349 171.462  
2019_12_11_09_52_12_557 1576079532557 12208 12181 343 168.531  
2019_12_11_09_52_12_565 1576079532565 12216 12189 238 117.407  
2019_12_11_09_52_12_570 1576079532570 12221 12194 1193 594.39  
2019_12_11_09_52_12_590 1576079532590 12241 12214 869 429.543  
2019_12_11_09_52_12_593 1576079532593 12244 12217 200 98.9859  
2019_12_11_09_52_12_597 1576079532597 12248 12221 370 181.73  
2019_12_11_09_52_12_614 1576079532614 12265 12238 48 25.7269  
2019_12_11_09_52_12_626 1576079532626 12277 12250 135 67.5744  
2019_12_11_09_52_12_628 1576079532628 12279 12251 2975 1556.54  
2019_12_11_09_52_12_649 1576079532649 12300 12272 257 126.634  
2019_12_11_09_52_12_654 1576079532654 12305 12277 137 68.5391  
2019_12_11_09_52_12_661 1576079532661 12312 12284 143 71.4337  
2019_12_11_09_52_12_683 1576079532683 12334 12306 1409 706.013  
2019_12_11_09_52_12_703 1576079532703 12354 12326 559 274.724  
2019_12_11_09_52_12_708 1576079532708 12359 12331 112 56.4895  
2019_12_11_09_52_12_725 1576079532725 12376 12348 240 118.378  
2019_12_11_09_52_12_771 1576079532771 12422 12394 260 128.092  
2019_12_11_09_52_12_774 1576079532774 12425 12397 656 322.862  
2019_12_11_09_52_12_785 1576079532785 12436 12408 397 194.95  
2019_12_11_09_52_12_794 1576079532794 12445 12417 1022 507  
2019_12_11_09_52_12_797 1576079532797 12448 12420 425 208.683  
2019_12_11_09_52_12_816 1576079532816 12467 12439 393 192.99  
2019_12_11_09_52_12_821 1576079532821 12472 12444 508 249.527  
2019_12_11_09_52_12_831 1576079532831 12482 12454 1336 668.134  
2019_12_11_09_52_12_832 1576079532832 12483 12455 151 75.2949  
2019_12_11_09_52_12_887 1576079532887 12538 12509 1343 671.76  
2019_12_11_09_52_12_892 1576079532892 12543 12514 665 327.343  
2019_12_11_09_52_12_911 1576079532911 12562 12533 382 187.603  
2019_12_11_09_52_12_915 1576079532915 12566 12537 387 190.051  
2019_12_11_09_52_12_948 1576079532948 12599 12570 233 114.981  
2019_12_11_09_52_13_211 1576079533211 12862 12833 594 292.062  
2019_12_11_09_52_13_212 1576079533212 12863 12834 281 138.304  
2019_12_11_09_52_13_213 1576079533213 12864 12835 238 117.407  
2019_12_11_09_52_13_213 1576079533213 12864 12835 402 197.4  
2019_12_11_09_52_13_213 1576079533213 12864 12835 1228 612.383  
2019_12_11_09_52_13_213 1576079533213 12864 12835 548 269.283  
2019_12_11_09_52_13_213 1576079533213 12864 12835 450 220.964  
2019_12_11_09_52_13_214 1576079533214 12865 12836 157 78.192  
2019_12_11_09_52_13_214 1576079533214 12865 12836 1306 652.613  
2019_12_11_09_52_13_214 1576079533214 12865 12836 103 52.1562  
2019_12_11_09_52_13_226 1576079533226 12877 12848 1352 676.423  
2019_12_11_09_52_13_231 1576079533231 12882 12853 1044 518.195  
2019_12_11_09_52_13_243 1576079533243 12894 12864 973 482.118  
2019_12_11_09_52_13_264 1576079533264 12915 12885 640 314.903  
2019_12_11_09_52_13_292 1576079533292 12943 12913 362 177.817  
2019_12_11_09_52_13_298 1576079533298 12949 12919 2511 1296.97  
2019_12_11_09_52_13_299 1576079533299 12950 12920 160 79.641  
2019_12_11_09_52_13_309 1576079533309 12960 12930 452 221.947  
2019_12_11_09_52_13_315 1576079533315 12966 12936 155 77.2262  
2019_12_11_09_52_13_320 1576079533320 12971 12941 442 217.032  
2019_12_11_09_52_13_369 1576079533369 13020 12990 345 169.508  
2019_12_11_09_52_13_381 1576079533381 13032 13002 1874 950.994  
2019_12_11_09_52_13_399 1576079533399 13050 13020 124 62.271  
2019_12_11_09_52_13_401 1576079533401 13052 13022 158 78.675  
2019_12_11_09_52_13_455 1576079533455 13106 13076 4009 2157.88  
2019_12_11_09_52_13_472 1576079533472 13123 13093 216 106.737  
2019_12_11_09_52_13_542 1576079533542 13193 13163 1330 665.028  
2019_12_11_09_52_13_561 1576079533561 13212 13182 502 246.567  
2019_12_11_09_52_13_567 1576079533567 13218 13188 1374 687.832  
2019_12_11_09_52_13_588 1576079533588 13239 13209 195 96.5652  
2019_12_11_09_52_13_608 1576079533608 13259 13228 543 266.811  
2019_12_11_09_52_13_686 1576079533686 13337 13306 309 151.941  
2019_12_11_09_52_13_693 1576079533693 13344 13313 1406 704.453  
2019_12_11_09_52_13_703 1576079533703 13354 13323 1340 670.206  
2019_12_11_09_52_13_714 1576079533714 13365 13334 667 328.339  
2019_12_11_09_52_13_715 1576079533715 13366 13335 158 78.675  
2019_12_11_09_52_13_728 1576079533728 13379 13348 490 240.651  
2019_12_11_09_52_13_737 1576079533737 13388 13357 63 32.926  
2019_12_11_09_52_13_753 1576079533753 13404 13373 1371 686.276  
2019_12_11_09_52_13_762 1576079533762 13413 13382 1358 679.533  
2019_12_11_09_52_13_794 1576079533794 13445 13414 209 103.345  
2019_12_11_09_52_13_801 1576079533801 13452 13421 233 114.981  
2019_12_11_09_52_13_807 1576079533807 13458 13427 573 281.655  
2019_12_11_09_52_13_809 1576079533809 13460 13429 751 370.277  
2019_12_11_09_52_13_817 1576079533817 13468 13437 522 256.436  
2019_12_11_09_52_13_819 1576079533819 13470 13439 262 129.064  
2019_12_11_09_52_13_836 1576079533836 13487 13456 375 184.176  
2019_12_11_09_52_13_841 1576079533841 13492 13460 322 158.28  
2019_12_11_09_52_13_976 1576079533976 13627 13595 152 75.7777  
2019_12_11_09_52_14_031 1576079534031 13682 13650 130 65.1633  
2019_12_11_09_52_14_041 1576079534041 13692 13660 469 230.309  
2019_12_11_09_52_14_069 1576079534069 13720 13688 230 113.526  
2019_12_11_09_52_14_090 1576079534090 13741 13709 218 107.707  
2019_12_11_09_52_14_143 1576079534143 13794 13762 500 245.581  
2019_12_11_09_52_14_164 1576079534164 13815 13783 322 158.28  
2019_12_11_09_52_14_173 1576079534173 13824 13792 294 144.633  
2019_12_11_09_52_14_206 1576079534206 13857 13825 338 166.089  
2019_12_11_09_52_14_223 1576079534223 13874 13842 824 406.893  
2019_12_11_09_52_14_257 1576079534257 13908 13876 227 112.07  
2019_12_11_09_52_14_260 1576079534260 13911 13879 94 47.8253  
2019_12_11_09_52_14_318 1576079534318 13969 13937 565 277.694  
2019_12_11_09_52_14_321 1576079534321 13972 13940 484 237.695  
2019_12_11_09_52_14_381 1576079534381 14032 14000 341 167.554  
2019_12_11_09_52_14_413 1576079534413 14064 14032 285 140.251  
2019_12_11_09_52_14_423 1576079534423 14074 14041 118 59.3797  
2019_12_11_09_52_14_424 1576079534424 14075 14042 829 409.406  
2019_12_11_09_52_14_490 1576079534490 14141 14108 1411 707.053  
2019_12_11_09_52_14_503 1576079534503 14154 14121 1327 663.475  
2019_12_11_09_52_14_519 1576079534519 14170 14137 205 101.407  
2019_12_11_09_52_14_534 1576079534534 14185 14152 497 244.102  
2019_12_11_09_52_14_564 1576079534564 14215 14182 313 153.891  
2019_12_11_09_52_14_577 1576079534577 14228 14195 444 218.014  
2019_12_11_09_52_14_618 1576079534618 14269 14236 552 271.261  
2019_12_11_09_52_14_626 1576079534626 14277 14244 210 103.829  
2019_12_11_09_52_14_645 1576079534645 14296 14263 284 139.764  
2019_12_11_09_52_14_649 1576079534649 14300 14267 439 215.558  
2019_12_11_09_52_14_656 1576079534656 14307 14274 267 131.495  
2019_12_11_09_52_14_672 1576079534672 14323 14290 242 119.349  
2019_12_11_09_52_14_689 1576079534689 14340 14307 2546 1316.33  
2019_12_11_09_52_14_722 1576079534722 14373 14340 306 150.479  
2019_12_11_09_52_14_739 1576079534739 14390 14357 602 296.029  
2019_12_11_09_52_14_753 1576079534753 14404 14370 377 185.155  
2019_12_11_09_52_14_787 1576079534787 14438 14404 290 142.685  
2019_12_11_09_52_14_821 1576079534821 14472 14438 404 198.381  
2019_12_11_09_52_14_869 1576079534869 14520 14486 188 93.1774  
2019_12_11_09_52_14_909 1576079534909 14560 14526 395 193.97  
2019_12_11_09_52_14_929 1576079534929 14580 14546 610 299.999  
2019_12_11_09_52_15_259 1576079535259 14910 14876 224 110.616  
2019_12_11_09_52_15_294 1576079535294 14945 14911 426 209.173  
2019_12_11_09_52_15_314 1576079535314 14965 14931 224 110.616  
2019_12_11_09_52_15_319 1576079535319 14970 14936 605 297.518  
2019_12_11_09_52_15_351 1576079535351 15002 14968 257 126.634  
2019_12_11_09_52_15_559 1576079535559 15210 15176 732 360.773  
2019_12_11_09_52_15_566 1576079535566 15217 15183 316 155.354  
2019_12_11_09_52_15_615 1576079535615 15266 15232 307 150.966  
2019_12_11_09_52_15_671 1576079535671 15322 15288 196 97.0493  
2019_12_11_09_52_15_755 1576079535755 15406 15372 228 112.555  
2019_12_11_09_52_15_810 1576079535810 15461 15427 375 184.176  
2019_12_11_09_52_15_843 1576079535843 15494 15459 331 162.672  
2019_12_11_09_52_15_863 1576079535863 15514 15479 316 155.354  
2019_12_11_09_52_15_874 1576079535874 15525 15490 1322 660.888  
2019_12_11_09_52_15_917 1576079535917 15568 15533 1116 554.932  
2019_12_11_09_52_15_938 1576079535938 15589 15554 234 115.466  
2019_12_11_09_52_15_975 1576079535975 15626 15591 494 242.623  
2019_12_11_09_52_15_976 1576079535976 15627 15592 284 139.764  
2019_12_11_09_52_15_979 1576079535979 15630 15595 367 180.262  
2019_12_11_09_52_15_998 1576079535998 15649 15614 4095 2209.31  
2019_12_11_09_52_16_004 1576079536004 15655 15620 4095 2209.31  
2019_12_11_09_52_16_036 1576079536036 15687 15652 163 81.0902  
2019_12_11_09_52_16_083 1576079536083 15734 15699 1768 894.586  
2019_12_11_09_52_16_094 1576079536094 15745 15710 185 91.726  
2019_12_11_09_52_16_142 1576079536142 15793 15758 155 77.2262  
2019_12_11_09_52_16_173 1576079536173 15824 15789 114 57.4528  
2019_12_11_09_52_16_199 1576079536199 15850 15815 354 173.906  
2019_12_11_09_52_16_218 1576079536218 15869 15834 249 122.748  
2019_12_11_09_52_16_235 1576079536235 15886 15851 179 88.8239  
2019_12_11_09_52_16_238 1576079536238 15889 15853 763 376.285  
2019_12_11_09_52_16_260 1576079536260 15911 15875 227 112.07  
2019_12_11_09_52_16_261 1576079536261 15912 15876 251 123.719  
2019_12_11_09_52_16_294 1576079536294 15945 15909 1137 565.676  
2019_12_11_09_52_16_340 1576079536340 15991 15955 223 110.131  
2019_12_11_09_52_16_360 1576079536360 16011 15975 209 103.345  
2019_12_11_09_52_16_385 1576079536385 16036 16000 214 105.768  
2019_12_11_09_52_16_474 1576079536474 16125 16089 1016 503.95  
2019_12_11_09_52_16_505 1576079536505 16156 16120 433 212.611  
2019_12_11_09_52_16_511 1576079536511 16162 16126 121 60.8252  
2019_12_11_09_52_16_550 1576079536550 16201 16165 320 157.305  
2019_12_11_09_52_16_552 1576079536552 16203 16167 425 208.683  
2019_12_11_09_52_16_553 1576079536553 16204 16168 280 137.818  
2019_12_11_09_52_16_613 1576079536613 16264 16228 135 67.5744  
2019_12_11_09_52_16_618 1576079536618 16269 16233 400 196.42  
2019_12_11_09_52_16_700 1576079536700 16351 16315 83 42.5352  
2019_12_11_09_52_16_733 1576079536733 16384 16348 133 66.6099  
2019_12_11_09_52_16_734 1576079536734 16385 16348 151 75.2949  
2019_12_11_09_52_16_736 1576079536736 16387 16350 503 247.06  
2019_12_11_09_52_16_754 1576079536754 16405 16368 267 131.495  
2019_12_11_09_52_16_791 1576079536791 16442 16405 4095 2209.31  
2019_12_11_09_52_16_805 1576079536805 16456 16419 2451 1263.87  
2019_12_11_09_52_16_808 1576079536808 16459 16422 343 168.531  
2019_12_11_09_52_16_846 1576079536846 16497 16460 370 181.73  
2019_12_11_09_52_16_851 1576079536851 16502 16465 276 135.872  
2019_12_11_09_52_16_863 1576079536863 16514 16477 302 148.53  
2019_12_11_09_52_16_865 1576079536865 16516 16479 153 76.2605  
2019_12_11_09_52_16_868 1576079536868 16519 16482 374 183.687  
2019_12_11_09_52_16_871 1576079536871 16522 16485 283 139.278  
2019_12_11_09_52_16_872 1576079536872 16523 16486 214 105.768  
2019_12_11_09_52_16_890 1576079536890 16541 16504 1361 681.089  
2019_12_11_09_52_16_906 1576079536906 16557 16520 279 137.331  
2019_12_11_09_52_16_925 1576079536925 16576 16539 191 94.6291  
2019_12_11_09_52_16_965 1576079536965 16616 16579 199 98.5017  
2019_12_11_09_52_16_980 1576079536980 16631 16593 250 123.234  
2019_12_11_09_52_17_022 1576079537022 16673 16635 207 102.376  
2019_12_11_09_52_17_025 1576079537025 16676 16638 259 127.606  
2019_12_11_09_52_17_032 1576079537032 16683 16645 375 184.176  
2019_12_11_09_52_17_307 1576079537307 16958 16920 277 136.358  
2019_12_11_09_52_17_308 1576079537308 16959 16921 1940 986.284  
2019_12_11_09_52_17_309 1576079537309 16960 16922 477 234.248  
2019_12_11_09_52_17_309 1576079537309 16960 16922 136 68.0567  
2019_12_11_09_52_17_309 1576079537309 16960 16922 259 127.606  
2019_12_11_09_52_17_309 1576079537309 16960 16922 229 113.041  
2019_12_11_09_52_17_309 1576079537309 16960 16922 480 235.725  
2019_12_11_09_52_17_309 1576079537309 16960 16922 331 162.672  
2019_12_11_09_52_17_310 1576079537310 16961 16923 392 192.5  
2019_12_11_09_52_17_310 1576079537310 16961 16923 142 70.9512  
2019_12_11_09_52_17_310 1576079537310 16961 16923 1099 546.244  
2019_12_11_09_52_17_310 1576079537310 16961 16923 728 358.773  
2019_12_11_09_52_17_310 1576079537310 16961 16923 390 191.52  
2019_12_11_09_52_17_310 1576079537310 16961 16922 979 485.161  
2019_12_11_09_52_17_365 1576079537365 17016 16977 171 84.9561  
2019_12_11_09_52_17_366 1576079537366 17017 16978 380 186.624  
2019_12_11_09_52_17_374 1576079537374 17025 16986 142 70.9512  
2019_12_11_09_52_17_385 1576079537385 17036 16997 565 277.694  
2019_12_11_09_52_17_394 1576079537394 17045 17006 311 152.916  
2019_12_11_09_52_17_407 1576079537407 17058 17019 369 181.24  
2019_12_11_09_52_17_457 1576079537457 17108 17069 162 80.6071  
2019_12_11_09_52_17_496 1576079537496 17147 17108 452 221.947  
2019_12_11_09_52_17_512 1576079537512 17163 17124 2457 1267.18  
2019_12_11_09_52_17_593 1576079537593 17244 17205 300 147.555  
2019_12_11_09_52_17_628 1576079537628 17279 17240 132 66.1277  
2019_12_11_09_52_17_660 1576079537660 17311 17272 413 202.794  
2019_12_11_09_52_17_663 1576079537663 17314 17275 623 306.454  
2019_12_11_09_52_17_670 1576079537670 17321 17282 892 441.142  
2019_12_11_09_52_17_671 1576079537671 17322 17283 329 161.696  
2019_12_11_09_52_17_676 1576079537676 17327 17288 259 127.606  
2019_12_11_09_52_17_696 1576079537696 17347 17307 480 235.725  
2019_12_11_09_52_17_702 1576079537702 17353 17313 315 154.866  
2019_12_11_09_52_17_729 1576079537729 17380 17340 603 296.526  
2019_12_11_09_52_17_738 1576079537738 17389 17349 1275 636.603  
2019_12_11_09_52_17_777 1576079537777 17428 17388 917 453.769  
2019_12_11_09_52_17_778 1576079537778 17429 17389 420 206.229  
2019_12_11_09_52_17_780 1576079537780 17431 17391 88 44.9393  
2019_12_11_09_52_17_807 1576079537807 17458 17418 1112 552.887  
2019_12_11_09_52_17_859 1576079537859 17510 17470 403 197.891  
2019_12_11_09_52_17_959 1576079537959 17610 17570 182 90.2748  
2019_12_11_09_52_17_965 1576079537965 17616 17576 211 104.314  
2019_12_11_09_52_17_970 1576079537970 17621 17581 217 107.222  
2019_12_11_09_52_18_013 1576079538013 17664 17624 273 134.412  
2019_12_11_09_52_18_019 1576079538019 17670 17630 552 271.261  
2019_12_11_09_52_18_044 1576079538044 17695 17655 772 380.794  
2019_12_11_09_52_18_056 1576079538056 17707 17667 1374 687.832  
2019_12_11_09_52_18_100 1576079538100 17751 17711 1224 610.325  
2019_12_11_09_52_18_149 1576079538149 17800 17760 194 96.0811  
2019_12_11_09_52_18_168 1576079538168 17819 17778 1059 525.836  
2019_12_11_09_52_18_205 1576079538205 17856 17815 137 68.5391  
2019_12_11_09_52_18_247 1576079538247 17898 17857 251 123.719  
2019_12_11_09_52_18_308 1576079538308 17959 17918 895 442.657  
2019_12_11_09_52_18_320 1576079538320 17971 17930 127 63.717  
2019_12_11_09_52_18_386 1576079538386 18037 17996 144 71.9162  
2019_12_11_09_52_18_417 1576079538417 18068 18027 527 258.905  
2019_12_11_09_52_18_471 1576079538471 18122 18081 224 110.616  
2019_12_11_09_52_18_473 1576079538473 18124 18083 671 330.331  
2019_12_11_09_52_18_539 1576079538539 18190 18149 165 82.0565  
2019_12_11_09_52_18_561 1576079538561 18212 18171 201 99.4701  
2019_12_11_09_52_18_596 1576079538596 18247 18206 1668 841.676  
2019_12_11_09_52_18_606 1576079538606 18257 18216 532 261.375  
2019_12_11_09_52_18_626 1576079538626 18277 18236 467 229.325  
2019_12_11_09_52_18_641 1576079538641 18292 18251 234 115.466  
2019_12_11_09_52_18_781 1576079538781 18432 18391 239 117.893  
2019_12_11_09_52_18_802 1576079538802 18453 18412 152 75.7777  
2019_12_11_09_52_18_823 1576079538823 18474 18432 74 38.2096  
2019_12_11_09_52_18_825 1576079538825 18476 18434 253 124.691  
2019_12_11_09_52_18_894 1576079538894 18545 18503 318 156.329  
2019_12_11_09_52_18_918 1576079538918 18569 18527 246 121.291  
2019_12_11_09_52_18_921 1576079538921 18572 18530 636 312.914  
2019_12_11_09_52_18_928 1576079538928 18579 18537 159 79.1579  
2019_12_11_09_52_18_962 1576079538962 18613 18571 157 78.192  
2019_12_11_09_52_18_977 1576079538977 18628 18586 508 249.527  
2019_12_11_09_52_19_003 1576079539003 18654 18612 194 96.0811  
2019_12_11_09_52_19_093 1576079539093 18744 18702 2174 1112.44  
2019_12_11_09_52_19_094 1576079539094 18745 18703 139 69.5038  
2019_12_11_09_52_19_355 1576079539355 19006 18964 1463 734.134  
2019_12_11_09_52_19_356 1576079539356 19007 18965 105 53.119  
2019_12_11_09_52_19_357 1576079539357 19008 18966 118 59.3797  
2019_12_11_09_52_19_357 1576079539357 19008 18966 379 186.134  
2019_12_11_09_52_19_357 1576079539357 19008 18966 207 102.376  
2019_12_11_09_52_19_357 1576079539357 19008 18966 4095 2209.31  
2019_12_11_09_52_19_362 1576079539362 19013 18970 1370 685.757  
2019_12_11_09_52_19_386 1576079539386 19037 18994 128 64.1991  
2019_12_11_09_52_19_389 1576079539389 19040 18997 164 81.5733  
2019_12_11_09_52_19_415 1576079539415 19066 19023 93 47.3442  
2019_12_11_09_52_19_420 1576079539420 19071 19028 168 83.5062  
2019_12_11_09_52_19_421 1576079539421 19072 19029 185 91.726  
2019_12_11_09_52_19_422 1576079539422 19073 19030 159 79.1579  
2019_12_11_09_52_19_457 1576079539457 19108 19065 293 144.146  
2019_12_11_09_52_19_549 1576079539549 19200 19157 225 111.1  
2019_12_11_09_52_19_575 1576079539575 19226 19183 167 83.0229  
2019_12_11_09_52_19_594 1576079539594 19245 19202 116 58.4162  
2019_12_11_09_52_19_616 1576079539616 19267 19224 184 91.2422  
2019_12_11_09_52_19_637 1576079539637 19288 19245 100 50.7123  
2019_12_11_09_52_19_647 1576079539647 19298 19255 467 229.325  
2019_12_11_09_52_19_755 1576079539755 19406 19363 141 70.4687  
2019_12_11_09_52_19_758 1576079539758 19409 19366 156 77.7091  
2019_12_11_09_52_19_775 1576079539775 19426 19383 187 92.6936  
2019_12_11_09_52_19_781 1576079539781 19432 19388 132 66.1277  
2019_12_11_09_52_19_803 1576079539803 19454 19410 285 140.251  
2019_12_11_09_52_19_820 1576079539820 19471 19427 950 470.464  
2019_12_11_09_52_19_835 1576079539835 19486 19442 570 280.169  
2019_12_11_09_52_19_886 1576079539886 19537 19493 181 89.7911  
2019_12_11_09_52_19_887 1576079539887 19538 19494 271 133.44  
2019_12_11_09_52_19_889 1576079539889 19540 19496 277 136.358  
2019_12_11_09_52_19_906 1576079539906 19557 19513 99 50.2311  
2019_12_11_09_52_19_926 1576079539926 19577 19533 393 192.99  
2019_12_11_09_52_19_927 1576079539927 19578 19534 307 150.966  
2019_12_11_09_52_19_943 1576079539943 19594 19550 627 308.441  
2019_12_11_09_52_19_944 1576079539944 19595 19551 385 189.072  
2019_12_11_09_52_19_966 1576079539966 19617 19573 298 146.581  
2019_12_11_09_52_19_984 1576079539984 19635 19591 131 65.6455  
2019_12_11_09_52_20_023 1576079540023 19674 19630 742 365.774  
2019_12_11_09_52_20_058 1576079540058 19709 19665 352 172.928  
2019_12_11_09_52_20_124 1576079540124 19775 19731 239 117.893  
2019_12_11_09_52_20_133 1576079540133 19784 19739 132 66.1277  
2019_12_11_09_52_20_213 1576079540213 19864 19819 446 218.997  
2019_12_11_09_52_20_224 1576079540224 19875 19830 334 164.136  
2019_12_11_09_52_20_230 1576079540230 19881 19836 147 73.3641  
2019_12_11_09_52_20_240 1576079540240 19891 19846 235 115.951  
2019_12_11_09_52_20_246 1576079540246 19897 19852 301 148.042  
2019_12_11_09_52_20_270 1576079540270 19921 19876 136 68.0567  
2019_12_11_09_52_20_287 1576079540287 19938 19893 126 63.235  
2019_12_11_09_52_20_297 1576079540297 19948 19903 304 149.504  
2019_12_11_09_52_20_329 1576079540329 19980 19935 197 97.5334  
2019_12_11_09_52_20_374 1576079540374 20025 19980 283 139.278  
2019_12_11_09_52_20_417 1576079540417 20068 20023 245 120.805  
2019_12_11_09_52_20_515 1576079540515 20166 20121 524 257.423  
2019_12_11_09_52_20_560 1576079540560 20211 20166 1226 611.354  
2019_12_11_09_52_20_575 1576079540575 20226 20181 364 178.795  
2019_12_11_09_52_20_591 1576079540591 20242 20197 501 246.074  
2019_12_11_09_52_20_650 1576079540650 20301 20256 163 81.0902  
2019_12_11_09_52_20_673 1576079540673 20324 20279 1301 650.029  
2019_12_11_09_52_20_685 1576079540685 20336 20290 2405 1238.57  
2019_12_11_09_52_20_694 1576079540694 20345 20299 231 114.011  
2019_12_11_09_52_20_756 1576079540756 20407 20361 460 225.881  
2019_12_11_09_52_20_758 1576079540758 20409 20363 295 145.12  
2019_12_11_09_52_20_776 1576079540776 20427 20381 407 199.852  
2019_12_11_09_52_20_790 1576079540790 20441 20395 838 413.933  
2019_12_11_09_52_20_798 1576079540798 20449 20403 434 213.102  
2019_12_11_09_52_20_836 1576079540836 20487 20441 69 35.8075  
2019_12_11_09_52_20_846 1576079540846 20497 20451 176 87.3733  
2019_12_11_09_52_20_875 1576079540875 20526 20480 470 230.802  
2019_12_11_09_52_20_921 1576079540921 20572 20526 187 92.6936  
2019_12_11_09_52_20_925 1576079540925 20576 20530 214 105.768  
2019_12_11_09_52_20_940 1576079540940 20591 20545 158 78.675  
2019_12_11_09_52_20_959 1576079540959 20610 20564 792 390.823  
2019_12_11_09_52_20_979 1576079540979 20630 20584 255 125.662  
2019_12_11_09_52_20_998 1576079540998 20649 20603 335 164.624  
2019_12_11_09_52_21_022 1576079541022 20673 20627 155 77.2262  
2019_12_11_09_52_21_033 1576079541033 20684 20637 511 251.007  
2019_12_11_09_52_21_066 1576079541066 20717 20670 486 238.681  
2019_12_11_09_52_21_093 1576079541093 20744 20697 361 177.328  
2019_12_11_09_52_21_403 1576079541403 21054 21007 175 86.8898  
2019_12_11_09_52_21_404 1576079541404 21055 21008 531 260.881  
2019_12_11_09_52_21_405 1576079541405 21056 21009 267 131.495  
2019_12_11_09_52_21_405 1576079541405 21056 21009 1285 641.764  
2019_12_11_09_52_21_432 1576079541432 21083 21036 42 22.8491  
2019_12_11_09_52_21_471 1576079541471 21122 21075 162 80.6071  
2019_12_11_09_52_21_481 1576079541481 21132 21085 398 195.44  
2019_12_11_09_52_21_508 1576079541508 21159 21112 102 51.6749  
2019_12_11_09_52_21_523 1576079541523 21174 21127 135 67.5744  
2019_12_11_09_52_21_526 1576079541526 21177 21130 257 126.634  
2019_12_11_09_52_21_553 1576079541553 21204 21157 95 48.3064  
2019_12_11_09_52_21_555 1576079541555 21206 21159 288 141.711  
2019_12_11_09_52_21_601 1576079541601 21252 21205 250 123.234  
2019_12_11_09_52_21_613 1576079541613 21264 21217 250 123.234  
2019_12_11_09_52_21_723 1576079541723 21374 21326 125 62.753  
2019_12_11_09_52_21_746 1576079541746 21397 21349 201 99.4701  
2019_12_11_09_52_21_756 1576079541756 21407 21359 273 134.412  
2019_12_11_09_52_21_761 1576079541761 21412 21364 3193 1680.69  
2019_12_11_09_52_21_776 1576079541776 21427 21379 468 229.817  
2019_12_11_09_52_21_780 1576079541780 21431 21383 1050 521.251  
2019_12_11_09_52_21_787 1576079541787 21438 21390 386 189.561  
2019_12_11_09_52_21_836 1576079541836 21487 21439 146 72.8814  
2019_12_11_09_52_21_856 1576079541856 21507 21459 1301 650.029  
2019_12_11_09_52_21_902 1576079541902 21553 21505 816 402.872  
2019_12_11_09_52_21_939 1576079541939 21590 21542 556 273.24  
2019_12_11_09_52_21_966 1576079541966 21617 21569 1056 524.307  
2019_12_11_09_52_21_989 1576079541989 21640 21592 812 400.863  
2019_12_11_09_52_22_013 1576079542013 21664 21616 280 137.818  
2019_12_11_09_52_22_040 1576079542040 21691 21643 409 200.833  
2019_12_11_09_52_22_054 1576079542054 21705 21657 374 183.687  
2019_12_11_09_52_22_080 1576079542080 21731 21683 189 93.6613  
2019_12_11_09_52_22_111 1576079542111 21762 21713 179 88.8239  
2019_12_11_09_52_22_117 1576079542117 21768 21719 250 123.234  
2019_12_11_09_52_22_158 1576079542158 21809 21760 1058 525.326  
2019_12_11_09_52_22_222 1576079542222 21873 21824 461 226.373  
2019_12_11_09_52_22_236 1576079542236 21887 21838 299 147.068  
2019_12_11_09_52_22_269 1576079542269 21920 21871 101 51.1936  
2019_12_11_09_52_22_276 1576079542276 21927 21878 120 60.3434  
2019_12_11_09_52_22_338 1576079542338 21989 21940 163 81.0902  
2019_12_11_09_52_22_367 1576079542367 22018 21969 181 89.7911  
2019_12_11_09_52_22_369 1576079542369 22020 21971 215 106.252  
2019_12_11_09_52_22_391 1576079542391 22042 21993 123 61.789  
2019_12_11_09_52_22_439 1576079542439 22090 22041 629 309.435  
2019_12_11_09_52_22_459 1576079542459 22110 22061 256 126.148  
2019_12_11_09_52_22_519 1576079542519 22170 22121 120 60.3434  
2019_12_11_09_52_22_545 1576079542545 22196 22147 236 116.437  
2019_12_11_09_52_22_582 1576079542582 22233 22184 179 88.8239  
2019_12_11_09_52_22_608 1576079542608 22259 22210 981 486.176  
2019_12_11_09_52_22_616 1576079542616 22267 22217 308 151.453  
2019_12_11_09_52_22_617 1576079542617 22268 22218 337 165.601  
2019_12_11_09_52_22_633 1576079542633 22284 22234 297 146.094  
2019_12_11_09_52_22_685 1576079542685 22336 22286 80 41.0931  
2019_12_11_09_52_22_689 1576079542689 22340 22290 144 71.9162  
2019_12_11_09_52_22_756 1576079542756 22407 22357 900 445.181  
2019_12_11_09_52_22_758 1576079542758 22409 22359 1213 604.668  
2019_12_11_09_52_22_792 1576079542792 22443 22393 1248 622.682  
2019_12_11_09_52_22_816 1576079542816 22467 22417 501 246.074  
2019_12_11_09_52_22_823 1576079542823 22474 22424 171 84.9561  
2019_12_11_09_52_22_841 1576079542841 22492 22442 190 94.1452  
2019_12_11_09_52_22_843 1576079542843 22494 22444 129 64.6812  
2019_12_11_09_52_22_847 1576079542847 22498 22448 144 71.9162  
2019_12_11_09_52_22_869 1576079542869 22520 22470 400 196.42  
2019_12_11_09_52_22_879 1576079542879 22530 22480 263 129.55  
2019_12_11_09_52_22_888 1576079542888 22539 22489 52 27.646  
2019_12_11_09_52_22_910 1576079542910 22561 22511 140 69.9862  
2019_12_11_09_52_22_955 1576079542955 22606 22556 1725 871.799  
2019_12_11_09_52_22_959 1576079542959 22610 22559 249 122.748  
2019_12_11_09_52_22_972 1576079542972 22623 22572 285 140.251  
2019_12_11_09_52_22_986 1576079542986 22637 22586 526 258.411  
2019_12_11_09_52_23_009 1576079543009 22660 22609 385 189.072  
2019_12_11_09_52_23_014 1576079543014 22665 22614 2312 1187.6  
2019_12_11_09_52_23_026 1576079543026 22677 22626 226 111.585  
2019_12_11_09_52_23_042 1576079543042 22693 22642 171 84.9561  
2019_12_11_09_52_23_046 1576079543046 22697 22646 188 93.1774  
2019_12_11_09_52_23_062 1576079543062 22713 22662 169 83.9894  
2019_12_11_09_52_23_065 1576079543065 22716 22665 415 203.775  
2019_12_11_09_52_23_067 1576079543067 22718 22667 350 171.951  
2019_12_11_09_52_23_098 1576079543098 22749 22698 250 123.234  
2019_12_11_09_52_23_174 1576079543174 22825 22774 2401 1236.37  
2019_12_11_09_52_23_178 1576079543178 22829 22778 157 78.192  
2019_12_11_09_52_23_451 1576079543451 23102 23051 720 354.775  
2019_12_11_09_52_23_452 1576079543452 23103 23052 414 203.285  
2019_12_11_09_52_23_453 1576079543453 23104 23053 393 192.99  
2019_12_11_09_52_23_453 1576079543453 23104 23052 135 67.5744  
2019_12_11_09_52_23_453 1576079543453 23104 23052 4095 2209.31  
2019_12_11_09_52_23_460 1576079543460 23111 23059 2170 1110.27  
2019_12_11_09_52_23_591 1576079543591 23242 23190 422 207.21  
2019_12_11_09_52_23_605 1576079543605 23256 23204 443 217.523  
2019_12_11_09_52_23_628 1576079543628 23279 23227 244 120.32  
2019_12_11_09_52_23_656 1576079543656 23307 23255 95 48.3064  
2019_12_11_09_52_23_670 1576079543670 23321 23269 117 58.898  
2019_12_11_09_52_23_687 1576079543687 23338 23286 601 295.533  
2019_12_11_09_52_23_695 1576079543695 23346 23294 1286 642.281  
2019_12_11_09_52_23_784 1576079543784 23435 23383 4095 2209.31  
2019_12_11_09_52_23_797 1576079543797 23448 23396 488 239.666  
2019_12_11_09_52_23_823 1576079543823 23474 23422 430 211.137  
2019_12_11_09_52_23_894 1576079543894 23545 23493 155 77.2262  
2019_12_11_09_52_23_901 1576079543901 23552 23500 441 216.54  
2019_12_11_09_52_23_909 1576079543909 23560 23508 135 67.5744  
2019_12_11_09_52_23_911 1576079543911 23562 23510 380 186.624  
2019_12_11_09_52_23_915 1576079543915 23566 23513 835 412.424  
2019_12_11_09_52_23_942 1576079543942 23593 23540 53 28.1259  
2019_12_11_09_52_23_957 1576079543957 23608 23555 192 95.1131  
2019_12_11_09_52_23_997 1576079543997 23648 23595 159 79.1579  
2019_12_11_09_52_24_031 1576079544031 23682 23629 153 76.2605  
2019_12_11_09_52_24_051 1576079544051 23702 23649 275 135.385  
2019_12_11_09_52_24_058 1576079544058 23709 23656 187 92.6936  
2019_12_11_09_52_24_088 1576079544088 23739 23686 318 156.329  
2019_12_11_09_52_24_115 1576079544115 23766 23713 439 215.558  
2019_12_11_09_52_24_143 1576079544143 23794 23741 402 197.4  
2019_12_11_09_52_24_157 1576079544157 23808 23755 1902 965.95  
2019_12_11_09_52_24_221 1576079544221 23872 23819 299 147.068  
2019_12_11_09_52_24_226 1576079544226 23877 23824 151 75.2949  
2019_12_11_09_52_24_227 1576079544227 23878 23825 297 146.094  
2019_12_11_09_52_24_236 1576079544236 23887 23834 301 148.042  
2019_12_11_09_52_24_260 1576079544260 23911 23858 2725 1415.9  
2019_12_11_09_52_24_282 1576079544282 23933 23880 397 194.95  
2019_12_11_09_52_24_320 1576079544320 23971 23917 2800 1457.89  
2019_12_11_09_52_24_380 1576079544380 24031 23977 140 69.9862  
2019_12_11_09_52_24_402 1576079544402 24053 23999 122 61.3071  
2019_12_11_09_52_24_407 1576079544407 24058 24004 1348 674.35  
2019_12_11_09_52_24_419 1576079544419 24070 24016 699 344.29  
2019_12_11_09_52_24_486 1576079544486 24137 24083 183 90.7585  
2019_12_11_09_52_24_487 1576079544487 24138 24084 240 118.378  
2019_12_11_09_52_24_494 1576079544494 24145 24091 263 129.55  
2019_12_11_09_52_24_590 1576079544590 24241 24187 2475 1277.1  
2019_12_11_09_52_24_594 1576079544594 24245 24191 167 83.0229  
2019_12_11_09_52_24_595 1576079544595 24246 24192 98 49.7499  
2019_12_11_09_52_24_656 1576079544656 24307 24253 336 165.112  
2019_12_11_09_52_24_739 1576079544739 24390 24336 92 46.8632  
2019_12_11_09_52_24_775 1576079544775 24426 24372 222 109.646  
2019_12_11_09_52_24_790 1576079544790 24441 24387 379 186.134  
2019_12_11_09_52_24_855 1576079544855 24506 24452 421 206.719  
2019_12_11_09_52_24_872 1576079544872 24523 24469 310 152.428  
2019_12_11_09_52_24_878 1576079544878 24529 24474 497 244.102  
2019_12_11_09_52_24_922 1576079544922 24573 24518 286 140.738  
2019_12_11_09_52_24_937 1576079544937 24588 24533 391 192.01  
2019_12_11_09_52_24_969 1576079544969 24620 24565 206 101.892  
2019_12_11_09_52_25_013 1576079545013 24664 24609 2221 1137.97  
2019_12_11_09_52_25_049 1576079545049 24700 24645 470 230.802  
2019_12_11_09_52_25_067 1576079545067 24718 24663 483 237.203  
2019_12_11_09_52_25_145 1576079545145 24796 24741 654 321.867  
2019_12_11_09_52_25_151 1576079545151 24802 24747 163 81.0902  
2019_12_11_09_52_25_188 1576079545188 24839 24784 680 334.815  
2019_12_11_09_52_25_197 1576079545197 24848 24793 317 155.841  
2019_12_11_09_52_25_200 1576079545200 24851 24796 281 138.304  
2019_12_11_09_52_25_210 1576079545210 24861 24806 1488 747.183  
2019_12_11_09_52_25_215 1576079545215 24866 24811 349 171.462  
