1576081499380 2019_12_11_10_24_59_380 2.734449 0.478300  0.000014786
2019_12_11_10_24_59_417 1576081499417 37 36 313 153.891  
2019_12_11_10_24_59_425 1576081499425 45 44 358 175.861  
2019_12_11_10_24_59_445 1576081499445 65 64 188 93.1774  
2019_12_11_10_24_59_494 1576081499494 114 113 191 94.6291  
2019_12_11_10_24_59_542 1576081499542 162 161 519 254.955  
2019_12_11_10_24_59_546 1576081499546 166 165 334 164.136  
2019_12_11_10_24_59_558 1576081499558 178 177 486 238.681  
2019_12_11_10_24_59_570 1576081499570 190 189 586 288.096  
2019_12_11_10_24_59_585 1576081499585 205 204 143 71.4337  
2019_12_11_10_24_59_685 1576081499685 305 304 493 242.13  
2019_12_11_10_24_59_715 1576081499715 335 334 947 468.944  
2019_12_11_10_24_59_749 1576081499749 369 368 356 174.883  
2019_12_11_10_24_59_798 1576081499798 418 417 332 163.16  
2019_12_11_10_24_59_802 1576081499802 422 421 278 136.845  
2019_12_11_10_24_59_827 1576081499827 447 446 4095 2209.31  
2019_12_11_10_24_59_829 1576081499829 449 448 705 347.285  
2019_12_11_10_24_59_855 1576081499855 475 474 276 135.872  
2019_12_11_10_24_59_876 1576081499876 496 494 107 54.0818  
2019_12_11_10_24_59_923 1576081499923 543 541 1342 671.242  
2019_12_11_10_24_59_949 1576081499949 569 567 180 89.3075  
2019_12_11_10_24_59_952 1576081499952 572 570 268 131.981  
2019_12_11_10_24_59_968 1576081499968 588 586 147 73.3641  
2019_12_11_10_24_59_970 1576081499970 590 588 235 115.951  
2019_12_11_10_24_59_971 1576081499971 591 589 271 133.44  
2019_12_11_10_24_59_988 1576081499988 608 606 210 103.829  
2019_12_11_10_25_00_053 1576081500053 673 671 260 128.092  
2019_12_11_10_25_00_118 1576081500118 738 736 180 89.3075  
2019_12_11_10_25_00_192 1576081500192 812 810 738 363.773  
2019_12_11_10_25_00_278 1576081500278 898 896 404 198.381  
2019_12_11_10_25_00_281 1576081500281 901 899 294 144.633  
2019_12_11_10_25_00_321 1576081500321 941 939 268 131.981  
2019_12_11_10_25_00_329 1576081500329 949 947 4095 2209.31  
2019_12_11_10_25_00_341 1576081500341 961 959 958 474.516  
2019_12_11_10_25_00_377 1576081500377 997 995 1209 602.611  
2019_12_11_10_25_00_391 1576081500391 1011 1008 684 336.809  
2019_12_11_10_25_00_400 1576081500400 1020 1017 65 33.8864  
2019_12_11_10_25_00_431 1576081500431 1051 1048 78 40.1318  
2019_12_11_10_25_00_499 1576081500499 1119 1116 174 86.4063  
2019_12_11_10_25_00_500 1576081500500 1120 1117 323 158.768  
2019_12_11_10_25_00_552 1576081500552 1172 1169 314 154.378  
2019_12_11_10_25_00_572 1576081500572 1192 1189 190 94.1452  
2019_12_11_10_25_00_603 1576081500603 1223 1220 400 196.42  
2019_12_11_10_25_00_613 1576081500613 1233 1230 1256 626.804  
2019_12_11_10_25_00_622 1576081500622 1242 1239 182 90.2748  
2019_12_11_10_25_00_628 1576081500628 1248 1245 227 112.07  
2019_12_11_10_25_00_636 1576081500636 1256 1253 217 107.222  
2019_12_11_10_25_00_681 1576081500681 1301 1298 2953 1544.09  
2019_12_11_10_25_00_691 1576081500691 1311 1308 272 133.926  
2019_12_11_10_25_00_752 1576081500752 1372 1369 243 119.834  
2019_12_11_10_25_00_829 1576081500829 1449 1446 218 107.707  
2019_12_11_10_25_00_842 1576081500842 1462 1459 131 65.6455  
2019_12_11_10_25_00_866 1576081500866 1486 1482 456 223.914  
2019_12_11_10_25_00_868 1576081500868 1488 1484 857 423.497  
2019_12_11_10_25_00_869 1576081500869 1489 1485 298 146.581  
2019_12_11_10_25_00_878 1576081500878 1498 1494 509 250.02  
2019_12_11_10_25_00_890 1576081500890 1510 1506 319 156.817  
2019_12_11_10_25_00_940 1576081500940 1560 1556 324 159.256  
2019_12_11_10_25_00_956 1576081500956 1576 1572 393 192.99  
2019_12_11_10_25_00_963 1576081500963 1583 1579 432 212.119  
2019_12_11_10_25_00_996 1576081500996 1616 1612 185 91.726  
2019_12_11_10_25_01_028 1576081501028 1648 1644 427 209.664  
2019_12_11_10_25_01_049 1576081501049 1669 1665 1316 657.784  
2019_12_11_10_25_01_084 1576081501084 1704 1700 1117 555.444  
2019_12_11_10_25_01_088 1576081501088 1708 1704 4095 2209.31  
2019_12_11_10_25_01_121 1576081501121 1741 1737 1636 824.807  
2019_12_11_10_25_01_139 1576081501139 1759 1755 358 175.861  
2019_12_11_10_25_01_152 1576081501152 1772 1768 272 133.926  
2019_12_11_10_25_01_236 1576081501236 1856 1852 618 303.971  
2019_12_11_10_25_01_267 1576081501267 1887 1882 284 139.764  
2019_12_11_10_25_01_334 1576081501334 1954 1949 351 172.439  
2019_12_11_10_25_01_398 1576081501398 2018 2013 327 160.72  
2019_12_11_10_25_01_409 1576081501409 2029 2024 228 112.555  
2019_12_11_10_25_01_417 1576081501417 2037 2032 232 114.496  
2019_12_11_10_25_01_460 1576081501460 2080 2075 211 104.314  
2019_12_11_10_25_01_486 1576081501486 2106 2101 288 141.711  
2019_12_11_10_25_01_526 1576081501526 2146 2141 153 76.2605  
2019_12_11_10_25_01_536 1576081501536 2156 2151 620 304.964  
2019_12_11_10_25_01_539 1576081501539 2159 2154 324 159.256  
2019_12_11_10_25_01_606 1576081501606 2226 2221 243 119.834  
2019_12_11_10_25_01_651 1576081501651 2271 2266 270 132.953  
2019_12_11_10_25_01_675 1576081501675 2295 2290 403 197.891  
2019_12_11_10_25_01_949 1576081501949 2569 2564 1441 722.667  
2019_12_11_10_25_01_950 1576081501950 2570 2565 443 217.523  
2019_12_11_10_25_01_951 1576081501951 2571 2566 276 135.872  
2019_12_11_10_25_01_951 1576081501951 2571 2566 277 136.358  
2019_12_11_10_25_01_951 1576081501951 2571 2566 757 373.28  
2019_12_11_10_25_01_951 1576081501951 2571 2565 2705 1404.72  
2019_12_11_10_25_01_951 1576081501951 2571 2565 511 251.007  
2019_12_11_10_25_01_951 1576081501951 2571 2565 373 183.197  
2019_12_11_10_25_01_952 1576081501952 2572 2566 315 154.866  
2019_12_11_10_25_01_952 1576081501952 2572 2566 247 121.777  
2019_12_11_10_25_01_952 1576081501952 2572 2566 1008 499.884  
2019_12_11_10_25_01_952 1576081501952 2572 2566 171 84.9561  
2019_12_11_10_25_01_980 1576081501980 2600 2594 379 186.134  
2019_12_11_10_25_01_986 1576081501986 2606 2600 147 73.3641  
2019_12_11_10_25_01_991 1576081501991 2611 2605 1090 541.648  
2019_12_11_10_25_02_007 1576081502007 2627 2621 1939 985.748  
2019_12_11_10_25_02_021 1576081502021 2641 2635 262 129.064  
2019_12_11_10_25_02_025 1576081502025 2645 2639 1885 956.867  
2019_12_11_10_25_02_079 1576081502079 2699 2693 153 76.2605  
2019_12_11_10_25_02_130 1576081502130 2750 2744 258 127.12  
2019_12_11_10_25_02_136 1576081502136 2756 2750 728 358.773  
2019_12_11_10_25_02_193 1576081502193 2813 2807 151 75.2949  
2019_12_11_10_25_02_202 1576081502202 2822 2815 445 218.506  
2019_12_11_10_25_02_217 1576081502217 2837 2830 400 196.42  
2019_12_11_10_25_02_247 1576081502247 2867 2860 313 153.891  
2019_12_11_10_25_02_276 1576081502276 2896 2889 790 389.819  
2019_12_11_10_25_02_304 1576081502304 2924 2917 149 74.3294  
2019_12_11_10_25_02_310 1576081502310 2930 2923 178 88.3403  
2019_12_11_10_25_02_322 1576081502322 2942 2935 307 150.966  
2019_12_11_10_25_02_332 1576081502332 2952 2945 419 205.738  
2019_12_11_10_25_02_333 1576081502333 2953 2946 310 152.428  
2019_12_11_10_25_02_387 1576081502387 3007 3000 226 111.585  
2019_12_11_10_25_02_389 1576081502389 3009 3002 108 54.5633  
2019_12_11_10_25_02_410 1576081502410 3030 3023 201 99.4701  
2019_12_11_10_25_02_573 1576081502573 3193 3186 452 221.947  
2019_12_11_10_25_02_621 1576081502621 3241 3234 222 109.646  
2019_12_11_10_25_02_658 1576081502658 3278 3271 319 156.817  
2019_12_11_10_25_02_691 1576081502691 3311 3304 898 444.171  
2019_12_11_10_25_02_700 1576081502700 3320 3313 479 235.233  
2019_12_11_10_25_02_708 1576081502708 3328 3320 404 198.381  
2019_12_11_10_25_02_709 1576081502709 3329 3321 274 134.899  
2019_12_11_10_25_02_764 1576081502764 3384 3376 460 225.881  
2019_12_11_10_25_02_794 1576081502794 3414 3406 175 86.8898  
2019_12_11_10_25_02_801 1576081502801 3421 3413 1348 674.35  
2019_12_11_10_25_02_810 1576081502810 3430 3422 4095 2209.31  
2019_12_11_10_25_02_850 1576081502850 3470 3462 1653 833.765  
2019_12_11_10_25_02_864 1576081502864 3484 3476 314 154.378  
2019_12_11_10_25_02_877 1576081502877 3497 3489 137 68.5391  
2019_12_11_10_25_02_880 1576081502880 3500 3492 451 221.455  
2019_12_11_10_25_02_883 1576081502883 3503 3495 2500 1290.9  
2019_12_11_10_25_02_904 1576081502904 3524 3516 736 362.773  
2019_12_11_10_25_02_923 1576081502923 3543 3535 370 181.73  
2019_12_11_10_25_02_935 1576081502935 3555 3547 447 219.489  
2019_12_11_10_25_02_991 1576081502991 3611 3603 722 355.775  
2019_12_11_10_25_02_999 1576081502999 3619 3611 388 190.541  
2019_12_11_10_25_03_014 1576081503014 3634 3626 244 120.32  
2019_12_11_10_25_03_028 1576081503028 3648 3639 680 334.815  
2019_12_11_10_25_03_101 1576081503101 3721 3712 227 112.07  
2019_12_11_10_25_03_102 1576081503102 3722 3713 265 130.522  
2019_12_11_10_25_03_104 1576081503104 3724 3715 173 85.9229  
2019_12_11_10_25_03_110 1576081503110 3730 3721 185 91.726  
2019_12_11_10_25_03_118 1576081503118 3738 3729 75 38.6901  
2019_12_11_10_25_03_135 1576081503135 3755 3746 597 293.549  
2019_12_11_10_25_03_166 1576081503166 3786 3777 666 327.841  
2019_12_11_10_25_03_253 1576081503253 3873 3864 1285 641.764  
2019_12_11_10_25_03_265 1576081503265 3885 3876 716 352.777  
2019_12_11_10_25_03_320 1576081503320 3940 3931 568 279.179  
2019_12_11_10_25_03_326 1576081503326 3946 3937 165 82.0565  
2019_12_11_10_25_03_347 1576081503347 3967 3958 404 198.381  
2019_12_11_10_25_03_353 1576081503353 3973 3964 57 30.0456  
2019_12_11_10_25_03_385 1576081503385 4005 3996 559 274.724  
2019_12_11_10_25_03_403 1576081503403 4023 4014 212 104.799  
2019_12_11_10_25_03_428 1576081503428 4048 4039 970 480.597  
2019_12_11_10_25_03_536 1576081503536 4156 4146 239 117.893  
2019_12_11_10_25_03_556 1576081503556 4176 4166 108 54.5633  
2019_12_11_10_25_03_591 1576081503591 4211 4201 100 50.7123  
2019_12_11_10_25_03_623 1576081503623 4243 4233 175 86.8898  
2019_12_11_10_25_03_684 1576081503684 4304 4294 70 36.2879  
2019_12_11_10_25_03_709 1576081503709 4329 4319 134 67.0921  
2019_12_11_10_25_03_721 1576081503721 4341 4331 218 107.707  
2019_12_11_10_25_03_997 1576081503997 4617 4607 350 171.951  
2019_12_11_10_25_03_998 1576081503998 4618 4608 977 484.147  
2019_12_11_10_25_03_999 1576081503999 4619 4609 1186 590.796  
2019_12_11_10_25_03_999 1576081503999 4619 4609 177 87.8568  
2019_12_11_10_25_03_999 1576081503999 4619 4609 553 271.756  
2019_12_11_10_25_03_999 1576081503999 4619 4609 295 145.12  
2019_12_11_10_25_03_999 1576081503999 4619 4609 245 120.805  
2019_12_11_10_25_03_999 1576081503999 4619 4609 399 195.93  
2019_12_11_10_25_03_999 1576081503999 4619 4609 571 280.664  
2019_12_11_10_25_03_999 1576081503999 4619 4609 105 53.119  
2019_12_11_10_25_03_999 1576081503999 4619 4609 256 126.148  
2019_12_11_10_25_04_013 1576081504013 4633 4622 177 87.8568  
2019_12_11_10_25_04_069 1576081504069 4689 4678 584 287.104  
2019_12_11_10_25_04_071 1576081504071 4691 4680 877 433.576  
2019_12_11_10_25_04_105 1576081504105 4725 4714 724 356.774  
2019_12_11_10_25_04_125 1576081504125 4745 4734 408 200.342  
2019_12_11_10_25_04_186 1576081504186 4806 4795 164 81.5733  
2019_12_11_10_25_04_193 1576081504193 4813 4802 1170 582.586  
2019_12_11_10_25_04_202 1576081504202 4822 4811 292 143.659  
2019_12_11_10_25_04_209 1576081504209 4829 4818 1065 528.894  
2019_12_11_10_25_04_226 1576081504226 4846 4835 148 73.8467  
2019_12_11_10_25_04_238 1576081504238 4858 4847 1483 744.571  
2019_12_11_10_25_04_283 1576081504283 4903 4892 355 174.394  
2019_12_11_10_25_04_307 1576081504307 4927 4916 284 139.764  
2019_12_11_10_25_04_322 1576081504322 4942 4931 105 53.119  
2019_12_11_10_25_04_333 1576081504333 4953 4942 1370 685.757  
2019_12_11_10_25_04_346 1576081504346 4966 4955 154 76.7433  
2019_12_11_10_25_04_401 1576081504401 5021 5010 469 230.309  
2019_12_11_10_25_04_425 1576081504425 5045 5033 289 142.198  
2019_12_11_10_25_04_447 1576081504447 5067 5055 274 134.899  
2019_12_11_10_25_04_460 1576081504460 5080 5068 547 268.789  
2019_12_11_10_25_04_467 1576081504467 5087 5075 423 207.701  
2019_12_11_10_25_04_474 1576081504474 5094 5082 4095 2209.31  
2019_12_11_10_25_04_483 1576081504483 5103 5091 4095 2209.31  
2019_12_11_10_25_04_489 1576081504489 5109 5097 324 159.256  
2019_12_11_10_25_04_503 1576081504503 5123 5111 372 182.708  
2019_12_11_10_25_04_538 1576081504538 5158 5146 133 66.6099  
2019_12_11_10_25_04_545 1576081504545 5165 5153 3767 2014.3  
2019_12_11_10_25_04_547 1576081504547 5167 5155 214 105.768  
2019_12_11_10_25_04_561 1576081504561 5181 5169 267 131.495  
2019_12_11_10_25_04_589 1576081504589 5209 5197 716 352.777  
2019_12_11_10_25_04_634 1576081504634 5254 5242 190 94.1452  
2019_12_11_10_25_04_639 1576081504639 5259 5247 557 273.735  
2019_12_11_10_25_04_651 1576081504651 5271 5259 137 68.5391  
2019_12_11_10_25_04_670 1576081504670 5290 5278 416 204.266  
2019_12_11_10_25_04_698 1576081504698 5318 5305 263 129.55  
2019_12_11_10_25_04_709 1576081504709 5329 5316 1258 627.835  
2019_12_11_10_25_04_710 1576081504710 5330 5317 522 256.436  
2019_12_11_10_25_04_759 1576081504759 5379 5366 222 109.646  
2019_12_11_10_25_04_787 1576081504787 5407 5394 227 112.07  
2019_12_11_10_25_04_796 1576081504796 5416 5403 498 244.595  
2019_12_11_10_25_04_835 1576081504835 5455 5442 1149 571.821  
2019_12_11_10_25_04_861 1576081504861 5481 5468 267 131.495  
2019_12_11_10_25_04_905 1576081504905 5525 5512 255 125.662  
2019_12_11_10_25_04_906 1576081504906 5526 5513 265 130.522  
2019_12_11_10_25_04_955 1576081504955 5575 5562 439 215.558  
2019_12_11_10_25_05_079 1576081505079 5699 5686 388 190.541  
2019_12_11_10_25_05_106 1576081505106 5726 5713 502 246.567  
2019_12_11_10_25_05_147 1576081505147 5767 5754 441 216.54  
2019_12_11_10_25_05_152 1576081505152 5772 5759 479 235.233  
2019_12_11_10_25_05_174 1576081505174 5794 5781 809 399.356  
2019_12_11_10_25_05_238 1576081505238 5858 5845 225 111.1  
2019_12_11_10_25_05_268 1576081505268 5888 5874 282 138.791  
2019_12_11_10_25_05_269 1576081505269 5889 5875 128 64.1991  
2019_12_11_10_25_05_274 1576081505274 5894 5880 182 90.2748  
2019_12_11_10_25_05_323 1576081505323 5943 5929 251 123.719  
2019_12_11_10_25_05_349 1576081505349 5969 5955 273 134.412  
2019_12_11_10_25_05_423 1576081505423 6043 6029 159 79.1579  
2019_12_11_10_25_05_441 1576081505441 6061 6047 484 237.695  
2019_12_11_10_25_05_535 1576081505535 6155 6141 414 203.285  
2019_12_11_10_25_05_551 1576081505551 6171 6157 351 172.439  
2019_12_11_10_25_05_562 1576081505562 6182 6168 301 148.042  
2019_12_11_10_25_05_579 1576081505579 6199 6185 114 57.4528  
2019_12_11_10_25_05_580 1576081505580 6200 6186 414 203.285  
2019_12_11_10_25_05_604 1576081505604 6224 6210 208 102.861  
2019_12_11_10_25_05_628 1576081505628 6248 6234 258 127.12  
2019_12_11_10_25_05_654 1576081505654 6274 6260 802 395.841  
2019_12_11_10_25_05_669 1576081505669 6289 6275 249 122.748  
2019_12_11_10_25_05_676 1576081505676 6296 6282 1537 772.811  
2019_12_11_10_25_05_679 1576081505679 6299 6284 302 148.53  
2019_12_11_10_25_05_736 1576081505736 6356 6341 2219 1136.89  
2019_12_11_10_25_05_755 1576081505755 6375 6360 122 61.3071  
2019_12_11_10_25_05_775 1576081505775 6395 6380 219 108.191  
2019_12_11_10_25_06_044 1576081506044 6664 6649 546 268.294  
2019_12_11_10_25_06_045 1576081506045 6665 6650 1131 562.605  
2019_12_11_10_25_06_046 1576081506046 6666 6651 499 245.088  
2019_12_11_10_25_06_046 1576081506046 6666 6651 385 189.072  
2019_12_11_10_25_06_047 1576081506047 6667 6652 295 145.12  
2019_12_11_10_25_06_047 1576081506047 6667 6652 459 225.389  
2019_12_11_10_25_06_047 1576081506047 6667 6652 156 77.7091  
2019_12_11_10_25_06_047 1576081506047 6667 6652 432 212.119  
2019_12_11_10_25_06_047 1576081506047 6667 6652 484 237.695  
2019_12_11_10_25_06_047 1576081506047 6667 6652 355 174.394  
2019_12_11_10_25_06_047 1576081506047 6667 6652 236 116.437  
2019_12_11_10_25_06_047 1576081506047 6667 6652 832 410.915  
2019_12_11_10_25_06_051 1576081506051 6671 6656 689 339.302  
2019_12_11_10_25_06_066 1576081506066 6686 6671 136 68.0567  
2019_12_11_10_25_06_107 1576081506107 6727 6711 444 218.014  
2019_12_11_10_25_06_193 1576081506193 6813 6797 180 89.3075  
2019_12_11_10_25_06_225 1576081506225 6845 6829 237 116.922  
2019_12_11_10_25_06_230 1576081506230 6850 6834 367 180.262  
2019_12_11_10_25_06_266 1576081506266 6886 6870 356 174.883  
2019_12_11_10_25_06_303 1576081506303 6923 6907 943 466.92  
2019_12_11_10_25_06_330 1576081506330 6950 6934 207 102.376  
2019_12_11_10_25_06_362 1576081506362 6982 6966 258 127.12  
2019_12_11_10_25_06_426 1576081506426 7046 7030 209 103.345  
2019_12_11_10_25_06_431 1576081506431 7051 7035 1768 894.586  
2019_12_11_10_25_06_434 1576081506434 7054 7038 648 318.881  
2019_12_11_10_25_06_439 1576081506439 7059 7043 447 219.489  
2019_12_11_10_25_06_441 1576081506441 7061 7045 306 150.479  
2019_12_11_10_25_06_478 1576081506478 7098 7082 465 228.341  
2019_12_11_10_25_06_497 1576081506497 7117 7101 47 25.2472  
2019_12_11_10_25_06_523 1576081506523 7143 7127 189 93.6613  
2019_12_11_10_25_06_531 1576081506531 7151 7135 299 147.068  
2019_12_11_10_25_06_537 1576081506537 7157 7140 143 71.4337  
2019_12_11_10_25_06_547 1576081506547 7167 7150 132 66.1277  
2019_12_11_10_25_06_548 1576081506548 7168 7151 1322 660.888  
2019_12_11_10_25_06_588 1576081506588 7208 7191 1343 671.76  
2019_12_11_10_25_06_595 1576081506595 7215 7198 462 226.865  
2019_12_11_10_25_06_606 1576081506606 7226 7209 346 169.996  
2019_12_11_10_25_06_630 1576081506630 7250 7233 460 225.881  
2019_12_11_10_25_06_632 1576081506632 7252 7235 431 211.628  
2019_12_11_10_25_06_641 1576081506641 7261 7244 497 244.102  
2019_12_11_10_25_06_642 1576081506642 7262 7245 391 192.01  
2019_12_11_10_25_06_656 1576081506656 7276 7259 611 300.496  
2019_12_11_10_25_06_658 1576081506658 7278 7261 149 74.3294  
2019_12_11_10_25_06_670 1576081506670 7290 7273 337 165.601  
2019_12_11_10_25_06_696 1576081506696 7316 7299 345 169.508  
2019_12_11_10_25_06_698 1576081506698 7318 7301 162 80.6071  
2019_12_11_10_25_06_705 1576081506705 7325 7308 154 76.7433  
2019_12_11_10_25_06_712 1576081506712 7332 7315 486 238.681  
2019_12_11_10_25_06_721 1576081506721 7341 7323 201 99.4701  
2019_12_11_10_25_06_727 1576081506727 7347 7329 1315 657.267  
2019_12_11_10_25_06_764 1576081506764 7384 7366 148 73.8467  
2019_12_11_10_25_06_765 1576081506765 7385 7367 338 166.089  
2019_12_11_10_25_06_771 1576081506771 7391 7373 156 77.7091  
2019_12_11_10_25_06_776 1576081506776 7396 7378 1534 771.24  
2019_12_11_10_25_06_811 1576081506811 7431 7413 151 75.2949  
2019_12_11_10_25_06_817 1576081506817 7437 7419 255 125.662  
2019_12_11_10_25_06_856 1576081506856 7476 7458 200 98.9859  
2019_12_11_10_25_06_869 1576081506869 7489 7471 258 127.12  
2019_12_11_10_25_06_897 1576081506897 7517 7499 550 270.272  
2019_12_11_10_25_06_928 1576081506928 7548 7530 191 94.6291  
2019_12_11_10_25_06_937 1576081506937 7557 7539 303 149.017  
2019_12_11_10_25_06_946 1576081506946 7566 7548 140 69.9862  
2019_12_11_10_25_06_951 1576081506951 7571 7553 133 66.6099  
2019_12_11_10_25_06_953 1576081506953 7573 7555 184 91.2422  
2019_12_11_10_25_07_017 1576081507017 7637 7619 276 135.872  
2019_12_11_10_25_07_048 1576081507048 7668 7649 217 107.222  
2019_12_11_10_25_07_070 1576081507070 7690 7671 282 138.791  
2019_12_11_10_25_07_131 1576081507131 7751 7732 366 179.773  
2019_12_11_10_25_07_134 1576081507134 7754 7735 188 93.1774  
2019_12_11_10_25_07_144 1576081507144 7764 7745 179 88.8239  
2019_12_11_10_25_07_186 1576081507186 7806 7787 507 249.033  
2019_12_11_10_25_07_199 1576081507199 7819 7800 575 282.645  
2019_12_11_10_25_07_201 1576081507201 7821 7802 846 417.959  
2019_12_11_10_25_07_203 1576081507203 7823 7804 164 81.5733  
2019_12_11_10_25_07_204 1576081507204 7824 7805 311 152.916  
2019_12_11_10_25_07_264 1576081507264 7884 7865 148 73.8467  
2019_12_11_10_25_07_303 1576081507303 7923 7904 294 144.633  
2019_12_11_10_25_07_347 1576081507347 7967 7948 218 107.707  
2019_12_11_10_25_07_367 1576081507367 7987 7968 490 240.651  
2019_12_11_10_25_07_418 1576081507418 8038 8019 739 364.273  
2019_12_11_10_25_07_461 1576081507461 8081 8062 257 126.634  
2019_12_11_10_25_07_501 1576081507501 8121 8102 254 125.177  
2019_12_11_10_25_07_521 1576081507521 8141 8121 4095 2209.31  
2019_12_11_10_25_07_575 1576081507575 8195 8175 788 388.816  
2019_12_11_10_25_07_590 1576081507590 8210 8190 305 149.991  
2019_12_11_10_25_07_627 1576081507627 8247 8227 341 167.554  
2019_12_11_10_25_07_681 1576081507681 8301 8281 452 221.947  
2019_12_11_10_25_07_711 1576081507711 8331 8311 284 139.764  
2019_12_11_10_25_07_714 1576081507714 8334 8314 297 146.094  
2019_12_11_10_25_07_725 1576081507725 8345 8325 375 184.176  
2019_12_11_10_25_07_744 1576081507744 8364 8344 597 293.549  
2019_12_11_10_25_07_763 1576081507763 8383 8363 1236 616.501  
2019_12_11_10_25_07_764 1576081507764 8384 8364 99 50.2311  
2019_12_11_10_25_07_774 1576081507774 8394 8374 1800 911.58  
2019_12_11_10_25_07_796 1576081507796 8416 8396 753 371.278  
2019_12_11_10_25_07_805 1576081507805 8425 8405 4095 2209.31  
2019_12_11_10_25_08_092 1576081508092 8712 8692 386 189.561  
2019_12_11_10_25_08_093 1576081508093 8713 8693 336 165.112  
2019_12_11_10_25_08_094 1576081508094 8714 8694 1298 648.479  
2019_12_11_10_25_08_094 1576081508094 8714 8694 411 201.813  
2019_12_11_10_25_08_094 1576081508094 8714 8693 191 94.6291  
2019_12_11_10_25_08_094 1576081508094 8714 8693 480 235.725  
2019_12_11_10_25_08_094 1576081508094 8714 8693 1275 636.603  
2019_12_11_10_25_08_095 1576081508095 8715 8694 679 334.317  
2019_12_11_10_25_08_120 1576081508120 8740 8719 4001 2153.1  
2019_12_11_10_25_08_160 1576081508160 8780 8759 421 206.719  
2019_12_11_10_25_08_163 1576081508163 8783 8762 782 385.807  
2019_12_11_10_25_08_222 1576081508222 8842 8821 269 132.467  
2019_12_11_10_25_08_268 1576081508268 8888 8867 481 236.218  
2019_12_11_10_25_08_306 1576081508306 8926 8905 131 65.6455  
2019_12_11_10_25_08_309 1576081508309 8929 8908 516 253.474  
2019_12_11_10_25_08_319 1576081508319 8939 8918 1389 695.62  
2019_12_11_10_25_08_349 1576081508349 8969 8948 1238 617.531  
2019_12_11_10_25_08_364 1576081508364 8984 8963 316 155.354  
2019_12_11_10_25_08_406 1576081508406 9026 9005 570 280.169  
2019_12_11_10_25_08_458 1576081508458 9078 9057 235 115.951  
2019_12_11_10_25_08_474 1576081508474 9094 9073 114 57.4528  
2019_12_11_10_25_08_483 1576081508483 9103 9081 248 122.262  
2019_12_11_10_25_08_494 1576081508494 9114 9092 528 259.399  
2019_12_11_10_25_08_504 1576081508504 9124 9102 109 55.0448  
2019_12_11_10_25_08_538 1576081508538 9158 9136 955 472.996  
2019_12_11_10_25_08_575 1576081508575 9195 9173 202 99.9544  
2019_12_11_10_25_08_611 1576081508611 9231 9209 1431 717.459  
2019_12_11_10_25_08_635 1576081508635 9255 9233 439 215.558  
2019_12_11_10_25_08_642 1576081508642 9262 9240 1002 496.836  
2019_12_11_10_25_08_663 1576081508663 9283 9261 929 459.836  
2019_12_11_10_25_08_675 1576081508675 9295 9273 232 114.496  
2019_12_11_10_25_08_682 1576081508682 9302 9280 365 179.284  
2019_12_11_10_25_08_699 1576081508699 9319 9297 4095 2209.31  
2019_12_11_10_25_08_737 1576081508737 9357 9335 630 309.932  
2019_12_11_10_25_08_762 1576081508762 9382 9360 394 193.48  
2019_12_11_10_25_08_794 1576081508794 9414 9392 90 45.9012  
2019_12_11_10_25_08_805 1576081508805 9425 9403 1055 523.798  
2019_12_11_10_25_08_807 1576081508807 9427 9405 354 173.906  
2019_12_11_10_25_08_808 1576081508808 9428 9405 463 227.357  
2019_12_11_10_25_08_824 1576081508824 9444 9421 308 151.453  
2019_12_11_10_25_08_850 1576081508850 9470 9447 317 155.841  
2019_12_11_10_25_08_888 1576081508888 9508 9485 179 88.8239  
2019_12_11_10_25_08_895 1576081508895 9515 9492 219 108.191  
2019_12_11_10_25_08_897 1576081508897 9517 9494 802 395.841  
2019_12_11_10_25_08_936 1576081508936 9556 9533 1209 602.611  
2019_12_11_10_25_08_940 1576081508940 9560 9537 148 73.8467  
2019_12_11_10_25_08_987 1576081508987 9607 9584 590 290.078  
2019_12_11_10_25_08_996 1576081508996 9616 9593 1339 669.688  
2019_12_11_10_25_09_052 1576081509052 9672 9649 881 435.593  
2019_12_11_10_25_09_101 1576081509101 9721 9698 201 99.4701  
2019_12_11_10_25_09_136 1576081509136 9756 9733 526 258.411  
2019_12_11_10_25_09_138 1576081509138 9758 9735 261 128.578  
2019_12_11_10_25_09_220 1576081509220 9840 9817 746 367.775  
2019_12_11_10_25_09_257 1576081509257 9877 9854 1362 681.607  
2019_12_11_10_25_09_261 1576081509261 9881 9858 454 222.93  
2019_12_11_10_25_09_272 1576081509272 9892 9868 189 93.6613  
2019_12_11_10_25_09_273 1576081509273 9893 9869 147 73.3641  
2019_12_11_10_25_09_274 1576081509274 9894 9870 59 31.0056  
2019_12_11_10_25_09_281 1576081509281 9901 9877 107 54.0818  
2019_12_11_10_25_09_297 1576081509297 9917 9893 370 181.73  
2019_12_11_10_25_09_323 1576081509323 9943 9919 4095 2209.31  
2019_12_11_10_25_09_369 1576081509369 9989 9965 4095 2209.31  
2019_12_11_10_25_09_445 1576081509445 10065 10041 833 411.418  
2019_12_11_10_25_09_457 1576081509457 10077 10053 323 158.768  
2019_12_11_10_25_09_468 1576081509468 10088 10064 365 179.284  
2019_12_11_10_25_09_469 1576081509469 10089 10065 1350 675.386  
2019_12_11_10_25_09_476 1576081509476 10096 10072 570 280.169  
2019_12_11_10_25_09_561 1576081509561 10181 10157 1111 552.376  
2019_12_11_10_25_09_573 1576081509573 10193 10169 1316 657.784  
2019_12_11_10_25_09_643 1576081509643 10263 10239 251 123.719  
2019_12_11_10_25_09_662 1576081509662 10282 10258 235 115.951  
2019_12_11_10_25_09_667 1576081509667 10287 10263 298 146.581  
2019_12_11_10_25_09_669 1576081509669 10289 10264 246 121.291  
2019_12_11_10_25_09_683 1576081509683 10303 10278 231 114.011  
2019_12_11_10_25_09_687 1576081509687 10307 10282 742 365.774  
2019_12_11_10_25_09_704 1576081509704 10324 10299 1330 665.028  
2019_12_11_10_25_09_705 1576081509705 10325 10300 4095 2209.31  
2019_12_11_10_25_09_767 1576081509767 10387 10362 677 333.32  
2019_12_11_10_25_09_783 1576081509783 10403 10378 737 363.273  
2019_12_11_10_25_09_785 1576081509785 10405 10380 1318 658.818  
2019_12_11_10_25_09_794 1576081509794 10414 10389 330 162.184  
2019_12_11_10_25_09_824 1576081509824 10444 10419 328 161.208  
2019_12_11_10_25_09_825 1576081509825 10445 10420 114 57.4528  
2019_12_11_10_25_09_826 1576081509826 10446 10421 344 169.019  
2019_12_11_10_25_09_828 1576081509828 10448 10423 526 258.411  
2019_12_11_10_25_09_829 1576081509829 10449 10424 367 180.262  
2019_12_11_10_25_10_140 1576081510140 10760 10735 1362 681.607  
2019_12_11_10_25_10_141 1576081510141 10761 10736 1126 560.047  
2019_12_11_10_25_10_142 1576081510142 10762 10737 70 36.2879  
2019_12_11_10_25_10_142 1576081510142 10762 10737 788 388.816  
2019_12_11_10_25_10_142 1576081510142 10762 10736 450 220.964  
2019_12_11_10_25_10_142 1576081510142 10762 10736 1358 679.533  
2019_12_11_10_25_10_142 1576081510142 10762 10736 365 179.284  
2019_12_11_10_25_10_142 1576081510142 10762 10736 388 190.541  
2019_12_11_10_25_10_142 1576081510142 10762 10736 388 190.541  
2019_12_11_10_25_10_142 1576081510142 10762 10736 267 131.495  
2019_12_11_10_25_10_190 1576081510190 10810 10784 640 314.903  
2019_12_11_10_25_10_193 1576081510193 10813 10787 315 154.866  
2019_12_11_10_25_10_221 1576081510221 10841 10815 296 145.607  
2019_12_11_10_25_10_241 1576081510241 10861 10835 424 208.192  
2019_12_11_10_25_10_250 1576081510250 10870 10844 237 116.922  
2019_12_11_10_25_10_255 1576081510255 10875 10849 262 129.064  
2019_12_11_10_25_10_265 1576081510265 10885 10859 1366 683.682  
2019_12_11_10_25_10_274 1576081510274 10894 10868 477 234.248  
2019_12_11_10_25_10_284 1576081510284 10904 10878 417 204.757  
2019_12_11_10_25_10_288 1576081510288 10908 10882 424 208.192  
2019_12_11_10_25_10_292 1576081510292 10912 10886 637 313.411  
2019_12_11_10_25_10_297 1576081510297 10917 10890 2386 1228.13  
2019_12_11_10_25_10_298 1576081510298 10918 10891 627 308.441  
2019_12_11_10_25_10_333 1576081510333 10953 10926 374 183.687  
2019_12_11_10_25_10_341 1576081510341 10961 10934 341 167.554  
2019_12_11_10_25_10_346 1576081510346 10966 10939 398 195.44  
2019_12_11_10_25_10_375 1576081510375 10995 10968 418 205.247  
2019_12_11_10_25_10_434 1576081510434 11054 11027 475 233.263  
2019_12_11_10_25_10_444 1576081510444 11064 11037 1320 659.853  
2019_12_11_10_25_10_455 1576081510455 11075 11048 471 231.294  
2019_12_11_10_25_10_458 1576081510458 11078 11051 372 182.708  
2019_12_11_10_25_10_514 1576081510514 11134 11107 910 450.231  
2019_12_11_10_25_10_527 1576081510527 11147 11120 171 84.9561  
2019_12_11_10_25_10_534 1576081510534 11154 11127 634 311.92  
2019_12_11_10_25_10_601 1576081510601 11221 11194 404 198.381  
2019_12_11_10_25_10_634 1576081510634 11254 11227 292 143.659  
2019_12_11_10_25_10_659 1576081510659 11279 11252 1710 863.862  
2019_12_11_10_25_10_660 1576081510660 11280 11253 118 59.3797  
2019_12_11_10_25_10_668 1576081510668 11288 11260 548 269.283  
2019_12_11_10_25_10_671 1576081510671 11291 11263 254 125.177  
2019_12_11_10_25_10_680 1576081510680 11300 11272 1347 673.832  
2019_12_11_10_25_10_686 1576081510686 11306 11278 1349 674.868  
2019_12_11_10_25_10_695 1576081510695 11315 11287 510 250.513  
2019_12_11_10_25_10_698 1576081510698 11318 11290 259 127.606  
2019_12_11_10_25_10_713 1576081510713 11333 11305 949 469.957  
2019_12_11_10_25_10_716 1576081510716 11336 11308 186 92.2098  
2019_12_11_10_25_10_718 1576081510718 11338 11310 426 209.173  
2019_12_11_10_25_10_724 1576081510724 11344 11316 80 41.0931  
2019_12_11_10_25_10_732 1576081510732 11352 11324 1307 653.13  
2019_12_11_10_25_10_735 1576081510735 11355 11327 422 207.21  
2019_12_11_10_25_10_738 1576081510738 11358 11330 103 52.1562  
2019_12_11_10_25_10_815 1576081510815 11435 11407 1335 667.616  
2019_12_11_10_25_10_816 1576081510816 11436 11408 1036 514.123  
2019_12_11_10_25_10_825 1576081510825 11445 11417 732 360.773  
2019_12_11_10_25_10_857 1576081510857 11477 11449 288 141.711  
2019_12_11_10_25_10_874 1576081510874 11494 11465 4095 2209.31  
2019_12_11_10_25_10_875 1576081510875 11495 11466 2013 1025.47  
2019_12_11_10_25_10_921 1576081510921 11541 11512 160 79.641  
2019_12_11_10_25_10_925 1576081510925 11545 11516 159 79.1579  
2019_12_11_10_25_10_931 1576081510931 11551 11522 409 200.833  
2019_12_11_10_25_10_940 1576081510940 11560 11531 180 89.3075  
2019_12_11_10_25_10_945 1576081510945 11565 11536 216 106.737  
2019_12_11_10_25_10_955 1576081510955 11575 11546 262 129.064  
2019_12_11_10_25_10_960 1576081510960 11580 11551 228 112.555  
2019_12_11_10_25_10_961 1576081510961 11581 11552 313 153.891  
2019_12_11_10_25_10_981 1576081510981 11601 11572 196 97.0493  
2019_12_11_10_25_11_004 1576081511004 11624 11595 548 269.283  
2019_12_11_10_25_11_015 1576081511015 11635 11606 427 209.664  
2019_12_11_10_25_11_039 1576081511039 11659 11630 254 125.177  
2019_12_11_10_25_11_042 1576081511042 11662 11633 492 241.637  
2019_12_11_10_25_11_120 1576081511120 11740 11711 484 237.695  
2019_12_11_10_25_11_126 1576081511126 11746 11717 232 114.496  
2019_12_11_10_25_11_165 1576081511165 11785 11755 149 74.3294  
2019_12_11_10_25_11_186 1576081511186 11806 11776 183 90.7585  
2019_12_11_10_25_11_205 1576081511205 11825 11795 436 214.084  
2019_12_11_10_25_11_214 1576081511214 11834 11804 239 117.893  
2019_12_11_10_25_11_235 1576081511235 11855 11825 147 73.3641  
2019_12_11_10_25_11_236 1576081511236 11856 11826 455 223.422  
2019_12_11_10_25_11_238 1576081511238 11858 11828 492 241.637  
2019_12_11_10_25_11_262 1576081511262 11882 11852 1379 690.427  
2019_12_11_10_25_11_263 1576081511263 11883 11853 426 209.173  
2019_12_11_10_25_11_268 1576081511268 11888 11858 338 166.089  
2019_12_11_10_25_11_282 1576081511282 11902 11872 726 357.773  
2019_12_11_10_25_11_339 1576081511339 11959 11929 817 403.375  
2019_12_11_10_25_11_340 1576081511340 11960 11930 683 336.311  
2019_12_11_10_25_11_358 1576081511358 11978 11948 934 462.365  
2019_12_11_10_25_11_361 1576081511361 11981 11951 729 359.273  
2019_12_11_10_25_11_423 1576081511423 12043 12013 69 35.8075  
2019_12_11_10_25_11_432 1576081511432 12052 12022 501 246.074  
2019_12_11_10_25_11_443 1576081511443 12063 12033 417 204.757  
2019_12_11_10_25_11_464 1576081511464 12084 12053 556 273.24  
2019_12_11_10_25_11_512 1576081511512 12132 12101 138 69.0214  
2019_12_11_10_25_11_531 1576081511531 12151 12120 300 147.555  
2019_12_11_10_25_11_547 1576081511547 12167 12136 179 88.8239  
2019_12_11_10_25_11_565 1576081511565 12185 12154 201 99.4701  
2019_12_11_10_25_11_583 1576081511583 12203 12172 644 316.892  
2019_12_11_10_25_11_593 1576081511593 12213 12182 282 138.791  
2019_12_11_10_25_11_623 1576081511623 12243 12212 88 44.9393  
2019_12_11_10_25_11_627 1576081511627 12247 12216 560 275.219  
2019_12_11_10_25_11_631 1576081511631 12251 12220 137 68.5391  
2019_12_11_10_25_11_635 1576081511635 12255 12224 234 115.466  
2019_12_11_10_25_11_661 1576081511661 12281 12250 123 61.789  
2019_12_11_10_25_11_701 1576081511701 12321 12290 413 202.794  
2019_12_11_10_25_11_709 1576081511709 12329 12298 1206 601.069  
2019_12_11_10_25_11_718 1576081511718 12338 12307 616 302.978  
2019_12_11_10_25_11_762 1576081511762 12382 12351 1321 660.37  
2019_12_11_10_25_11_770 1576081511770 12390 12359 785 387.311  
2019_12_11_10_25_11_779 1576081511779 12399 12367 153 76.2605  
2019_12_11_10_25_11_859 1576081511859 12479 12447 1714 865.978  
2019_12_11_10_25_11_868 1576081511868 12488 12456 578 284.132  
2019_12_11_10_25_11_885 1576081511885 12505 12473 304 149.504  
2019_12_11_10_25_11_930 1576081511930 12550 12518 559 274.724  
2019_12_11_10_25_12_187 1576081512187 12807 12775 2784 1448.92  
2019_12_11_10_25_12_188 1576081512188 12808 12776 324 159.256  
2019_12_11_10_25_12_189 1576081512189 12809 12777 180 89.3075  
2019_12_11_10_25_12_190 1576081512190 12810 12778 330 162.184  
2019_12_11_10_25_12_190 1576081512190 12810 12778 1341 670.724  
2019_12_11_10_25_12_199 1576081512199 12819 12787 398 195.44  
2019_12_11_10_25_12_209 1576081512209 12829 12797 202 99.9544  
2019_12_11_10_25_12_218 1576081512218 12838 12806 103 52.1562  
2019_12_11_10_25_12_348 1576081512348 12968 12936 573 281.655  
2019_12_11_10_25_12_359 1576081512359 12979 12947 289 142.198  
2019_12_11_10_25_12_443 1576081512443 13063 13031 229 113.041  
2019_12_11_10_25_12_471 1576081512471 13091 13059 67 34.8469  
2019_12_11_10_25_12_489 1576081512489 13109 13076 997 494.297  
2019_12_11_10_25_12_496 1576081512496 13116 13083 198 98.0175  
2019_12_11_10_25_12_506 1576081512506 13126 13093 284 139.764  
2019_12_11_10_25_12_507 1576081512507 13127 13094 542 266.317  
2019_12_11_10_25_12_528 1576081512528 13148 13115 331 162.672  
2019_12_11_10_25_12_580 1576081512580 13200 13167 557 273.735  
2019_12_11_10_25_12_640 1576081512640 13260 13227 390 191.52  
2019_12_11_10_25_12_643 1576081512643 13263 13230 230 113.526  
2019_12_11_10_25_12_647 1576081512647 13267 13234 564 277.199  
2019_12_11_10_25_12_648 1576081512648 13268 13235 570 280.169  
2019_12_11_10_25_12_669 1576081512669 13289 13256 269 132.467  
2019_12_11_10_25_12_694 1576081512694 13314 13281 635 312.417  
2019_12_11_10_25_12_798 1576081512798 13418 13385 676 332.822  
2019_12_11_10_25_12_905 1576081512905 13525 13492 103 52.1562  
2019_12_11_10_25_12_937 1576081512937 13557 13524 247 121.777  
2019_12_11_10_25_12_955 1576081512955 13575 13542 1160 577.458  
2019_12_11_10_25_13_138 1576081513138 13758 13725 333 163.648  
2019_12_11_10_25_13_141 1576081513141 13761 13727 347 170.485  
2019_12_11_10_25_13_162 1576081513162 13782 13748 391 192.01  
2019_12_11_10_25_13_204 1576081513204 13824 13790 92 46.8632  
2019_12_11_10_25_13_306 1576081513306 13926 13892 174 86.4063  
2019_12_11_10_25_13_307 1576081513307 13927 13893 1334 667.099  
2019_12_11_10_25_13_376 1576081513376 13996 13962 4095 2209.31  
2019_12_11_10_25_13_420 1576081513420 14040 14006 1550 779.622  
2019_12_11_10_25_13_442 1576081513442 14062 14028 4095 2209.31  
2019_12_11_10_25_13_463 1576081513463 14083 14049 669 329.335  
2019_12_11_10_25_13_468 1576081513468 14088 14054 213 105.283  
2019_12_11_10_25_13_479 1576081513479 14099 14065 492 241.637  
2019_12_11_10_25_13_480 1576081513480 14100 14066 127 63.717  
2019_12_11_10_25_13_514 1576081513514 14134 14100 266 131.008  
2019_12_11_10_25_13_518 1576081513518 14138 14104 1095 544.201  
2019_12_11_10_25_13_525 1576081513525 14145 14111 495 243.116  
2019_12_11_10_25_13_544 1576081513544 14164 14130 268 131.981  
2019_12_11_10_25_13_555 1576081513555 14175 14141 200 98.9859  
2019_12_11_10_25_13_592 1576081513592 14212 14177 1337 668.652  
2019_12_11_10_25_13_672 1576081513672 14292 14257 713 351.279  
2019_12_11_10_25_13_742 1576081513742 14362 14327 68 35.3272  
2019_12_11_10_25_13_809 1576081513809 14429 14394 1294 646.412  
2019_12_11_10_25_13_814 1576081513814 14434 14399 231 114.011  
2019_12_11_10_25_13_859 1576081513859 14479 14444 635 312.417  
2019_12_11_10_25_13_866 1576081513866 14486 14451 4095 2209.31  
2019_12_11_10_25_13_886 1576081513886 14506 14471 503 247.06  
2019_12_11_10_25_13_952 1576081513952 14572 14537 449 220.472  
2019_12_11_10_25_13_997 1576081513997 14617 14582 213 105.283  
2019_12_11_10_25_14_072 1576081514072 14692 14657 175 86.8898  
2019_12_11_10_25_14_090 1576081514090 14710 14675 113 56.9711  
2019_12_11_10_25_14_091 1576081514091 14711 14676 234 115.466  
2019_12_11_10_25_14_117 1576081514117 14737 14702 341 167.554  
2019_12_11_10_25_14_240 1576081514240 14860 14825 506 248.54  
2019_12_11_10_25_14_279 1576081514279 14899 14864 329 161.696  
2019_12_11_10_25_14_313 1576081514313 14933 14898 266 131.008  
2019_12_11_10_25_14_330 1576081514330 14950 14915 324 159.256  
2019_12_11_10_25_14_339 1576081514339 14959 14923 129 64.6812  
2019_12_11_10_25_14_353 1576081514353 14973 14937 318 156.329  
2019_12_11_10_25_14_413 1576081514413 15033 14997 167 83.0229  
2019_12_11_10_25_14_421 1576081514421 15041 15005 309 151.941  
2019_12_11_10_25_14_424 1576081514424 15044 15008 145 72.3988  
2019_12_11_10_25_14_484 1576081514484 15104 15068 384 188.582  
2019_12_11_10_25_14_516 1576081514516 15136 15100 118 59.3797  
2019_12_11_10_25_14_553 1576081514553 15173 15137 275 135.385  
2019_12_11_10_25_14_555 1576081514555 15175 15139 876 433.071  
2019_12_11_10_25_14_573 1576081514573 15193 15157 233 114.981  
2019_12_11_10_25_14_578 1576081514578 15198 15162 205 101.407  
2019_12_11_10_25_14_580 1576081514580 15200 15164 261 128.578  
2019_12_11_10_25_14_736 1576081514736 15356 15320 607 298.51  
2019_12_11_10_25_14_749 1576081514749 15369 15333 496 243.609  
2019_12_11_10_25_14_757 1576081514757 15377 15341 868 429.039  
2019_12_11_10_25_14_766 1576081514766 15386 15350 164 81.5733  
2019_12_11_10_25_14_799 1576081514799 15419 15383 76 39.1707  
2019_12_11_10_25_14_837 1576081514837 15457 15420 309 151.941  
2019_12_11_10_25_14_847 1576081514847 15467 15430 864 427.023  
2019_12_11_10_25_14_893 1576081514893 15513 15476 393 192.99  
2019_12_11_10_25_14_962 1576081514962 15582 15545 90 45.9012  
2019_12_11_10_25_14_971 1576081514971 15591 15554 275 135.385  
2019_12_11_10_25_14_976 1576081514976 15596 15559 371 182.219  
2019_12_11_10_25_15_028 1576081515028 15648 15611 1117 555.444  
2019_12_11_10_25_15_033 1576081515033 15653 15616 788 388.816  
2019_12_11_10_25_15_054 1576081515054 15674 15637 676 332.822  
2019_12_11_10_25_15_056 1576081515056 15676 15639 195 96.5652  
2019_12_11_10_25_15_101 1576081515101 15721 15684 438 215.066  
2019_12_11_10_25_15_110 1576081515110 15730 15693 371 182.219  
2019_12_11_10_25_15_133 1576081515133 15753 15716 210 103.829  
2019_12_11_10_25_15_178 1576081515178 15798 15761 308 151.453  
2019_12_11_10_25_15_204 1576081515204 15824 15787 498 244.595  
2019_12_11_10_25_15_212 1576081515212 15832 15795 211 104.314  
2019_12_11_10_25_15_214 1576081515214 15834 15797 562 276.209  
2019_12_11_10_25_15_237 1576081515237 15857 15819 4095 2209.31  
2019_12_11_10_25_15_260 1576081515260 15880 15842 1941 986.82  
2019_12_11_10_25_15_261 1576081515261 15881 15843 336 165.112  
2019_12_11_10_25_15_273 1576081515273 15893 15855 452 221.947  
2019_12_11_10_25_15_302 1576081515302 15922 15884 90 45.9012  
2019_12_11_10_25_15_358 1576081515358 15978 15940 372 182.708  
2019_12_11_10_25_15_362 1576081515362 15982 15944 203 100.439  
2019_12_11_10_25_15_392 1576081515392 16012 15974 1216 606.21  
2019_12_11_10_25_15_477 1576081515477 16097 16059 108 54.5633  
2019_12_11_10_25_15_508 1576081515508 16128 16090 289 142.198  
2019_12_11_10_25_15_534 1576081515534 16154 16116 331 162.672  
2019_12_11_10_25_15_537 1576081515537 16157 16119 371 182.219  
2019_12_11_10_25_15_610 1576081515610 16230 16192 1557 783.292  
2019_12_11_10_25_15_651 1576081515651 16271 16233 60 31.4857  
2019_12_11_10_25_15_665 1576081515665 16285 16247 131 65.6455  
2019_12_11_10_25_15_670 1576081515670 16290 16252 1268 632.992  
2019_12_11_10_25_15_671 1576081515671 16291 16253 1490 748.227  
2019_12_11_10_25_15_702 1576081515702 16322 16283 789 389.318  
2019_12_11_10_25_15_795 1576081515795 16415 16376 162 80.6071  
2019_12_11_10_25_15_849 1576081515849 16469 16430 210 103.829  
2019_12_11_10_25_15_896 1576081515896 16516 16477 371 182.219  
2019_12_11_10_25_15_900 1576081515900 16520 16481 237 116.922  
2019_12_11_10_25_15_921 1576081515921 16541 16502 214 105.768  
2019_12_11_10_25_15_933 1576081515933 16553 16514 340 167.066  
2019_12_11_10_25_15_979 1576081515979 16599 16560 255 125.662  
2019_12_11_10_25_16_283 1576081516283 16903 16864 439 215.558  
2019_12_11_10_25_16_284 1576081516284 16904 16865 215 106.252  
2019_12_11_10_25_16_285 1576081516285 16905 16866 558 274.23  
2019_12_11_10_25_16_285 1576081516285 16905 16866 72 37.2487  
2019_12_11_10_25_16_285 1576081516285 16905 16866 443 217.523  
2019_12_11_10_25_16_285 1576081516285 16905 16866 1930 980.929  
2019_12_11_10_25_16_285 1576081516285 16905 16866 223 110.131  
2019_12_11_10_25_16_285 1576081516285 16905 16866 367 180.262  
2019_12_11_10_25_16_285 1576081516285 16905 16866 260 128.092  
2019_12_11_10_25_16_286 1576081516286 16906 16866 445 218.506  
2019_12_11_10_25_16_286 1576081516286 16906 16866 2156 1102.68  
2019_12_11_10_25_16_286 1576081516286 16906 16866 343 168.531  
2019_12_11_10_25_16_306 1576081516306 16926 16886 180 89.3075  
2019_12_11_10_25_16_337 1576081516337 16957 16917 197 97.5334  
2019_12_11_10_25_16_407 1576081516407 17027 16987 468 229.817  
2019_12_11_10_25_16_413 1576081516413 17033 16993 159 79.1579  
2019_12_11_10_25_16_468 1576081516468 17088 17048 77 39.6512  
2019_12_11_10_25_16_470 1576081516470 17090 17050 197 97.5334  
2019_12_11_10_25_16_491 1576081516491 17111 17071 407 199.852  
2019_12_11_10_25_16_565 1576081516565 17185 17145 603 296.526  
2019_12_11_10_25_16_568 1576081516568 17188 17148 195 96.5652  
2019_12_11_10_25_16_591 1576081516591 17211 17171 208 102.861  
2019_12_11_10_25_16_629 1576081516629 17249 17209 242 119.349  
2019_12_11_10_25_16_687 1576081516687 17307 17267 240 118.378  
2019_12_11_10_25_16_744 1576081516744 17364 17324 238 117.407  
2019_12_11_10_25_16_745 1576081516745 17365 17325 264 130.036  
2019_12_11_10_25_16_765 1576081516765 17385 17345 371 182.219  
2019_12_11_10_25_16_769 1576081516769 17389 17348 4095 2209.31  
2019_12_11_10_25_16_777 1576081516777 17397 17356 4095 2209.31  
2019_12_11_10_25_16_780 1576081516780 17400 17359 234 115.466  
2019_12_11_10_25_16_823 1576081516823 17443 17402 1700 858.575  
2019_12_11_10_25_16_940 1576081516940 17560 17519 146 72.8814  
2019_12_11_10_25_17_016 1576081517016 17636 17595 457 224.406  
2019_12_11_10_25_17_017 1576081517017 17637 17596 617 303.474  
2019_12_11_10_25_17_131 1576081517131 17751 17710 86 43.9776  
2019_12_11_10_25_17_199 1576081517199 17819 17778 156 77.7091  
2019_12_11_10_25_17_231 1576081517231 17851 17810 817 403.375  
2019_12_11_10_25_17_256 1576081517256 17876 17835 244 120.32  
2019_12_11_10_25_17_263 1576081517263 17883 17842 52 27.646  
2019_12_11_10_25_17_276 1576081517276 17896 17855 329 161.696  
2019_12_11_10_25_17_296 1576081517296 17916 17875 337 165.601  
2019_12_11_10_25_17_301 1576081517301 17921 17880 147 73.3641  
2019_12_11_10_25_17_399 1576081517399 18019 17978 180 89.3075  
2019_12_11_10_25_17_413 1576081517413 18033 17992 211 104.314  
2019_12_11_10_25_17_443 1576081517443 18063 18021 633 311.423  
2019_12_11_10_25_17_455 1576081517455 18075 18033 156 77.7091  
2019_12_11_10_25_17_462 1576081517462 18082 18040 378 185.644  
2019_12_11_10_25_17_471 1576081517471 18091 18049 1133 563.629  
2019_12_11_10_25_17_490 1576081517490 18110 18068 554 272.251  
2019_12_11_10_25_17_499 1576081517499 18119 18077 65 33.8864  
2019_12_11_10_25_17_500 1576081517500 18120 18078 1947 990.034  
2019_12_11_10_25_17_521 1576081517521 18141 18099 407 199.852  
2019_12_11_10_25_17_561 1576081517561 18181 18139 1225 610.84  
2019_12_11_10_25_17_571 1576081517571 18191 18149 193 95.5971  
2019_12_11_10_25_17_604 1576081517604 18224 18182 268 131.981  
2019_12_11_10_25_17_656 1576081517656 18276 18234 780 384.804  
2019_12_11_10_25_17_657 1576081517657 18277 18235 180 89.3075  
2019_12_11_10_25_17_662 1576081517662 18282 18240 441 216.54  
2019_12_11_10_25_17_670 1576081517670 18290 18248 182 90.2748  
2019_12_11_10_25_17_685 1576081517685 18305 18263 819 404.38  
2019_12_11_10_25_17_689 1576081517689 18309 18267 233 114.981  
2019_12_11_10_25_17_763 1576081517763 18383 18340 496 243.609  
2019_12_11_10_25_17_787 1576081517787 18407 18364 230 113.526  
2019_12_11_10_25_17_796 1576081517796 18416 18373 200 98.9859  
2019_12_11_10_25_17_797 1576081517797 18417 18374 160 79.641  
2019_12_11_10_25_17_902 1576081517902 18522 18479 133 66.6099  
2019_12_11_10_25_17_908 1576081517908 18528 18485 212 104.799  
2019_12_11_10_25_17_924 1576081517924 18544 18501 394 193.48  
2019_12_11_10_25_17_926 1576081517926 18546 18503 704 346.786  
2019_12_11_10_25_17_953 1576081517953 18573 18530 278 136.845  
2019_12_11_10_25_18_000 1576081518000 18620 18577 340 167.066  
2019_12_11_10_25_18_011 1576081518011 18631 18588 256 126.148  
2019_12_11_10_25_18_012 1576081518012 18632 18589 109 55.0448  
2019_12_11_10_25_18_050 1576081518050 18670 18627 452 221.947  
2019_12_11_10_25_18_100 1576081518100 18720 18677 1055 523.798  
2019_12_11_10_25_18_129 1576081518129 18749 18706 257 126.634  
2019_12_11_10_25_18_133 1576081518133 18753 18710 241 118.864  
2019_12_11_10_25_18_146 1576081518146 18766 18723 351 172.439  
2019_12_11_10_25_18_187 1576081518187 18807 18763 139 69.5038  
2019_12_11_10_25_18_207 1576081518207 18827 18783 289 142.198  
2019_12_11_10_25_18_269 1576081518269 18889 18845 211 104.314  
2019_12_11_10_25_18_275 1576081518275 18895 18851 1343 671.76  
2019_12_11_10_25_18_286 1576081518286 18906 18862 312 153.403  
2019_12_11_10_25_18_301 1576081518301 18921 18877 374 183.687  
2019_12_11_10_25_18_310 1576081518310 18930 18886 387 190.051  
2019_12_11_10_25_18_336 1576081518336 18956 18912 407 199.852  
2019_12_11_10_25_18_350 1576081518350 18970 18926 120 60.3434  
2019_12_11_10_25_18_376 1576081518376 18996 18952 161 80.124  
2019_12_11_10_25_18_383 1576081518383 19003 18959 66 34.3667  
2019_12_11_10_25_18_384 1576081518384 19004 18960 1442 723.188  
2019_12_11_10_25_18_394 1576081518394 19014 18970 163 81.0902  
2019_12_11_10_25_18_397 1576081518397 19017 18973 573 281.655  
2019_12_11_10_25_18_537 1576081518537 19157 19113 150 74.8121  
2019_12_11_10_25_18_539 1576081518539 19159 19115 534 262.363  
2019_12_11_10_25_18_542 1576081518542 19162 19118 781 385.305  
2019_12_11_10_25_18_560 1576081518560 19180 19135 266 131.008  
2019_12_11_10_25_18_572 1576081518572 19192 19147 566 278.189  
2019_12_11_10_25_18_581 1576081518581 19201 19156 221 109.161  
2019_12_11_10_25_18_589 1576081518589 19209 19164 132 66.1277  
2019_12_11_10_25_18_604 1576081518604 19224 19179 124 62.271  
2019_12_11_10_25_18_624 1576081518624 19244 19199 281 138.304  
2019_12_11_10_25_18_650 1576081518650 19270 19225 708 348.782  
2019_12_11_10_25_18_712 1576081518712 19332 19287 192 95.1131  
2019_12_11_10_25_18_846 1576081518846 19466 19421 2254 1155.94  
2019_12_11_10_25_19_010 1576081519010 19630 19585 1020 505.983  
2019_12_11_10_25_19_027 1576081519027 19647 19602 754 371.779  
2019_12_11_10_25_19_033 1576081519033 19653 19608 285 140.251  
2019_12_11_10_25_19_047 1576081519047 19667 19622 644 316.892  
2019_12_11_10_25_19_049 1576081519049 19669 19624 77 39.6512  
2019_12_11_10_25_19_087 1576081519087 19707 19662 322 158.28  
2019_12_11_10_25_19_191 1576081519191 19811 19766 1416 709.653  
2019_12_11_10_25_19_196 1576081519196 19816 19771 85 43.4968  
2019_12_11_10_25_19_255 1576081519255 19875 19830 259 127.606  
2019_12_11_10_25_19_288 1576081519288 19908 19862 655 322.364  
2019_12_11_10_25_19_429 1576081519429 20049 20003 253 124.691  
2019_12_11_10_25_19_430 1576081519430 20050 20004 1817 920.62  
2019_12_11_10_25_19_472 1576081519472 20092 20046 359 176.35  
2019_12_11_10_25_19_565 1576081519565 20185 20139 677 333.32  
2019_12_11_10_25_19_575 1576081519575 20195 20149 248 122.262  
2019_12_11_10_25_19_629 1576081519629 20249 20203 145 72.3988  
2019_12_11_10_25_19_694 1576081519694 20314 20268 392 192.5  
2019_12_11_10_25_19_726 1576081519726 20346 20300 168 83.5062  
2019_12_11_10_25_19_783 1576081519783 20403 20357 138 69.0214  
2019_12_11_10_25_19_801 1576081519801 20421 20375 293 144.146  
2019_12_11_10_25_19_809 1576081519809 20429 20383 943 466.92  
2019_12_11_10_25_19_818 1576081519818 20438 20392 135 67.5744  
2019_12_11_10_25_19_833 1576081519833 20453 20407 336 165.112  
2019_12_11_10_25_19_846 1576081519846 20466 20420 68 35.3272  
2019_12_11_10_25_19_851 1576081519851 20471 20425 191 94.6291  
2019_12_11_10_25_19_888 1576081519888 20508 20462 217 107.222  
2019_12_11_10_25_19_908 1576081519908 20528 20481 403 197.891  
2019_12_11_10_25_19_922 1576081519922 20542 20495 509 250.02  
2019_12_11_10_25_19_957 1576081519957 20577 20530 569 279.674  
2019_12_11_10_25_19_969 1576081519969 20589 20542 209 103.345  
2019_12_11_10_25_20_031 1576081520031 20651 20604 921 455.791  
2019_12_11_10_25_20_050 1576081520050 20670 20623 319 156.817  
2019_12_11_10_25_20_058 1576081520058 20678 20631 163 81.0902  
2019_12_11_10_25_20_074 1576081520074 20694 20647 283 139.278  
2019_12_11_10_25_20_085 1576081520085 20705 20658 408 200.342  
2019_12_11_10_25_20_118 1576081520118 20738 20691 432 212.119  
2019_12_11_10_25_20_180 1576081520180 20800 20753 274 134.899  
2019_12_11_10_25_20_183 1576081520183 20803 20756 131 65.6455  
2019_12_11_10_25_20_185 1576081520185 20805 20758 283 139.278  
2019_12_11_10_25_20_244 1576081520244 20864 20817 798 393.833  
2019_12_11_10_25_20_260 1576081520260 20880 20833 252 124.205  
2019_12_11_10_25_20_285 1576081520285 20905 20858 729 359.273  
2019_12_11_10_25_20_305 1576081520305 20925 20878 85 43.4968  
2019_12_11_10_25_20_323 1576081520323 20943 20895 252 124.205  
2019_12_11_10_25_20_394 1576081520394 21014 20966 169 83.9894  
2019_12_11_10_25_20_404 1576081520404 21024 20976 253 124.691  
2019_12_11_10_25_20_419 1576081520419 21039 20991 162 80.6071  
2019_12_11_10_25_20_427 1576081520427 21047 20999 487 239.173  
2019_12_11_10_25_20_446 1576081520446 21066 21018 113 56.9711  
2019_12_11_10_25_20_458 1576081520458 21078 21030 227 112.07  
2019_12_11_10_25_20_503 1576081520503 21123 21075 99 50.2311  
2019_12_11_10_25_20_538 1576081520538 21158 21110 335 164.624  
2019_12_11_10_25_20_541 1576081520541 21161 21113 155 77.2262  
2019_12_11_10_25_20_547 1576081520547 21167 21119 269 132.467  
2019_12_11_10_25_20_578 1576081520578 21198 21150 347 170.485  
2019_12_11_10_25_20_597 1576081520597 21217 21169 293 144.146  
2019_12_11_10_25_20_601 1576081520601 21221 21173 189 93.6613  
2019_12_11_10_25_20_636 1576081520636 21256 21208 234 115.466  
2019_12_11_10_25_20_671 1576081520671 21291 21243 123 61.789  
2019_12_11_10_25_20_713 1576081520713 21333 21285 379 186.134  
2019_12_11_10_25_20_716 1576081520716 21336 21287 263 129.55  
2019_12_11_10_25_20_741 1576081520741 21361 21312 374 183.687  
2019_12_11_10_25_20_790 1576081520790 21410 21361 324 159.256  
2019_12_11_10_25_20_826 1576081520826 21446 21397 566 278.189  
2019_12_11_10_25_20_840 1576081520840 21460 21411 337 165.601  
2019_12_11_10_25_20_855 1576081520855 21475 21426 579 284.627  
2019_12_11_10_25_20_861 1576081520861 21481 21432 1045 518.704  
2019_12_11_10_25_20_864 1576081520864 21484 21435 185 91.726  
2019_12_11_10_25_20_878 1576081520878 21498 21449 193 95.5971  
2019_12_11_10_25_20_936 1576081520936 21556 21507 644 316.892  
2019_12_11_10_25_21_050 1576081521050 21670 21621 283 139.278  
2019_12_11_10_25_21_101 1576081521101 21721 21672 188 93.1774  
2019_12_11_10_25_21_104 1576081521104 21724 21675 103 52.1562  
2019_12_11_10_25_21_120 1576081521120 21740 21691 205 101.407  
2019_12_11_10_25_21_157 1576081521157 21777 21728 458 224.897  
2019_12_11_10_25_21_221 1576081521221 21841 21792 235 115.951  
2019_12_11_10_25_21_260 1576081521260 21880 21831 156 77.7091  
2019_12_11_10_25_21_284 1576081521284 21904 21854 118 59.3797  
2019_12_11_10_25_21_331 1576081521331 21951 21901 339 166.577  
2019_12_11_10_25_21_346 1576081521346 21966 21916 195 96.5652  
2019_12_11_10_25_21_348 1576081521348 21968 21918 356 174.883  
2019_12_11_10_25_21_508 1576081521508 22128 22078 675 332.324  
2019_12_11_10_25_21_558 1576081521558 22178 22128 378 185.644  
2019_12_11_10_25_21_749 1576081521749 22369 22319 2396 1233.62  
2019_12_11_10_25_21_781 1576081521781 22401 22351 202 99.9544  
2019_12_11_10_25_21_785 1576081521785 22405 22355 993 492.266  
2019_12_11_10_25_21_803 1576081521803 22423 22373 215 106.252  
2019_12_11_10_25_21_805 1576081521805 22425 22375 406 199.361  
2019_12_11_10_25_21_816 1576081521816 22436 22386 337 165.601  
2019_12_11_10_25_21_823 1576081521823 22443 22393 243 119.834  
2019_12_11_10_25_21_849 1576081521849 22469 22419 299 147.068  
2019_12_11_10_25_21_850 1576081521850 22470 22420 175 86.8898  
2019_12_11_10_25_21_878 1576081521878 22498 22448 194 96.0811  
2019_12_11_10_25_21_888 1576081521888 22508 22458 157 78.192  
2019_12_11_10_25_21_895 1576081521895 22515 22465 183 90.7585  
2019_12_11_10_25_21_902 1576081521902 22522 22471 948 469.451  
2019_12_11_10_25_21_927 1576081521927 22547 22496 177 87.8568  
2019_12_11_10_25_21_930 1576081521930 22550 22499 251 123.719  
2019_12_11_10_25_21_943 1576081521943 22563 22512 147 73.3641  
2019_12_11_10_25_21_957 1576081521957 22577 22526 434 213.102  
2019_12_11_10_25_21_965 1576081521965 22585 22534 293 144.146  
2019_12_11_10_25_21_966 1576081521966 22586 22535 127 63.717  
2019_12_11_10_25_22_031 1576081522031 22651 22600 1047 519.723  
2019_12_11_10_25_22_067 1576081522067 22687 22636 207 102.376  
2019_12_11_10_25_22_070 1576081522070 22690 22639 1360 680.57  
2019_12_11_10_25_22_078 1576081522078 22698 22647 295 145.12  
2019_12_11_10_25_22_083 1576081522083 22703 22652 415 203.775  
2019_12_11_10_25_22_119 1576081522119 22739 22688 250 123.234  
2019_12_11_10_25_22_131 1576081522131 22751 22700 496 243.609  
2019_12_11_10_25_22_132 1576081522132 22752 22701 115 57.9345  
2019_12_11_10_25_22_180 1576081522180 22800 22749 725 357.274  
2019_12_11_10_25_22_201 1576081522201 22821 22770 156 77.7091  
2019_12_11_10_25_22_217 1576081522217 22837 22785 326 160.232  
2019_12_11_10_25_22_223 1576081522223 22843 22791 387 190.051  
2019_12_11_10_25_22_228 1576081522228 22848 22796 141 70.4687  
2019_12_11_10_25_22_256 1576081522256 22876 22824 497 244.102  
2019_12_11_10_25_22_293 1576081522293 22913 22861 108 54.5633  
2019_12_11_10_25_22_329 1576081522329 22949 22897 258 127.12  
2019_12_11_10_25_22_370 1576081522370 22990 22938 242 119.349  
2019_12_11_10_25_22_380 1576081522380 23000 22948 316 155.354  
2019_12_11_10_25_22_388 1576081522388 23008 22956 347 170.485  
2019_12_11_10_25_22_395 1576081522395 23015 22963 955 472.996  
2019_12_11_10_25_22_461 1576081522461 23081 23029 2238 1147.23  
2019_12_11_10_25_22_502 1576081522502 23122 23070 382 187.603  
2019_12_11_10_25_22_546 1576081522546 23166 23114 83 42.5352  
2019_12_11_10_25_22_638 1576081522638 23258 23206 461 226.373  
2019_12_11_10_25_22_692 1576081522692 23312 23260 274 134.899  
2019_12_11_10_25_22_698 1576081522698 23318 23266 464 227.849  
2019_12_11_10_25_22_707 1576081522707 23327 23275 125 62.753  
2019_12_11_10_25_22_731 1576081522731 23351 23298 159 79.1579  
2019_12_11_10_25_22_734 1576081522734 23354 23301 112 56.4895  
2019_12_11_10_25_22_744 1576081522744 23364 23311 240 118.378  
2019_12_11_10_25_22_771 1576081522771 23391 23338 376 184.666  
2019_12_11_10_25_22_816 1576081522816 23436 23383 319 156.817  
2019_12_11_10_25_22_829 1576081522829 23449 23396 208 102.861  
2019_12_11_10_25_22_849 1576081522849 23469 23416 447 219.489  
2019_12_11_10_25_22_885 1576081522885 23505 23452 231 114.011  
2019_12_11_10_25_22_947 1576081522947 23567 23514 167 83.0229  
2019_12_11_10_25_22_955 1576081522955 23575 23522 200 98.9859  
2019_12_11_10_25_22_957 1576081522957 23577 23524 328 161.208  
2019_12_11_10_25_23_035 1576081523035 23655 23602 296 145.607  
2019_12_11_10_25_23_068 1576081523068 23688 23635 198 98.0175  
2019_12_11_10_25_23_070 1576081523070 23690 23637 651 320.374  
2019_12_11_10_25_23_104 1576081523104 23724 23671 156 77.7091  
2019_12_11_10_25_23_170 1576081523170 23790 23737 222 109.646  
2019_12_11_10_25_23_216 1576081523216 23836 23783 322 158.28  
2019_12_11_10_25_23_228 1576081523228 23848 23794 3021 1582.62  
2019_12_11_10_25_23_270 1576081523270 23890 23836 217 107.222  
2019_12_11_10_25_23_271 1576081523271 23891 23837 303 149.017  
2019_12_11_10_25_23_276 1576081523276 23896 23842 237 116.922  
2019_12_11_10_25_23_315 1576081523315 23935 23881 490 240.651  
2019_12_11_10_25_23_365 1576081523365 23985 23931 609 299.503  
2019_12_11_10_25_23_405 1576081523405 24025 23971 85 43.4968  
2019_12_11_10_25_23_461 1576081523461 24081 24027 263 129.55  
2019_12_11_10_25_23_494 1576081523494 24114 24060 1341 670.724  
2019_12_11_10_25_23_565 1576081523565 24185 24131 271 133.44  
2019_12_11_10_25_23_625 1576081523625 24245 24191 358 175.861  
2019_12_11_10_25_23_664 1576081523664 24284 24230 230 113.526  
2019_12_11_10_25_23_700 1576081523700 24320 24266 529 259.893  
2019_12_11_10_25_23_763 1576081523763 24383 24329 804 396.845  
2019_12_11_10_25_23_785 1576081523785 24405 24351 700 344.789  
2019_12_11_10_25_23_787 1576081523787 24407 24353 200 98.9859  
2019_12_11_10_25_23_790 1576081523790 24410 24356 2364 1216.07  
2019_12_11_10_25_23_906 1576081523906 24526 24471 868 429.039  
2019_12_11_10_25_23_946 1576081523946 24566 24511 488 239.666  
2019_12_11_10_25_23_954 1576081523954 24574 24519 408 200.342  
2019_12_11_10_25_23_957 1576081523957 24577 24522 126 63.235  
2019_12_11_10_25_23_965 1576081523965 24585 24530 129 64.6812  
2019_12_11_10_25_23_974 1576081523974 24594 24539 544 267.305  
2019_12_11_10_25_23_976 1576081523976 24596 24541 723 356.274  
2019_12_11_10_25_24_007 1576081524007 24627 24572 228 112.555  
2019_12_11_10_25_24_021 1576081524021 24641 24586 590 290.078  
2019_12_11_10_25_24_057 1576081524057 24677 24622 199 98.5017  
2019_12_11_10_25_24_081 1576081524081 24701 24646 102 51.6749  
2019_12_11_10_25_24_092 1576081524092 24712 24657 218 107.707  
2019_12_11_10_25_24_125 1576081524125 24745 24690 171 84.9561  
2019_12_11_10_25_24_155 1576081524155 24775 24720 176 87.3733  
2019_12_11_10_25_24_169 1576081524169 24789 24734 290 142.685  
2019_12_11_10_25_24_207 1576081524207 24827 24772 1892 960.606  
2019_12_11_10_25_24_244 1576081524244 24864 24809 285 140.251  
2019_12_11_10_25_24_384 1576081524384 25004 24949 334 164.136  
