1576079966586 2019_12_11_09_59_26_586 2.734449 0.478300  0.000014786
2019_12_11_09_59_26_611 1576079966611 25 24 206 101.892  
2019_12_11_09_59_26_673 1576079966673 87 86 514 252.487  
2019_12_11_09_59_26_789 1576079966789 203 202 284 139.764  
2019_12_11_09_59_26_853 1576079966853 267 266 2225 1140.15  
2019_12_11_09_59_26_927 1576079966927 341 340 646 317.887  
2019_12_11_09_59_27_004 1576079967004 418 417 1554 781.719  
2019_12_11_09_59_27_017 1576079967017 431 430 418 205.247  
2019_12_11_09_59_27_085 1576079967085 499 498 192 95.1131  
2019_12_11_09_59_27_087 1576079967087 501 500 250 123.234  
2019_12_11_09_59_27_158 1576079967158 572 571 1062 527.365  
2019_12_11_09_59_27_221 1576079967221 635 634 198 98.0175  
2019_12_11_09_59_27_227 1576079967227 641 640 186 92.2098  
2019_12_11_09_59_27_260 1576079967260 674 673 969 480.09  
2019_12_11_09_59_27_261 1576079967261 675 674 1258 627.835  
2019_12_11_09_59_27_347 1576079967347 761 760 4009 2157.88  
2019_12_11_09_59_27_411 1576079967411 825 824 342 168.042  
2019_12_11_09_59_27_435 1576079967435 849 848 1055 523.798  
2019_12_11_09_59_27_464 1576079967464 878 876 159 79.1579  
2019_12_11_09_59_27_520 1576079967520 934 932 420 206.229  
2019_12_11_09_59_27_537 1576079967537 951 949 216 106.737  
2019_12_11_09_59_27_554 1576079967554 968 966 337 165.601  
2019_12_11_09_59_27_559 1576079967559 973 971 430 211.137  
2019_12_11_09_59_27_572 1576079967572 986 984 111 56.0079  
2019_12_11_09_59_27_595 1576079967595 1009 1007 566 278.189  
2019_12_11_09_59_27_665 1576079967665 1079 1077 168 83.5062  
2019_12_11_09_59_27_701 1576079967701 1115 1113 611 300.496  
2019_12_11_09_59_27_750 1576079967750 1164 1162 337 165.601  
2019_12_11_09_59_27_770 1576079967770 1184 1182 457 224.406  
2019_12_11_09_59_27_849 1576079967849 1263 1261 121 60.8252  
2019_12_11_09_59_27_892 1576079967892 1306 1304 409 200.833  
2019_12_11_09_59_27_893 1576079967893 1307 1305 177 87.8568  
2019_12_11_09_59_27_897 1576079967897 1311 1309 1343 671.76  
2019_12_11_09_59_27_912 1576079967912 1326 1324 264 130.036  
2019_12_11_09_59_27_917 1576079967917 1331 1329 295 145.12  
2019_12_11_09_59_27_918 1576079967918 1332 1329 180 89.3075  
2019_12_11_09_59_28_021 1576079968021 1435 1432 702 345.788  
2019_12_11_09_59_28_078 1576079968078 1492 1489 454 222.93  
2019_12_11_09_59_28_100 1576079968100 1514 1511 484 237.695  
2019_12_11_09_59_28_141 1576079968141 1555 1552 983 487.191  
2019_12_11_09_59_28_149 1576079968149 1563 1560 267 131.495  
2019_12_11_09_59_28_272 1576079968272 1686 1683 2585 1337.94  
2019_12_11_09_59_28_324 1576079968324 1738 1735 369 181.24  
2019_12_11_09_59_28_335 1576079968335 1749 1746 496 243.609  
2019_12_11_09_59_28_378 1576079968378 1792 1789 350 171.951  
2019_12_11_09_59_28_401 1576079968401 1815 1812 254 125.177  
2019_12_11_09_59_28_444 1576079968444 1858 1855 200 98.9859  
2019_12_11_09_59_28_558 1576079968558 1972 1969 91 46.3822  
2019_12_11_09_59_28_650 1576079968650 2064 2061 238 117.407  
2019_12_11_09_59_28_653 1576079968653 2067 2064 156 77.7091  
2019_12_11_09_59_28_657 1576079968657 2071 2068 138 69.0214  
2019_12_11_09_59_28_677 1576079968677 2091 2088 97 49.2687  
2019_12_11_09_59_28_686 1576079968686 2100 2096 4095 2209.31  
2019_12_11_09_59_28_688 1576079968688 2102 2098 527 258.905  
2019_12_11_09_59_28_725 1576079968725 2139 2135 439 215.558  
2019_12_11_09_59_28_764 1576079968764 2178 2174 1521 764.435  
2019_12_11_09_59_28_816 1576079968816 2230 2226 549 269.778  
2019_12_11_09_59_28_836 1576079968836 2250 2246 320 157.305  
2019_12_11_09_59_28_838 1576079968838 2252 2248 235 115.951  
2019_12_11_09_59_28_863 1576079968863 2277 2273 2409 1240.76  
2019_12_11_09_59_28_866 1576079968866 2280 2276 256 126.148  
2019_12_11_09_59_28_889 1576079968889 2303 2299 584 287.104  
2019_12_11_09_59_28_912 1576079968912 2326 2322 1347 673.832  
2019_12_11_09_59_28_916 1576079968916 2330 2326 290 142.685  
2019_12_11_09_59_28_954 1576079968954 2368 2364 200 98.9859  
2019_12_11_09_59_29_017 1576079969017 2431 2427 278 136.845  
2019_12_11_09_59_29_018 1576079969018 2432 2428 421 206.719  
2019_12_11_09_59_29_030 1576079969030 2444 2440 1578 794.309  
2019_12_11_09_59_29_049 1576079969049 2463 2459 195 96.5652  
2019_12_11_09_59_29_083 1576079969083 2497 2492 265 130.522  
2019_12_11_09_59_29_097 1576079969097 2511 2506 291 143.172  
2019_12_11_09_59_29_098 1576079969098 2512 2507 323 158.768  
2019_12_11_09_59_29_099 1576079969099 2513 2508 1122 558.001  
2019_12_11_09_59_29_112 1576079969112 2526 2521 174 86.4063  
2019_12_11_09_59_29_396 1576079969396 2810 2805 318 156.329  
2019_12_11_09_59_29_397 1576079969397 2811 2806 480 235.725  
2019_12_11_09_59_29_398 1576079969398 2812 2807 160 79.641  
2019_12_11_09_59_29_398 1576079969398 2812 2807 4095 2209.31  
2019_12_11_09_59_29_399 1576079969399 2813 2808 681 335.314  
2019_12_11_09_59_29_399 1576079969399 2813 2808 587 288.591  
2019_12_11_09_59_29_409 1576079969409 2823 2818 216 106.737  
2019_12_11_09_59_29_486 1576079969486 2900 2895 275 135.385  
2019_12_11_09_59_29_494 1576079969494 2908 2903 247 121.777  
2019_12_11_09_59_29_554 1576079969554 2968 2963 799 394.335  
2019_12_11_09_59_29_581 1576079969581 2995 2990 329 161.696  
2019_12_11_09_59_29_621 1576079969621 3035 3030 186 92.2098  
2019_12_11_09_59_29_638 1576079969638 3052 3047 1285 641.764  
2019_12_11_09_59_29_642 1576079969642 3056 3050 468 229.817  
2019_12_11_09_59_29_726 1576079969726 3140 3134 4095 2209.31  
2019_12_11_09_59_29_753 1576079969753 3167 3161 1563 786.438  
2019_12_11_09_59_29_771 1576079969771 3185 3179 957 474.009  
2019_12_11_09_59_29_787 1576079969787 3201 3195 515 252.98  
2019_12_11_09_59_29_794 1576079969794 3208 3202 462 226.865  
2019_12_11_09_59_29_795 1576079969795 3209 3203 401 196.91  
2019_12_11_09_59_29_797 1576079969797 3211 3205 249 122.748  
2019_12_11_09_59_29_876 1576079969876 3290 3284 406 199.361  
2019_12_11_09_59_30_007 1576079970007 3421 3415 78 40.1318  
2019_12_11_09_59_30_046 1576079970046 3460 3454 359 176.35  
2019_12_11_09_59_30_055 1576079970055 3469 3463 424 208.192  
2019_12_11_09_59_30_080 1576079970080 3494 3488 212 104.799  
2019_12_11_09_59_30_091 1576079970091 3505 3499 1534 771.24  
2019_12_11_09_59_30_116 1576079970116 3530 3524 377 185.155  
2019_12_11_09_59_30_122 1576079970122 3536 3530 1375 688.351  
2019_12_11_09_59_30_188 1576079970188 3602 3596 484 237.695  
2019_12_11_09_59_30_224 1576079970224 3638 3631 403 197.891  
2019_12_11_09_59_30_248 1576079970248 3662 3655 1335 667.616  
2019_12_11_09_59_30_289 1576079970289 3703 3696 1130 562.093  
2019_12_11_09_59_30_295 1576079970295 3709 3702 674 331.825  
2019_12_11_09_59_30_336 1576079970336 3750 3743 832 410.915  
2019_12_11_09_59_30_349 1576079970349 3763 3756 646 317.887  
2019_12_11_09_59_30_366 1576079970366 3780 3773 133 66.6099  
2019_12_11_09_59_30_367 1576079970367 3781 3774 863 426.519  
2019_12_11_09_59_30_371 1576079970371 3785 3778 223 110.131  
2019_12_11_09_59_30_397 1576079970397 3811 3804 278 136.845  
2019_12_11_09_59_30_399 1576079970399 3813 3806 234 115.466  
2019_12_11_09_59_30_436 1576079970436 3850 3843 302 148.53  
2019_12_11_09_59_30_441 1576079970441 3855 3848 184 91.2422  
2019_12_11_09_59_30_469 1576079970469 3883 3876 508 249.527  
2019_12_11_09_59_30_477 1576079970477 3891 3884 132 66.1277  
2019_12_11_09_59_30_485 1576079970485 3899 3892 204 100.923  
2019_12_11_09_59_30_487 1576079970487 3901 3894 212 104.799  
2019_12_11_09_59_30_528 1576079970528 3942 3934 826 407.898  
2019_12_11_09_59_30_560 1576079970560 3974 3966 1188 591.823  
2019_12_11_09_59_30_587 1576079970587 4001 3993 732 360.773  
2019_12_11_09_59_30_597 1576079970597 4011 4003 245 120.805  
2019_12_11_09_59_30_611 1576079970611 4025 4017 317 155.841  
2019_12_11_09_59_30_646 1576079970646 4060 4052 1343 671.76  
2019_12_11_09_59_30_673 1576079970673 4087 4079 444 218.014  
2019_12_11_09_59_30_685 1576079970685 4099 4091 400 196.42  
2019_12_11_09_59_30_699 1576079970699 4113 4105 397 194.95  
2019_12_11_09_59_30_704 1576079970704 4118 4110 59 31.0056  
2019_12_11_09_59_30_829 1576079970829 4243 4235 459 225.389  
2019_12_11_09_59_30_830 1576079970830 4244 4236 152 75.7777  
2019_12_11_09_59_30_837 1576079970837 4251 4243 472 231.786  
2019_12_11_09_59_30_838 1576079970838 4252 4244 476 233.755  
2019_12_11_09_59_30_844 1576079970844 4258 4250 459 225.389  
2019_12_11_09_59_30_849 1576079970849 4263 4255 1223 609.811  
2019_12_11_09_59_30_876 1576079970876 4290 4282 255 125.662  
2019_12_11_09_59_30_882 1576079970882 4296 4287 352 172.928  
2019_12_11_09_59_30_886 1576079970886 4300 4291 893 441.647  
2019_12_11_09_59_30_906 1576079970906 4320 4311 155 77.2262  
2019_12_11_09_59_30_935 1576079970935 4349 4340 756 372.78  
2019_12_11_09_59_30_947 1576079970947 4361 4352 339 166.577  
2019_12_11_09_59_30_948 1576079970948 4362 4353 974 482.625  
2019_12_11_09_59_30_975 1576079970975 4389 4380 264 130.036  
2019_12_11_09_59_31_021 1576079971021 4435 4426 234 115.466  
2019_12_11_09_59_31_092 1576079971092 4506 4497 252 124.205  
2019_12_11_09_59_31_125 1576079971125 4539 4530 990 490.743  
2019_12_11_09_59_31_157 1576079971157 4571 4562 149 74.3294  
2019_12_11_09_59_31_158 1576079971158 4572 4563 268 131.981  
2019_12_11_09_59_31_184 1576079971184 4598 4589 844 416.952  
2019_12_11_09_59_31_444 1576079971444 4858 4849 253 124.691  
2019_12_11_09_59_31_445 1576079971445 4859 4850 4095 2209.31  
2019_12_11_09_59_31_446 1576079971446 4860 4851 338 166.089  
2019_12_11_09_59_31_446 1576079971446 4860 4851 300 147.555  
2019_12_11_09_59_31_447 1576079971447 4861 4851 623 306.454  
2019_12_11_09_59_31_447 1576079971447 4861 4851 151 75.2949  
2019_12_11_09_59_31_447 1576079971447 4861 4851 632 310.926  
2019_12_11_09_59_31_448 1576079971448 4862 4852 1024 508.018  
2019_12_11_09_59_31_476 1576079971476 4890 4880 635 312.417  
2019_12_11_09_59_31_488 1576079971488 4902 4892 233 114.981  
2019_12_11_09_59_31_512 1576079971512 4926 4916 292 143.659  
2019_12_11_09_59_31_529 1576079971529 4943 4933 204 100.923  
2019_12_11_09_59_31_532 1576079971532 4946 4936 454 222.93  
2019_12_11_09_59_31_545 1576079971545 4959 4949 203 100.439  
2019_12_11_09_59_31_546 1576079971546 4960 4950 1543 775.954  
2019_12_11_09_59_31_569 1576079971569 4983 4973 998 494.804  
2019_12_11_09_59_31_631 1576079971631 5045 5035 425 208.683  
2019_12_11_09_59_31_644 1576079971644 5058 5048 2695 1399.14  
2019_12_11_09_59_31_654 1576079971654 5068 5058 377 185.155  
2019_12_11_09_59_31_684 1576079971684 5098 5088 296 145.607  
2019_12_11_09_59_31_736 1576079971736 5150 5140 658 323.858  
2019_12_11_09_59_31_787 1576079971787 5201 5191 638 313.908  
2019_12_11_09_59_31_800 1576079971800 5214 5203 194 96.0811  
2019_12_11_09_59_31_816 1576079971816 5230 5219 685 337.308  
2019_12_11_09_59_31_823 1576079971823 5237 5226 222 109.646  
2019_12_11_09_59_31_862 1576079971862 5276 5265 457 224.406  
2019_12_11_09_59_31_867 1576079971867 5281 5270 364 178.795  
2019_12_11_09_59_31_923 1576079971923 5337 5326 1325 662.44  
2019_12_11_09_59_31_950 1576079971950 5364 5353 403 197.891  
2019_12_11_09_59_32_015 1576079972015 5429 5418 528 259.399  
2019_12_11_09_59_32_018 1576079972018 5432 5421 420 206.229  
2019_12_11_09_59_32_049 1576079972049 5463 5452 303 149.017  
2019_12_11_09_59_32_070 1576079972070 5484 5473 228 112.555  
2019_12_11_09_59_32_099 1576079972099 5513 5502 99 50.2311  
2019_12_11_09_59_32_107 1576079972107 5521 5510 500 245.581  
2019_12_11_09_59_32_109 1576079972109 5523 5512 276 135.872  
2019_12_11_09_59_32_110 1576079972110 5524 5513 212 104.799  
2019_12_11_09_59_32_156 1576079972156 5570 5559 590 290.078  
2019_12_11_09_59_32_187 1576079972187 5601 5590 247 121.777  
2019_12_11_09_59_32_238 1576079972238 5652 5640 1293 645.896  
2019_12_11_09_59_32_273 1576079972273 5687 5675 184 91.2422  
2019_12_11_09_59_32_279 1576079972279 5693 5681 290 142.685  
2019_12_11_09_59_32_297 1576079972297 5711 5699 599 294.541  
2019_12_11_09_59_32_316 1576079972316 5730 5718 301 148.042  
2019_12_11_09_59_32_340 1576079972340 5754 5742 736 362.773  
2019_12_11_09_59_32_356 1576079972356 5770 5758 846 417.959  
2019_12_11_09_59_32_370 1576079972370 5784 5772 439 215.558  
2019_12_11_09_59_32_384 1576079972384 5798 5786 392 192.5  
2019_12_11_09_59_32_392 1576079972392 5806 5794 161 80.124  
2019_12_11_09_59_32_411 1576079972411 5825 5813 719 354.276  
2019_12_11_09_59_32_427 1576079972427 5841 5829 409 200.833  
2019_12_11_09_59_32_433 1576079972433 5847 5835 1785 903.611  
2019_12_11_09_59_32_530 1576079972530 5944 5932 149 74.3294  
2019_12_11_09_59_32_540 1576079972540 5954 5942 1517 762.342  
2019_12_11_09_59_32_583 1576079972583 5997 5985 588 289.087  
2019_12_11_09_59_32_595 1576079972595 6009 5997 1314 656.75  
2019_12_11_09_59_32_660 1576079972660 6074 6061 340 167.066  
2019_12_11_09_59_32_669 1576079972669 6083 6070 346 169.996  
2019_12_11_09_59_32_680 1576079972680 6094 6081 1606 809.02  
2019_12_11_09_59_32_697 1576079972697 6111 6098 710 349.781  
2019_12_11_09_59_32_747 1576079972747 6161 6148 723 356.274  
2019_12_11_09_59_32_750 1576079972750 6164 6151 1362 681.607  
2019_12_11_09_59_32_787 1576079972787 6201 6188 481 236.218  
2019_12_11_09_59_32_818 1576079972818 6232 6219 530 260.387  
2019_12_11_09_59_32_853 1576079972853 6267 6254 4095 2209.31  
2019_12_11_09_59_32_866 1576079972866 6280 6267 1067 529.914  
2019_12_11_09_59_32_880 1576079972880 6294 6281 173 85.9229  
2019_12_11_09_59_32_881 1576079972881 6295 6282 290 142.685  
2019_12_11_09_59_32_889 1576079972889 6303 6290 195 96.5652  
2019_12_11_09_59_32_902 1576079972902 6316 6303 1384 693.023  
2019_12_11_09_59_32_903 1576079972903 6317 6304 1331 665.546  
2019_12_11_09_59_32_969 1576079972969 6383 6370 177 87.8568  
2019_12_11_09_59_33_001 1576079973001 6415 6402 367 180.262  
2019_12_11_09_59_33_006 1576079973006 6420 6406 1374 687.832  
2019_12_11_09_59_33_015 1576079973015 6429 6415 439 215.558  
2019_12_11_09_59_33_021 1576079973021 6435 6421 1382 691.985  
2019_12_11_09_59_33_028 1576079973028 6442 6428 426 209.173  
2019_12_11_09_59_33_038 1576079973038 6452 6438 2330 1197.44  
2019_12_11_09_59_33_059 1576079973059 6473 6459 358 175.861  
2019_12_11_09_59_33_062 1576079973062 6476 6462 1774 897.77  
2019_12_11_09_59_33_098 1576079973098 6512 6498 273 134.412  
2019_12_11_09_59_33_102 1576079973102 6516 6502 332 163.16  
2019_12_11_09_59_33_112 1576079973112 6526 6512 1100 546.755  
2019_12_11_09_59_33_118 1576079973118 6532 6518 373 183.197  
2019_12_11_09_59_33_147 1576079973147 6561 6547 259 127.606  
2019_12_11_09_59_33_152 1576079973152 6566 6552 664 326.845  
2019_12_11_09_59_33_161 1576079973161 6575 6561 201 99.4701  
2019_12_11_09_59_33_185 1576079973185 6599 6585 202 99.9544  
2019_12_11_09_59_33_187 1576079973187 6601 6587 631 310.429  
2019_12_11_09_59_33_190 1576079973190 6604 6590 161 80.124  
2019_12_11_09_59_33_195 1576079973195 6609 6594 472 231.786  
2019_12_11_09_59_33_209 1576079973209 6623 6608 96 48.7875  
2019_12_11_09_59_33_219 1576079973219 6633 6618 766 377.788  
2019_12_11_09_59_33_232 1576079973232 6646 6631 865 427.527  
2019_12_11_09_59_33_492 1576079973492 6906 6891 672 330.829  
2019_12_11_09_59_33_493 1576079973493 6907 6892 223 110.131  
2019_12_11_09_59_33_494 1576079973494 6908 6893 198 98.0175  
2019_12_11_09_59_33_494 1576079973494 6908 6893 359 176.35  
2019_12_11_09_59_33_495 1576079973495 6909 6894 1743 881.331  
2019_12_11_09_59_33_495 1576079973495 6909 6894 489 240.159  
2019_12_11_09_59_33_495 1576079973495 6909 6894 1353 676.941  
2019_12_11_09_59_33_495 1576079973495 6909 6894 100 50.7123  
2019_12_11_09_59_33_495 1576079973495 6909 6894 1275 636.603  
2019_12_11_09_59_33_495 1576079973495 6909 6894 785 387.311  
2019_12_11_09_59_33_495 1576079973495 6909 6894 515 252.98  
2019_12_11_09_59_33_495 1576079973495 6909 6894 339 166.577  
2019_12_11_09_59_33_495 1576079973495 6909 6894 692 340.798  
2019_12_11_09_59_33_498 1576079973498 6912 6897 171 84.9561  
2019_12_11_09_59_33_545 1576079973545 6959 6943 164 81.5733  
2019_12_11_09_59_33_552 1576079973552 6966 6950 742 365.774  
2019_12_11_09_59_33_555 1576079973555 6969 6953 181 89.7911  
2019_12_11_09_59_33_559 1576079973559 6973 6957 332 163.16  
2019_12_11_09_59_33_560 1576079973560 6974 6958 166 82.5397  
2019_12_11_09_59_33_563 1576079973563 6977 6961 3340 1765.2  
2019_12_11_09_59_33_586 1576079973586 7000 6984 807 398.352  
2019_12_11_09_59_33_597 1576079973597 7011 6995 1353 676.941  
2019_12_11_09_59_33_599 1576079973599 7013 6997 405 198.871  
2019_12_11_09_59_33_615 1576079973615 7029 7013 876 433.071  
2019_12_11_09_59_33_645 1576079973645 7059 7043 1412 707.573  
2019_12_11_09_59_33_674 1576079973674 7088 7072 235 115.951  
2019_12_11_09_59_33_683 1576079973683 7097 7081 51 27.1662  
2019_12_11_09_59_33_690 1576079973690 7104 7088 992 491.758  
2019_12_11_09_59_33_692 1576079973692 7106 7090 2014 1026  
2019_12_11_09_59_33_700 1576079973700 7114 7098 1363 682.126  
2019_12_11_09_59_33_702 1576079973702 7116 7100 328 161.208  
2019_12_11_09_59_33_711 1576079973711 7125 7108 995 493.281  
2019_12_11_09_59_33_730 1576079973730 7144 7127 685 337.308  
2019_12_11_09_59_33_732 1576079973732 7146 7129 142 70.9512  
2019_12_11_09_59_33_804 1576079973804 7218 7201 297 146.094  
2019_12_11_09_59_33_824 1576079973824 7238 7221 212 104.799  
2019_12_11_09_59_33_829 1576079973829 7243 7226 562 276.209  
2019_12_11_09_59_33_846 1576079973846 7260 7243 1088 540.627  
2019_12_11_09_59_33_880 1576079973880 7294 7277 404 198.381  
2019_12_11_09_59_33_883 1576079973883 7297 7280 681 335.314  
2019_12_11_09_59_33_895 1576079973895 7309 7292 1367 684.2  
2019_12_11_09_59_33_919 1576079973919 7333 7316 512 251.5  
2019_12_11_09_59_33_932 1576079973932 7346 7329 256 126.148  
2019_12_11_09_59_33_943 1576079973943 7357 7340 1399 700.815  
2019_12_11_09_59_33_945 1576079973945 7359 7342 1404 703.413  
2019_12_11_09_59_33_952 1576079973952 7366 7349 408 200.342  
2019_12_11_09_59_33_961 1576079973961 7375 7358 933 461.859  
2019_12_11_09_59_33_974 1576079973974 7388 7371 450 220.964  
2019_12_11_09_59_34_000 1576079974000 7414 7396 238 117.407  
2019_12_11_09_59_34_003 1576079974003 7417 7399 344 169.019  
2019_12_11_09_59_34_066 1576079974066 7480 7462 72 37.2487  
2019_12_11_09_59_34_067 1576079974067 7481 7463 473 232.278  
2019_12_11_09_59_34_090 1576079974090 7504 7486 1331 665.546  
2019_12_11_09_59_34_111 1576079974111 7525 7507 419 205.738  
2019_12_11_09_59_34_137 1576079974137 7551 7533 482 236.71  
2019_12_11_09_59_34_144 1576079974144 7558 7540 1289 643.83  
2019_12_11_09_59_34_147 1576079974147 7561 7543 162 80.6071  
2019_12_11_09_59_34_148 1576079974148 7562 7544 110 55.5264  
2019_12_11_09_59_34_184 1576079974184 7598 7580 267 131.495  
2019_12_11_09_59_34_188 1576079974188 7602 7584 481 236.218  
2019_12_11_09_59_34_207 1576079974207 7621 7603 940 465.401  
2019_12_11_09_59_34_216 1576079974216 7630 7612 409 200.833  
2019_12_11_09_59_34_224 1576079974224 7638 7620 157 78.192  
2019_12_11_09_59_34_236 1576079974236 7650 7632 348 170.973  
2019_12_11_09_59_34_239 1576079974239 7653 7635 269 132.467  
2019_12_11_09_59_34_250 1576079974250 7664 7645 558 274.23  
2019_12_11_09_59_34_267 1576079974267 7681 7662 833 411.418  
2019_12_11_09_59_34_269 1576079974269 7683 7664 132 66.1277  
2019_12_11_09_59_34_287 1576079974287 7701 7682 292 143.659  
2019_12_11_09_59_34_333 1576079974333 7747 7728 796 392.83  
2019_12_11_09_59_34_339 1576079974339 7753 7734 176 87.3733  
2019_12_11_09_59_34_342 1576079974342 7756 7737 368 180.751  
2019_12_11_09_59_34_353 1576079974353 7767 7748 1286 642.281  
2019_12_11_09_59_34_380 1576079974380 7794 7775 1408 705.493  
2019_12_11_09_59_34_383 1576079974383 7797 7778 1331 665.546  
2019_12_11_09_59_34_399 1576079974399 7813 7794 279 137.331  
2019_12_11_09_59_34_400 1576079974400 7814 7795 385 189.072  
2019_12_11_09_59_34_428 1576079974428 7842 7823 1336 668.134  
2019_12_11_09_59_34_431 1576079974431 7845 7826 511 251.007  
2019_12_11_09_59_34_442 1576079974442 7856 7837 759 374.282  
2019_12_11_09_59_34_448 1576079974448 7862 7843 262 129.064  
2019_12_11_09_59_34_449 1576079974449 7863 7844 583 286.609  
2019_12_11_09_59_34_466 1576079974466 7880 7860 352 172.928  
2019_12_11_09_59_34_467 1576079974467 7881 7861 201 99.4701  
2019_12_11_09_59_34_475 1576079974475 7889 7869 191 94.6291  
2019_12_11_09_59_34_511 1576079974511 7925 7905 1384 693.023  
2019_12_11_09_59_34_515 1576079974515 7929 7909 1382 691.985  
2019_12_11_09_59_34_520 1576079974520 7934 7914 95 48.3064  
2019_12_11_09_59_34_521 1576079974521 7935 7915 1354 677.46  
2019_12_11_09_59_34_522 1576079974522 7936 7916 311 152.916  
2019_12_11_09_59_34_525 1576079974525 7939 7919 291 143.172  
2019_12_11_09_59_34_549 1576079974549 7963 7943 1305 652.096  
2019_12_11_09_59_34_566 1576079974566 7980 7960 986 488.713  
2019_12_11_09_59_34_576 1576079974576 7990 7970 234 115.466  
2019_12_11_09_59_34_594 1576079974594 8008 7988 2254 1155.94  
2019_12_11_09_59_34_607 1576079974607 8021 8001 679 334.317  
2019_12_11_09_59_34_614 1576079974614 8028 8008 1149 571.821  
2019_12_11_09_59_34_620 1576079974620 8034 8014 522 256.436  
2019_12_11_09_59_34_624 1576079974624 8038 8018 670 329.833  
2019_12_11_09_59_34_626 1576079974626 8040 8020 415 203.775  
2019_12_11_09_59_34_635 1576079974635 8049 8028 136 68.0567  
2019_12_11_09_59_34_637 1576079974637 8051 8030 198 98.0175  
2019_12_11_09_59_34_640 1576079974640 8054 8033 1494 750.317  
2019_12_11_09_59_34_661 1576079974661 8075 8054 66 34.3667  
2019_12_11_09_59_34_662 1576079974662 8076 8055 246 121.291  
2019_12_11_09_59_34_669 1576079974669 8083 8062 232 114.496  
2019_12_11_09_59_34_671 1576079974671 8085 8064 278 136.845  
2019_12_11_09_59_34_682 1576079974682 8096 8075 291 143.172  
2019_12_11_09_59_34_685 1576079974685 8099 8078 2770 1441.07  
2019_12_11_09_59_34_691 1576079974691 8105 8084 1088 540.627  
2019_12_11_09_59_34_696 1576079974696 8110 8089 647 318.384  
2019_12_11_09_59_34_729 1576079974729 8143 8122 338 166.089  
2019_12_11_09_59_34_741 1576079974741 8155 8134 1344 672.278  
2019_12_11_09_59_34_756 1576079974756 8170 8149 259 127.606  
2019_12_11_09_59_34_773 1576079974773 8187 8166 240 118.378  
2019_12_11_09_59_34_793 1576079974793 8207 8186 388 190.541  
2019_12_11_09_59_34_821 1576079974821 8235 8214 267 131.495  
2019_12_11_09_59_34_835 1576079974835 8249 8227 367 180.262  
2019_12_11_09_59_34_838 1576079974838 8252 8230 570 280.169  
2019_12_11_09_59_34_845 1576079974845 8259 8237 1391 696.658  
2019_12_11_09_59_34_906 1576079974906 8320 8298 981 486.176  
2019_12_11_09_59_34_915 1576079974915 8329 8307 805 397.347  
2019_12_11_09_59_34_941 1576079974941 8355 8333 183 90.7585  
2019_12_11_09_59_34_946 1576079974946 8360 8338 484 237.695  
2019_12_11_09_59_34_958 1576079974958 8372 8350 511 251.007  
2019_12_11_09_59_34_977 1576079974977 8391 8369 411 201.813  
2019_12_11_09_59_34_984 1576079974984 8398 8376 200 98.9859  
2019_12_11_09_59_34_987 1576079974987 8401 8379 273 134.412  
2019_12_11_09_59_35_007 1576079975007 8421 8399 949 469.957  
2019_12_11_09_59_35_038 1576079975038 8452 8430 468 229.817  
2019_12_11_09_59_35_048 1576079975048 8462 8440 532 261.375  
2019_12_11_09_59_35_099 1576079975099 8513 8491 803 396.343  
2019_12_11_09_59_35_113 1576079975113 8527 8505 170 84.4728  
2019_12_11_09_59_35_119 1576079975119 8533 8511 526 258.411  
2019_12_11_09_59_35_128 1576079975128 8542 8519 425 208.683  
2019_12_11_09_59_35_129 1576079975129 8543 8520 269 132.467  
2019_12_11_09_59_35_130 1576079975130 8544 8521 295 145.12  
2019_12_11_09_59_35_147 1576079975147 8561 8538 1302 650.546  
2019_12_11_09_59_35_148 1576079975148 8562 8539 406 199.361  
2019_12_11_09_59_35_155 1576079975155 8569 8546 4095 2209.31  
2019_12_11_09_59_35_186 1576079975186 8600 8577 1741 880.271  
2019_12_11_09_59_35_212 1576079975212 8626 8603 123 61.789  
2019_12_11_09_59_35_223 1576079975223 8637 8614 2277 1168.48  
2019_12_11_09_59_35_229 1576079975229 8643 8620 562 276.209  
2019_12_11_09_59_35_266 1576079975266 8680 8657 488 239.666  
2019_12_11_09_59_35_278 1576079975278 8692 8669 328 161.208  
2019_12_11_09_59_35_540 1576079975540 8954 8931 829 409.406  
2019_12_11_09_59_35_541 1576079975541 8955 8932 318 156.329  
2019_12_11_09_59_35_542 1576079975542 8956 8933 1373 687.313  
2019_12_11_09_59_35_542 1576079975542 8956 8933 1430 716.939  
2019_12_11_09_59_35_542 1576079975542 8956 8933 872 431.055  
2019_12_11_09_59_35_543 1576079975543 8957 8933 550 270.272  
2019_12_11_09_59_35_543 1576079975543 8957 8933 459 225.389  
2019_12_11_09_59_35_543 1576079975543 8957 8933 288 141.711  
2019_12_11_09_59_35_543 1576079975543 8957 8933 380 186.624  
2019_12_11_09_59_35_543 1576079975543 8957 8933 790 389.819  
2019_12_11_09_59_35_543 1576079975543 8957 8933 611 300.496  
2019_12_11_09_59_35_543 1576079975543 8957 8933 330 162.184  
2019_12_11_09_59_35_544 1576079975544 8958 8934 1153 573.871  
2019_12_11_09_59_35_544 1576079975544 8958 8934 938 464.389  
2019_12_11_09_59_35_544 1576079975544 8958 8934 454 222.93  
2019_12_11_09_59_35_554 1576079975554 8968 8944 780 384.804  
2019_12_11_09_59_35_592 1576079975592 9006 8982 202 99.9544  
2019_12_11_09_59_35_593 1576079975593 9007 8983 1346 673.314  
2019_12_11_09_59_35_595 1576079975595 9009 8985 202 99.9544  
2019_12_11_09_59_35_598 1576079975598 9012 8988 456 223.914  
2019_12_11_09_59_35_600 1576079975600 9014 8990 314 154.378  
2019_12_11_09_59_35_617 1576079975617 9031 9007 453 222.439  
2019_12_11_09_59_35_619 1576079975619 9033 9008 165 82.0565  
2019_12_11_09_59_35_632 1576079975632 9046 9021 414 203.285  
2019_12_11_09_59_35_655 1576079975655 9069 9044 1360 680.57  
2019_12_11_09_59_35_682 1576079975682 9096 9071 273 134.412  
2019_12_11_09_59_35_684 1576079975684 9098 9073 531 260.881  
2019_12_11_09_59_35_697 1576079975697 9111 9086 156 77.7091  
2019_12_11_09_59_35_701 1576079975701 9115 9090 268 131.981  
2019_12_11_09_59_35_740 1576079975740 9154 9129 1005 498.36  
2019_12_11_09_59_35_750 1576079975750 9164 9139 296 145.607  
2019_12_11_09_59_35_754 1576079975754 9168 9143 596 293.053  
2019_12_11_09_59_35_765 1576079975765 9179 9154 377 185.155  
2019_12_11_09_59_35_779 1576079975779 9193 9168 457 224.406  
2019_12_11_09_59_35_807 1576079975807 9221 9196 432 212.119  
2019_12_11_09_59_35_821 1576079975821 9235 9210 486 238.681  
2019_12_11_09_59_35_831 1576079975831 9245 9220 273 134.412  
2019_12_11_09_59_35_862 1576079975862 9276 9251 225 111.1  
2019_12_11_09_59_35_921 1576079975921 9335 9310 381 187.113  
2019_12_11_09_59_35_934 1576079975934 9348 9323 1199 597.472  
2019_12_11_09_59_35_949 1576079975949 9363 9337 468 229.817  
2019_12_11_09_59_35_958 1576079975958 9372 9346 157 78.192  
2019_12_11_09_59_35_970 1576079975970 9384 9358 125 62.753  
2019_12_11_09_59_36_023 1576079976023 9437 9411 420 206.229  
2019_12_11_09_59_36_061 1576079976061 9475 9449 504 247.553  
2019_12_11_09_59_36_102 1576079976102 9516 9490 227 112.07  
2019_12_11_09_59_36_232 1576079976232 9646 9620 1280 639.183  
2019_12_11_09_59_36_265 1576079976265 9679 9653 229 113.041  
2019_12_11_09_59_36_268 1576079976268 9682 9656 858 424.001  
2019_12_11_09_59_36_270 1576079976270 9684 9658 361 177.328  
2019_12_11_09_59_36_279 1576079976279 9693 9667 309 151.941  
2019_12_11_09_59_36_334 1576079976334 9748 9722 104 52.6376  
2019_12_11_09_59_36_363 1576079976363 9777 9751 243 119.834  
2019_12_11_09_59_36_367 1576079976367 9781 9755 1365 683.163  
2019_12_11_09_59_36_380 1576079976380 9794 9768 192 95.1131  
2019_12_11_09_59_36_402 1576079976402 9816 9790 247 121.777  
2019_12_11_09_59_36_467 1576079976467 9881 9855 732 360.773  
2019_12_11_09_59_36_497 1576079976497 9911 9884 373 183.197  
2019_12_11_09_59_36_529 1576079976529 9943 9916 103 52.1562  
2019_12_11_09_59_36_530 1576079976530 9944 9917 721 355.275  
2019_12_11_09_59_36_532 1576079976532 9946 9919 154 76.7433  
2019_12_11_09_59_36_551 1576079976551 9965 9938 311 152.916  
2019_12_11_09_59_36_579 1576079976579 9993 9966 1330 665.028  
2019_12_11_09_59_36_606 1576079976606 10020 9993 566 278.189  
2019_12_11_09_59_36_622 1576079976622 10036 10009 286 140.738  
2019_12_11_09_59_36_633 1576079976633 10047 10020 195 96.5652  
2019_12_11_09_59_36_673 1576079976673 10087 10060 778 383.801  
2019_12_11_09_59_36_693 1576079976693 10107 10080 442 217.032  
2019_12_11_09_59_36_710 1576079976710 10124 10097 1349 674.868  
2019_12_11_09_59_36_714 1576079976714 10128 10101 332 163.16  
2019_12_11_09_59_36_756 1576079976756 10170 10143 1345 672.796  
2019_12_11_09_59_36_925 1576079976925 10339 10312 75 38.6901  
2019_12_11_09_59_36_956 1576079976956 10370 10343 379 186.134  
2019_12_11_09_59_36_972 1576079976972 10386 10359 817 403.375  
2019_12_11_09_59_36_990 1576079976990 10404 10376 134 67.0921  
2019_12_11_09_59_36_994 1576079976994 10408 10380 249 122.748  
2019_12_11_09_59_37_009 1576079977009 10423 10395 127 63.717  
2019_12_11_09_59_37_010 1576079977010 10424 10396 200 98.9859  
2019_12_11_09_59_37_076 1576079977076 10490 10462 198 98.0175  
2019_12_11_09_59_37_116 1576079977116 10530 10502 235 115.951  
2019_12_11_09_59_37_147 1576079977147 10561 10533 191 94.6291  
2019_12_11_09_59_37_282 1576079977282 10696 10668 299 147.068  
2019_12_11_09_59_37_321 1576079977321 10735 10707 246 121.291  
2019_12_11_09_59_37_330 1576079977330 10744 10716 200 98.9859  
2019_12_11_09_59_37_588 1576079977588 11002 10974 433 212.611  
2019_12_11_09_59_37_589 1576079977589 11003 10975 161 80.124  
2019_12_11_09_59_37_590 1576079977590 11004 10976 296 145.607  
2019_12_11_09_59_37_590 1576079977590 11004 10976 296 145.607  
2019_12_11_09_59_37_590 1576079977590 11004 10976 579 284.627  
2019_12_11_09_59_37_591 1576079977591 11005 10977 741 365.273  
2019_12_11_09_59_37_591 1576079977591 11005 10977 572 281.16  
2019_12_11_09_59_37_591 1576079977591 11005 10976 1348 674.35  
2019_12_11_09_59_37_591 1576079977591 11005 10976 266 131.008  
2019_12_11_09_59_37_591 1576079977591 11005 10976 355 174.394  
2019_12_11_09_59_37_591 1576079977591 11005 10976 4095 2209.31  
2019_12_11_09_59_37_591 1576079977591 11005 10976 997 494.297  
2019_12_11_09_59_37_591 1576079977591 11005 10976 224 110.616  
2019_12_11_09_59_37_591 1576079977591 11005 10976 167 83.0229  
2019_12_11_09_59_37_592 1576079977592 11006 10977 868 429.039  
2019_12_11_09_59_37_626 1576079977626 11040 11011 163 81.0902  
2019_12_11_09_59_37_666 1576079977666 11080 11051 1162 578.483  
2019_12_11_09_59_37_673 1576079977673 11087 11058 264 130.036  
2019_12_11_09_59_37_725 1576079977725 11139 11110 389 191.031  
2019_12_11_09_59_37_769 1576079977769 11183 11154 1160 577.458  
2019_12_11_09_59_37_780 1576079977780 11194 11165 609 299.503  
2019_12_11_09_59_37_792 1576079977792 11206 11177 2884 1505.13  
2019_12_11_09_59_37_831 1576079977831 11245 11216 321 157.792  
2019_12_11_09_59_37_876 1576079977876 11290 11261 525 257.917  
2019_12_11_09_59_37_879 1576079977879 11293 11263 3245 1710.51  
2019_12_11_09_59_37_985 1576079977985 11399 11369 188 93.1774  
2019_12_11_09_59_38_009 1576079978009 11423 11393 295 145.12  
2019_12_11_09_59_38_024 1576079978024 11438 11408 258 127.12  
2019_12_11_09_59_38_028 1576079978028 11442 11412 323 158.768  
2019_12_11_09_59_38_036 1576079978036 11450 11420 182 90.2748  
2019_12_11_09_59_38_045 1576079978045 11459 11429 267 131.495  
2019_12_11_09_59_38_084 1576079978084 11498 11468 658 323.858  
2019_12_11_09_59_38_151 1576079978151 11565 11535 197 97.5334  
2019_12_11_09_59_38_197 1576079978197 11611 11581 174 86.4063  
2019_12_11_09_59_38_214 1576079978214 11628 11598 374 183.687  
2019_12_11_09_59_38_218 1576079978218 11632 11602 172 85.4395  
2019_12_11_09_59_38_268 1576079978268 11682 11652 207 102.376  
2019_12_11_09_59_38_271 1576079978271 11685 11655 508 249.527  
2019_12_11_09_59_38_291 1576079978291 11705 11675 556 273.24  
2019_12_11_09_59_38_368 1576079978368 11782 11752 370 181.73  
2019_12_11_09_59_38_447 1576079978447 11861 11831 168 83.5062  
2019_12_11_09_59_38_452 1576079978452 11866 11836 1064 528.384  
2019_12_11_09_59_38_475 1576079978475 11889 11858 226 111.585  
2019_12_11_09_59_38_498 1576079978498 11912 11881 424 208.192  
2019_12_11_09_59_38_499 1576079978499 11913 11882 218 107.707  
2019_12_11_09_59_38_500 1576079978500 11914 11883 462 226.865  
2019_12_11_09_59_38_506 1576079978506 11920 11889 84 43.016  
2019_12_11_09_59_38_524 1576079978524 11938 11907 505 248.047  
2019_12_11_09_59_38_571 1576079978571 11985 11954 172 85.4395  
2019_12_11_09_59_38_586 1576079978586 12000 11969 285 140.251  
2019_12_11_09_59_38_599 1576079978599 12013 11982 141 70.4687  
2019_12_11_09_59_38_605 1576079978605 12019 11988 702 345.788  
2019_12_11_09_59_38_623 1576079978623 12037 12006 1247 622.166  
2019_12_11_09_59_38_631 1576079978631 12045 12014 177 87.8568  
2019_12_11_09_59_38_636 1576079978636 12050 12019 633 311.423  
2019_12_11_09_59_38_689 1576079978689 12103 12072 395 193.97  
2019_12_11_09_59_38_696 1576079978696 12110 12079 651 320.374  
2019_12_11_09_59_38_732 1576079978732 12146 12115 392 192.5  
2019_12_11_09_59_38_735 1576079978735 12149 12118 1310 654.681  
2019_12_11_09_59_38_737 1576079978737 12151 12119 400 196.42  
2019_12_11_09_59_38_739 1576079978739 12153 12121 380 186.624  
2019_12_11_09_59_38_836 1576079978836 12250 12218 363 178.306  
2019_12_11_09_59_38_892 1576079978892 12306 12274 411 201.813  
2019_12_11_09_59_38_893 1576079978893 12307 12275 231 114.011  
2019_12_11_09_59_38_913 1576079978913 12327 12295 985 488.205  
2019_12_11_09_59_38_921 1576079978921 12335 12303 274 134.899  
2019_12_11_09_59_38_969 1576079978969 12383 12351 207 102.376  
2019_12_11_09_59_38_975 1576079978975 12389 12357 4095 2209.31  
2019_12_11_09_59_39_007 1576079979007 12421 12389 756 372.78  
2019_12_11_09_59_39_009 1576079979009 12423 12391 286 140.738  
2019_12_11_09_59_39_032 1576079979032 12446 12414 239 117.893  
2019_12_11_09_59_39_088 1576079979088 12502 12470 702 345.788  
2019_12_11_09_59_39_154 1576079979154 12568 12536 996 493.789  
2019_12_11_09_59_39_181 1576079979181 12595 12563 1709 863.333  
2019_12_11_09_59_39_192 1576079979192 12606 12574 289 142.198  
2019_12_11_09_59_39_197 1576079979197 12611 12579 466 228.833  
2019_12_11_09_59_39_271 1576079979271 12685 12652 108 54.5633  
2019_12_11_09_59_39_636 1576079979636 13050 13017 331 162.672  
2019_12_11_09_59_39_637 1576079979637 13051 13018 543 266.811  
2019_12_11_09_59_39_638 1576079979638 13052 13019 299 147.068  
2019_12_11_09_59_39_638 1576079979638 13052 13019 263 129.55  
2019_12_11_09_59_39_638 1576079979638 13052 13019 190 94.1452  
2019_12_11_09_59_39_639 1576079979639 13053 13020 393 192.99  
2019_12_11_09_59_39_639 1576079979639 13053 13020 653 321.369  
2019_12_11_09_59_39_639 1576079979639 13053 13020 76 39.1707  
2019_12_11_09_59_39_639 1576079979639 13053 13020 4095 2209.31  
2019_12_11_09_59_39_639 1576079979639 13053 13020 314 154.378  
2019_12_11_09_59_39_639 1576079979639 13053 13020 293 144.146  
2019_12_11_09_59_39_639 1576079979639 13053 13020 601 295.533  
2019_12_11_09_59_39_672 1576079979672 13086 13053 496 243.609  
2019_12_11_09_59_39_681 1576079979681 13095 13062 477 234.248  
2019_12_11_09_59_39_682 1576079979682 13096 13063 450 220.964  
2019_12_11_09_59_39_716 1576079979716 13130 13097 204 100.923  
2019_12_11_09_59_39_719 1576079979719 13133 13099 248 122.262  
2019_12_11_09_59_39_745 1576079979745 13159 13125 867 428.535  
2019_12_11_09_59_39_773 1576079979773 13187 13153 157 78.192  
2019_12_11_09_59_39_800 1576079979800 13214 13180 563 276.704  
2019_12_11_09_59_39_832 1576079979832 13246 13212 196 97.0493  
2019_12_11_09_59_39_841 1576079979841 13255 13221 187 92.6936  
2019_12_11_09_59_39_849 1576079979849 13263 13229 386 189.561  
2019_12_11_09_59_39_867 1576079979867 13281 13247 145 72.3988  
2019_12_11_09_59_39_910 1576079979910 13324 13290 737 363.273  
2019_12_11_09_59_39_953 1576079979953 13367 13333 313 153.891  
2019_12_11_09_59_39_971 1576079979971 13385 13351 144 71.9162  
2019_12_11_09_59_40_055 1576079980055 13469 13435 260 128.092  
2019_12_11_09_59_40_066 1576079980066 13480 13446 129 64.6812  
2019_12_11_09_59_40_070 1576079980070 13484 13450 153 76.2605  
2019_12_11_09_59_40_144 1576079980144 13558 13524 223 110.131  
2019_12_11_09_59_40_186 1576079980186 13600 13566 92 46.8632  
2019_12_11_09_59_40_229 1576079980229 13643 13609 718 353.776  
2019_12_11_09_59_40_290 1576079980290 13704 13669 398 195.44  
2019_12_11_09_59_40_408 1576079980408 13822 13787 181 89.7911  
2019_12_11_09_59_40_463 1576079980463 13877 13842 322 158.28  
2019_12_11_09_59_40_498 1576079980498 13912 13877 2839 1479.8  
2019_12_11_09_59_40_573 1576079980573 13987 13952 215 106.252  
2019_12_11_09_59_40_580 1576079980580 13994 13959 278 136.845  
2019_12_11_09_59_40_608 1576079980608 14022 13987 1022 507  
2019_12_11_09_59_40_610 1576079980610 14024 13989 294 144.633  
2019_12_11_09_59_40_616 1576079980616 14030 13995 867 428.535  
2019_12_11_09_59_40_634 1576079980634 14048 14013 384 188.582  
2019_12_11_09_59_40_681 1576079980681 14095 14060 168 83.5062  
2019_12_11_09_59_40_703 1576079980703 14117 14082 1351 675.905  
2019_12_11_09_59_40_731 1576079980731 14145 14110 132 66.1277  
2019_12_11_09_59_40_740 1576079980740 14154 14119 166 82.5397  
2019_12_11_09_59_40_762 1576079980762 14176 14141 124 62.271  
2019_12_11_09_59_40_784 1576079980784 14198 14163 211 104.314  
2019_12_11_09_59_40_802 1576079980802 14216 14181 172 85.4395  
2019_12_11_09_59_40_823 1576079980823 14237 14202 109 55.0448  
2019_12_11_09_59_40_830 1576079980830 14244 14208 261 128.578  
2019_12_11_09_59_40_849 1576079980849 14263 14227 234 115.466  
2019_12_11_09_59_40_852 1576079980852 14266 14230 363 178.306  
2019_12_11_09_59_40_922 1576079980922 14336 14300 512 251.5  
2019_12_11_09_59_40_923 1576079980923 14337 14301 720 354.775  
2019_12_11_09_59_40_924 1576079980924 14338 14302 191 94.6291  
2019_12_11_09_59_40_993 1576079980993 14407 14371 1329 664.51  
2019_12_11_09_59_40_995 1576079980995 14409 14373 98 49.7499  
2019_12_11_09_59_41_082 1576079981082 14496 14460 351 172.439  
2019_12_11_09_59_41_091 1576079981091 14505 14469 234 115.466  
2019_12_11_09_59_41_121 1576079981121 14535 14499 243 119.834  
2019_12_11_09_59_41_122 1576079981122 14536 14500 331 162.672  
2019_12_11_09_59_41_153 1576079981153 14567 14531 371 182.219  
2019_12_11_09_59_41_159 1576079981159 14573 14537 81 41.5738  
2019_12_11_09_59_41_189 1576079981189 14603 14567 626 307.944  
2019_12_11_09_59_41_237 1576079981237 14651 14615 799 394.335  
2019_12_11_09_59_41_264 1576079981264 14678 14642 153 76.2605  
2019_12_11_09_59_41_284 1576079981284 14698 14661 227 112.07  
2019_12_11_09_59_41_298 1576079981298 14712 14675 222 109.646  
2019_12_11_09_59_41_303 1576079981303 14717 14680 237 116.922  
2019_12_11_09_59_41_323 1576079981323 14737 14700 127 63.717  
2019_12_11_09_59_41_327 1576079981327 14741 14704 575 282.645  
2019_12_11_09_59_41_387 1576079981387 14801 14764 1171 583.099  
2019_12_11_09_59_41_405 1576079981405 14819 14782 304 149.504  
2019_12_11_09_59_41_684 1576079981684 15098 15061 465 228.341  
2019_12_11_09_59_41_685 1576079981685 15099 15062 256 126.148  
2019_12_11_09_59_41_686 1576079981686 15100 15063 2790 1452.28  
2019_12_11_09_59_41_686 1576079981686 15100 15063 232 114.496  
2019_12_11_09_59_41_687 1576079981687 15101 15064 143 71.4337  
2019_12_11_09_59_41_687 1576079981687 15101 15064 190 94.1452  
2019_12_11_09_59_41_687 1576079981687 15101 15064 436 214.084  
2019_12_11_09_59_41_690 1576079981690 15104 15067 322 158.28  
2019_12_11_09_59_41_742 1576079981742 15156 15119 304 149.504  
2019_12_11_09_59_41_787 1576079981787 15201 15164 226 111.585  
2019_12_11_09_59_41_849 1576079981849 15263 15225 361 177.328  
2019_12_11_09_59_41_860 1576079981860 15274 15236 130 65.1633  
2019_12_11_09_59_41_865 1576079981865 15279 15241 667 328.339  
2019_12_11_09_59_41_889 1576079981889 15303 15265 612 300.992  
2019_12_11_09_59_41_910 1576079981910 15324 15286 338 166.089  
2019_12_11_09_59_41_984 1576079981984 15398 15360 425 208.683  
2019_12_11_09_59_42_015 1576079982015 15429 15391 217 107.222  
2019_12_11_09_59_42_094 1576079982094 15508 15470 559 274.724  
2019_12_11_09_59_42_115 1576079982115 15529 15491 168 83.5062  
2019_12_11_09_59_42_135 1576079982135 15549 15511 334 164.136  
2019_12_11_09_59_42_143 1576079982143 15557 15519 350 171.951  
2019_12_11_09_59_42_145 1576079982145 15559 15521 152 75.7777  
2019_12_11_09_59_42_162 1576079982162 15576 15538 778 383.801  
2019_12_11_09_59_42_208 1576079982208 15622 15584 1036 514.123  
2019_12_11_09_59_42_212 1576079982212 15626 15588 210 103.829  
2019_12_11_09_59_42_234 1576079982234 15648 15610 547 268.789  
2019_12_11_09_59_42_251 1576079982251 15665 15627 564 277.199  
2019_12_11_09_59_42_262 1576079982262 15676 15637 250 123.234  
2019_12_11_09_59_42_289 1576079982289 15703 15664 192 95.1131  
2019_12_11_09_59_42_373 1576079982373 15787 15748 200 98.9859  
2019_12_11_09_59_42_421 1576079982421 15835 15796 404 198.381  
2019_12_11_09_59_42_472 1576079982472 15886 15847 883 436.602  
2019_12_11_09_59_42_477 1576079982477 15891 15852 142 70.9512  
2019_12_11_09_59_42_485 1576079982485 15899 15860 172 85.4395  
2019_12_11_09_59_42_504 1576079982504 15918 15879 233 114.981  
2019_12_11_09_59_42_526 1576079982526 15940 15901 1347 673.832  
2019_12_11_09_59_42_566 1576079982566 15980 15941 1421 712.255  
2019_12_11_09_59_42_576 1576079982576 15990 15951 505 248.047  
2019_12_11_09_59_42_600 1576079982600 16014 15975 358 175.861  
2019_12_11_09_59_42_665 1576079982665 16079 16040 442 217.032  
2019_12_11_09_59_42_677 1576079982677 16091 16052 279 137.331  
2019_12_11_09_59_42_691 1576079982691 16105 16066 328 161.208  
2019_12_11_09_59_42_714 1576079982714 16128 16089 364 178.795  
2019_12_11_09_59_42_725 1576079982725 16139 16100 381 187.113  
2019_12_11_09_59_42_736 1576079982736 16150 16110 243 119.834  
2019_12_11_09_59_42_827 1576079982827 16241 16201 1359 680.052  
2019_12_11_09_59_42_835 1576079982835 16249 16209 148 73.8467  
2019_12_11_09_59_42_843 1576079982843 16257 16217 462 226.865  
2019_12_11_09_59_42_846 1576079982846 16260 16220 504 247.553  
2019_12_11_09_59_42_866 1576079982866 16280 16240 478 234.74  
2019_12_11_09_59_42_920 1576079982920 16334 16294 488 239.666  
2019_12_11_09_59_43_008 1576079983008 16422 16382 199 98.5017  
2019_12_11_09_59_43_035 1576079983035 16449 16409 2129 1088.05  
2019_12_11_09_59_43_036 1576079983036 16450 16410 145 72.3988  
2019_12_11_09_59_43_046 1576079983046 16460 16420 159 79.1579  
2019_12_11_09_59_43_120 1576079983120 16534 16494 232 114.496  
2019_12_11_09_59_43_139 1576079983139 16553 16513 88 44.9393  
2019_12_11_09_59_43_178 1576079983178 16592 16552 927 458.824  
2019_12_11_09_59_43_202 1576079983202 16616 16576 511 251.007  
2019_12_11_09_59_43_203 1576079983203 16617 16577 83 42.5352  
2019_12_11_09_59_43_229 1576079983229 16643 16603 1322 660.888  
2019_12_11_09_59_43_284 1576079983284 16698 16658 621 305.461  
2019_12_11_09_59_43_306 1576079983306 16720 16679 97 49.2687  
2019_12_11_09_59_43_350 1576079983350 16764 16723 460 225.881  
2019_12_11_09_59_43_354 1576079983354 16768 16727 161 80.124  
2019_12_11_09_59_43_356 1576079983356 16770 16729 1335 667.616  
2019_12_11_09_59_43_415 1576079983415 16829 16788 445 218.506  
2019_12_11_09_59_43_446 1576079983446 16860 16819 1136 565.164  
2019_12_11_09_59_43_457 1576079983457 16871 16830 156 77.7091  
2019_12_11_09_59_43_732 1576079983732 17146 17105 71 36.7683  
2019_12_11_09_59_43_733 1576079983733 17147 17106 202 99.9544  
2019_12_11_09_59_43_734 1576079983734 17148 17107 2583 1336.83  
2019_12_11_09_59_43_734 1576079983734 17148 17107 382 187.603  
2019_12_11_09_59_43_734 1576079983734 17148 17107 1661 837.983  
2019_12_11_09_59_43_735 1576079983735 17149 17108 229 113.041  
2019_12_11_09_59_43_735 1576079983735 17149 17108 130 65.1633  
2019_12_11_09_59_43_735 1576079983735 17149 17108 884 437.106  
2019_12_11_09_59_43_735 1576079983735 17149 17108 533 261.869  
2019_12_11_09_59_43_741 1576079983741 17155 17114 406 199.361  
2019_12_11_09_59_43_776 1576079983776 17190 17148 544 267.305  
2019_12_11_09_59_43_790 1576079983790 17204 17162 568 279.179  
2019_12_11_09_59_43_824 1576079983824 17238 17196 162 80.6071  
2019_12_11_09_59_43_853 1576079983853 17267 17225 70 36.2879  
2019_12_11_09_59_43_887 1576079983887 17301 17259 170 84.4728  
2019_12_11_09_59_43_954 1576079983954 17368 17326 531 260.881  
2019_12_11_09_59_43_977 1576079983977 17391 17349 122 61.3071  
2019_12_11_09_59_43_996 1576079983996 17410 17368 739 364.273  
2019_12_11_09_59_44_055 1576079984055 17469 17427 173 85.9229  
2019_12_11_09_59_44_075 1576079984075 17489 17447 87 44.4585  
2019_12_11_09_59_44_097 1576079984097 17511 17469 2367 1217.71  
2019_12_11_09_59_44_109 1576079984109 17523 17481 232 114.496  
2019_12_11_09_59_44_119 1576079984119 17533 17491 103 52.1562  
2019_12_11_09_59_44_125 1576079984125 17539 17497 151 75.2949  
2019_12_11_09_59_44_170 1576079984170 17584 17542 65 33.8864  
2019_12_11_09_59_44_190 1576079984190 17604 17562 315 154.866  
2019_12_11_09_59_44_199 1576079984199 17613 17571 269 132.467  
2019_12_11_09_59_44_206 1576079984206 17620 17577 468 229.817  
2019_12_11_09_59_44_220 1576079984220 17634 17591 696 342.794  
2019_12_11_09_59_44_237 1576079984237 17651 17608 423 207.701  
2019_12_11_09_59_44_255 1576079984255 17669 17626 106 53.6004  
2019_12_11_09_59_44_256 1576079984256 17670 17627 350 171.951  
2019_12_11_09_59_44_266 1576079984266 17680 17637 415 203.775  
2019_12_11_09_59_44_270 1576079984270 17684 17641 597 293.549  
2019_12_11_09_59_44_273 1576079984273 17687 17644 618 303.971  
2019_12_11_09_59_44_280 1576079984280 17694 17651 246 121.291  
2019_12_11_09_59_44_346 1576079984346 17760 17717 1085 539.096  
2019_12_11_09_59_44_361 1576079984361 17775 17732 367 180.262  
2019_12_11_09_59_44_386 1576079984386 17800 17757 157 78.192  
2019_12_11_09_59_44_397 1576079984397 17811 17768 327 160.72  
2019_12_11_09_59_44_415 1576079984415 17829 17786 702 345.788  
2019_12_11_09_59_44_428 1576079984428 17842 17799 268 131.981  
2019_12_11_09_59_44_431 1576079984431 17845 17802 759 374.282  
2019_12_11_09_59_44_440 1576079984440 17854 17811 485 238.188  
2019_12_11_09_59_44_464 1576079984464 17878 17834 151 75.2949  
2019_12_11_09_59_44_474 1576079984474 17888 17844 743 366.274  
2019_12_11_09_59_44_487 1576079984487 17901 17857 532 261.375  
2019_12_11_09_59_44_537 1576079984537 17951 17907 159 79.1579  
2019_12_11_09_59_44_549 1576079984549 17963 17919 396 194.46  
2019_12_11_09_59_44_562 1576079984562 17976 17932 2099 1071.83  
2019_12_11_09_59_44_575 1576079984575 17989 17945 408 200.342  
2019_12_11_09_59_44_628 1576079984628 18042 17998 89 45.4203  
2019_12_11_09_59_44_633 1576079984633 18047 18003 667 328.339  
2019_12_11_09_59_44_651 1576079984651 18065 18021 61 31.9658  
2019_12_11_09_59_44_666 1576079984666 18080 18036 162 80.6071  
2019_12_11_09_59_44_690 1576079984690 18104 18060 170 84.4728  
2019_12_11_09_59_44_726 1576079984726 18140 18096 930 460.342  
2019_12_11_09_59_44_727 1576079984727 18141 18097 435 213.593  
2019_12_11_09_59_44_733 1576079984733 18147 18103 254 125.177  
2019_12_11_09_59_44_760 1576079984760 18174 18130 201 99.4701  
2019_12_11_09_59_44_794 1576079984794 18208 18164 1378 689.908  
2019_12_11_09_59_44_806 1576079984806 18220 18175 269 132.467  
2019_12_11_09_59_44_829 1576079984829 18243 18198 1355 677.978  
2019_12_11_09_59_44_855 1576079984855 18269 18224 164 81.5733  
2019_12_11_09_59_44_866 1576079984866 18280 18235 508 249.527  
2019_12_11_09_59_44_900 1576079984900 18314 18269 316 155.354  
2019_12_11_09_59_44_924 1576079984924 18338 18293 155 77.2262  
2019_12_11_09_59_44_933 1576079984933 18347 18302 394 193.48  
2019_12_11_09_59_44_958 1576079984958 18372 18327 874 432.063  
2019_12_11_09_59_45_018 1576079985018 18432 18387 127 63.717  
2019_12_11_09_59_45_039 1576079985039 18453 18408 580 285.122  
2019_12_11_09_59_45_058 1576079985058 18472 18427 1382 691.985  
2019_12_11_09_59_45_065 1576079985065 18479 18434 180 89.3075  
2019_12_11_09_59_45_068 1576079985068 18482 18437 1411 707.053  
2019_12_11_09_59_45_098 1576079985098 18512 18467 361 177.328  
2019_12_11_09_59_45_223 1576079985223 18637 18592 375 184.176  
2019_12_11_09_59_45_225 1576079985225 18639 18594 243 119.834  
2019_12_11_09_59_45_291 1576079985291 18705 18660 129 64.6812  
2019_12_11_09_59_45_326 1576079985326 18740 18695 176 87.3733  
2019_12_11_09_59_45_353 1576079985353 18767 18721 1083 538.075  
2019_12_11_09_59_45_367 1576079985367 18781 18735 131 65.6455  
2019_12_11_09_59_45_385 1576079985385 18799 18753 218 107.707  
2019_12_11_09_59_45_414 1576079985414 18828 18782 1341 670.724  
2019_12_11_09_59_45_419 1576079985419 18833 18787 216 106.737  
2019_12_11_09_59_45_465 1576079985465 18879 18833 888 439.124  
2019_12_11_09_59_45_491 1576079985491 18905 18859 158 78.675  
2019_12_11_09_59_45_780 1576079985780 19194 19148 400 196.42  
2019_12_11_09_59_45_781 1576079985781 19195 19149 243 119.834  
2019_12_11_09_59_45_782 1576079985782 19196 19150 483 237.203  
2019_12_11_09_59_45_782 1576079985782 19196 19150 218 107.707  
2019_12_11_09_59_45_782 1576079985782 19196 19150 619 304.467  
2019_12_11_09_59_45_783 1576079985783 19197 19151 194 96.0811  
2019_12_11_09_59_45_783 1576079985783 19197 19151 208 102.861  
2019_12_11_09_59_45_783 1576079985783 19197 19151 352 172.928  
2019_12_11_09_59_45_783 1576079985783 19197 19151 263 129.55  
2019_12_11_09_59_45_783 1576079985783 19197 19151 1320 659.853  
2019_12_11_09_59_45_820 1576079985820 19234 19187 447 219.489  
2019_12_11_09_59_45_849 1576079985849 19263 19216 616 302.978  
2019_12_11_09_59_45_853 1576079985853 19267 19220 130 65.1633  
2019_12_11_09_59_45_865 1576079985865 19279 19232 785 387.311  
2019_12_11_09_59_45_891 1576079985891 19305 19258 351 172.439  
2019_12_11_09_59_45_922 1576079985922 19336 19289 863 426.519  
2019_12_11_09_59_45_928 1576079985928 19342 19295 93 47.3442  
2019_12_11_09_59_45_966 1576079985966 19380 19333 1264 630.929  
2019_12_11_09_59_45_972 1576079985972 19386 19339 153 76.2605  
2019_12_11_09_59_45_976 1576079985976 19390 19343 408 200.342  
2019_12_11_09_59_45_977 1576079985977 19391 19344 90 45.9012  
2019_12_11_09_59_45_995 1576079985995 19409 19362 817 403.375  
2019_12_11_09_59_46_114 1576079986114 19528 19481 2170 1110.27  
2019_12_11_09_59_46_125 1576079986125 19539 19492 261 128.578  
2019_12_11_09_59_46_163 1576079986163 19577 19530 1504 755.543  
2019_12_11_09_59_46_173 1576079986173 19587 19540 1272 635.055  
2019_12_11_09_59_46_180 1576079986180 19594 19547 393 192.99  
2019_12_11_09_59_46_185 1576079986185 19599 19551 698 343.792  
2019_12_11_09_59_46_189 1576079986189 19603 19555 424 208.192  
2019_12_11_09_59_46_190 1576079986190 19604 19556 526 258.411  
2019_12_11_09_59_46_195 1576079986195 19609 19561 1113 553.398  
2019_12_11_09_59_46_212 1576079986212 19626 19578 330 162.184  
2019_12_11_09_59_46_258 1576079986258 19672 19624 984 487.698  
2019_12_11_09_59_46_272 1576079986272 19686 19638 171 84.9561  
2019_12_11_09_59_46_282 1576079986282 19696 19648 492 241.637  
2019_12_11_09_59_46_320 1576079986320 19734 19686 298 146.581  
2019_12_11_09_59_46_335 1576079986335 19749 19701 176 87.3733  
2019_12_11_09_59_46_336 1576079986336 19750 19702 237 116.922  
2019_12_11_09_59_46_338 1576079986338 19752 19704 103 52.1562  
2019_12_11_09_59_46_369 1576079986369 19783 19735 1365 683.163  
2019_12_11_09_59_46_380 1576079986380 19794 19746 365 179.284  
2019_12_11_09_59_46_387 1576079986387 19801 19753 672 330.829  
2019_12_11_09_59_46_393 1576079986393 19807 19759 357 175.372  
2019_12_11_09_59_46_424 1576079986424 19838 19790 500 245.581  
2019_12_11_09_59_46_425 1576079986425 19839 19790 265 130.522  
2019_12_11_09_59_46_439 1576079986439 19853 19804 880 435.088  
2019_12_11_09_59_46_446 1576079986446 19860 19811 179 88.8239  
2019_12_11_09_59_46_482 1576079986482 19896 19847 235 115.951  
2019_12_11_09_59_46_517 1576079986517 19931 19882 774 381.796  
2019_12_11_09_59_46_556 1576079986556 19970 19921 352 172.928  
2019_12_11_09_59_46_573 1576079986573 19987 19938 147 73.3641  
2019_12_11_09_59_46_576 1576079986576 19990 19941 299 147.068  
2019_12_11_09_59_46_580 1576079986580 19994 19945 348 170.973  
2019_12_11_09_59_46_611 1576079986611 20025 19976 468 229.817  
2019_12_11_09_59_46_652 1576079986652 20066 20017 108 54.5633  
2019_12_11_09_59_46_694 1576079986694 20108 20059 429 210.646  
2019_12_11_09_59_46_709 1576079986709 20123 20074 1378 689.908  
2019_12_11_09_59_46_737 1576079986737 20151 20102 315 154.866  
2019_12_11_09_59_46_754 1576079986754 20168 20119 1467 736.221  
2019_12_11_09_59_46_783 1576079986783 20197 20148 166 82.5397  
2019_12_11_09_59_46_802 1576079986802 20216 20167 1417 710.174  
2019_12_11_09_59_46_816 1576079986816 20230 20180 349 171.462  
2019_12_11_09_59_46_865 1576079986865 20279 20229 810 399.858  
2019_12_11_09_59_46_874 1576079986874 20288 20238 287 141.224  
2019_12_11_09_59_46_890 1576079986890 20304 20254 436 214.084  
2019_12_11_09_59_46_920 1576079986920 20334 20284 710 349.781  
2019_12_11_09_59_46_925 1576079986925 20339 20289 331 162.672  
2019_12_11_09_59_46_943 1576079986943 20357 20307 502 246.567  
2019_12_11_09_59_46_945 1576079986945 20359 20309 315 154.866  
2019_12_11_09_59_46_960 1576079986960 20374 20324 1379 690.427  
2019_12_11_09_59_46_985 1576079986985 20399 20349 672 330.829  
2019_12_11_09_59_46_988 1576079986988 20402 20352 1338 669.17  
2019_12_11_09_59_47_005 1576079987005 20419 20369 712 350.78  
2019_12_11_09_59_47_045 1576079987045 20459 20409 836 412.927  
2019_12_11_09_59_47_066 1576079987066 20480 20430 1291 644.863  
2019_12_11_09_59_47_067 1576079987067 20481 20431 235 115.951  
2019_12_11_09_59_47_080 1576079987080 20494 20444 369 181.24  
2019_12_11_09_59_47_108 1576079987108 20522 20472 573 281.655  
2019_12_11_09_59_47_141 1576079987141 20555 20505 1369 685.238  
2019_12_11_09_59_47_143 1576079987143 20557 20506 848 418.965  
2019_12_11_09_59_47_145 1576079987145 20559 20508 193 95.5971  
2019_12_11_09_59_47_159 1576079987159 20573 20522 554 272.251  
2019_12_11_09_59_47_167 1576079987167 20581 20530 103 52.1562  
2019_12_11_09_59_47_169 1576079987169 20583 20532 357 175.372  
2019_12_11_09_59_47_185 1576079987185 20599 20548 270 132.953  
2019_12_11_09_59_47_238 1576079987238 20652 20601 753 371.278  
2019_12_11_09_59_47_251 1576079987251 20665 20614 121 60.8252  
2019_12_11_09_59_47_253 1576079987253 20667 20616 286 140.738  
2019_12_11_09_59_47_258 1576079987258 20672 20621 592 291.07  
2019_12_11_09_59_47_262 1576079987262 20676 20625 186 92.2098  
2019_12_11_09_59_47_268 1576079987268 20682 20631 649 319.379  
2019_12_11_09_59_47_279 1576079987279 20693 20642 249 122.748  
2019_12_11_09_59_47_292 1576079987292 20706 20655 435 213.593  
2019_12_11_09_59_47_300 1576079987300 20714 20663 461 226.373  
2019_12_11_09_59_47_301 1576079987301 20715 20664 899 444.676  
2019_12_11_09_59_47_331 1576079987331 20745 20694 343 168.531  
2019_12_11_09_59_47_333 1576079987333 20747 20695 469 230.309  
2019_12_11_09_59_47_334 1576079987334 20748 20696 157 78.192  
2019_12_11_09_59_47_336 1576079987336 20750 20698 155 77.2262  
2019_12_11_09_59_47_343 1576079987343 20757 20705 884 437.106  
2019_12_11_09_59_47_359 1576079987359 20773 20721 927 458.824  
2019_12_11_09_59_47_387 1576079987387 20801 20749 263 129.55  
2019_12_11_09_59_47_394 1576079987394 20808 20756 1669 842.204  
2019_12_11_09_59_47_413 1576079987413 20827 20775 1502 754.498  
2019_12_11_09_59_47_414 1576079987414 20828 20776 213 105.283  
2019_12_11_09_59_47_420 1576079987420 20834 20782 247 121.777  
2019_12_11_09_59_47_430 1576079987430 20844 20792 1462 733.613  
2019_12_11_09_59_47_444 1576079987444 20858 20806 309 151.941  
2019_12_11_09_59_47_494 1576079987494 20908 20856 542 266.317  
2019_12_11_09_59_47_495 1576079987495 20909 20857 525 257.917  
2019_12_11_09_59_47_556 1576079987556 20970 20918 471 231.294  
2019_12_11_09_59_47_561 1576079987561 20975 20923 231 114.011  
2019_12_11_09_59_47_570 1576079987570 20984 20932 1408 705.493  
2019_12_11_09_59_47_571 1576079987571 20985 20932 458 224.897  
2019_12_11_09_59_47_828 1576079987828 21242 21189 491 241.144  
2019_12_11_09_59_47_829 1576079987829 21243 21190 1335 667.616  
2019_12_11_09_59_47_830 1576079987830 21244 21191 306 150.479  
2019_12_11_09_59_47_830 1576079987830 21244 21191 1145 569.772  
2019_12_11_09_59_47_830 1576079987830 21244 21191 287 141.224  
2019_12_11_09_59_47_831 1576079987831 21245 21192 226 111.585  
2019_12_11_09_59_47_831 1576079987831 21245 21192 119 59.8615  
2019_12_11_09_59_47_831 1576079987831 21245 21192 339 166.577  
2019_12_11_09_59_47_831 1576079987831 21245 21192 1185 590.282  
2019_12_11_09_59_47_831 1576079987831 21245 21192 183 90.7585  
2019_12_11_09_59_47_831 1576079987831 21245 21192 1271 634.539  
2019_12_11_09_59_47_831 1576079987831 21245 21192 124 62.271  
2019_12_11_09_59_47_831 1576079987831 21245 21192 313 153.891  
2019_12_11_09_59_47_831 1576079987831 21245 21192 1048 520.232  
2019_12_11_09_59_47_832 1576079987832 21246 21193 198 98.0175  
2019_12_11_09_59_47_832 1576079987832 21246 21193 1322 660.888  
2019_12_11_09_59_47_832 1576079987832 21246 21192 419 205.738  
2019_12_11_09_59_47_832 1576079987832 21246 21192 284 139.764  
2019_12_11_09_59_47_832 1576079987832 21246 21192 1003 497.344  
2019_12_11_09_59_47_832 1576079987832 21246 21192 175 86.8898  
2019_12_11_09_59_47_838 1576079987838 21252 21198 511 251.007  
2019_12_11_09_59_47_839 1576079987839 21253 21199 1360 680.57  
2019_12_11_09_59_47_851 1576079987851 21265 21211 249 122.748  
2019_12_11_09_59_47_852 1576079987852 21266 21212 737 363.273  
2019_12_11_09_59_47_855 1576079987855 21269 21215 632 310.926  
2019_12_11_09_59_47_856 1576079987856 21270 21216 1327 663.475  
2019_12_11_09_59_47_875 1576079987875 21289 21235 63 32.926  
2019_12_11_09_59_47_882 1576079987882 21296 21242 559 274.724  
2019_12_11_09_59_47_887 1576079987887 21301 21247 652 320.872  
2019_12_11_09_59_47_891 1576079987891 21305 21251 444 218.014  
2019_12_11_09_59_47_894 1576079987894 21308 21254 383 188.092  
2019_12_11_09_59_47_915 1576079987915 21329 21275 1038 515.141  
2019_12_11_09_59_47_933 1576079987933 21347 21293 651 320.374  
2019_12_11_09_59_47_937 1576079987937 21351 21296 123 61.789  
2019_12_11_09_59_47_945 1576079987945 21359 21304 948 469.451  
2019_12_11_09_59_47_948 1576079987948 21362 21307 858 424.001  
2019_12_11_09_59_47_959 1576079987959 21373 21318 399 195.93  
2019_12_11_09_59_47_969 1576079987969 21383 21328 149 74.3294  
2019_12_11_09_59_47_972 1576079987972 21386 21331 238 117.407  
2019_12_11_09_59_47_976 1576079987976 21390 21335 1127 560.558  
2019_12_11_09_59_47_983 1576079987983 21397 21342 194 96.0811  
2019_12_11_09_59_47_984 1576079987984 21398 21343 174 86.4063  
2019_12_11_09_59_47_987 1576079987987 21401 21346 452 221.947  
2019_12_11_09_59_47_989 1576079987989 21403 21348 923 456.802  
2019_12_11_09_59_47_998 1576079987998 21412 21357 695 342.295  
2019_12_11_09_59_48_013 1576079988013 21427 21372 172 85.4395  
2019_12_11_09_59_48_020 1576079988020 21434 21379 87 44.4585  
2019_12_11_09_59_48_021 1576079988021 21435 21380 1345 672.796  
2019_12_11_09_59_48_027 1576079988027 21441 21386 838 413.933  
2019_12_11_09_59_48_044 1576079988044 21458 21403 1287 642.797  
2019_12_11_09_59_48_054 1576079988054 21468 21413 193 95.5971  
2019_12_11_09_59_48_062 1576079988062 21476 21420 1359 680.052  
2019_12_11_09_59_48_063 1576079988063 21477 21421 513 251.993  
2019_12_11_09_59_48_067 1576079988067 21481 21425 177 87.8568  
2019_12_11_09_59_48_077 1576079988077 21491 21435 714 351.778  
2019_12_11_09_59_48_082 1576079988082 21496 21440 1355 677.978  
2019_12_11_09_59_48_090 1576079988090 21504 21448 320 157.305  
2019_12_11_09_59_48_112 1576079988112 21526 21470 433 212.611  
2019_12_11_09_59_48_118 1576079988118 21532 21476 1170 582.586  
2019_12_11_09_59_48_122 1576079988122 21536 21480 1376 688.87  
2019_12_11_09_59_48_123 1576079988123 21537 21481 536 263.351  
2019_12_11_09_59_48_134 1576079988134 21548 21492 1374 687.832  
2019_12_11_09_59_48_137 1576079988137 21551 21495 432 212.119  
2019_12_11_09_59_48_139 1576079988139 21553 21497 1304 651.579  
2019_12_11_09_59_48_154 1576079988154 21568 21512 205 101.407  
2019_12_11_09_59_48_157 1576079988157 21571 21515 658 323.858  
2019_12_11_09_59_48_164 1576079988164 21578 21522 490 240.651  
2019_12_11_09_59_48_189 1576079988189 21603 21547 355 174.394  
2019_12_11_09_59_48_191 1576079988191 21605 21548 377 185.155  
2019_12_11_09_59_48_195 1576079988195 21609 21552 549 269.778  
2019_12_11_09_59_48_197 1576079988197 21611 21554 493 242.13  
2019_12_11_09_59_48_199 1576079988199 21613 21556 632 310.926  
2019_12_11_09_59_48_202 1576079988202 21616 21559 414 203.285  
2019_12_11_09_59_48_206 1576079988206 21620 21563 191 94.6291  
2019_12_11_09_59_48_220 1576079988220 21634 21577 526 258.411  
2019_12_11_09_59_48_223 1576079988223 21637 21580 800 394.837  
2019_12_11_09_59_48_231 1576079988231 21645 21588 296 145.607  
2019_12_11_09_59_48_243 1576079988243 21657 21600 460 225.881  
2019_12_11_09_59_48_251 1576079988251 21665 21608 334 164.136  
2019_12_11_09_59_48_260 1576079988260 21674 21617 1367 684.2  
2019_12_11_09_59_48_264 1576079988264 21678 21621 1281 639.7  
2019_12_11_09_59_48_267 1576079988267 21681 21624 154 76.7433  
2019_12_11_09_59_48_269 1576079988269 21683 21626 215 106.252  
2019_12_11_09_59_48_270 1576079988270 21684 21627 896 443.161  
2019_12_11_09_59_48_292 1576079988292 21706 21649 208 102.861  
2019_12_11_09_59_48_295 1576079988295 21709 21651 423 207.701  
2019_12_11_09_59_48_318 1576079988318 21732 21674 160 79.641  
2019_12_11_09_59_48_331 1576079988331 21745 21687 297 146.094  
2019_12_11_09_59_48_332 1576079988332 21746 21688 119 59.8615  
2019_12_11_09_59_48_336 1576079988336 21750 21692 576 283.141  
2019_12_11_09_59_48_345 1576079988345 21759 21701 147 73.3641  
2019_12_11_09_59_48_351 1576079988351 21765 21707 897 443.666  
2019_12_11_09_59_48_376 1576079988376 21790 21732 1365 683.163  
2019_12_11_09_59_48_404 1576079988404 21818 21760 626 307.944  
2019_12_11_09_59_48_407 1576079988407 21821 21763 1388 695.1  
2019_12_11_09_59_48_408 1576079988408 21822 21764 502 246.567  
2019_12_11_09_59_48_418 1576079988418 21832 21774 239 117.893  
2019_12_11_09_59_48_422 1576079988422 21836 21778 90 45.9012  
2019_12_11_09_59_48_434 1576079988434 21848 21790 776 382.799  
2019_12_11_09_59_48_435 1576079988435 21849 21791 1013 502.425  
2019_12_11_09_59_48_439 1576079988439 21853 21795 91 46.3822  
2019_12_11_09_59_48_447 1576079988447 21861 21803 1405 703.933  
2019_12_11_09_59_48_448 1576079988448 21862 21803 728 358.773  
2019_12_11_09_59_48_456 1576079988456 21870 21811 134 67.0921  
2019_12_11_09_59_48_481 1576079988481 21895 21836 291 143.172  
2019_12_11_09_59_48_496 1576079988496 21910 21851 328 161.208  
2019_12_11_09_59_48_497 1576079988497 21911 21852 324 159.256  
2019_12_11_09_59_48_498 1576079988498 21912 21853 1288 643.313  
2019_12_11_09_59_48_504 1576079988504 21918 21859 279 137.331  
2019_12_11_09_59_48_508 1576079988508 21922 21863 246 121.291  
2019_12_11_09_59_48_511 1576079988511 21925 21866 130 65.1633  
2019_12_11_09_59_48_513 1576079988513 21927 21868 1063 527.875  
2019_12_11_09_59_48_518 1576079988518 21932 21873 902 446.191  
2019_12_11_09_59_48_519 1576079988519 21933 21874 79 40.6124  
2019_12_11_09_59_48_520 1576079988520 21934 21875 205 101.407  
2019_12_11_09_59_48_528 1576079988528 21942 21883 287 141.224  
2019_12_11_09_59_48_529 1576079988529 21943 21884 1409 706.013  
2019_12_11_09_59_48_543 1576079988543 21957 21898 455 223.422  
2019_12_11_09_59_48_544 1576079988544 21958 21899 1381 691.465  
2019_12_11_09_59_48_548 1576079988548 21962 21902 137 68.5391  
2019_12_11_09_59_48_556 1576079988556 21970 21910 1382 691.985  
2019_12_11_09_59_48_564 1576079988564 21978 21918 206 101.892  
2019_12_11_09_59_48_565 1576079988565 21979 21919 1300 649.512  
2019_12_11_09_59_48_577 1576079988577 21991 21931 226 111.585  
2019_12_11_09_59_48_586 1576079988586 22000 21940 1375 688.351  
2019_12_11_09_59_48_593 1576079988593 22007 21947 467 229.325  
2019_12_11_09_59_48_597 1576079988597 22011 21951 387 190.051  
2019_12_11_09_59_48_600 1576079988600 22014 21954 349 171.462  
2019_12_11_09_59_48_603 1576079988603 22017 21957 148 73.8467  
2019_12_11_09_59_48_611 1576079988611 22025 21965 718 353.776  
2019_12_11_09_59_48_614 1576079988614 22028 21968 992 491.758  
2019_12_11_09_59_48_616 1576079988616 22030 21970 415 203.775  
2019_12_11_09_59_48_641 1576079988641 22055 21995 723 356.274  
2019_12_11_09_59_48_665 1576079988665 22079 22019 260 128.092  
2019_12_11_09_59_48_671 1576079988671 22085 22025 959 475.022  
2019_12_11_09_59_48_700 1576079988700 22114 22054 1306 652.613  
2019_12_11_09_59_48_706 1576079988706 22120 22060 437 214.575  
2019_12_11_09_59_48_712 1576079988712 22126 22065 796 392.83  
2019_12_11_09_59_48_745 1576079988745 22159 22098 611 300.496  
2019_12_11_09_59_48_767 1576079988767 22181 22120 232 114.496  
2019_12_11_09_59_48_775 1576079988775 22189 22128 889 439.629  
2019_12_11_09_59_48_785 1576079988785 22199 22138 557 273.735  
2019_12_11_09_59_48_807 1576079988807 22221 22160 252 124.205  
2019_12_11_09_59_48_815 1576079988815 22229 22168 1306 652.613  
2019_12_11_09_59_48_819 1576079988819 22233 22172 330 162.184  
2019_12_11_09_59_48_833 1576079988833 22247 22186 1263 630.413  
2019_12_11_09_59_48_852 1576079988852 22266 22205 186 92.2098  
2019_12_11_09_59_48_860 1576079988860 22274 22213 393 192.99  
2019_12_11_09_59_48_862 1576079988862 22276 22215 1348 674.35  
2019_12_11_09_59_48_874 1576079988874 22288 22227 344 169.019  
2019_12_11_09_59_48_877 1576079988877 22291 22230 511 251.007  
2019_12_11_09_59_48_886 1576079988886 22300 22239 1342 671.242  
2019_12_11_09_59_48_893 1576079988893 22307 22246 199 98.5017  
2019_12_11_09_59_48_896 1576079988896 22310 22249 234 115.466  
2019_12_11_09_59_48_904 1576079988904 22318 22256 1353 676.941  
2019_12_11_09_59_48_912 1576079988912 22326 22264 254 125.177  
2019_12_11_09_59_48_918 1576079988918 22332 22270 729 359.273  
2019_12_11_09_59_48_925 1576079988925 22339 22277 2242 1149.4  
2019_12_11_09_59_48_952 1576079988952 22366 22304 477 234.248  
2019_12_11_09_59_48_954 1576079988954 22368 22306 243 119.834  
2019_12_11_09_59_48_961 1576079988961 22375 22313 122 61.3071  
2019_12_11_09_59_48_962 1576079988962 22376 22314 680 334.815  
2019_12_11_09_59_48_971 1576079988971 22385 22323 468 229.817  
2019_12_11_09_59_48_978 1576079988978 22392 22330 146 72.8814  
2019_12_11_09_59_49_003 1576079989003 22417 22355 516 253.474  
2019_12_11_09_59_49_018 1576079989018 22432 22370 740 364.773  
2019_12_11_09_59_49_020 1576079989020 22434 22372 1318 658.818  
2019_12_11_09_59_49_059 1576079989059 22473 22411 954 472.489  
2019_12_11_09_59_49_074 1576079989074 22488 22426 228 112.555  
2019_12_11_09_59_49_080 1576079989080 22494 22432 245 120.805  
2019_12_11_09_59_49_091 1576079989091 22505 22443 432 212.119  
2019_12_11_09_59_49_104 1576079989104 22518 22455 423 207.701  
2019_12_11_09_59_49_107 1576079989107 22521 22458 180 89.3075  
2019_12_11_09_59_49_110 1576079989110 22524 22461 800 394.837  
2019_12_11_09_59_49_126 1576079989126 22540 22477 730 359.773  
2019_12_11_09_59_49_132 1576079989132 22546 22483 1394 698.217  
2019_12_11_09_59_49_148 1576079989148 22562 22499 691 340.3  
2019_12_11_09_59_49_153 1576079989153 22567 22504 552 271.261  
2019_12_11_09_59_49_190 1576079989190 22604 22541 1375 688.351  
2019_12_11_09_59_49_212 1576079989212 22626 22563 276 135.872  
2019_12_11_09_59_49_216 1576079989216 22630 22567 1311 655.198  
2019_12_11_09_59_49_235 1576079989235 22649 22586 431 211.628  
2019_12_11_09_59_49_236 1576079989236 22650 22587 758 373.781  
2019_12_11_09_59_49_237 1576079989237 22651 22588 1297 647.962  
2019_12_11_09_59_49_263 1576079989263 22677 22614 1400 701.334  
2019_12_11_09_59_49_272 1576079989272 22686 22623 1335 667.616  
2019_12_11_09_59_49_307 1576079989307 22721 22658 154 76.7433  
2019_12_11_09_59_49_341 1576079989341 22755 22692 370 181.73  
2019_12_11_09_59_49_352 1576079989352 22766 22702 740 364.773  
2019_12_11_09_59_49_359 1576079989359 22773 22709 578 284.132  
2019_12_11_09_59_49_368 1576079989368 22782 22718 620 304.964  
2019_12_11_09_59_49_372 1576079989372 22786 22722 564 277.199  
2019_12_11_09_59_49_373 1576079989373 22787 22723 504 247.553  
2019_12_11_09_59_49_381 1576079989381 22795 22731 64 33.4062  
2019_12_11_09_59_49_394 1576079989394 22808 22744 430 211.137  
2019_12_11_09_59_49_402 1576079989402 22816 22752 225 111.1  
2019_12_11_09_59_49_440 1576079989440 22854 22790 280 137.818  
2019_12_11_09_59_49_447 1576079989447 22861 22797 457 224.406  
2019_12_11_09_59_49_448 1576079989448 22862 22798 236 116.437  
2019_12_11_09_59_49_458 1576079989458 22872 22808 292 143.659  
2019_12_11_09_59_49_492 1576079989492 22906 22842 1303 651.063  
2019_12_11_09_59_49_495 1576079989495 22909 22845 507 249.033  
2019_12_11_09_59_49_535 1576079989535 22949 22885 303 149.017  
2019_12_11_09_59_49_537 1576079989537 22951 22887 788 388.816  
2019_12_11_09_59_49_539 1576079989539 22953 22889 195 96.5652  
2019_12_11_09_59_49_540 1576079989540 22954 22889 231 114.011  
2019_12_11_09_59_49_572 1576079989572 22986 22921 158 78.675  
2019_12_11_09_59_49_575 1576079989575 22989 22924 376 184.666  
2019_12_11_09_59_49_577 1576079989577 22991 22926 883 436.602  
2019_12_11_09_59_49_589 1576079989589 23003 22938 882 436.097  
2019_12_11_09_59_49_592 1576079989592 23006 22941 1527 767.575  
2019_12_11_09_59_49_593 1576079989593 23007 22942 445 218.506  
2019_12_11_09_59_49_605 1576079989605 23019 22954 470 230.802  
2019_12_11_09_59_49_615 1576079989615 23029 22964 1380 690.946  
2019_12_11_09_59_49_876 1576079989876 23290 23225 989 490.235  
2019_12_11_09_59_49_877 1576079989877 23291 23226 1381 691.465  
2019_12_11_09_59_49_878 1576079989878 23292 23227 125 62.753  
2019_12_11_09_59_49_878 1576079989878 23292 23227 403 197.891  
2019_12_11_09_59_49_878 1576079989878 23292 23227 163 81.0902  
2019_12_11_09_59_49_879 1576079989879 23293 23228 756 372.78  
2019_12_11_09_59_49_879 1576079989879 23293 23228 1396 699.256  
2019_12_11_09_59_49_879 1576079989879 23293 23228 265 130.522  
2019_12_11_09_59_49_879 1576079989879 23293 23228 364 178.795  
2019_12_11_09_59_49_879 1576079989879 23293 23227 742 365.774  
2019_12_11_09_59_49_879 1576079989879 23293 23227 266 131.008  
2019_12_11_09_59_49_879 1576079989879 23293 23227 657 323.36  
2019_12_11_09_59_49_879 1576079989879 23293 23227 277 136.358  
2019_12_11_09_59_49_879 1576079989879 23293 23227 710 349.781  
2019_12_11_09_59_49_880 1576079989880 23294 23228 1115 554.421  
2019_12_11_09_59_49_880 1576079989880 23294 23228 362 177.817  
2019_12_11_09_59_49_880 1576079989880 23294 23228 342 168.042  
2019_12_11_09_59_49_880 1576079989880 23294 23228 259 127.606  
2019_12_11_09_59_49_880 1576079989880 23294 23228 1328 663.993  
2019_12_11_09_59_49_880 1576079989880 23294 23228 102 51.6749  
2019_12_11_09_59_49_880 1576079989880 23294 23228 308 151.453  
2019_12_11_09_59_49_880 1576079989880 23294 23228 3539 1880.62  
2019_12_11_09_59_49_881 1576079989881 23295 23229 530 260.387  
2019_12_11_09_59_49_881 1576079989881 23295 23229 391 192.01  
2019_12_11_09_59_49_889 1576079989889 23303 23237 460 225.881  
2019_12_11_09_59_49_906 1576079989906 23320 23254 221 109.161  
2019_12_11_09_59_49_907 1576079989907 23321 23254 1340 670.206  
2019_12_11_09_59_49_914 1576079989914 23328 23261 180 89.3075  
2019_12_11_09_59_49_916 1576079989916 23330 23263 650 319.876  
2019_12_11_09_59_49_943 1576079989943 23357 23290 1360 680.57  
2019_12_11_09_59_49_972 1576079989972 23386 23319 555 272.745  
2019_12_11_09_59_49_979 1576079989979 23393 23326 434 213.102  
2019_12_11_09_59_49_990 1576079989990 23404 23337 139 69.5038  
2019_12_11_09_59_50_023 1576079990023 23437 23370 176 87.3733  
2019_12_11_09_59_50_040 1576079990040 23454 23387 176 87.3733  
2019_12_11_09_59_50_042 1576079990042 23456 23389 1287 642.797  
2019_12_11_09_59_50_044 1576079990044 23458 23391 619 304.467  
2019_12_11_09_59_50_048 1576079990048 23462 23395 998 494.804  
2019_12_11_09_59_50_051 1576079990051 23465 23398 82 42.0545  
2019_12_11_09_59_50_052 1576079990052 23466 23399 503 247.06  
2019_12_11_09_59_50_066 1576079990066 23480 23413 1010 500.9  
2019_12_11_09_59_50_072 1576079990072 23486 23419 255 125.662  
2019_12_11_09_59_50_087 1576079990087 23501 23434 225 111.1  
2019_12_11_09_59_50_106 1576079990106 23520 23452 204 100.923  
2019_12_11_09_59_50_143 1576079990143 23557 23489 419 205.738  
2019_12_11_09_59_50_145 1576079990145 23559 23491 394 193.48  
2019_12_11_09_59_50_151 1576079990151 23565 23497 421 206.719  
2019_12_11_09_59_50_165 1576079990165 23579 23511 274 134.899  
2019_12_11_09_59_50_209 1576079990209 23623 23555 132 66.1277  
2019_12_11_09_59_50_225 1576079990225 23639 23571 329 161.696  
2019_12_11_09_59_50_236 1576079990236 23650 23582 632 310.926  
2019_12_11_09_59_50_250 1576079990250 23664 23596 604 297.022  
2019_12_11_09_59_50_278 1576079990278 23692 23624 1007 499.376  
2019_12_11_09_59_50_279 1576079990279 23693 23625 709 349.282  
2019_12_11_09_59_50_282 1576079990282 23696 23628 157 78.192  
2019_12_11_09_59_50_303 1576079990303 23717 23649 524 257.423  
2019_12_11_09_59_50_370 1576079990370 23784 23716 440 216.049  
2019_12_11_09_59_50_371 1576079990371 23785 23717 1382 691.985  
2019_12_11_09_59_50_381 1576079990381 23795 23727 149 74.3294  
2019_12_11_09_59_50_412 1576079990412 23826 23758 117 58.898  
2019_12_11_09_59_50_429 1576079990429 23843 23774 915 452.758  
2019_12_11_09_59_50_434 1576079990434 23848 23779 1098 545.734  
2019_12_11_09_59_50_455 1576079990455 23869 23800 246 121.291  
2019_12_11_09_59_50_477 1576079990477 23891 23822 276 135.872  
2019_12_11_09_59_50_480 1576079990480 23894 23825 688 338.804  
2019_12_11_09_59_50_510 1576079990510 23924 23855 244 120.32  
2019_12_11_09_59_50_528 1576079990528 23942 23873 648 318.881  
2019_12_11_09_59_50_529 1576079990529 23943 23874 495 243.116  
2019_12_11_09_59_50_543 1576079990543 23957 23888 507 249.033  
2019_12_11_09_59_50_544 1576079990544 23958 23889 134 67.0921  
2019_12_11_09_59_50_575 1576079990575 23989 23920 434 213.102  
2019_12_11_09_59_50_599 1576079990599 24013 23944 316 155.354  
2019_12_11_09_59_50_608 1576079990608 24022 23953 102 51.6749  
2019_12_11_09_59_50_623 1576079990623 24037 23968 1290 644.346  
2019_12_11_09_59_50_627 1576079990627 24041 23972 1377 689.389  
2019_12_11_09_59_50_631 1576079990631 24045 23976 4095 2209.31  
2019_12_11_09_59_50_632 1576079990632 24046 23977 3429 1816.68  
2019_12_11_09_59_50_660 1576079990660 24074 24004 180 89.3075  
2019_12_11_09_59_50_685 1576079990685 24099 24029 1354 677.46  
2019_12_11_09_59_50_732 1576079990732 24146 24076 308 151.453  
2019_12_11_09_59_50_766 1576079990766 24180 24110 187 92.6936  
2019_12_11_09_59_50_789 1576079990789 24203 24133 1037 514.632  
2019_12_11_09_59_50_800 1576079990800 24214 24144 3214 1692.72  
2019_12_11_09_59_50_812 1576079990812 24226 24156 541 265.822  
2019_12_11_09_59_50_813 1576079990813 24227 24157 1269 633.507  
2019_12_11_09_59_50_873 1576079990873 24287 24217 207 102.376  
2019_12_11_09_59_50_905 1576079990905 24319 24249 349 171.462  
2019_12_11_09_59_50_921 1576079990921 24335 24265 677 333.32  
2019_12_11_09_59_50_936 1576079990936 24350 24280 368 180.751  
2019_12_11_09_59_50_938 1576079990938 24352 24282 193 95.5971  
2019_12_11_09_59_50_962 1576079990962 24376 24306 1353 676.941  
2019_12_11_09_59_50_987 1576079990987 24401 24331 1383 692.504  
2019_12_11_09_59_51_044 1576079991044 24458 24388 955 472.996  
2019_12_11_09_59_51_050 1576079991050 24464 24394 515 252.98  
2019_12_11_09_59_51_084 1576079991084 24498 24428 231 114.011  
2019_12_11_09_59_51_105 1576079991105 24519 24448 1964 999.148  
2019_12_11_09_59_51_131 1576079991131 24545 24474 344 169.019  
2019_12_11_09_59_51_197 1576079991197 24611 24540 190 94.1452  
2019_12_11_09_59_51_201 1576079991201 24615 24544 214 105.768  
2019_12_11_09_59_51_210 1576079991210 24624 24553 512 251.5  
2019_12_11_09_59_51_232 1576079991232 24646 24575 419 205.738  
2019_12_11_09_59_51_249 1576079991249 24663 24592 541 265.822  
2019_12_11_09_59_51_257 1576079991257 24671 24600 362 177.817  
2019_12_11_09_59_51_264 1576079991264 24678 24607 299 147.068  
2019_12_11_09_59_51_285 1576079991285 24699 24628 434 213.102  
2019_12_11_09_59_51_286 1576079991286 24700 24629 294 144.633  
2019_12_11_09_59_51_296 1576079991296 24710 24639 172 85.4395  
2019_12_11_09_59_51_304 1576079991304 24718 24647 230 113.526  
2019_12_11_09_59_51_320 1576079991320 24734 24663 259 127.606  
2019_12_11_09_59_51_426 1576079991426 24840 24769 260 128.092  
2019_12_11_09_59_51_482 1576079991482 24896 24825 619 304.467  
2019_12_11_09_59_51_483 1576079991483 24897 24826 176 87.3733  
2019_12_11_09_59_51_528 1576079991528 24942 24870 153 76.2605  
2019_12_11_09_59_51_538 1576079991538 24952 24880 1071 531.954  
2019_12_11_09_59_51_553 1576079991553 24967 24895 168 83.5062  
2019_12_11_09_59_51_555 1576079991555 24969 24897 512 251.5  
2019_12_11_09_59_51_579 1576079991579 24993 24921 142 70.9512  
2019_12_11_09_59_51_597 1576079991597 25011 24939 771 380.293  
2019_12_11_09_59_51_600 1576079991600 25014 24942 393 192.99  
2019_12_11_09_59_51_616 1576079991616 25030 24958 306 150.479  
2019_12_11_09_59_51_924 1576079991924 25338 25266 154 76.7433  
2019_12_11_09_59_51_925 1576079991925 25339 25267 243 119.834  
2019_12_11_09_59_51_926 1576079991926 25340 25268 620 304.964  
2019_12_11_09_59_51_926 1576079991926 25340 25268 174 86.4063  
2019_12_11_09_59_51_926 1576079991926 25340 25268 822 405.888  
2019_12_11_09_59_51_927 1576079991927 25341 25269 432 212.119  
2019_12_11_09_59_51_927 1576079991927 25341 25269 952 471.476  
2019_12_11_09_59_51_927 1576079991927 25341 25269 713 351.279  
2019_12_11_09_59_51_944 1576079991944 25358 25286 759 374.282  
2019_12_11_09_59_51_960 1576079991960 25374 25301 252 124.205  
2019_12_11_09_59_51_963 1576079991963 25377 25304 145 72.3988  
2019_12_11_09_59_51_967 1576079991967 25381 25308 387 190.051  
2019_12_11_09_59_51_985 1576079991985 25399 25326 257 126.634  
2019_12_11_09_59_51_986 1576079991986 25400 25327 386 189.561  
2019_12_11_09_59_52_025 1576079992025 25439 25366 319 156.817  
2019_12_11_09_59_52_026 1576079992026 25440 25367 530 260.387  
2019_12_11_09_59_52_072 1576079992072 25486 25413 104 52.6376  
2019_12_11_09_59_52_085 1576079992085 25499 25426 233 114.981  
2019_12_11_09_59_52_142 1576079992142 25556 25483 940 465.401  
2019_12_11_09_59_52_191 1576079992191 25605 25532 321 157.792  
2019_12_11_09_59_52_231 1576079992231 25645 25572 153 76.2605  
2019_12_11_09_59_52_279 1576079992279 25693 25620 533 261.869  
2019_12_11_09_59_52_312 1576079992312 25726 25653 529 259.893  
2019_12_11_09_59_52_318 1576079992318 25732 25659 253 124.691  
2019_12_11_09_59_52_326 1576079992326 25740 25667 164 81.5733  
2019_12_11_09_59_52_364 1576079992364 25778 25705 904 447.201  
2019_12_11_09_59_52_372 1576079992372 25786 25712 304 149.504  
2019_12_11_09_59_52_400 1576079992400 25814 25740 190 94.1452  
2019_12_11_09_59_52_427 1576079992427 25841 25767 203 100.439  
2019_12_11_09_59_52_525 1576079992525 25939 25865 434 213.102  
2019_12_11_09_59_52_561 1576079992561 25975 25901 185 91.726  
2019_12_11_09_59_52_581 1576079992581 25995 25921 77 39.6512  
2019_12_11_09_59_52_582 1576079992582 25996 25922 609 299.503  
2019_12_11_09_59_52_589 1576079992589 26003 25929 371 182.219  
2019_12_11_09_59_52_591 1576079992591 26005 25931 639 314.405  
2019_12_11_09_59_52_614 1576079992614 26028 25954 1045 518.704  
2019_12_11_09_59_52_693 1576079992693 26107 26033 299 147.068  
2019_12_11_09_59_52_698 1576079992698 26112 26038 137 68.5391  
2019_12_11_09_59_52_753 1576079992753 26167 26093 172 85.4395  
2019_12_11_09_59_52_768 1576079992768 26182 26108 1192 593.877  
2019_12_11_09_59_52_769 1576079992769 26183 26109 531 260.881  
2019_12_11_09_59_52_787 1576079992787 26201 26127 211 104.314  
2019_12_11_09_59_52_826 1576079992826 26240 26166 274 134.899  
2019_12_11_09_59_52_929 1576079992929 26343 26269 1355 677.978  
2019_12_11_09_59_52_945 1576079992945 26359 26284 395 193.97  
2019_12_11_09_59_52_975 1576079992975 26389 26314 108 54.5633  
2019_12_11_09_59_52_983 1576079992983 26397 26322 181 89.7911  
2019_12_11_09_59_53_024 1576079993024 26438 26363 125 62.753  
2019_12_11_09_59_53_037 1576079993037 26451 26376 872 431.055  
2019_12_11_09_59_53_069 1576079993069 26483 26408 385 189.072  
2019_12_11_09_59_53_080 1576079993080 26494 26419 572 281.16  
2019_12_11_09_59_53_129 1576079993129 26543 26468 333 163.648  
2019_12_11_09_59_53_142 1576079993142 26556 26481 1037 514.632  
2019_12_11_09_59_53_163 1576079993163 26577 26502 66 34.3667  
2019_12_11_09_59_53_174 1576079993174 26588 26513 241 118.864  
2019_12_11_09_59_53_183 1576079993183 26597 26522 482 236.71  
2019_12_11_09_59_53_185 1576079993185 26599 26524 250 123.234  
2019_12_11_09_59_53_230 1576079993230 26644 26569 595 292.557  
2019_12_11_09_59_53_249 1576079993249 26663 26588 2267 1163.03  
2019_12_11_09_59_53_282 1576079993282 26696 26621 438 215.066  
2019_12_11_09_59_53_297 1576079993297 26711 26636 259 127.606  
2019_12_11_09_59_53_375 1576079993375 26789 26713 83 42.5352  
2019_12_11_09_59_53_398 1576079993398 26812 26736 270 132.953  
2019_12_11_09_59_53_440 1576079993440 26854 26778 263 129.55  
2019_12_11_09_59_53_446 1576079993446 26860 26784 255 125.662  
2019_12_11_09_59_53_456 1576079993456 26870 26794 240 118.378  
2019_12_11_09_59_53_493 1576079993493 26907 26831 689 339.302  
2019_12_11_09_59_53_502 1576079993502 26916 26840 459 225.389  
2019_12_11_09_59_53_509 1576079993509 26923 26847 926 458.319  
2019_12_11_09_59_53_554 1576079993554 26968 26892 369 181.24  
2019_12_11_09_59_53_581 1576079993581 26995 26919 268 131.981  
2019_12_11_09_59_53_602 1576079993602 27016 26940 127 63.717  
2019_12_11_09_59_53_603 1576079993603 27017 26941 529 259.893  
2019_12_11_09_59_53_631 1576079993631 27045 26969 124 62.271  
2019_12_11_09_59_53_635 1576079993635 27049 26973 117 58.898  
2019_12_11_09_59_53_636 1576079993636 27050 26974 236 116.437  
2019_12_11_09_59_53_699 1576079993699 27113 27037 62 32.4459  
2019_12_11_09_59_53_711 1576079993711 27125 27049 327 160.72  
2019_12_11_09_59_53_972 1576079993972 27386 27309 224 110.616  
2019_12_11_09_59_53_973 1576079993973 27387 27310 654 321.867  
2019_12_11_09_59_53_974 1576079993974 27388 27311 699 344.29  
2019_12_11_09_59_53_974 1576079993974 27388 27311 437 214.575  
2019_12_11_09_59_53_974 1576079993974 27388 27311 593 291.566  
2019_12_11_09_59_53_975 1576079993975 27389 27312 836 412.927  
2019_12_11_09_59_53_975 1576079993975 27389 27312 321 157.792  
2019_12_11_09_59_54_002 1576079994002 27416 27339 780 384.804  
2019_12_11_09_59_54_011 1576079994011 27425 27348 550 270.272  
2019_12_11_09_59_54_023 1576079994023 27437 27360 157 78.192  
2019_12_11_09_59_54_059 1576079994059 27473 27396 213 105.283  
2019_12_11_09_59_54_064 1576079994064 27478 27401 707 348.283  
2019_12_11_09_59_54_121 1576079994121 27535 27458 249 122.748  
2019_12_11_09_59_54_127 1576079994127 27541 27464 133 66.6099  
2019_12_11_09_59_54_163 1576079994163 27577 27500 288 141.711  
2019_12_11_09_59_54_212 1576079994212 27626 27549 160 79.641  
2019_12_11_09_59_54_214 1576079994214 27628 27551 2127 1086.97  
2019_12_11_09_59_54_216 1576079994216 27630 27552 141 70.4687  
2019_12_11_09_59_54_228 1576079994228 27642 27564 623 306.454  
2019_12_11_09_59_54_248 1576079994248 27662 27584 288 141.711  
2019_12_11_09_59_54_347 1576079994347 27761 27683 504 247.553  
2019_12_11_09_59_54_401 1576079994401 27815 27737 1858 942.459  
2019_12_11_09_59_54_415 1576079994415 27829 27751 3394 1796.4  
2019_12_11_09_59_54_421 1576079994421 27835 27757 246 121.291  
2019_12_11_09_59_54_424 1576079994424 27838 27760 666 327.841  
2019_12_11_09_59_54_430 1576079994430 27844 27766 340 167.066  
2019_12_11_09_59_54_449 1576079994449 27863 27785 810 399.858  
2019_12_11_09_59_54_459 1576079994459 27873 27795 275 135.385  
2019_12_11_09_59_54_465 1576079994465 27879 27801 526 258.411  
2019_12_11_09_59_54_482 1576079994482 27896 27818 245 120.805  
2019_12_11_09_59_54_529 1576079994529 27943 27865 260 128.092  
2019_12_11_09_59_54_548 1576079994548 27962 27884 243 119.834  
2019_12_11_09_59_54_586 1576079994586 28000 27922 1336 668.134  
2019_12_11_09_59_54_591 1576079994591 28005 27927 319 156.817  
2019_12_11_09_59_54_664 1576079994664 28078 27999 167 83.0229  
2019_12_11_09_59_54_686 1576079994686 28100 28021 160 79.641  
2019_12_11_09_59_54_704 1576079994704 28118 28039 119 59.8615  
2019_12_11_09_59_54_729 1576079994729 28143 28064 176 87.3733  
2019_12_11_09_59_54_746 1576079994746 28160 28081 556 273.24  
2019_12_11_09_59_54_852 1576079994852 28266 28187 324 159.256  
2019_12_11_09_59_54_899 1576079994899 28313 28234 102 51.6749  
2019_12_11_09_59_54_919 1576079994919 28333 28254 351 172.439  
2019_12_11_09_59_54_926 1576079994926 28340 28261 298 146.581  
2019_12_11_09_59_54_952 1576079994952 28366 28287 244 120.32  
2019_12_11_09_59_54_960 1576079994960 28374 28295 136 68.0567  
2019_12_11_09_59_54_970 1576079994970 28384 28305 471 231.294  
2019_12_11_09_59_55_066 1576079995066 28480 28401 397 194.95  
2019_12_11_09_59_55_109 1576079995109 28523 28444 183 90.7585  
2019_12_11_09_59_55_129 1576079995129 28543 28464 234 115.466  
2019_12_11_09_59_55_147 1576079995147 28561 28482 546 268.294  
2019_12_11_09_59_55_158 1576079995158 28572 28493 400 196.42  
2019_12_11_09_59_55_227 1576079995227 28641 28562 1178 586.69  
2019_12_11_09_59_55_269 1576079995269 28683 28603 372 182.708  
2019_12_11_09_59_55_349 1576079995349 28763 28683 105 53.119  
2019_12_11_09_59_55_360 1576079995360 28774 28694 241 118.864  
2019_12_11_09_59_55_399 1576079995399 28813 28733 168 83.5062  
2019_12_11_09_59_55_418 1576079995418 28832 28752 399 195.93  
2019_12_11_09_59_55_445 1576079995445 28859 28779 286 140.738  
2019_12_11_09_59_55_475 1576079995475 28889 28809 109 55.0448  
2019_12_11_09_59_55_524 1576079995524 28938 28858 324 159.256  
2019_12_11_09_59_55_547 1576079995547 28961 28881 518 254.461  
2019_12_11_09_59_55_592 1576079995592 29006 28926 263 129.55  
2019_12_11_09_59_55_597 1576079995597 29011 28931 625 307.448  
2019_12_11_09_59_55_683 1576079995683 29097 29017 180 89.3075  
2019_12_11_09_59_56_020 1576079996020 29434 29354 1273 635.571  
2019_12_11_09_59_56_021 1576079996021 29435 29355 331 162.672  
2019_12_11_09_59_56_022 1576079996022 29436 29356 496 243.609  
2019_12_11_09_59_56_022 1576079996022 29436 29356 178 88.3403  
2019_12_11_09_59_56_022 1576079996022 29436 29356 463 227.357  
2019_12_11_09_59_56_023 1576079996023 29437 29356 156 77.7091  
2019_12_11_09_59_56_023 1576079996023 29437 29356 332 163.16  
2019_12_11_09_59_56_023 1576079996023 29437 29356 181 89.7911  
2019_12_11_09_59_56_041 1576079996041 29455 29374 101 51.1936  
2019_12_11_09_59_56_047 1576079996047 29461 29380 278 136.845  
2019_12_11_09_59_56_095 1576079996095 29509 29428 273 134.412  
2019_12_11_09_59_56_130 1576079996130 29544 29463 962 476.542  
2019_12_11_09_59_56_224 1576079996224 29638 29557 578 284.132  
2019_12_11_09_59_56_272 1576079996272 29686 29605 302 148.53  
2019_12_11_09_59_56_277 1576079996277 29691 29610 274 134.899  
2019_12_11_09_59_56_291 1576079996291 29705 29624 302 148.53  
2019_12_11_09_59_56_307 1576079996307 29721 29640 148 73.8467  
2019_12_11_09_59_56_497 1576079996497 29911 29830 230 113.526  
2019_12_11_09_59_56_550 1576079996550 29964 29883 139 69.5038  
2019_12_11_09_59_56_587 1576079996587 30001 29920 177 87.8568  
2019_12_11_09_59_56_589 1576079996589 30003 29922 418 205.247  
