1576079656925 2019_12_11_09_54_16_925 2.734449 0.478300  0.000014786
2019_12_11_09_54_16_930 1576079656930 5 4 273 134.412  
2019_12_11_09_54_16_950 1576079656950 25 24 543 266.811  
2019_12_11_09_54_16_964 1576079656964 39 38 128 64.1991  
2019_12_11_09_54_16_977 1576079656977 52 51 113 56.9711  
2019_12_11_09_54_16_996 1576079656996 71 70 171 84.9561  
2019_12_11_09_54_17_018 1576079657018 93 92 1535 771.763  
2019_12_11_09_54_17_058 1576079657058 133 132 527 258.905  
2019_12_11_09_54_17_074 1576079657074 149 148 630 309.932  
2019_12_11_09_54_17_118 1576079657118 193 192 175 86.8898  
2019_12_11_09_54_17_191 1576079657191 266 265 2349 1207.85  
2019_12_11_09_54_17_215 1576079657215 290 289 233 114.981  
2019_12_11_09_54_17_245 1576079657245 320 319 122 61.3071  
2019_12_11_09_54_17_274 1576079657274 349 348 219 108.191  
2019_12_11_09_54_17_296 1576079657296 371 370 450 220.964  
2019_12_11_09_54_17_306 1576079657306 381 380 184 91.2422  
2019_12_11_09_54_17_332 1576079657332 407 406 84 43.016  
2019_12_11_09_54_17_339 1576079657339 414 413 130 65.1633  
2019_12_11_09_54_17_373 1576079657373 448 446 246 121.291  
2019_12_11_09_54_17_395 1576079657395 470 468 4095 2209.31  
2019_12_11_09_54_17_408 1576079657408 483 481 1403 702.894  
2019_12_11_09_54_17_458 1576079657458 533 531 180 89.3075  
2019_12_11_09_54_17_532 1576079657532 607 605 149 74.3294  
2019_12_11_09_54_17_574 1576079657574 649 647 526 258.411  
2019_12_11_09_54_17_577 1576079657577 652 650 226 111.585  
2019_12_11_09_54_17_596 1576079657596 671 669 396 194.46  
2019_12_11_09_54_17_669 1576079657669 744 742 755 372.279  
2019_12_11_09_54_17_680 1576079657680 755 753 267 131.495  
2019_12_11_09_54_17_710 1576079657710 785 783 149 74.3294  
2019_12_11_09_54_17_720 1576079657720 795 793 134 67.0921  
2019_12_11_09_54_17_744 1576079657744 819 817 80 41.0931  
2019_12_11_09_54_17_792 1576079657792 867 865 318 156.329  
2019_12_11_09_54_17_796 1576079657796 871 869 698 343.792  
2019_12_11_09_54_17_859 1576079657859 934 932 129 64.6812  
2019_12_11_09_54_17_878 1576079657878 953 951 175 86.8898  
2019_12_11_09_54_18_138 1576079658138 1213 1210 471 231.294  
2019_12_11_09_54_18_139 1576079658139 1214 1211 139 69.5038  
2019_12_11_09_54_18_140 1576079658140 1215 1212 338 166.089  
2019_12_11_09_54_18_140 1576079658140 1215 1212 189 93.6613  
2019_12_11_09_54_18_140 1576079658140 1215 1212 4095 2209.31  
2019_12_11_09_54_18_140 1576079658140 1215 1212 1861 944.058  
2019_12_11_09_54_18_140 1576079658140 1215 1212 281 138.304  
2019_12_11_09_54_18_140 1576079658140 1215 1212 410 201.323  
2019_12_11_09_54_18_140 1576079658140 1215 1212 817 403.375  
2019_12_11_09_54_18_141 1576079658141 1216 1213 273 134.412  
2019_12_11_09_54_18_233 1576079658233 1308 1305 94 47.8253  
2019_12_11_09_54_18_276 1576079658276 1351 1348 198 98.0175  
2019_12_11_09_54_18_291 1576079658291 1366 1363 45 24.2879  
2019_12_11_09_54_18_337 1576079658337 1412 1409 173 85.9229  
2019_12_11_09_54_18_375 1576079658375 1450 1447 989 490.235  
2019_12_11_09_54_18_376 1576079658376 1451 1448 547 268.789  
2019_12_11_09_54_18_448 1576079658448 1523 1520 179 88.8239  
2019_12_11_09_54_18_492 1576079658492 1567 1563 234 115.466  
2019_12_11_09_54_18_545 1576079658545 1620 1616 352 172.928  
2019_12_11_09_54_18_558 1576079658558 1633 1629 1000 495.82  
2019_12_11_09_54_18_586 1576079658586 1661 1657 157 78.192  
2019_12_11_09_54_18_611 1576079658611 1686 1682 213 105.283  
2019_12_11_09_54_18_704 1576079658704 1779 1775 128 64.1991  
2019_12_11_09_54_18_713 1576079658713 1788 1784 339 166.577  
2019_12_11_09_54_18_732 1576079658732 1807 1803 553 271.756  
2019_12_11_09_54_18_769 1576079658769 1844 1840 1005 498.36  
2019_12_11_09_54_18_774 1576079658774 1849 1845 141 70.4687  
2019_12_11_09_54_18_775 1576079658775 1850 1846 284 139.764  
2019_12_11_09_54_18_802 1576079658802 1877 1873 1166 580.534  
2019_12_11_09_54_18_817 1576079658817 1892 1888 81 41.5738  
2019_12_11_09_54_18_924 1576079658924 1999 1995 992 491.758  
2019_12_11_09_54_18_954 1576079658954 2029 2025 317 155.841  
2019_12_11_09_54_18_956 1576079658956 2031 2027 167 83.0229  
2019_12_11_09_54_18_979 1576079658979 2054 2050 321 157.792  
2019_12_11_09_54_18_996 1576079658996 2071 2066 218 107.707  
2019_12_11_09_54_19_070 1576079659070 2145 2140 438 215.066  
2019_12_11_09_54_19_114 1576079659114 2189 2184 187 92.6936  
2019_12_11_09_54_19_133 1576079659133 2208 2203 229 113.041  
2019_12_11_09_54_19_183 1576079659183 2258 2253 134 67.0921  
2019_12_11_09_54_19_195 1576079659195 2270 2265 185 91.726  
2019_12_11_09_54_19_203 1576079659203 2278 2273 377 185.155  
2019_12_11_09_54_19_214 1576079659214 2289 2284 425 208.683  
2019_12_11_09_54_19_215 1576079659215 2290 2285 246 121.291  
2019_12_11_09_54_19_230 1576079659230 2305 2300 295 145.12  
2019_12_11_09_54_19_246 1576079659246 2321 2316 85 43.4968  
2019_12_11_09_54_19_261 1576079659261 2336 2331 278 136.845  
2019_12_11_09_54_19_279 1576079659279 2354 2349 338 166.089  
2019_12_11_09_54_19_313 1576079659313 2388 2383 234 115.466  
2019_12_11_09_54_19_326 1576079659326 2401 2396 152 75.7777  
2019_12_11_09_54_19_362 1576079659362 2437 2432 114 57.4528  
2019_12_11_09_54_19_492 1576079659492 2567 2562 109 55.0448  
2019_12_11_09_54_19_504 1576079659504 2579 2574 288 141.711  
2019_12_11_09_54_19_509 1576079659509 2584 2578 51 27.1662  
2019_12_11_09_54_19_523 1576079659523 2598 2592 771 380.293  
2019_12_11_09_54_19_571 1576079659571 2646 2640 216 106.737  
2019_12_11_09_54_19_609 1576079659609 2684 2678 173 85.9229  
2019_12_11_09_54_19_612 1576079659612 2687 2681 691 340.3  
2019_12_11_09_54_19_619 1576079659619 2694 2688 245 120.805  
2019_12_11_09_54_19_662 1576079659662 2737 2731 3502 1859.07  
2019_12_11_09_54_19_747 1576079659747 2822 2816 306 150.479  
2019_12_11_09_54_19_784 1576079659784 2859 2853 170 84.4728  
2019_12_11_09_54_19_850 1576079659850 2925 2919 431 211.628  
2019_12_11_09_54_19_892 1576079659892 2967 2961 241 118.864  
2019_12_11_09_54_20_186 1576079660186 3261 3255 186 92.2098  
2019_12_11_09_54_20_187 1576079660187 3262 3256 4095 2209.31  
2019_12_11_09_54_20_188 1576079660188 3263 3257 4041 2176.99  
2019_12_11_09_54_20_188 1576079660188 3263 3257 151 75.2949  
2019_12_11_09_54_20_188 1576079660188 3263 3257 140 69.9862  
2019_12_11_09_54_20_188 1576079660188 3263 3257 1069 530.934  
2019_12_11_09_54_20_188 1576079660188 3263 3256 555 272.745  
2019_12_11_09_54_20_188 1576079660188 3263 3256 160 79.641  
2019_12_11_09_54_20_189 1576079660189 3264 3257 2853 1487.67  
2019_12_11_09_54_20_189 1576079660189 3264 3257 155 77.2262  
2019_12_11_09_54_20_222 1576079660222 3297 3290 176 87.3733  
2019_12_11_09_54_20_270 1576079660270 3345 3338 251 123.719  
2019_12_11_09_54_20_329 1576079660329 3404 3397 374 183.687  
2019_12_11_09_54_20_370 1576079660370 3445 3438 386 189.561  
2019_12_11_09_54_20_463 1576079660463 3538 3531 210 103.829  
2019_12_11_09_54_20_497 1576079660497 3572 3565 178 88.3403  
2019_12_11_09_54_20_536 1576079660536 3611 3604 422 207.21  
2019_12_11_09_54_20_621 1576079660621 3696 3689 69 35.8075  
2019_12_11_09_54_20_722 1576079660722 3797 3790 201 99.4701  
2019_12_11_09_54_20_728 1576079660728 3803 3796 296 145.607  
2019_12_11_09_54_20_860 1576079660860 3935 3928 428 210.155  
2019_12_11_09_54_20_891 1576079660891 3966 3959 265 130.522  
2019_12_11_09_54_20_901 1576079660901 3976 3969 132 66.1277  
2019_12_11_09_54_20_904 1576079660904 3979 3971 1368 684.719  
2019_12_11_09_54_20_905 1576079660905 3980 3972 269 132.467  
2019_12_11_09_54_20_910 1576079660910 3985 3977 367 180.262  
2019_12_11_09_54_21_043 1576079661043 4118 4110 1948 990.57  
2019_12_11_09_54_21_049 1576079661049 4124 4116 303 149.017  
2019_12_11_09_54_21_112 1576079661112 4187 4179 512 251.5  
2019_12_11_09_54_21_192 1576079661192 4267 4259 108 54.5633  
2019_12_11_09_54_21_213 1576079661213 4288 4280 315 154.866  
2019_12_11_09_54_21_258 1576079661258 4333 4325 302 148.53  
2019_12_11_09_54_21_277 1576079661277 4352 4344 322 158.28  
2019_12_11_09_54_21_290 1576079661290 4365 4357 258 127.12  
2019_12_11_09_54_21_305 1576079661305 4380 4372 152 75.7777  
2019_12_11_09_54_21_307 1576079661307 4382 4374 261 128.578  
2019_12_11_09_54_21_308 1576079661308 4383 4375 366 179.773  
2019_12_11_09_54_21_316 1576079661316 4391 4383 173 85.9229  
2019_12_11_09_54_21_336 1576079661336 4411 4403 117 58.898  
2019_12_11_09_54_21_337 1576079661337 4412 4404 122 61.3071  
2019_12_11_09_54_21_371 1576079661371 4446 4437 232 114.496  
2019_12_11_09_54_21_394 1576079661394 4469 4460 397 194.95  
2019_12_11_09_54_21_398 1576079661398 4473 4464 131 65.6455  
2019_12_11_09_54_21_442 1576079661442 4517 4508 454 222.93  
2019_12_11_09_54_21_455 1576079661455 4530 4521 248 122.262  
2019_12_11_09_54_21_482 1576079661482 4557 4548 487 239.173  
2019_12_11_09_54_21_501 1576079661501 4576 4567 566 278.189  
2019_12_11_09_54_21_534 1576079661534 4609 4600 963 477.049  
2019_12_11_09_54_21_571 1576079661571 4646 4637 140 69.9862  
2019_12_11_09_54_21_644 1576079661644 4719 4710 93 47.3442  
2019_12_11_09_54_21_658 1576079661658 4733 4724 728 358.773  
2019_12_11_09_54_21_740 1576079661740 4815 4806 360 176.839  
2019_12_11_09_54_21_767 1576079661767 4842 4833 131 65.6455  
2019_12_11_09_54_21_778 1576079661778 4853 4844 70 36.2879  
2019_12_11_09_54_21_782 1576079661782 4857 4848 1338 669.17  
2019_12_11_09_54_21_814 1576079661814 4889 4880 61 31.9658  
2019_12_11_09_54_21_826 1576079661826 4901 4892 335 164.624  
2019_12_11_09_54_21_827 1576079661827 4902 4892 135 67.5744  
2019_12_11_09_54_21_846 1576079661846 4921 4911 213 105.283  
2019_12_11_09_54_21_865 1576079661865 4940 4930 503 247.06  
2019_12_11_09_54_21_882 1576079661882 4957 4947 683 336.311  
2019_12_11_09_54_22_019 1576079662019 5094 5084 1042 517.177  
2019_12_11_09_54_22_043 1576079662043 5118 5108 245 120.805  
2019_12_11_09_54_22_075 1576079662075 5150 5140 121 60.8252  
2019_12_11_09_54_22_085 1576079662085 5160 5150 310 152.428  
2019_12_11_09_54_22_095 1576079662095 5170 5160 148 73.8467  
2019_12_11_09_54_22_108 1576079662108 5183 5173 4095 2209.31  
2019_12_11_09_54_22_149 1576079662149 5224 5214 1431 717.459  
2019_12_11_09_54_22_203 1576079662203 5278 5268 179 88.8239  
2019_12_11_09_54_22_241 1576079662241 5316 5306 295 145.12  
2019_12_11_09_54_22_311 1576079662311 5386 5376 128 64.1991  
2019_12_11_09_54_22_315 1576079662315 5390 5380 111 56.0079  
2019_12_11_09_54_22_325 1576079662325 5400 5390 143 71.4337  
2019_12_11_09_54_22_329 1576079662329 5404 5394 603 296.526  
2019_12_11_09_54_22_348 1576079662348 5423 5413 133 66.6099  
2019_12_11_09_54_22_359 1576079662359 5434 5423 212 104.799  
2019_12_11_09_54_22_374 1576079662374 5449 5438 238 117.407  
2019_12_11_09_54_22_379 1576079662379 5454 5443 336 165.112  
2019_12_11_09_54_22_417 1576079662417 5492 5481 434 213.102  
2019_12_11_09_54_22_421 1576079662421 5496 5485 440 216.049  
2019_12_11_09_54_22_472 1576079662472 5547 5536 185 91.726  
2019_12_11_09_54_22_484 1576079662484 5559 5548 147 73.3641  
2019_12_11_09_54_22_516 1576079662516 5591 5580 118 59.3797  
2019_12_11_09_54_22_542 1576079662542 5617 5606 272 133.926  
2019_12_11_09_54_22_544 1576079662544 5619 5608 419 205.738  
2019_12_11_09_54_22_546 1576079662546 5621 5610 232 114.496  
2019_12_11_09_54_22_568 1576079662568 5643 5632 204 100.923  
2019_12_11_09_54_22_569 1576079662569 5644 5633 376 184.666  
2019_12_11_09_54_22_625 1576079662625 5700 5689 4095 2209.31  
2019_12_11_09_54_22_633 1576079662633 5708 5697 258 127.12  
2019_12_11_09_54_22_636 1576079662636 5711 5700 202 99.9544  
2019_12_11_09_54_22_661 1576079662661 5736 5725 350 171.951  
2019_12_11_09_54_22_682 1576079662682 5757 5745 156 77.7091  
2019_12_11_09_54_22_687 1576079662687 5762 5750 278 136.845  
2019_12_11_09_54_22_688 1576079662688 5763 5751 415 203.775  
2019_12_11_09_54_22_699 1576079662699 5774 5762 312 153.403  
2019_12_11_09_54_22_807 1576079662807 5882 5870 998 494.804  
2019_12_11_09_54_22_819 1576079662819 5894 5882 140 69.9862  
2019_12_11_09_54_22_847 1576079662847 5922 5910 4095 2209.31  
2019_12_11_09_54_22_871 1576079662871 5946 5934 820 404.882  
2019_12_11_09_54_22_880 1576079662880 5955 5943 441 216.54  
2019_12_11_09_54_22_922 1576079662922 5997 5985 189 93.6613  
2019_12_11_09_54_22_955 1576079662955 6030 6018 1552 780.67  
2019_12_11_09_54_22_956 1576079662956 6031 6019 1242 619.591  
2019_12_11_09_54_22_970 1576079662970 6045 6033 279 137.331  
2019_12_11_09_54_23_026 1576079663026 6101 6089 286 140.738  
2019_12_11_09_54_23_045 1576079663045 6120 6108 825 407.395  
2019_12_11_09_54_23_068 1576079663068 6143 6131 334 164.136  
2019_12_11_09_54_23_176 1576079663176 6251 6239 374 183.687  
2019_12_11_09_54_23_208 1576079663208 6283 6270 345 169.508  
2019_12_11_09_54_23_279 1576079663279 6354 6341 125 62.753  
2019_12_11_09_54_23_297 1576079663297 6372 6359 199 98.5017  
2019_12_11_09_54_23_318 1576079663318 6393 6380 422 207.21  
2019_12_11_09_54_23_351 1576079663351 6426 6413 274 134.899  
2019_12_11_09_54_23_418 1576079663418 6493 6480 99 50.2311  
2019_12_11_09_54_23_495 1576079663495 6570 6557 121 60.8252  
2019_12_11_09_54_23_498 1576079663498 6573 6560 128 64.1991  
2019_12_11_09_54_23_514 1576079663514 6589 6576 321 157.792  
2019_12_11_09_54_23_526 1576079663526 6601 6588 195 96.5652  
2019_12_11_09_54_23_556 1576079663556 6631 6618 292 143.659  
2019_12_11_09_54_23_601 1576079663601 6676 6663 453 222.439  
2019_12_11_09_54_23_603 1576079663603 6678 6665 375 184.176  
2019_12_11_09_54_23_659 1576079663659 6734 6721 286 140.738  
2019_12_11_09_54_23_683 1576079663683 6758 6745 345 169.508  
2019_12_11_09_54_23_701 1576079663701 6776 6763 389 191.031  
2019_12_11_09_54_23_748 1576079663748 6823 6810 283 139.278  
2019_12_11_09_54_23_768 1576079663768 6843 6829 383 188.092  
2019_12_11_09_54_23_814 1576079663814 6889 6875 159 79.1579  
2019_12_11_09_54_23_818 1576079663818 6893 6879 141 70.4687  
2019_12_11_09_54_23_880 1576079663880 6955 6941 185 91.726  
2019_12_11_09_54_23_885 1576079663885 6960 6946 530 260.387  
2019_12_11_09_54_23_927 1576079663927 7002 6988 218 107.707  
2019_12_11_09_54_23_946 1576079663946 7021 7007 413 202.794  
2019_12_11_09_54_23_959 1576079663959 7034 7020 96 48.7875  
2019_12_11_09_54_23_977 1576079663977 7052 7038 456 223.914  
2019_12_11_09_54_23_991 1576079663991 7066 7052 371 182.219  
2019_12_11_09_54_24_282 1576079664282 7357 7343 415 203.775  
2019_12_11_09_54_24_283 1576079664283 7358 7344 275 135.385  
2019_12_11_09_54_24_284 1576079664284 7359 7345 134 67.0921  
2019_12_11_09_54_24_284 1576079664284 7359 7345 131 65.6455  
2019_12_11_09_54_24_284 1576079664284 7359 7345 106 53.6004  
2019_12_11_09_54_24_284 1576079664284 7359 7345 534 262.363  
2019_12_11_09_54_24_284 1576079664284 7359 7345 188 93.1774  
2019_12_11_09_54_24_284 1576079664284 7359 7344 218 107.707  
2019_12_11_09_54_24_288 1576079664288 7363 7348 347 170.485  
2019_12_11_09_54_24_311 1576079664311 7386 7371 770 379.792  
2019_12_11_09_54_24_349 1576079664349 7424 7409 4095 2209.31  
2019_12_11_09_54_24_356 1576079664356 7431 7416 4095 2209.31  
2019_12_11_09_54_24_381 1576079664381 7456 7441 2023 1030.85  
2019_12_11_09_54_24_398 1576079664398 7473 7458 180 89.3075  
2019_12_11_09_54_24_498 1576079664498 7573 7558 235 115.951  
2019_12_11_09_54_24_533 1576079664533 7608 7593 76 39.1707  
2019_12_11_09_54_24_581 1576079664581 7656 7641 268 131.981  
2019_12_11_09_54_24_633 1576079664633 7708 7693 171 84.9561  
2019_12_11_09_54_24_647 1576079664647 7722 7707 548 269.283  
2019_12_11_09_54_24_683 1576079664683 7758 7743 4095 2209.31  
2019_12_11_09_54_24_697 1576079664697 7772 7757 273 134.412  
2019_12_11_09_54_24_746 1576079664746 7821 7806 597 293.549  
2019_12_11_09_54_24_766 1576079664766 7841 7826 132 66.1277  
2019_12_11_09_54_24_800 1576079664800 7875 7860 384 188.582  
2019_12_11_09_54_24_836 1576079664836 7911 7896 670 329.833  
2019_12_11_09_54_24_893 1576079664893 7968 7952 745 367.274  
2019_12_11_09_54_24_896 1576079664896 7971 7955 284 139.764  
2019_12_11_09_54_24_920 1576079664920 7995 7979 425 208.683  
2019_12_11_09_54_24_921 1576079664921 7996 7980 1078 535.524  
2019_12_11_09_54_24_929 1576079664929 8004 7988 276 135.872  
2019_12_11_09_54_24_956 1576079664956 8031 8015 283 139.278  
2019_12_11_09_54_24_959 1576079664959 8034 8018 186 92.2098  
2019_12_11_09_54_24_970 1576079664970 8045 8029 407 199.852  
2019_12_11_09_54_24_988 1576079664988 8063 8047 212 104.799  
2019_12_11_09_54_24_995 1576079664995 8070 8054 282 138.791  
2019_12_11_09_54_25_014 1576079665014 8089 8073 246 121.291  
2019_12_11_09_54_25_015 1576079665015 8090 8074 634 311.92  
2019_12_11_09_54_25_049 1576079665049 8124 8108 160 79.641  
2019_12_11_09_54_25_066 1576079665066 8141 8125 157 78.192  
2019_12_11_09_54_25_069 1576079665069 8144 8128 164 81.5733  
2019_12_11_09_54_25_092 1576079665092 8167 8151 707 348.283  
2019_12_11_09_54_25_152 1576079665152 8227 8211 201 99.4701  
2019_12_11_09_54_25_166 1576079665166 8241 8224 234 115.466  
2019_12_11_09_54_25_210 1576079665210 8285 8268 162 80.6071  
2019_12_11_09_54_25_216 1576079665216 8291 8274 1305 652.096  
2019_12_11_09_54_25_239 1576079665239 8314 8297 164 81.5733  
2019_12_11_09_54_25_242 1576079665242 8317 8300 406 199.361  
2019_12_11_09_54_25_263 1576079665263 8338 8321 248 122.262  
2019_12_11_09_54_25_268 1576079665268 8343 8326 277 136.358  
2019_12_11_09_54_25_272 1576079665272 8347 8330 225 111.1  
2019_12_11_09_54_25_295 1576079665295 8370 8353 372 182.708  
2019_12_11_09_54_25_309 1576079665309 8384 8367 758 373.781  
2019_12_11_09_54_25_358 1576079665358 8433 8416 840 414.939  
2019_12_11_09_54_25_371 1576079665371 8446 8429 128 64.1991  
2019_12_11_09_54_25_382 1576079665382 8457 8440 352 172.928  
2019_12_11_09_54_25_420 1576079665420 8495 8478 177 87.8568  
2019_12_11_09_54_25_421 1576079665421 8496 8479 266 131.008  
2019_12_11_09_54_25_426 1576079665426 8501 8484 277 136.358  
2019_12_11_09_54_25_452 1576079665452 8527 8510 156 77.7091  
2019_12_11_09_54_25_458 1576079665458 8533 8515 566 278.189  
2019_12_11_09_54_25_462 1576079665462 8537 8519 302 148.53  
2019_12_11_09_54_25_469 1576079665469 8544 8526 542 266.317  
2019_12_11_09_54_25_511 1576079665511 8586 8568 499 245.088  
2019_12_11_09_54_25_518 1576079665518 8593 8575 429 210.646  
2019_12_11_09_54_25_609 1576079665609 8684 8666 1773 897.24  
2019_12_11_09_54_25_612 1576079665612 8687 8669 1021 506.492  
2019_12_11_09_54_25_700 1576079665700 8775 8757 326 160.232  
2019_12_11_09_54_25_774 1576079665774 8849 8831 165 82.0565  
2019_12_11_09_54_25_797 1576079665797 8872 8854 159 79.1579  
2019_12_11_09_54_25_835 1576079665835 8910 8892 195 96.5652  
2019_12_11_09_54_25_850 1576079665850 8925 8907 503 247.06  
2019_12_11_09_54_25_855 1576079665855 8930 8912 314 154.378  
2019_12_11_09_54_25_871 1576079665871 8946 8928 242 119.349  
2019_12_11_09_54_25_949 1576079665949 9024 9006 460 225.881  
2019_12_11_09_54_26_036 1576079666036 9111 9093 313 153.891  
2019_12_11_09_54_26_064 1576079666064 9139 9121 274 134.899  
2019_12_11_09_54_26_100 1576079666100 9175 9156 294 144.633  
2019_12_11_09_54_26_111 1576079666111 9186 9167 781 385.305  
2019_12_11_09_54_26_134 1576079666134 9209 9190 609 299.503  
2019_12_11_09_54_26_148 1576079666148 9223 9204 474 232.771  
2019_12_11_09_54_26_169 1576079666169 9244 9225 305 149.991  
2019_12_11_09_54_26_250 1576079666250 9325 9306 168 83.5062  
2019_12_11_09_54_26_270 1576079666270 9345 9326 377 185.155  
2019_12_11_09_54_26_297 1576079666297 9372 9353 119 59.8615  
2019_12_11_09_54_26_307 1576079666307 9382 9363 681 335.314  
2019_12_11_09_54_26_313 1576079666313 9388 9369 622 305.957  
2019_12_11_09_54_26_337 1576079666337 9412 9393 2519 1301.39  
2019_12_11_09_54_26_338 1576079666338 9413 9394 1051 521.76  
2019_12_11_09_54_26_367 1576079666367 9442 9423 118 59.3797  
2019_12_11_09_54_26_370 1576079666370 9445 9426 135 67.5744  
2019_12_11_09_54_26_422 1576079666422 9497 9478 267 131.495  
2019_12_11_09_54_26_423 1576079666423 9498 9479 130 65.1633  
2019_12_11_09_54_26_433 1576079666433 9508 9489 232 114.496  
2019_12_11_09_54_26_453 1576079666453 9528 9508 270 132.953  
2019_12_11_09_54_26_476 1576079666476 9551 9531 727 358.273  
2019_12_11_09_54_26_491 1576079666491 9566 9546 1949 991.106  
2019_12_11_09_54_26_528 1576079666528 9603 9583 2152 1100.51  
2019_12_11_09_54_26_537 1576079666537 9612 9592 387 190.051  
2019_12_11_09_54_26_560 1576079666560 9635 9615 117 58.898  
2019_12_11_09_54_26_569 1576079666569 9644 9624 894 442.152  
2019_12_11_09_54_26_603 1576079666603 9678 9658 323 158.768  
2019_12_11_09_54_26_662 1576079666662 9737 9717 485 238.188  
2019_12_11_09_54_26_687 1576079666687 9762 9742 720 354.775  
2019_12_11_09_54_26_702 1576079666702 9777 9757 565 277.694  
2019_12_11_09_54_26_712 1576079666712 9787 9767 222 109.646  
2019_12_11_09_54_26_777 1576079666777 9852 9832 85 43.4968  
2019_12_11_09_54_26_858 1576079666858 9933 9913 90 45.9012  
2019_12_11_09_54_26_869 1576079666869 9944 9924 193 95.5971  
2019_12_11_09_54_26_882 1576079666882 9957 9937 145 72.3988  
2019_12_11_09_54_26_891 1576079666891 9966 9946 128 64.1991  
2019_12_11_09_54_26_944 1576079666944 10019 9999 512 251.5  
2019_12_11_09_54_26_953 1576079666953 10028 10007 531 260.881  
2019_12_11_09_54_27_014 1576079667014 10089 10068 460 225.881  
2019_12_11_09_54_27_073 1576079667073 10148 10127 276 135.872  
2019_12_11_09_54_27_085 1576079667085 10160 10139 184 91.2422  
2019_12_11_09_54_27_095 1576079667095 10170 10149 220 108.676  
2019_12_11_09_54_27_113 1576079667113 10188 10167 104 52.6376  
2019_12_11_09_54_27_140 1576079667140 10215 10194 522 256.436  
2019_12_11_09_54_27_143 1576079667143 10218 10197 323 158.768  
2019_12_11_09_54_27_172 1576079667172 10247 10226 563 276.704  
2019_12_11_09_54_27_225 1576079667225 10300 10279 121 60.8252  
2019_12_11_09_54_27_260 1576079667260 10335 10314 248 122.262  
2019_12_11_09_54_27_269 1576079667269 10344 10323 361 177.328  
2019_12_11_09_54_27_302 1576079667302 10377 10356 638 313.908  
2019_12_11_09_54_27_333 1576079667333 10408 10387 1003 497.344  
2019_12_11_09_54_27_390 1576079667390 10465 10444 2755 1432.67  
2019_12_11_09_54_27_464 1576079667464 10539 10518 129 64.6812  
2019_12_11_09_54_27_473 1576079667473 10548 10527 241 118.864  
2019_12_11_09_54_27_481 1576079667481 10556 10534 237 116.922  
2019_12_11_09_54_27_524 1576079667524 10599 10577 2824 1471.37  
2019_12_11_09_54_27_530 1576079667530 10605 10583 692 340.798  
2019_12_11_09_54_27_546 1576079667546 10621 10599 641 315.4  
2019_12_11_09_54_27_584 1576079667584 10659 10637 325 159.744  
2019_12_11_09_54_27_609 1576079667609 10684 10662 176 87.3733  
2019_12_11_09_54_27_645 1576079667645 10720 10698 680 334.815  
2019_12_11_09_54_27_678 1576079667678 10753 10731 192 95.1131  
2019_12_11_09_54_27_693 1576079667693 10768 10746 197 97.5334  
2019_12_11_09_54_27_712 1576079667712 10787 10765 116 58.4162  
2019_12_11_09_54_27_713 1576079667713 10788 10766 1213 604.668  
2019_12_11_09_54_27_726 1576079667726 10801 10779 456 223.914  
2019_12_11_09_54_27_781 1576079667781 10856 10834 158 78.675  
2019_12_11_09_54_27_786 1576079667786 10861 10839 349 171.462  
2019_12_11_09_54_27_813 1576079667813 10888 10866 339 166.577  
2019_12_11_09_54_27_846 1576079667846 10921 10899 559 274.724  
2019_12_11_09_54_27_854 1576079667854 10929 10907 154 76.7433  
2019_12_11_09_54_27_861 1576079667861 10936 10913 251 123.719  
2019_12_11_09_54_27_954 1576079667954 11029 11006 119 59.8615  
2019_12_11_09_54_27_974 1576079667974 11049 11026 119 59.8615  
2019_12_11_09_54_28_002 1576079668002 11077 11054 194 96.0811  
2019_12_11_09_54_28_026 1576079668026 11101 11078 252 124.205  
2019_12_11_09_54_28_053 1576079668053 11128 11105 232 114.496  
2019_12_11_09_54_28_090 1576079668090 11165 11142 1224 610.325  
2019_12_11_09_54_28_152 1576079668152 11227 11204 132 66.1277  
2019_12_11_09_54_28_180 1576079668180 11255 11232 537 263.845  
2019_12_11_09_54_28_185 1576079668185 11260 11237 348 170.973  
2019_12_11_09_54_28_215 1576079668215 11290 11267 240 118.378  
2019_12_11_09_54_28_218 1576079668218 11293 11270 482 236.71  
2019_12_11_09_54_28_219 1576079668219 11294 11271 265 130.522  
2019_12_11_09_54_28_244 1576079668244 11319 11296 222 109.646  
2019_12_11_09_54_28_257 1576079668257 11332 11309 138 69.0214  
2019_12_11_09_54_28_263 1576079668263 11338 11315 267 131.495  
2019_12_11_09_54_28_312 1576079668312 11387 11364 94 47.8253  
2019_12_11_09_54_28_313 1576079668313 11388 11364 280 137.818  
2019_12_11_09_54_28_338 1576079668338 11413 11389 517 253.968  
2019_12_11_09_54_28_357 1576079668357 11432 11408 2697 1400.26  
2019_12_11_09_54_28_358 1576079668358 11433 11409 174 86.4063  
2019_12_11_09_54_28_361 1576079668361 11436 11412 299 147.068  
2019_12_11_09_54_28_366 1576079668366 11441 11417 103 52.1562  
2019_12_11_09_54_28_384 1576079668384 11459 11435 850 419.972  
2019_12_11_09_54_28_421 1576079668421 11496 11472 845 417.455  
2019_12_11_09_54_28_471 1576079668471 11546 11522 330 162.184  
2019_12_11_09_54_28_490 1576079668490 11565 11541 778 383.801  
2019_12_11_09_54_28_543 1576079668543 11618 11594 486 238.681  
2019_12_11_09_54_28_554 1576079668554 11629 11605 181 89.7911  
2019_12_11_09_54_28_733 1576079668733 11808 11784 73 37.7291  
2019_12_11_09_54_28_736 1576079668736 11811 11787 351 172.439  
2019_12_11_09_54_28_743 1576079668743 11818 11794 329 161.696  
2019_12_11_09_54_28_752 1576079668752 11827 11803 682 335.812  
2019_12_11_09_54_28_769 1576079668769 11844 11820 716 352.777  
2019_12_11_09_54_28_770 1576079668770 11845 11820 137 68.5391  
2019_12_11_09_54_28_791 1576079668791 11866 11841 230 113.526  
2019_12_11_09_54_28_825 1576079668825 11900 11875 119 59.8615  
2019_12_11_09_54_28_826 1576079668826 11901 11876 59 31.0056  
2019_12_11_09_54_28_846 1576079668846 11921 11896 397 194.95  
2019_12_11_09_54_28_886 1576079668886 11961 11936 275 135.385  
2019_12_11_09_54_28_914 1576079668914 11989 11964 1317 658.301  
2019_12_11_09_54_28_915 1576079668915 11990 11965 4095 2209.31  
2019_12_11_09_54_28_972 1576079668972 12047 12022 1805 914.238  
2019_12_11_09_54_28_977 1576079668977 12052 12027 81 41.5738  
2019_12_11_09_54_29_040 1576079669040 12115 12090 129 64.6812  
2019_12_11_09_54_29_148 1576079669148 12223 12198 1352 676.423  
2019_12_11_09_54_29_154 1576079669154 12229 12204 213 105.283  
2019_12_11_09_54_29_212 1576079669212 12287 12262 168 83.5062  
2019_12_11_09_54_29_222 1576079669222 12297 12272 145 72.3988  
2019_12_11_09_54_29_273 1576079669273 12348 12323 233 114.981  
2019_12_11_09_54_29_321 1576079669321 12396 12371 150 74.8121  
2019_12_11_09_54_29_350 1576079669350 12425 12400 331 162.672  
2019_12_11_09_54_29_419 1576079669419 12494 12468 277 136.358  
2019_12_11_09_54_29_440 1576079669440 12515 12489 693 341.297  
2019_12_11_09_54_29_448 1576079669448 12523 12497 219 108.191  
2019_12_11_09_54_29_514 1576079669514 12589 12563 561 275.714  
2019_12_11_09_54_29_540 1576079669540 12615 12589 83 42.5352  
2019_12_11_09_54_29_588 1576079669588 12663 12637 249 122.748  
2019_12_11_09_54_29_589 1576079669589 12664 12638 350 171.951  
2019_12_11_09_54_29_592 1576079669592 12667 12641 1001 496.328  
2019_12_11_09_54_29_593 1576079669593 12668 12642 173 85.9229  
2019_12_11_09_54_29_616 1576079669616 12691 12665 278 136.845  
2019_12_11_09_54_29_621 1576079669621 12696 12670 397 194.95  
2019_12_11_09_54_29_646 1576079669646 12721 12695 180 89.3075  
2019_12_11_09_54_29_701 1576079669701 12776 12750 265 130.522  
2019_12_11_09_54_29_710 1576079669710 12785 12759 135 67.5744  
2019_12_11_09_54_29_711 1576079669711 12786 12760 264 130.036  
2019_12_11_09_54_29_718 1576079669718 12793 12767 843 416.449  
2019_12_11_09_54_29_759 1576079669759 12834 12808 427 209.664  
2019_12_11_09_54_29_795 1576079669795 12870 12843 232 114.496  
2019_12_11_09_54_29_801 1576079669801 12876 12849 626 307.944  
2019_12_11_09_54_29_853 1576079669853 12928 12901 1905 967.554  
2019_12_11_09_54_29_860 1576079669860 12935 12908 237 116.922  
2019_12_11_09_54_29_903 1576079669903 12978 12951 288 141.711  
2019_12_11_09_54_29_913 1576079669913 12988 12961 159 79.1579  
2019_12_11_09_54_29_914 1576079669914 12989 12962 1945 988.963  
2019_12_11_09_54_29_959 1576079669959 13034 13007 260 128.092  
2019_12_11_09_54_29_960 1576079669960 13035 13008 400 196.42  
2019_12_11_09_54_29_962 1576079669962 13037 13010 63 32.926  
2019_12_11_09_54_29_997 1576079669997 13072 13045 236 116.437  
2019_12_11_09_54_30_049 1576079670049 13124 13097 152 75.7777  
2019_12_11_09_54_30_144 1576079670144 13219 13192 169 83.9894  
2019_12_11_09_54_30_152 1576079670152 13227 13200 250 123.234  
2019_12_11_09_54_30_426 1576079670426 13501 13474 542 266.317  
2019_12_11_09_54_30_427 1576079670427 13502 13475 173 85.9229  
2019_12_11_09_54_30_428 1576079670428 13503 13476 848 418.965  
2019_12_11_09_54_30_428 1576079670428 13503 13475 269 132.467  
2019_12_11_09_54_30_428 1576079670428 13503 13475 644 316.892  
2019_12_11_09_54_30_428 1576079670428 13503 13475 525 257.917  
2019_12_11_09_54_30_428 1576079670428 13503 13475 174 86.4063  
2019_12_11_09_54_30_482 1576079670482 13557 13529 565 277.694  
2019_12_11_09_54_30_486 1576079670486 13561 13533 877 433.576  
2019_12_11_09_54_30_565 1576079670565 13640 13612 775 382.298  
2019_12_11_09_54_30_663 1576079670663 13738 13710 276 135.872  
2019_12_11_09_54_30_731 1576079670731 13806 13778 369 181.24  
2019_12_11_09_54_30_739 1576079670739 13814 13786 778 383.801  
2019_12_11_09_54_30_749 1576079670749 13824 13796 1519 763.388  
2019_12_11_09_54_30_786 1576079670786 13861 13833 2763 1437.15  
2019_12_11_09_54_30_818 1576079670818 13893 13865 359 176.35  
2019_12_11_09_54_30_901 1576079670901 13976 13948 282 138.791  
2019_12_11_09_54_30_930 1576079670930 14005 13977 494 242.623  
2019_12_11_09_54_30_955 1576079670955 14030 14002 300 147.555  
2019_12_11_09_54_30_964 1576079670964 14039 14011 577 283.636  
2019_12_11_09_54_30_981 1576079670981 14056 14027 54 28.6058  
2019_12_11_09_54_30_995 1576079670995 14070 14041 396 194.46  
2019_12_11_09_54_31_012 1576079671012 14087 14058 68 35.3272  
2019_12_11_09_54_31_101 1576079671101 14176 14147 185 91.726  
2019_12_11_09_54_31_172 1576079671172 14247 14218 152 75.7777  
2019_12_11_09_54_31_194 1576079671194 14269 14240 1388 695.1  
2019_12_11_09_54_31_211 1576079671211 14286 14257 97 49.2687  
2019_12_11_09_54_31_250 1576079671250 14325 14296 371 182.219  
2019_12_11_09_54_31_252 1576079671252 14327 14298 92 46.8632  
2019_12_11_09_54_31_265 1576079671265 14340 14311 209 103.345  
2019_12_11_09_54_31_276 1576079671276 14351 14322 248 122.262  
2019_12_11_09_54_31_303 1576079671303 14378 14349 2283 1171.76  
2019_12_11_09_54_31_330 1576079671330 14405 14376 334 164.136  
2019_12_11_09_54_31_336 1576079671336 14411 14382 473 232.278  
2019_12_11_09_54_31_346 1576079671346 14421 14392 1341 670.724  
2019_12_11_09_54_31_356 1576079671356 14431 14402 410 201.323  
2019_12_11_09_54_31_423 1576079671423 14498 14469 276 135.872  
2019_12_11_09_54_31_439 1576079671439 14514 14484 711 350.28  
2019_12_11_09_54_31_494 1576079671494 14569 14539 287 141.224  
2019_12_11_09_54_31_514 1576079671514 14589 14559 4095 2209.31  
2019_12_11_09_54_31_545 1576079671545 14620 14590 1175 585.15  
2019_12_11_09_54_31_579 1576079671579 14654 14624 2270 1164.66  
2019_12_11_09_54_31_639 1576079671639 14714 14684 301 148.042  
2019_12_11_09_54_31_650 1576079671650 14725 14695 142 70.9512  
2019_12_11_09_54_31_687 1576079671687 14762 14732 749 369.276  
2019_12_11_09_54_31_704 1576079671704 14779 14749 1254 625.773  
2019_12_11_09_54_31_779 1576079671779 14854 14824 307 150.966  
2019_12_11_09_54_31_780 1576079671780 14855 14825 258 127.12  
2019_12_11_09_54_31_806 1576079671806 14881 14851 646 317.887  
2019_12_11_09_54_31_846 1576079671846 14921 14891 1310 654.681  
2019_12_11_09_54_31_923 1576079671923 14998 14968 566 278.189  
2019_12_11_09_54_31_924 1576079671924 14999 14969 1874 950.994  
2019_12_11_09_54_31_938 1576079671938 15013 14983 491 241.144  
2019_12_11_09_54_31_943 1576079671943 15018 14988 301 148.042  
2019_12_11_09_54_31_962 1576079671962 15037 15007 216 106.737  
2019_12_11_09_54_31_980 1576079671980 15055 15024 210 103.829  
2019_12_11_09_54_32_042 1576079672042 15117 15086 480 235.725  
2019_12_11_09_54_32_048 1576079672048 15123 15092 910 450.231  
2019_12_11_09_54_32_053 1576079672053 15128 15097 312 153.403  
2019_12_11_09_54_32_060 1576079672060 15135 15104 1384 693.023  
2019_12_11_09_54_32_109 1576079672109 15184 15153 592 291.07  
2019_12_11_09_54_32_151 1576079672151 15226 15195 130 65.1633  
2019_12_11_09_54_32_193 1576079672193 15268 15237 281 138.304  
2019_12_11_09_54_32_210 1576079672210 15285 15254 468 229.817  
2019_12_11_09_54_32_335 1576079672335 15410 15379 279 137.331  
2019_12_11_09_54_32_370 1576079672370 15445 15414 187 92.6936  
2019_12_11_09_54_32_479 1576079672479 15554 15523 64 33.4062  
2019_12_11_09_54_32_526 1576079672526 15601 15570 660 324.853  
2019_12_11_09_54_32_532 1576079672532 15607 15576 220 108.676  
2019_12_11_09_54_32_558 1576079672558 15633 15602 362 177.817  
2019_12_11_09_54_32_559 1576079672559 15634 15603 153 76.2605  
2019_12_11_09_54_32_572 1576079672572 15647 15616 630 309.932  
2019_12_11_09_54_32_588 1576079672588 15663 15631 147 73.3641  
2019_12_11_09_54_32_616 1576079672616 15691 15659 317 155.841  
2019_12_11_09_54_32_623 1576079672623 15698 15666 141 70.4687  
2019_12_11_09_54_32_633 1576079672633 15708 15676 524 257.423  
2019_12_11_09_54_32_689 1576079672689 15764 15732 329 161.696  
2019_12_11_09_54_32_706 1576079672706 15781 15749 365 179.284  
2019_12_11_09_54_32_741 1576079672741 15816 15784 1131 562.605  
2019_12_11_09_54_32_799 1576079672799 15874 15842 250 123.234  
2019_12_11_09_54_32_833 1576079672833 15908 15876 4095 2209.31  
2019_12_11_09_54_32_839 1576079672839 15914 15882 1297 647.962  
2019_12_11_09_54_32_879 1576079672879 15954 15922 806 397.85  
2019_12_11_09_54_32_937 1576079672937 16012 15980 622 305.957  
2019_12_11_09_54_32_991 1576079672991 16066 16034 324 159.256  
2019_12_11_09_54_32_992 1576079672992 16067 16035 131 65.6455  
2019_12_11_09_54_32_993 1576079672993 16068 16036 1030 511.07  
2019_12_11_09_54_33_014 1576079673014 16089 16057 495 243.116  
2019_12_11_09_54_33_056 1576079673056 16131 16099 79 40.6124  
2019_12_11_09_54_33_074 1576079673074 16149 16116 415 203.775  
2019_12_11_09_54_33_092 1576079673092 16167 16134 509 250.02  
2019_12_11_09_54_33_093 1576079673093 16168 16135 250 123.234  
2019_12_11_09_54_33_106 1576079673106 16181 16148 760 374.783  
2019_12_11_09_54_33_249 1576079673249 16324 16291 473 232.278  
2019_12_11_09_54_33_271 1576079673271 16346 16313 409 200.833  
2019_12_11_09_54_33_274 1576079673274 16349 16316 489 240.159  
2019_12_11_09_54_33_277 1576079673277 16352 16319 163 81.0902  
2019_12_11_09_54_33_290 1576079673290 16365 16332 171 84.9561  
2019_12_11_09_54_33_341 1576079673341 16416 16383 557 273.735  
2019_12_11_09_54_33_344 1576079673344 16419 16386 181 89.7911  
2019_12_11_09_54_33_392 1576079673392 16467 16434 193 95.5971  
2019_12_11_09_54_33_405 1576079673405 16480 16447 196 97.0493  
2019_12_11_09_54_33_419 1576079673419 16494 16461 330 162.184  
2019_12_11_09_54_33_424 1576079673424 16499 16466 184 91.2422  
2019_12_11_09_54_33_425 1576079673425 16500 16467 589 289.583  
2019_12_11_09_54_33_468 1576079673468 16543 16510 311 152.916  
2019_12_11_09_54_33_521 1576079673521 16596 16562 472 231.786  
2019_12_11_09_54_33_545 1576079673545 16620 16586 378 185.644  
2019_12_11_09_54_33_554 1576079673554 16629 16595 523 256.93  
2019_12_11_09_54_33_571 1576079673571 16646 16612 552 271.261  
2019_12_11_09_54_33_579 1576079673579 16654 16620 778 383.801  
2019_12_11_09_54_33_608 1576079673608 16683 16649 222 109.646  
2019_12_11_09_54_33_620 1576079673620 16695 16661 150 74.8121  
2019_12_11_09_54_33_645 1576079673645 16720 16686 686 337.806  
2019_12_11_09_54_33_676 1576079673676 16751 16717 300 147.555  
2019_12_11_09_54_33_681 1576079673681 16756 16722 155 77.2262  
2019_12_11_09_54_33_709 1576079673709 16784 16750 206 101.892  
2019_12_11_09_54_33_726 1576079673726 16801 16767 377 185.155  
2019_12_11_09_54_33_747 1576079673747 16822 16788 270 132.953  
2019_12_11_09_54_33_755 1576079673755 16830 16796 285 140.251  
2019_12_11_09_54_33_756 1576079673756 16831 16797 525 257.917  
2019_12_11_09_54_33_757 1576079673757 16832 16798 251 123.719  
2019_12_11_09_54_33_764 1576079673764 16839 16805 275 135.385  
2019_12_11_09_54_33_767 1576079673767 16842 16807 635 312.417  
2019_12_11_09_54_33_813 1576079673813 16888 16853 200 98.9859  
2019_12_11_09_54_33_867 1576079673867 16942 16907 359 176.35  
2019_12_11_09_54_33_870 1576079673870 16945 16910 139 69.5038  
2019_12_11_09_54_33_872 1576079673872 16947 16912 284 139.764  
2019_12_11_09_54_33_935 1576079673935 17010 16975 1009 500.392  
2019_12_11_09_54_33_936 1576079673936 17011 16976 87 44.4585  
2019_12_11_09_54_33_959 1576079673959 17034 16999 231 114.011  
2019_12_11_09_54_34_019 1576079674019 17094 17059 523 256.93  
2019_12_11_09_54_34_021 1576079674021 17096 17061 172 85.4395  
2019_12_11_09_54_34_023 1576079674023 17098 17063 1316 657.784  
2019_12_11_09_54_34_036 1576079674036 17111 17076 456 223.914  
2019_12_11_09_54_34_046 1576079674046 17121 17086 227 112.07  
2019_12_11_09_54_34_072 1576079674072 17147 17112 198 98.0175  
2019_12_11_09_54_34_107 1576079674107 17182 17147 157 78.192  
2019_12_11_09_54_34_132 1576079674132 17207 17172 449 220.472  
2019_12_11_09_54_34_140 1576079674140 17215 17180 1000 495.82  
2019_12_11_09_54_34_142 1576079674142 17217 17182 454 222.93  
2019_12_11_09_54_34_144 1576079674144 17219 17183 557 273.735  
2019_12_11_09_54_34_155 1576079674155 17230 17194 683 336.311  
2019_12_11_09_54_34_199 1576079674199 17274 17238 292 143.659  
2019_12_11_09_54_34_227 1576079674227 17302 17266 1116 554.932  
2019_12_11_09_54_34_285 1576079674285 17360 17324 1286 642.281  
2019_12_11_09_54_34_302 1576079674302 17377 17341 254 125.177  
2019_12_11_09_54_34_384 1576079674384 17459 17423 772 380.794  
2019_12_11_09_54_34_391 1576079674391 17466 17430 499 245.088  
2019_12_11_09_54_34_392 1576079674392 17467 17431 428 210.155  
2019_12_11_09_54_34_394 1576079674394 17469 17433 1355 677.978  
2019_12_11_09_54_34_417 1576079674417 17492 17456 146 72.8814  
2019_12_11_09_54_34_443 1576079674443 17518 17482 349 171.462  
2019_12_11_09_54_34_444 1576079674444 17519 17483 766 377.788  
2019_12_11_09_54_34_466 1576079674466 17541 17505 137 68.5391  
2019_12_11_09_54_34_493 1576079674493 17568 17532 213 105.283  
2019_12_11_09_54_34_513 1576079674513 17588 17552 191 94.6291  
2019_12_11_09_54_34_518 1576079674518 17593 17557 614 301.985  
2019_12_11_09_54_34_520 1576079674520 17595 17558 690 339.801  
2019_12_11_09_54_34_524 1576079674524 17599 17562 418 205.247  
2019_12_11_09_54_34_529 1576079674529 17604 17567 1261 629.382  
2019_12_11_09_54_34_584 1576079674584 17659 17622 113 56.9711  
2019_12_11_09_54_34_605 1576079674605 17680 17643 1331 665.546  
2019_12_11_09_54_34_628 1576079674628 17703 17666 479 235.233  
2019_12_11_09_54_34_655 1576079674655 17730 17693 725 357.274  
2019_12_11_09_54_34_676 1576079674676 17751 17714 1426 714.857  
2019_12_11_09_54_34_705 1576079674705 17780 17743 166 82.5397  
2019_12_11_09_54_34_713 1576079674713 17788 17751 270 132.953  
2019_12_11_09_54_34_722 1576079674722 17797 17760 237 116.922  
2019_12_11_09_54_34_729 1576079674729 17804 17767 1089 541.138  
2019_12_11_09_54_34_732 1576079674732 17807 17770 242 119.349  
2019_12_11_09_54_34_734 1576079674734 17809 17772 156 77.7091  
2019_12_11_09_54_34_736 1576079674736 17811 17774 1308 653.647  
2019_12_11_09_54_34_748 1576079674748 17823 17786 1046 519.214  
2019_12_11_09_54_34_749 1576079674749 17824 17787 1159 576.945  
2019_12_11_09_54_34_756 1576079674756 17831 17793 263 129.55  
2019_12_11_09_54_34_758 1576079674758 17833 17795 155 77.2262  
2019_12_11_09_54_34_772 1576079674772 17847 17809 109 55.0448  
2019_12_11_09_54_34_780 1576079674780 17855 17817 498 244.595  
2019_12_11_09_54_34_802 1576079674802 17877 17839 2351 1208.94  
2019_12_11_09_54_34_830 1576079674830 17905 17867 758 373.781  
2019_12_11_09_54_34_831 1576079674831 17906 17868 434 213.102  
2019_12_11_09_54_34_855 1576079674855 17930 17892 196 97.0493  
2019_12_11_09_54_34_856 1576079674856 17931 17893 379 186.134  
2019_12_11_09_54_34_893 1576079674893 17968 17930 301 148.042  
2019_12_11_09_54_34_919 1576079674919 17994 17956 317 155.841  
2019_12_11_09_54_34_928 1576079674928 18003 17965 387 190.051  
2019_12_11_09_54_34_957 1576079674957 18032 17994 208 102.861  
2019_12_11_09_54_34_961 1576079674961 18036 17998 447 219.489  
2019_12_11_09_54_34_981 1576079674981 18056 18018 479 235.233  
2019_12_11_09_54_34_987 1576079674987 18062 18024 225 111.1  
2019_12_11_09_54_34_988 1576079674988 18063 18025 1246 621.651  
2019_12_11_09_54_35_002 1576079675002 18077 18038 347 170.485  
2019_12_11_09_54_35_003 1576079675003 18078 18039 849 419.469  
2019_12_11_09_54_35_006 1576079675006 18081 18042 280 137.818  
2019_12_11_09_54_35_017 1576079675017 18092 18053 281 138.304  
2019_12_11_09_54_35_027 1576079675027 18102 18063 1299 648.996  
2019_12_11_09_54_35_030 1576079675030 18105 18066 104 52.6376  
2019_12_11_09_54_35_032 1576079675032 18107 18068 342 168.042  
2019_12_11_09_54_35_055 1576079675055 18130 18091 942 466.413  
2019_12_11_09_54_35_083 1576079675083 18158 18119 372 182.708  
2019_12_11_09_54_35_090 1576079675090 18165 18126 162 80.6071  
2019_12_11_09_54_35_105 1576079675105 18180 18141 480 235.725  
2019_12_11_09_54_35_107 1576079675107 18182 18143 298 146.581  
2019_12_11_09_54_35_125 1576079675125 18200 18161 328 161.208  
2019_12_11_09_54_35_133 1576079675133 18208 18169 570 280.169  
2019_12_11_09_54_35_141 1576079675141 18216 18177 139 69.5038  
2019_12_11_09_54_35_153 1576079675153 18228 18189 917 453.769  
2019_12_11_09_54_35_220 1576079675220 18295 18256 534 262.363  
2019_12_11_09_54_35_242 1576079675242 18317 18277 135 67.5744  
2019_12_11_09_54_35_260 1576079675260 18335 18295 338 166.089  
2019_12_11_09_54_35_262 1576079675262 18337 18297 196 97.0493  
2019_12_11_09_54_35_300 1576079675300 18375 18335 320 157.305  
2019_12_11_09_54_35_302 1576079675302 18377 18337 1316 657.784  
2019_12_11_09_54_35_323 1576079675323 18398 18358 437 214.575  
2019_12_11_09_54_35_333 1576079675333 18408 18368 756 372.78  
2019_12_11_09_54_35_374 1576079675374 18449 18409 318 156.329  
2019_12_11_09_54_35_384 1576079675384 18459 18419 125 62.753  
2019_12_11_09_54_35_411 1576079675411 18486 18446 332 163.16  
2019_12_11_09_54_35_412 1576079675412 18487 18447 216 106.737  
2019_12_11_09_54_35_450 1576079675450 18525 18485 1055 523.798  
2019_12_11_09_54_35_456 1576079675456 18531 18491 1389 695.62  
2019_12_11_09_54_35_459 1576079675459 18534 18494 267 131.495  
2019_12_11_09_54_35_463 1576079675463 18538 18498 1343 671.76  
2019_12_11_09_54_35_479 1576079675479 18554 18514 454 222.93  
2019_12_11_09_54_35_484 1576079675484 18559 18519 157 78.192  
2019_12_11_09_54_35_510 1576079675510 18585 18545 1312 655.715  
2019_12_11_09_54_35_537 1576079675537 18612 18571 1288 643.313  
2019_12_11_09_54_35_541 1576079675541 18616 18575 363 178.306  
2019_12_11_09_54_35_543 1576079675543 18618 18577 529 259.893  
2019_12_11_09_54_35_553 1576079675553 18628 18587 1306 652.613  
2019_12_11_09_54_35_636 1576079675636 18711 18670 1368 684.719  
2019_12_11_09_54_35_640 1576079675640 18715 18674 697 343.293  
2019_12_11_09_54_35_643 1576079675643 18718 18677 300 147.555  
2019_12_11_09_54_35_658 1576079675658 18733 18692 2489 1284.82  
2019_12_11_09_54_35_671 1576079675671 18746 18705 224 110.616  
2019_12_11_09_54_35_687 1576079675687 18762 18721 343 168.531  
2019_12_11_09_54_35_718 1576079675718 18793 18752 1361 681.089  
2019_12_11_09_54_35_762 1576079675762 18837 18796 154 76.7433  
2019_12_11_09_54_35_791 1576079675791 18866 18825 1326 662.958  
2019_12_11_09_54_35_864 1576079675864 18939 18898 452 221.947  
2019_12_11_09_54_35_894 1576079675894 18969 18928 240 118.378  
2019_12_11_09_54_35_897 1576079675897 18972 18931 152 75.7777  
2019_12_11_09_54_35_898 1576079675898 18973 18932 253 124.691  
2019_12_11_09_54_35_899 1576079675899 18974 18932 695 342.295  
2019_12_11_09_54_35_976 1576079675976 19051 19009 95 48.3064  
2019_12_11_09_54_35_982 1576079675982 19057 19015 262 129.064  
2019_12_11_09_54_35_992 1576079675992 19067 19025 133 66.6099  
2019_12_11_09_54_35_994 1576079675994 19069 19027 516 253.474  
2019_12_11_09_54_36_010 1576079676010 19085 19043 1331 665.546  
2019_12_11_09_54_36_031 1576079676031 19106 19064 198 98.0175  
2019_12_11_09_54_36_037 1576079676037 19112 19070 201 99.4701  
2019_12_11_09_54_36_041 1576079676041 19116 19074 320 157.305  
2019_12_11_09_54_36_046 1576079676046 19121 19079 952 471.476  
2019_12_11_09_54_36_068 1576079676068 19143 19101 584 287.104  
2019_12_11_09_54_36_099 1576079676099 19174 19132 127 63.717  
2019_12_11_09_54_36_108 1576079676108 19183 19141 129 64.6812  
2019_12_11_09_54_36_149 1576079676149 19224 19182 337 165.601  
2019_12_11_09_54_36_164 1576079676164 19239 19197 348 170.973  
2019_12_11_09_54_36_168 1576079676168 19243 19201 317 155.841  
2019_12_11_09_54_36_221 1576079676221 19296 19254 437 214.575  
2019_12_11_09_54_36_224 1576079676224 19299 19256 961 476.036  
2019_12_11_09_54_36_233 1576079676233 19308 19265 550 270.272  
2019_12_11_09_54_36_235 1576079676235 19310 19267 2015 1026.54  
2019_12_11_09_54_36_238 1576079676238 19313 19270 1355 677.978  
2019_12_11_09_54_36_259 1576079676259 19334 19291 1023 507.509  
2019_12_11_09_54_36_305 1576079676305 19380 19337 1343 671.76  
2019_12_11_09_54_36_309 1576079676309 19384 19341 4095 2209.31  
2019_12_11_09_54_36_313 1576079676313 19388 19345 260 128.092  
2019_12_11_09_54_36_315 1576079676315 19390 19347 392 192.5  
2019_12_11_09_54_36_320 1576079676320 19395 19352 1327 663.475  
2019_12_11_09_54_36_330 1576079676330 19405 19362 213 105.283  
2019_12_11_09_54_36_331 1576079676331 19406 19363 418 205.247  
2019_12_11_09_54_36_353 1576079676353 19428 19385 146 72.8814  
2019_12_11_09_54_36_377 1576079676377 19452 19409 475 233.263  
2019_12_11_09_54_36_405 1576079676405 19480 19437 226 111.585  
2019_12_11_09_54_36_411 1576079676411 19486 19443 479 235.233  
2019_12_11_09_54_36_420 1576079676420 19495 19452 316 155.354  
2019_12_11_09_54_36_427 1576079676427 19502 19458 788 388.816  
2019_12_11_09_54_36_443 1576079676443 19518 19474 727 358.273  
2019_12_11_09_54_36_455 1576079676455 19530 19486 410 201.323  
2019_12_11_09_54_36_483 1576079676483 19558 19514 308 151.453  
2019_12_11_09_54_36_492 1576079676492 19567 19523 274 134.899  
2019_12_11_09_54_36_507 1576079676507 19582 19538 581 285.618  
2019_12_11_09_54_36_508 1576079676508 19583 19539 188 93.1774  
2019_12_11_09_54_36_538 1576079676538 19613 19569 1248 622.682  
2019_12_11_09_54_36_595 1576079676595 19670 19626 418 205.247  
2019_12_11_09_54_36_611 1576079676611 19686 19642 183 90.7585  
2019_12_11_09_54_36_640 1576079676640 19715 19671 282 138.791  
2019_12_11_09_54_36_641 1576079676641 19716 19672 143 71.4337  
2019_12_11_09_54_36_654 1576079676654 19729 19685 326 160.232  
2019_12_11_09_54_36_657 1576079676657 19732 19688 482 236.71  
2019_12_11_09_54_36_666 1576079676666 19741 19697 811 400.361  
2019_12_11_09_54_36_684 1576079676684 19759 19715 163 81.0902  
2019_12_11_09_54_36_700 1576079676700 19775 19731 1310 654.681  
2019_12_11_09_54_36_706 1576079676706 19781 19736 1325 662.44  
2019_12_11_09_54_36_718 1576079676718 19793 19748 127 63.717  
2019_12_11_09_54_36_726 1576079676726 19801 19756 122 61.3071  
2019_12_11_09_54_36_734 1576079676734 19809 19764 1311 655.198  
2019_12_11_09_54_36_737 1576079676737 19812 19767 240 118.378  
2019_12_11_09_54_36_739 1576079676739 19814 19769 176 87.3733  
2019_12_11_09_54_36_741 1576079676741 19816 19771 240 118.378  
2019_12_11_09_54_36_773 1576079676773 19848 19803 227 112.07  
2019_12_11_09_54_36_795 1576079676795 19870 19825 211 104.314  
2019_12_11_09_54_36_858 1576079676858 19933 19888 1395 698.736  
2019_12_11_09_54_36_859 1576079676859 19934 19889 616 302.978  
2019_12_11_09_54_36_893 1576079676893 19968 19923 312 153.403  
2019_12_11_09_54_36_900 1576079676900 19975 19930 442 217.032  
2019_12_11_09_54_36_911 1576079676911 19986 19941 1124 559.024  
2019_12_11_09_54_36_945 1576079676945 20020 19975 267 131.495  
2019_12_11_09_54_36_946 1576079676946 20021 19976 346 169.996  
2019_12_11_09_54_36_953 1576079676953 20028 19983 1307 653.13  
2019_12_11_09_54_36_970 1576079676970 20045 20000 337 165.601  
2019_12_11_09_54_36_993 1576079676993 20068 20022 1129 561.582  
2019_12_11_09_54_37_028 1576079677028 20103 20057 225 111.1  
2019_12_11_09_54_37_068 1576079677068 20143 20097 463 227.357  
2019_12_11_09_54_37_116 1576079677116 20191 20145 207 102.376  
2019_12_11_09_54_37_179 1576079677179 20254 20208 263 129.55  
2019_12_11_09_54_37_203 1576079677203 20278 20232 441 216.54  
2019_12_11_09_54_37_227 1576079677227 20302 20256 189 93.6613  
2019_12_11_09_54_37_238 1576079677238 20313 20267 1231 613.927  
2019_12_11_09_54_37_244 1576079677244 20319 20273 299 147.068  
2019_12_11_09_54_37_263 1576079677263 20338 20292 854 421.986  
2019_12_11_09_54_37_277 1576079677277 20352 20306 176 87.3733  
2019_12_11_09_54_37_278 1576079677278 20353 20307 671 330.331  
2019_12_11_09_54_37_314 1576079677314 20389 20343 478 234.74  
2019_12_11_09_54_37_357 1576079677357 20432 20386 308 151.453  
2019_12_11_09_54_37_367 1576079677367 20442 20396 267 131.495  
2019_12_11_09_54_37_370 1576079677370 20445 20399 283 139.278  
2019_12_11_09_54_37_421 1576079677421 20496 20450 829 409.406  
2019_12_11_09_54_37_427 1576079677427 20502 20455 391 192.01  
2019_12_11_09_54_37_453 1576079677453 20528 20481 390 191.52  
2019_12_11_09_54_37_582 1576079677582 20657 20610 198 98.0175  
2019_12_11_09_54_37_622 1576079677622 20697 20650 121 60.8252  
2019_12_11_09_54_37_658 1576079677658 20733 20686 218 107.707  
2019_12_11_09_54_37_667 1576079677667 20742 20695 569 279.674  
2019_12_11_09_54_37_723 1576079677723 20798 20751 120 60.3434  
2019_12_11_09_54_37_761 1576079677761 20836 20789 90 45.9012  
2019_12_11_09_54_37_804 1576079677804 20879 20832 1777 899.363  
2019_12_11_09_54_37_810 1576079677810 20885 20838 1085 539.096  
2019_12_11_09_54_37_823 1576079677823 20898 20851 293 144.146  
2019_12_11_09_54_37_869 1576079677869 20944 20897 345 169.508  
2019_12_11_09_54_37_870 1576079677870 20945 20898 165 82.0565  
2019_12_11_09_54_37_920 1576079677920 20995 20948 292 143.659  
2019_12_11_09_54_37_921 1576079677921 20996 20949 494 242.623  
2019_12_11_09_54_37_940 1576079677940 21015 20968 285 140.251  
2019_12_11_09_54_37_945 1576079677945 21020 20973 116 58.4162  
2019_12_11_09_54_37_956 1576079677956 21031 20983 1371 686.276  
2019_12_11_09_54_37_968 1576079677968 21043 20995 900 445.181  
2019_12_11_09_54_37_986 1576079677986 21061 21013 279 137.331  
2019_12_11_09_54_38_038 1576079678038 21113 21065 490 240.651  
2019_12_11_09_54_38_060 1576079678060 21135 21087 286 140.738  
2019_12_11_09_54_38_113 1576079678113 21188 21140 173 85.9229  
2019_12_11_09_54_38_177 1576079678177 21252 21204 264 130.036  
2019_12_11_09_54_38_183 1576079678183 21258 21210 205 101.407  
2019_12_11_09_54_38_185 1576079678185 21260 21212 370 181.73  
2019_12_11_09_54_38_310 1576079678310 21385 21337 401 196.91  
2019_12_11_09_54_38_327 1576079678327 21402 21354 645 317.389  
2019_12_11_09_54_38_335 1576079678335 21410 21362 1354 677.46  
2019_12_11_09_54_38_378 1576079678378 21453 21405 241 118.864  
2019_12_11_09_54_38_428 1576079678428 21503 21455 2966 1551.44  
2019_12_11_09_54_38_491 1576079678491 21566 21518 408 200.342  
2019_12_11_09_54_38_576 1576079678576 21651 21603 306 150.479  
2019_12_11_09_54_38_602 1576079678602 21677 21629 223 110.131  
2019_12_11_09_54_38_624 1576079678624 21699 21650 1334 667.099  
2019_12_11_09_54_38_625 1576079678625 21700 21651 189 93.6613  
2019_12_11_09_54_38_651 1576079678651 21726 21677 373 183.197  
2019_12_11_09_54_38_670 1576079678670 21745 21696 896 443.161  
2019_12_11_09_54_38_732 1576079678732 21807 21758 285 140.251  
2019_12_11_09_54_38_747 1576079678747 21822 21773 389 191.031  
2019_12_11_09_54_38_750 1576079678750 21825 21776 198 98.0175  
2019_12_11_09_54_38_779 1576079678779 21854 21805 404 198.381  
2019_12_11_09_54_38_808 1576079678808 21883 21834 635 312.417  
2019_12_11_09_54_38_818 1576079678818 21893 21844 297 146.094  
2019_12_11_09_54_38_847 1576079678847 21922 21873 317 155.841  
2019_12_11_09_54_38_857 1576079678857 21932 21883 1218 607.239  
2019_12_11_09_54_38_858 1576079678858 21933 21884 171 84.9561  
2019_12_11_09_54_38_867 1576079678867 21942 21893 240 118.378  
2019_12_11_09_54_38_918 1576079678918 21993 21944 575 282.645  
2019_12_11_09_54_38_938 1576079678938 22013 21964 289 142.198  
2019_12_11_09_54_38_941 1576079678941 22016 21967 2464 1271.03  
2019_12_11_09_54_38_960 1576079678960 22035 21985 136 68.0567  
2019_12_11_09_54_38_975 1576079678975 22050 22000 131 65.6455  
2019_12_11_09_54_39_025 1576079679025 22100 22050 1497 751.884  
2019_12_11_09_54_39_065 1576079679065 22140 22090 151 75.2949  
2019_12_11_09_54_39_066 1576079679066 22141 22091 659 324.355  
2019_12_11_09_54_39_067 1576079679067 22142 22092 347 170.485  
2019_12_11_09_54_39_101 1576079679101 22176 22126 445 218.506  
2019_12_11_09_54_39_203 1576079679203 22278 22228 545 267.8  
2019_12_11_09_54_39_236 1576079679236 22311 22261 182 90.2748  
2019_12_11_09_54_39_283 1576079679283 22358 22308 338 166.089  
2019_12_11_09_54_39_358 1576079679358 22433 22383 360 176.839  
2019_12_11_09_54_39_369 1576079679369 22444 22394 145 72.3988  
2019_12_11_09_54_39_382 1576079679382 22457 22407 2235 1145.59  
2019_12_11_09_54_39_508 1576079679508 22583 22533 484 237.695  
2019_12_11_09_54_39_522 1576079679522 22597 22547 532 261.375  
2019_12_11_09_54_39_586 1576079679586 22661 22611 135 67.5744  
2019_12_11_09_54_39_656 1576079679656 22731 22681 199 98.5017  
2019_12_11_09_54_39_662 1576079679662 22737 22687 412 202.304  
2019_12_11_09_54_39_675 1576079679675 22750 22699 943 466.92  
2019_12_11_09_54_39_677 1576079679677 22752 22701 668 328.837  
2019_12_11_09_54_39_716 1576079679716 22791 22740 464 227.849  
2019_12_11_09_54_39_730 1576079679730 22805 22754 1089 541.138  
2019_12_11_09_54_39_755 1576079679755 22830 22779 131 65.6455  
2019_12_11_09_54_39_812 1576079679812 22887 22836 1367 684.2  
2019_12_11_09_54_39_831 1576079679831 22906 22855 292 143.659  
2019_12_11_09_54_39_845 1576079679845 22920 22869 237 116.922  
2019_12_11_09_54_39_864 1576079679864 22939 22888 282 138.791  
2019_12_11_09_54_39_879 1576079679879 22954 22903 331 162.672  
2019_12_11_09_54_39_882 1576079679882 22957 22906 507 249.033  
2019_12_11_09_54_39_919 1576079679919 22994 22943 191 94.6291  
2019_12_11_09_54_39_961 1576079679961 23036 22985 1011 501.409  
2019_12_11_09_54_39_970 1576079679970 23045 22994 1278 638.151  
2019_12_11_09_54_39_985 1576079679985 23060 23009 200 98.9859  
2019_12_11_09_54_40_018 1576079680018 23093 23042 452 221.947  
2019_12_11_09_54_40_051 1576079680051 23126 23075 327 160.72  
2019_12_11_09_54_40_083 1576079680083 23158 23106 601 295.533  
2019_12_11_09_54_40_121 1576079680121 23196 23144 114 57.4528  
2019_12_11_09_54_40_134 1576079680134 23209 23157 2556 1321.87  
2019_12_11_09_54_40_156 1576079680156 23231 23179 2263 1160.85  
2019_12_11_09_54_40_173 1576079680173 23248 23196 146 72.8814  
2019_12_11_09_54_40_191 1576079680191 23266 23214 286 140.738  
2019_12_11_09_54_40_215 1576079680215 23290 23238 1180 587.716  
2019_12_11_09_54_40_234 1576079680234 23309 23257 160 79.641  
2019_12_11_09_54_40_254 1576079680254 23329 23277 343 168.531  
2019_12_11_09_54_40_319 1576079680319 23394 23342 932 461.353  
2019_12_11_09_54_40_335 1576079680335 23410 23358 4095 2209.31  
2019_12_11_09_54_40_389 1576079680389 23464 23412 2573 1331.29  
2019_12_11_09_54_40_430 1576079680430 23505 23453 197 97.5334  
2019_12_11_09_54_40_437 1576079680437 23512 23460 413 202.794  
2019_12_11_09_54_40_440 1576079680440 23515 23463 342 168.042  
2019_12_11_09_54_40_537 1576079680537 23612 23560 122 61.3071  
2019_12_11_09_54_40_585 1576079680585 23660 23608 517 253.968  
2019_12_11_09_54_40_598 1576079680598 23673 23620 527 258.905  
2019_12_11_09_54_40_656 1576079680656 23731 23678 1062 527.365  
2019_12_11_09_54_40_731 1576079680731 23806 23753 2476 1277.65  
2019_12_11_09_54_40_736 1576079680736 23811 23758 479 235.233  
2019_12_11_09_54_40_739 1576079680739 23814 23761 386 189.561  
2019_12_11_09_54_40_780 1576079680780 23855 23802 185 91.726  
2019_12_11_09_54_40_957 1576079680957 24032 23979 225 111.1  
2019_12_11_09_54_41_027 1576079681027 24102 24049 142 70.9512  
2019_12_11_09_54_41_048 1576079681048 24123 24070 2859 1491.05  
2019_12_11_09_54_41_058 1576079681058 24133 24080 352 172.928  
2019_12_11_09_54_41_163 1576079681163 24238 24185 278 136.845  
2019_12_11_09_54_41_164 1576079681164 24239 24186 703 346.287  
2019_12_11_09_54_41_189 1576079681189 24264 24211 468 229.817  
2019_12_11_09_54_41_201 1576079681201 24276 24223 434 213.102  
2019_12_11_09_54_41_207 1576079681207 24282 24229 189 93.6613  
2019_12_11_09_54_41_222 1576079681222 24297 24244 217 107.222  
2019_12_11_09_54_41_259 1576079681259 24334 24281 293 144.146  
2019_12_11_09_54_41_274 1576079681274 24349 24295 489 240.159  
2019_12_11_09_54_41_308 1576079681308 24383 24329 539 264.834  
2019_12_11_09_54_41_309 1576079681309 24384 24330 211 104.314  
2019_12_11_09_54_41_332 1576079681332 24407 24353 232 114.496  
2019_12_11_09_54_41_365 1576079681365 24440 24386 111 56.0079  
2019_12_11_09_54_41_380 1576079681380 24455 24401 1333 666.581  
2019_12_11_09_54_41_452 1576079681452 24527 24473 2586 1338.5  
2019_12_11_09_54_41_454 1576079681454 24529 24475 269 132.467  
2019_12_11_09_54_41_485 1576079681485 24560 24506 544 267.305  
2019_12_11_09_54_41_528 1576079681528 24603 24549 313 153.891  
2019_12_11_09_54_41_533 1576079681533 24608 24554 274 134.899  
2019_12_11_09_54_41_538 1576079681538 24613 24559 135 67.5744  
2019_12_11_09_54_41_561 1576079681561 24636 24582 209 103.345  
2019_12_11_09_54_41_588 1576079681588 24663 24609 179 88.8239  
2019_12_11_09_54_41_594 1576079681594 24669 24615 129 64.6812  
2019_12_11_09_54_41_598 1576079681598 24673 24619 306 150.479  
2019_12_11_09_54_41_599 1576079681599 24674 24620 815 402.37  
2019_12_11_09_54_41_674 1576079681674 24749 24694 1189 592.336  
2019_12_11_09_54_41_763 1576079681763 24838 24783 1434 719.021  
2019_12_11_09_54_41_792 1576079681792 24867 24812 1146 570.285  
2019_12_11_09_54_41_798 1576079681798 24873 24818 95 48.3064  
2019_12_11_09_54_41_799 1576079681799 24874 24819 245 120.805  
2019_12_11_09_54_41_921 1576079681921 24996 24941 244 120.32  
2019_12_11_09_54_41_927 1576079681927 25002 24947 118 59.3797  
