1576080941745 2019_12_11_10_15_41_745 2.734449 0.478300  0.000014786
2019_12_11_10_15_42_459 1576080942459 714 713 139 69.5038  
2019_12_11_10_15_42_460 1576080942460 715 714 163 81.0902  
2019_12_11_10_15_42_461 1576080942461 716 715 158 78.675  
2019_12_11_10_15_42_461 1576080942461 716 715 527 258.905  
2019_12_11_10_15_42_461 1576080942461 716 715 272 133.926  
2019_12_11_10_15_42_461 1576080942461 716 715 314 154.378  
2019_12_11_10_15_42_461 1576080942461 716 715 538 264.339  
2019_12_11_10_15_42_461 1576080942461 716 715 113 56.9711  
2019_12_11_10_15_42_462 1576080942462 717 716 913 451.747  
2019_12_11_10_15_42_462 1576080942462 717 716 171 84.9561  
2019_12_11_10_15_42_462 1576080942462 717 716 343 168.531  
2019_12_11_10_15_42_462 1576080942462 717 716 232 114.496  
2019_12_11_10_15_42_462 1576080942462 717 716 504 247.553  
2019_12_11_10_15_42_462 1576080942462 717 716 262 129.064  
2019_12_11_10_15_42_462 1576080942462 717 716 729 359.273  
2019_12_11_10_15_42_462 1576080942462 717 716 201 99.4701  
2019_12_11_10_15_42_462 1576080942462 717 716 912 451.242  
2019_12_11_10_15_42_463 1576080942463 718 716 226 111.585  
2019_12_11_10_15_42_463 1576080942463 718 716 830 409.909  
2019_12_11_10_15_42_463 1576080942463 718 716 2390 1230.33  
2019_12_11_10_15_42_463 1576080942463 718 716 202 99.9544  
2019_12_11_10_15_42_463 1576080942463 718 716 425 208.683  
2019_12_11_10_15_42_463 1576080942463 718 716 442 217.032  
2019_12_11_10_15_42_463 1576080942463 718 716 454 222.93  
2019_12_11_10_15_42_463 1576080942463 718 716 127 63.717  
2019_12_11_10_15_42_463 1576080942463 718 716 170 84.4728  
2019_12_11_10_15_42_464 1576080942464 719 717 260 128.092  
2019_12_11_10_15_42_464 1576080942464 719 717 445 218.506  
2019_12_11_10_15_42_464 1576080942464 719 717 222 109.646  
2019_12_11_10_15_42_464 1576080942464 719 717 504 247.553  
2019_12_11_10_15_42_464 1576080942464 719 717 94 47.8253  
2019_12_11_10_15_42_464 1576080942464 719 717 79 40.6124  
2019_12_11_10_15_42_464 1576080942464 719 717 227 112.07  
2019_12_11_10_15_42_464 1576080942464 719 717 52 27.646  
2019_12_11_10_15_42_525 1576080942525 780 777 2772 1442.2  
2019_12_11_10_15_42_586 1576080942586 841 838 239 117.893  
2019_12_11_10_15_42_613 1576080942613 868 865 248 122.262  
2019_12_11_10_15_42_621 1576080942621 876 873 383 188.092  
2019_12_11_10_15_42_655 1576080942655 910 907 3160 1661.81  
2019_12_11_10_15_42_671 1576080942671 926 923 388 190.541  
2019_12_11_10_15_42_681 1576080942681 936 933 377 185.155  
2019_12_11_10_15_42_684 1576080942684 939 936 457 224.406  
2019_12_11_10_15_42_687 1576080942687 942 939 479 235.233  
2019_12_11_10_15_42_725 1576080942725 980 977 320 157.305  
2019_12_11_10_15_42_732 1576080942732 987 984 557 273.735  
2019_12_11_10_15_42_786 1576080942786 1041 1038 110 55.5264  
2019_12_11_10_15_42_821 1576080942821 1076 1073 362 177.817  
2019_12_11_10_15_42_924 1576080942924 1179 1176 434 213.102  
2019_12_11_10_15_42_993 1576080942993 1248 1245 1215 605.696  
2019_12_11_10_15_43_051 1576080943051 1306 1303 766 377.788  
2019_12_11_10_15_43_077 1576080943077 1332 1329 411 201.813  
2019_12_11_10_15_43_104 1576080943104 1359 1355 125 62.753  
2019_12_11_10_15_43_129 1576080943129 1384 1380 182 90.2748  
2019_12_11_10_15_43_183 1576080943183 1438 1434 263 129.55  
2019_12_11_10_15_43_310 1576080943310 1565 1561 249 122.748  
2019_12_11_10_15_43_329 1576080943329 1584 1580 385 189.072  
2019_12_11_10_15_43_330 1576080943330 1585 1581 686 337.806  
2019_12_11_10_15_43_336 1576080943336 1591 1587 251 123.719  
2019_12_11_10_15_43_365 1576080943365 1620 1616 484 237.695  
2019_12_11_10_15_43_377 1576080943377 1632 1628 987 489.22  
2019_12_11_10_15_43_378 1576080943378 1633 1629 282 138.791  
2019_12_11_10_15_43_484 1576080943484 1739 1735 365 179.284  
2019_12_11_10_15_43_487 1576080943487 1742 1738 437 214.575  
2019_12_11_10_15_43_498 1576080943498 1753 1749 290 142.685  
2019_12_11_10_15_43_583 1576080943583 1838 1834 186 92.2098  
2019_12_11_10_15_43_611 1576080943611 1866 1862 294 144.633  
2019_12_11_10_15_43_619 1576080943619 1874 1870 378 185.644  
2019_12_11_10_15_43_696 1576080943696 1951 1947 638 313.908  
2019_12_11_10_15_43_764 1576080943764 2019 2014 188 93.1774  
2019_12_11_10_15_43_774 1576080943774 2029 2024 682 335.812  
2019_12_11_10_15_43_790 1576080943790 2045 2040 356 174.883  
2019_12_11_10_15_43_831 1576080943831 2086 2081 1053 522.779  
2019_12_11_10_15_43_835 1576080943835 2090 2085 311 152.916  
2019_12_11_10_15_43_881 1576080943881 2136 2131 734 361.773  
2019_12_11_10_15_43_888 1576080943888 2143 2138 129 64.6812  
2019_12_11_10_15_43_935 1576080943935 2190 2185 574 282.15  
2019_12_11_10_15_43_936 1576080943936 2191 2186 300 147.555  
2019_12_11_10_15_43_952 1576080943952 2207 2202 4095 2209.31  
2019_12_11_10_15_44_213 1576080944213 2468 2463 276 135.872  
2019_12_11_10_15_44_214 1576080944214 2469 2464 427 209.664  
2019_12_11_10_15_44_215 1576080944215 2470 2465 264 130.036  
2019_12_11_10_15_44_236 1576080944236 2491 2486 310 152.428  
2019_12_11_10_15_44_272 1576080944272 2527 2522 231 114.011  
2019_12_11_10_15_44_303 1576080944303 2558 2553 179 88.8239  
2019_12_11_10_15_44_378 1576080944378 2633 2628 757 373.28  
2019_12_11_10_15_44_408 1576080944408 2663 2658 1337 668.652  
2019_12_11_10_15_44_423 1576080944423 2678 2672 209 103.345  
2019_12_11_10_15_44_484 1576080944484 2739 2733 182 90.2748  
2019_12_11_10_15_44_501 1576080944501 2756 2750 865 427.527  
2019_12_11_10_15_44_713 1576080944713 2968 2962 70 36.2879  
2019_12_11_10_15_44_758 1576080944758 3013 3007 461 226.373  
2019_12_11_10_15_44_765 1576080944765 3020 3014 257 126.634  
2019_12_11_10_15_44_772 1576080944772 3027 3021 4095 2209.31  
2019_12_11_10_15_44_815 1576080944815 3070 3064 1322 660.888  
2019_12_11_10_15_44_904 1576080944904 3159 3153 221 109.161  
2019_12_11_10_15_44_914 1576080944914 3169 3163 172 85.4395  
2019_12_11_10_15_44_943 1576080944943 3198 3192 1072 532.464  
2019_12_11_10_15_45_030 1576080945030 3285 3279 119 59.8615  
2019_12_11_10_15_45_031 1576080945031 3286 3280 1327 663.475  
2019_12_11_10_15_45_033 1576080945033 3288 3282 366 179.773  
2019_12_11_10_15_45_063 1576080945063 3318 3312 570 280.169  
2019_12_11_10_15_45_146 1576080945146 3401 3395 117 58.898  
2019_12_11_10_15_45_170 1576080945170 3425 3419 121 60.8252  
2019_12_11_10_15_45_241 1576080945241 3496 3489 163 81.0902  
2019_12_11_10_15_45_249 1576080945249 3504 3497 348 170.973  
2019_12_11_10_15_45_342 1576080945342 3597 3590 405 198.871  
2019_12_11_10_15_45_357 1576080945357 3612 3605 311 152.916  
2019_12_11_10_15_45_381 1576080945381 3636 3629 242 119.349  
2019_12_11_10_15_45_394 1576080945394 3649 3642 380 186.624  
2019_12_11_10_15_45_424 1576080945424 3679 3672 245 120.805  
2019_12_11_10_15_45_446 1576080945446 3701 3694 647 318.384  
2019_12_11_10_15_45_450 1576080945450 3705 3698 454 222.93  
2019_12_11_10_15_45_470 1576080945470 3725 3718 715 352.278  
2019_12_11_10_15_45_481 1576080945481 3736 3729 990 490.743  
2019_12_11_10_15_45_502 1576080945502 3757 3750 1833 929.137  
2019_12_11_10_15_45_508 1576080945508 3763 3756 126 63.235  
2019_12_11_10_15_45_518 1576080945518 3773 3766 571 280.664  
2019_12_11_10_15_45_529 1576080945529 3784 3777 1677 846.426  
2019_12_11_10_15_45_731 1576080945731 3986 3979 1124 559.024  
2019_12_11_10_15_45_740 1576080945740 3995 3988 154 76.7433  
2019_12_11_10_15_45_822 1576080945822 4077 4069 576 283.141  
2019_12_11_10_15_45_861 1576080945861 4116 4108 190 94.1452  
2019_12_11_10_15_45_862 1576080945862 4117 4109 451 221.455  
2019_12_11_10_15_45_864 1576080945864 4119 4111 66 34.3667  
2019_12_11_10_15_45_971 1576080945971 4226 4218 614 301.985  
2019_12_11_10_15_46_017 1576080946017 4272 4264 119 59.8615  
2019_12_11_10_15_46_018 1576080946018 4273 4265 1505 756.066  
2019_12_11_10_15_46_066 1576080946066 4321 4313 500 245.581  
2019_12_11_10_15_46_088 1576080946088 4343 4335 756 372.78  
2019_12_11_10_15_46_107 1576080946107 4362 4354 289 142.198  
2019_12_11_10_15_46_118 1576080946118 4373 4365 351 172.439  
2019_12_11_10_15_46_151 1576080946151 4406 4398 394 193.48  
2019_12_11_10_15_46_165 1576080946165 4420 4412 2485 1282.61  
2019_12_11_10_15_46_176 1576080946176 4431 4423 614 301.985  
2019_12_11_10_15_46_185 1576080946185 4440 4432 256 126.148  
2019_12_11_10_15_46_193 1576080946193 4448 4440 642 315.897  
2019_12_11_10_15_46_235 1576080946235 4490 4482 794 391.826  
2019_12_11_10_15_46_263 1576080946263 4518 4509 1375 688.351  
2019_12_11_10_15_46_365 1576080946365 4620 4611 206 101.892  
2019_12_11_10_15_46_388 1576080946388 4643 4634 303 149.017  
2019_12_11_10_15_46_389 1576080946389 4644 4635 480 235.725  
2019_12_11_10_15_46_406 1576080946406 4661 4652 408 200.342  
2019_12_11_10_15_46_448 1576080946448 4703 4694 485 238.188  
2019_12_11_10_15_46_471 1576080946471 4726 4717 363 178.306  
2019_12_11_10_15_46_506 1576080946506 4761 4752 413 202.794  
2019_12_11_10_15_46_521 1576080946521 4776 4767 294 144.633  
2019_12_11_10_15_46_559 1576080946559 4814 4805 432 212.119  
2019_12_11_10_15_46_668 1576080946668 4923 4914 275 135.385  
2019_12_11_10_15_46_740 1576080946740 4995 4986 293 144.146  
2019_12_11_10_15_46_746 1576080946746 5001 4992 971 481.104  
2019_12_11_10_15_46_771 1576080946771 5026 5017 206 101.892  
2019_12_11_10_15_46_812 1576080946812 5067 5058 1337 668.652  
2019_12_11_10_15_46_816 1576080946816 5071 5062 192 95.1131  
2019_12_11_10_15_46_838 1576080946838 5093 5084 202 99.9544  
2019_12_11_10_15_46_847 1576080946847 5102 5092 204 100.923  
2019_12_11_10_15_46_882 1576080946882 5137 5127 226 111.585  
2019_12_11_10_15_46_903 1576080946903 5158 5148 544 267.305  
2019_12_11_10_15_46_954 1576080946954 5209 5199 204 100.923  
2019_12_11_10_15_46_956 1576080946956 5211 5201 311 152.916  
2019_12_11_10_15_46_967 1576080946967 5222 5212 280 137.818  
2019_12_11_10_15_46_974 1576080946974 5229 5219 300 147.555  
2019_12_11_10_15_47_023 1576080947023 5278 5268 344 169.019  
2019_12_11_10_15_47_054 1576080947054 5309 5299 1380 690.946  
2019_12_11_10_15_47_056 1576080947056 5311 5301 291 143.172  
2019_12_11_10_15_47_059 1576080947059 5314 5304 345 169.508  
2019_12_11_10_15_47_110 1576080947110 5365 5355 1919 975.041  
2019_12_11_10_15_47_116 1576080947116 5371 5361 1393 697.697  
2019_12_11_10_15_47_135 1576080947135 5390 5380 504 247.553  
2019_12_11_10_15_47_208 1576080947208 5463 5453 1232 614.442  
2019_12_11_10_15_47_217 1576080947217 5472 5462 575 282.645  
2019_12_11_10_15_47_271 1576080947271 5526 5516 246 121.291  
2019_12_11_10_15_47_276 1576080947276 5531 5521 2044 1042.15  
2019_12_11_10_15_47_280 1576080947280 5535 5524 355 174.394  
2019_12_11_10_15_47_317 1576080947317 5572 5561 542 266.317  
2019_12_11_10_15_47_335 1576080947335 5590 5579 456 223.914  
2019_12_11_10_15_47_399 1576080947399 5654 5643 1385 693.542  
2019_12_11_10_15_47_412 1576080947412 5667 5656 760 374.783  
2019_12_11_10_15_47_463 1576080947463 5718 5707 366 179.773  
2019_12_11_10_15_47_560 1576080947560 5815 5804 403 197.891  
2019_12_11_10_15_47_568 1576080947568 5823 5812 556 273.24  
2019_12_11_10_15_47_576 1576080947576 5831 5820 288 141.711  
2019_12_11_10_15_47_604 1576080947604 5859 5848 295 145.12  
2019_12_11_10_15_47_619 1576080947619 5874 5863 111 56.0079  
2019_12_11_10_15_47_648 1576080947648 5903 5892 286 140.738  
2019_12_11_10_15_47_649 1576080947649 5904 5893 255 125.662  
2019_12_11_10_15_47_684 1576080947684 5939 5928 292 143.659  
2019_12_11_10_15_47_700 1576080947700 5955 5944 899 444.676  
2019_12_11_10_15_47_721 1576080947721 5976 5965 138 69.0214  
2019_12_11_10_15_47_731 1576080947731 5986 5975 93 47.3442  
2019_12_11_10_15_47_751 1576080947751 6006 5994 1436 720.063  
2019_12_11_10_15_47_768 1576080947768 6023 6011 155 77.2262  
2019_12_11_10_15_47_773 1576080947773 6028 6016 631 310.429  
2019_12_11_10_15_47_812 1576080947812 6067 6055 532 261.375  
2019_12_11_10_15_47_819 1576080947819 6074 6062 956 473.502  
2019_12_11_10_15_47_865 1576080947865 6120 6108 717 353.277  
2019_12_11_10_15_47_868 1576080947868 6123 6111 858 424.001  
2019_12_11_10_15_47_870 1576080947870 6125 6113 243 119.834  
2019_12_11_10_15_47_877 1576080947877 6132 6120 94 47.8253  
2019_12_11_10_15_47_885 1576080947885 6140 6128 125 62.753  
2019_12_11_10_15_47_909 1576080947909 6164 6152 450 220.964  
2019_12_11_10_15_47_946 1576080947946 6201 6189 160 79.641  
2019_12_11_10_15_47_947 1576080947947 6202 6190 656 322.862  
2019_12_11_10_15_47_954 1576080947954 6209 6197 871 430.551  
2019_12_11_10_15_47_978 1576080947978 6233 6221 4095 2209.31  
2019_12_11_10_15_48_029 1576080948029 6284 6272 1823 923.813  
2019_12_11_10_15_48_050 1576080948050 6305 6293 267 131.495  
2019_12_11_10_15_48_051 1576080948051 6306 6293 280 137.818  
2019_12_11_10_15_48_309 1576080948309 6564 6551 380 186.624  
2019_12_11_10_15_48_310 1576080948310 6565 6552 157 78.192  
2019_12_11_10_15_48_311 1576080948311 6566 6553 789 389.318  
2019_12_11_10_15_48_311 1576080948311 6566 6553 626 307.944  
2019_12_11_10_15_48_311 1576080948311 6566 6553 284 139.764  
2019_12_11_10_15_48_311 1576080948311 6566 6553 263 129.55  
2019_12_11_10_15_48_311 1576080948311 6566 6553 793 391.324  
2019_12_11_10_15_48_311 1576080948311 6566 6553 218 107.707  
2019_12_11_10_15_48_312 1576080948312 6567 6554 179 88.8239  
2019_12_11_10_15_48_312 1576080948312 6567 6554 352 172.928  
2019_12_11_10_15_48_312 1576080948312 6567 6554 279 137.331  
2019_12_11_10_15_48_312 1576080948312 6567 6554 445 218.506  
2019_12_11_10_15_48_312 1576080948312 6567 6554 4095 2209.31  
2019_12_11_10_15_48_353 1576080948353 6608 6595 4043 2178.19  
2019_12_11_10_15_48_361 1576080948361 6616 6603 133 66.6099  
2019_12_11_10_15_48_369 1576080948369 6624 6611 624 306.951  
2019_12_11_10_15_48_405 1576080948405 6660 6646 1094 543.691  
2019_12_11_10_15_48_412 1576080948412 6667 6653 2455 1266.07  
2019_12_11_10_15_48_479 1576080948479 6734 6720 300 147.555  
2019_12_11_10_15_48_488 1576080948488 6743 6729 127 63.717  
2019_12_11_10_15_48_508 1576080948508 6763 6749 1111 552.376  
2019_12_11_10_15_48_568 1576080948568 6823 6809 499 245.088  
2019_12_11_10_15_48_592 1576080948592 6847 6833 259 127.606  
2019_12_11_10_15_48_616 1576080948616 6871 6857 111 56.0079  
2019_12_11_10_15_48_680 1576080948680 6935 6921 455 223.422  
2019_12_11_10_15_48_724 1576080948724 6979 6965 148 73.8467  
2019_12_11_10_15_48_727 1576080948727 6982 6968 444 218.014  
2019_12_11_10_15_48_729 1576080948729 6984 6970 528 259.399  
2019_12_11_10_15_48_730 1576080948730 6985 6971 260 128.092  
2019_12_11_10_15_48_755 1576080948755 7010 6996 181 89.7911  
2019_12_11_10_15_48_768 1576080948768 7023 7009 368 180.751  
2019_12_11_10_15_48_807 1576080948807 7062 7048 342 168.042  
2019_12_11_10_15_48_846 1576080948846 7101 7087 151 75.2949  
2019_12_11_10_15_48_857 1576080948857 7112 7097 396 194.46  
2019_12_11_10_15_48_860 1576080948860 7115 7100 154 76.7433  
2019_12_11_10_15_48_939 1576080948939 7194 7179 201 99.4701  
2019_12_11_10_15_48_941 1576080948941 7196 7181 301 148.042  
2019_12_11_10_15_48_945 1576080948945 7200 7185 1372 686.794  
2019_12_11_10_15_48_974 1576080948974 7229 7214 229 113.041  
2019_12_11_10_15_48_995 1576080948995 7250 7235 219 108.191  
2019_12_11_10_15_49_059 1576080949059 7314 7299 310 152.428  
2019_12_11_10_15_49_131 1576080949131 7386 7371 284 139.764  
2019_12_11_10_15_49_174 1576080949174 7429 7414 391 192.01  
2019_12_11_10_15_49_226 1576080949226 7481 7466 197 97.5334  
2019_12_11_10_15_49_229 1576080949229 7484 7469 541 265.822  
2019_12_11_10_15_49_289 1576080949289 7544 7529 541 265.822  
2019_12_11_10_15_49_293 1576080949293 7548 7533 802 395.841  
2019_12_11_10_15_49_310 1576080949310 7565 7550 841 415.442  
2019_12_11_10_15_49_328 1576080949328 7583 7568 176 87.3733  
2019_12_11_10_15_49_335 1576080949335 7590 7575 47 25.2472  
2019_12_11_10_15_49_354 1576080949354 7609 7594 628 308.938  
2019_12_11_10_15_49_437 1576080949437 7692 7676 155 77.2262  
2019_12_11_10_15_49_441 1576080949441 7696 7680 422 207.21  
2019_12_11_10_15_49_471 1576080949471 7726 7710 1413 708.093  
2019_12_11_10_15_49_528 1576080949528 7783 7767 400 196.42  
2019_12_11_10_15_49_558 1576080949558 7813 7797 202 99.9544  
2019_12_11_10_15_49_559 1576080949559 7814 7798 157 78.192  
2019_12_11_10_15_49_608 1576080949608 7863 7847 666 327.841  
2019_12_11_10_15_49_634 1576080949634 7889 7873 1323 661.405  
2019_12_11_10_15_49_637 1576080949637 7892 7876 953 471.983  
2019_12_11_10_15_49_665 1576080949665 7920 7904 198 98.0175  
2019_12_11_10_15_49_672 1576080949672 7927 7911 261 128.578  
2019_12_11_10_15_49_723 1576080949723 7978 7962 818 403.877  
2019_12_11_10_15_49_742 1576080949742 7997 7981 2496 1288.69  
2019_12_11_10_15_49_793 1576080949793 8048 8032 726 357.773  
2019_12_11_10_15_49_827 1576080949827 8082 8066 241 118.864  
2019_12_11_10_15_49_888 1576080949888 8143 8127 297 146.094  
2019_12_11_10_15_49_891 1576080949891 8146 8130 355 174.394  
2019_12_11_10_15_49_928 1576080949928 8183 8166 1429 716.418  
2019_12_11_10_15_49_971 1576080949971 8226 8209 301 148.042  
2019_12_11_10_15_50_032 1576080950032 8287 8270 81 41.5738  
2019_12_11_10_15_50_074 1576080950074 8329 8312 131 65.6455  
2019_12_11_10_15_50_357 1576080950357 8612 8595 442 217.032  
2019_12_11_10_15_50_358 1576080950358 8613 8596 558 274.23  
2019_12_11_10_15_50_359 1576080950359 8614 8597 315 154.866  
2019_12_11_10_15_50_359 1576080950359 8614 8597 263 129.55  
2019_12_11_10_15_50_359 1576080950359 8614 8597 255 125.662  
2019_12_11_10_15_50_359 1576080950359 8614 8597 1060 526.346  
2019_12_11_10_15_50_359 1576080950359 8614 8597 426 209.173  
2019_12_11_10_15_50_359 1576080950359 8614 8597 247 121.777  
2019_12_11_10_15_50_360 1576080950360 8615 8598 402 197.4  
2019_12_11_10_15_50_360 1576080950360 8615 8598 73 37.7291  
2019_12_11_10_15_50_360 1576080950360 8615 8598 1089 541.138  
2019_12_11_10_15_50_373 1576080950373 8628 8611 516 253.474  
2019_12_11_10_15_50_387 1576080950387 8642 8625 1430 716.939  
2019_12_11_10_15_50_388 1576080950388 8643 8625 401 196.91  
2019_12_11_10_15_50_389 1576080950389 8644 8626 60 31.4857  
2019_12_11_10_15_50_414 1576080950414 8669 8651 453 222.439  
2019_12_11_10_15_50_417 1576080950417 8672 8654 880 435.088  
2019_12_11_10_15_50_426 1576080950426 8681 8663 494 242.623  
2019_12_11_10_15_50_439 1576080950439 8694 8676 827 408.401  
2019_12_11_10_15_50_457 1576080950457 8712 8694 507 249.033  
2019_12_11_10_15_50_459 1576080950459 8714 8696 378 185.644  
2019_12_11_10_15_50_479 1576080950479 8734 8716 134 67.0921  
2019_12_11_10_15_50_483 1576080950483 8738 8720 1370 685.757  
2019_12_11_10_15_50_512 1576080950512 8767 8749 162 80.6071  
2019_12_11_10_15_50_562 1576080950562 8817 8799 238 117.407  
2019_12_11_10_15_50_584 1576080950584 8839 8821 301 148.042  
2019_12_11_10_15_50_588 1576080950588 8843 8825 731 360.273  
2019_12_11_10_15_50_632 1576080950632 8887 8869 1347 673.832  
2019_12_11_10_15_50_633 1576080950633 8888 8870 398 195.44  
2019_12_11_10_15_50_637 1576080950637 8892 8874 641 315.4  
2019_12_11_10_15_50_640 1576080950640 8895 8876 876 433.071  
2019_12_11_10_15_50_646 1576080950646 8901 8882 159 79.1579  
2019_12_11_10_15_50_671 1576080950671 8926 8907 196 97.0493  
2019_12_11_10_15_50_680 1576080950680 8935 8916 523 256.93  
2019_12_11_10_15_50_684 1576080950684 8939 8920 1355 677.978  
2019_12_11_10_15_50_701 1576080950701 8956 8937 399 195.93  
2019_12_11_10_15_50_725 1576080950725 8980 8961 360 176.839  
2019_12_11_10_15_50_730 1576080950730 8985 8966 1276 637.119  
2019_12_11_10_15_50_749 1576080950749 9004 8985 390 191.52  
2019_12_11_10_15_50_759 1576080950759 9014 8995 419 205.738  
2019_12_11_10_15_50_806 1576080950806 9061 9042 196 97.0493  
2019_12_11_10_15_50_830 1576080950830 9085 9066 214 105.768  
2019_12_11_10_15_50_834 1576080950834 9089 9070 1288 643.313  
2019_12_11_10_15_50_841 1576080950841 9096 9077 369 181.24  
2019_12_11_10_15_50_845 1576080950845 9100 9081 1369 685.238  
2019_12_11_10_15_50_848 1576080950848 9103 9084 105 53.119  
2019_12_11_10_15_50_872 1576080950872 9127 9108 997 494.297  
2019_12_11_10_15_50_931 1576080950931 9186 9166 848 418.965  
2019_12_11_10_15_50_946 1576080950946 9201 9181 412 202.304  
2019_12_11_10_15_50_961 1576080950961 9216 9196 839 414.436  
2019_12_11_10_15_50_993 1576080950993 9248 9228 1255 626.289  
2019_12_11_10_15_51_004 1576080951004 9259 9239 275 135.385  
2019_12_11_10_15_51_020 1576080951020 9275 9255 230 113.526  
2019_12_11_10_15_51_030 1576080951030 9285 9265 143 71.4337  
2019_12_11_10_15_51_045 1576080951045 9300 9280 1287 642.797  
2019_12_11_10_15_51_054 1576080951054 9309 9289 1176 585.664  
2019_12_11_10_15_51_061 1576080951061 9316 9296 190 94.1452  
2019_12_11_10_15_51_070 1576080951070 9325 9305 537 263.845  
2019_12_11_10_15_51_107 1576080951107 9362 9342 129 64.6812  
2019_12_11_10_15_51_116 1576080951116 9371 9351 458 224.897  
2019_12_11_10_15_51_135 1576080951135 9390 9370 1343 671.76  
2019_12_11_10_15_51_187 1576080951187 9442 9422 356 174.883  
2019_12_11_10_15_51_189 1576080951189 9444 9424 703 346.287  
2019_12_11_10_15_51_199 1576080951199 9454 9434 330 162.184  
2019_12_11_10_15_51_216 1576080951216 9471 9451 231 114.011  
2019_12_11_10_15_51_224 1576080951224 9479 9458 161 80.124  
2019_12_11_10_15_51_225 1576080951225 9480 9459 247 121.777  
2019_12_11_10_15_51_240 1576080951240 9495 9474 265 130.522  
2019_12_11_10_15_51_256 1576080951256 9511 9490 344 169.019  
2019_12_11_10_15_51_259 1576080951259 9514 9493 917 453.769  
2019_12_11_10_15_51_264 1576080951264 9519 9498 181 89.7911  
2019_12_11_10_15_51_265 1576080951265 9520 9499 807 398.352  
2019_12_11_10_15_51_271 1576080951271 9526 9505 314 154.378  
2019_12_11_10_15_51_294 1576080951294 9549 9528 974 482.625  
2019_12_11_10_15_51_312 1576080951312 9567 9546 256 126.148  
2019_12_11_10_15_51_319 1576080951319 9574 9553 1319 659.336  
2019_12_11_10_15_51_321 1576080951321 9576 9555 293 144.146  
2019_12_11_10_15_51_355 1576080951355 9610 9589 570 280.169  
2019_12_11_10_15_51_397 1576080951397 9652 9631 1353 676.941  
2019_12_11_10_15_51_406 1576080951406 9661 9640 565 277.694  
2019_12_11_10_15_51_410 1576080951410 9665 9644 317 155.841  
2019_12_11_10_15_51_416 1576080951416 9671 9650 581 285.618  
2019_12_11_10_15_51_422 1576080951422 9677 9655 276 135.872  
2019_12_11_10_15_51_426 1576080951426 9681 9659 461 226.373  
2019_12_11_10_15_51_465 1576080951465 9720 9698 1286 642.281  
2019_12_11_10_15_51_474 1576080951474 9729 9707 306 150.479  
2019_12_11_10_15_51_477 1576080951477 9732 9710 453 222.439  
2019_12_11_10_15_51_538 1576080951538 9793 9771 324 159.256  
2019_12_11_10_15_51_544 1576080951544 9799 9777 392 192.5  
2019_12_11_10_15_51_547 1576080951547 9802 9780 576 283.141  
2019_12_11_10_15_51_548 1576080951548 9803 9781 389 191.031  
2019_12_11_10_15_51_558 1576080951558 9813 9791 416 204.266  
2019_12_11_10_15_51_598 1576080951598 9853 9831 338 166.089  
2019_12_11_10_15_51_611 1576080951611 9866 9844 118 59.3797  
2019_12_11_10_15_51_620 1576080951620 9875 9853 288 141.711  
2019_12_11_10_15_51_621 1576080951621 9876 9854 356 174.883  
2019_12_11_10_15_51_653 1576080951653 9908 9886 1098 545.734  
2019_12_11_10_15_51_703 1576080951703 9958 9936 317 155.841  
2019_12_11_10_15_51_709 1576080951709 9964 9942 361 177.328  
2019_12_11_10_15_51_720 1576080951720 9975 9952 1069 530.934  
2019_12_11_10_15_51_724 1576080951724 9979 9956 179 88.8239  
2019_12_11_10_15_51_725 1576080951725 9980 9957 147 73.3641  
2019_12_11_10_15_51_755 1576080951755 10010 9987 880 435.088  
2019_12_11_10_15_51_758 1576080951758 10013 9990 188 93.1774  
2019_12_11_10_15_51_803 1576080951803 10058 10035 194 96.0811  
2019_12_11_10_15_51_836 1576080951836 10091 10068 156 77.7091  
2019_12_11_10_15_51_841 1576080951841 10096 10073 173 85.9229  
2019_12_11_10_15_51_879 1576080951879 10134 10111 988 489.728  
2019_12_11_10_15_51_887 1576080951887 10142 10119 778 383.801  
2019_12_11_10_15_51_888 1576080951888 10143 10120 1296 647.446  
2019_12_11_10_15_51_900 1576080951900 10155 10132 1384 693.023  
2019_12_11_10_15_51_911 1576080951911 10166 10143 1294 646.412  
2019_12_11_10_15_51_922 1576080951922 10177 10154 449 220.472  
2019_12_11_10_15_51_934 1576080951934 10189 10166 457 224.406  
2019_12_11_10_15_51_961 1576080951961 10216 10193 602 296.029  
2019_12_11_10_15_51_970 1576080951970 10225 10202 315 154.866  
2019_12_11_10_15_52_003 1576080952003 10258 10234 390 191.52  
2019_12_11_10_15_52_043 1576080952043 10298 10274 198 98.0175  
2019_12_11_10_15_52_091 1576080952091 10346 10322 184 91.2422  
2019_12_11_10_15_52_092 1576080952092 10347 10323 150 74.8121  
2019_12_11_10_15_52_099 1576080952099 10354 10330 379 186.134  
2019_12_11_10_15_52_103 1576080952103 10358 10334 267 131.495  
2019_12_11_10_15_52_107 1576080952107 10362 10338 279 137.331  
2019_12_11_10_15_52_138 1576080952138 10393 10369 1389 695.62  
2019_12_11_10_15_52_405 1576080952405 10660 10636 1286 642.281  
2019_12_11_10_15_52_406 1576080952406 10661 10637 168 83.5062  
2019_12_11_10_15_52_407 1576080952407 10662 10638 990 490.743  
2019_12_11_10_15_52_407 1576080952407 10662 10638 176 87.3733  
2019_12_11_10_15_52_407 1576080952407 10662 10638 538 264.339  
2019_12_11_10_15_52_407 1576080952407 10662 10638 853 421.483  
2019_12_11_10_15_52_407 1576080952407 10662 10638 309 151.941  
2019_12_11_10_15_52_407 1576080952407 10662 10638 1347 673.832  
2019_12_11_10_15_52_408 1576080952408 10663 10639 558 274.23  
2019_12_11_10_15_52_408 1576080952408 10663 10638 1356 678.496  
2019_12_11_10_15_52_408 1576080952408 10663 10638 427 209.664  
2019_12_11_10_15_52_408 1576080952408 10663 10638 266 131.008  
2019_12_11_10_15_52_408 1576080952408 10663 10638 143 71.4337  
2019_12_11_10_15_52_414 1576080952414 10669 10644 93 47.3442  
2019_12_11_10_15_52_419 1576080952419 10674 10649 229 113.041  
2019_12_11_10_15_52_491 1576080952491 10746 10721 271 133.44  
2019_12_11_10_15_52_523 1576080952523 10778 10753 263 129.55  
2019_12_11_10_15_52_532 1576080952532 10787 10762 450 220.964  
2019_12_11_10_15_52_556 1576080952556 10811 10786 557 273.735  
2019_12_11_10_15_52_588 1576080952588 10843 10818 210 103.829  
2019_12_11_10_15_52_631 1576080952631 10886 10861 325 159.744  
2019_12_11_10_15_52_634 1576080952634 10889 10864 1302 650.546  
2019_12_11_10_15_52_646 1576080952646 10901 10876 585 287.6  
2019_12_11_10_15_52_726 1576080952726 10981 10956 733 361.273  
2019_12_11_10_15_52_749 1576080952749 11004 10979 612 300.992  
2019_12_11_10_15_52_803 1576080952803 11058 11033 350 171.951  
2019_12_11_10_15_52_812 1576080952812 11067 11042 239 117.893  
2019_12_11_10_15_52_818 1576080952818 11073 11047 708 348.782  
2019_12_11_10_15_52_839 1576080952839 11094 11068 462 226.865  
2019_12_11_10_15_52_842 1576080952842 11097 11071 422 207.21  
2019_12_11_10_15_52_845 1576080952845 11100 11074 1309 654.164  
2019_12_11_10_15_52_862 1576080952862 11117 11091 739 364.273  
2019_12_11_10_15_52_887 1576080952887 11142 11116 356 174.883  
2019_12_11_10_15_52_888 1576080952888 11143 11117 939 464.895  
2019_12_11_10_15_52_911 1576080952911 11166 11140 132 66.1277  
2019_12_11_10_15_52_914 1576080952914 11169 11143 548 269.283  
2019_12_11_10_15_52_936 1576080952936 11191 11165 935 462.871  
2019_12_11_10_15_52_948 1576080952948 11203 11177 1371 686.276  
2019_12_11_10_15_52_992 1576080952992 11247 11221 1323 661.405  
2019_12_11_10_15_53_023 1576080953023 11278 11252 428 210.155  
2019_12_11_10_15_53_031 1576080953031 11286 11260 214 105.768  
2019_12_11_10_15_53_040 1576080953040 11295 11269 1368 684.719  
2019_12_11_10_15_53_054 1576080953054 11309 11283 724 356.774  
2019_12_11_10_15_53_068 1576080953068 11323 11297 309 151.941  
2019_12_11_10_15_53_090 1576080953090 11345 11318 399 195.93  
2019_12_11_10_15_53_093 1576080953093 11348 11321 214 105.768  
2019_12_11_10_15_53_096 1576080953096 11351 11324 258 127.12  
2019_12_11_10_15_53_130 1576080953130 11385 11358 445 218.506  
2019_12_11_10_15_53_143 1576080953143 11398 11371 388 190.541  
2019_12_11_10_15_53_171 1576080953171 11426 11399 1006 498.868  
2019_12_11_10_15_53_191 1576080953191 11446 11419 266 131.008  
2019_12_11_10_15_53_193 1576080953193 11448 11421 604 297.022  
2019_12_11_10_15_53_214 1576080953214 11469 11442 241 118.864  
2019_12_11_10_15_53_231 1576080953231 11486 11459 549 269.778  
2019_12_11_10_15_53_255 1576080953255 11510 11483 194 96.0811  
2019_12_11_10_15_53_290 1576080953290 11545 11518 103 52.1562  
2019_12_11_10_15_53_308 1576080953308 11563 11536 295 145.12  
2019_12_11_10_15_53_368 1576080953368 11623 11596 1122 558.001  
2019_12_11_10_15_53_436 1576080953436 11691 11664 329 161.696  
2019_12_11_10_15_53_501 1576080953501 11756 11729 352 172.928  
2019_12_11_10_15_53_523 1576080953523 11778 11751 713 351.279  
2019_12_11_10_15_53_620 1576080953620 11875 11847 174 86.4063  
2019_12_11_10_15_53_659 1576080953659 11914 11886 366 179.773  
2019_12_11_10_15_53_677 1576080953677 11932 11904 460 225.881  
2019_12_11_10_15_53_689 1576080953689 11944 11916 1031 511.578  
2019_12_11_10_15_53_695 1576080953695 11950 11922 372 182.708  
2019_12_11_10_15_53_696 1576080953696 11951 11923 267 131.495  
2019_12_11_10_15_53_793 1576080953793 12048 12020 487 239.173  
2019_12_11_10_15_53_809 1576080953809 12064 12036 315 154.866  
2019_12_11_10_15_53_810 1576080953810 12065 12037 302 148.53  
2019_12_11_10_15_53_821 1576080953821 12076 12048 1463 734.134  
2019_12_11_10_15_53_832 1576080953832 12087 12059 699 344.29  
2019_12_11_10_15_53_841 1576080953841 12096 12068 104 52.6376  
2019_12_11_10_15_53_875 1576080953875 12130 12102 369 181.24  
2019_12_11_10_15_53_878 1576080953878 12133 12105 112 56.4895  
2019_12_11_10_15_53_882 1576080953882 12137 12109 260 128.092  
2019_12_11_10_15_53_891 1576080953891 12146 12118 221 109.161  
2019_12_11_10_15_54_019 1576080954019 12274 12246 544 267.305  
2019_12_11_10_15_54_040 1576080954040 12295 12266 486 238.681  
2019_12_11_10_15_54_048 1576080954048 12303 12274 150 74.8121  
2019_12_11_10_15_54_051 1576080954051 12306 12277 562 276.209  
2019_12_11_10_15_54_057 1576080954057 12312 12283 185 91.726  
2019_12_11_10_15_54_083 1576080954083 12338 12309 234 115.466  
2019_12_11_10_15_54_099 1576080954099 12354 12325 329 161.696  
2019_12_11_10_15_54_105 1576080954105 12360 12331 409 200.833  
2019_12_11_10_15_54_145 1576080954145 12400 12371 657 323.36  
2019_12_11_10_15_54_149 1576080954149 12404 12375 243 119.834  
2019_12_11_10_15_54_218 1576080954218 12473 12444 348 170.973  
2019_12_11_10_15_54_353 1576080954353 12608 12579 445 218.506  
2019_12_11_10_15_54_358 1576080954358 12613 12584 1313 656.232  
2019_12_11_10_15_54_375 1576080954375 12630 12601 101 51.1936  
2019_12_11_10_15_54_405 1576080954405 12660 12631 818 403.877  
2019_12_11_10_15_54_412 1576080954412 12667 12638 1080 536.544  
2019_12_11_10_15_54_425 1576080954425 12680 12651 230 113.526  
2019_12_11_10_15_54_453 1576080954453 12708 12679 416 204.266  
2019_12_11_10_15_54_461 1576080954461 12716 12686 1352 676.423  
2019_12_11_10_15_54_474 1576080954474 12729 12699 491 241.144  
2019_12_11_10_15_54_525 1576080954525 12780 12750 251 123.719  
2019_12_11_10_15_54_577 1576080954577 12832 12802 269 132.467  
2019_12_11_10_15_54_597 1576080954597 12852 12822 885 437.61  
2019_12_11_10_15_54_603 1576080954603 12858 12828 370 181.73  
2019_12_11_10_15_54_615 1576080954615 12870 12840 254 125.177  
2019_12_11_10_15_54_665 1576080954665 12920 12890 1320 659.853  
2019_12_11_10_15_54_672 1576080954672 12927 12897 158 78.675  
2019_12_11_10_15_54_731 1576080954731 12986 12956 1950 991.642  
2019_12_11_10_15_54_736 1576080954736 12991 12961 724 356.774  
2019_12_11_10_15_54_752 1576080954752 13007 12977 377 185.155  
2019_12_11_10_15_54_755 1576080954755 13010 12980 294 144.633  
2019_12_11_10_15_54_771 1576080954771 13026 12996 208 102.861  
2019_12_11_10_15_54_782 1576080954782 13037 13007 1646 830.075  
2019_12_11_10_15_54_842 1576080954842 13097 13067 677 333.32  
2019_12_11_10_15_54_843 1576080954843 13098 13068 180 89.3075  
2019_12_11_10_15_54_856 1576080954856 13111 13081 731 360.273  
2019_12_11_10_15_54_897 1576080954897 13152 13121 561 275.714  
2019_12_11_10_15_54_945 1576080954945 13200 13169 509 250.02  
2019_12_11_10_15_54_975 1576080954975 13230 13199 267 131.495  
2019_12_11_10_15_55_006 1576080955006 13261 13230 696 342.794  
2019_12_11_10_15_55_010 1576080955010 13265 13234 140 69.9862  
2019_12_11_10_15_55_018 1576080955018 13273 13242 172 85.4395  
2019_12_11_10_15_55_023 1576080955023 13278 13247 398 195.44  
2019_12_11_10_15_55_033 1576080955033 13288 13257 458 224.897  
2019_12_11_10_15_55_034 1576080955034 13289 13258 127 63.717  
2019_12_11_10_15_55_039 1576080955039 13294 13263 492 241.637  
2019_12_11_10_15_55_044 1576080955044 13299 13268 2824 1471.37  
2019_12_11_10_15_55_093 1576080955093 13348 13317 222 109.646  
2019_12_11_10_15_55_102 1576080955102 13357 13326 378 185.644  
2019_12_11_10_15_55_107 1576080955107 13362 13331 338 166.089  
2019_12_11_10_15_55_120 1576080955120 13375 13344 428 210.155  
2019_12_11_10_15_55_142 1576080955142 13397 13366 247 121.777  
2019_12_11_10_15_55_164 1576080955164 13419 13388 333 163.648  
2019_12_11_10_15_55_168 1576080955168 13423 13391 163 81.0902  
2019_12_11_10_15_55_176 1576080955176 13431 13399 203 100.439  
2019_12_11_10_15_55_198 1576080955198 13453 13421 443 217.523  
2019_12_11_10_15_55_199 1576080955199 13454 13422 213 105.283  
2019_12_11_10_15_55_224 1576080955224 13479 13447 803 396.343  
2019_12_11_10_15_55_288 1576080955288 13543 13511 1724 871.269  
2019_12_11_10_15_55_302 1576080955302 13557 13525 921 455.791  
2019_12_11_10_15_55_336 1576080955336 13591 13559 228 112.555  
2019_12_11_10_15_55_337 1576080955337 13592 13560 171 84.9561  
2019_12_11_10_15_55_352 1576080955352 13607 13575 719 354.276  
2019_12_11_10_15_55_386 1576080955386 13641 13609 258 127.12  
2019_12_11_10_15_55_396 1576080955396 13651 13619 589 289.583  
2019_12_11_10_15_55_413 1576080955413 13668 13636 149 74.3294  
2019_12_11_10_15_55_544 1576080955544 13799 13767 590 290.078  
2019_12_11_10_15_55_559 1576080955559 13814 13782 727 358.273  
2019_12_11_10_15_55_586 1576080955586 13841 13809 158 78.675  
2019_12_11_10_15_55_607 1576080955607 13862 13830 187 92.6936  
2019_12_11_10_15_55_684 1576080955684 13939 13906 617 303.474  
2019_12_11_10_15_55_712 1576080955712 13967 13934 1276 637.119  
2019_12_11_10_15_55_728 1576080955728 13983 13950 1271 634.539  
2019_12_11_10_15_55_743 1576080955743 13998 13965 252 124.205  
2019_12_11_10_15_55_745 1576080955745 14000 13967 246 121.291  
2019_12_11_10_15_55_746 1576080955746 14001 13968 407 199.852  
2019_12_11_10_15_55_769 1576080955769 14024 13991 252 124.205  
2019_12_11_10_15_55_826 1576080955826 14081 14048 723 356.274  
2019_12_11_10_15_55_986 1576080955986 14241 14208 262 129.064  
2019_12_11_10_15_56_057 1576080956057 14312 14279 280 137.818  
2019_12_11_10_15_56_089 1576080956089 14344 14311 511 251.007  
2019_12_11_10_15_56_097 1576080956097 14352 14319 142 70.9512  
2019_12_11_10_15_56_118 1576080956118 14373 14340 343 168.531  
2019_12_11_10_15_56_143 1576080956143 14398 14365 132 66.1277  
2019_12_11_10_15_56_179 1576080956179 14434 14401 534 262.363  
2019_12_11_10_15_56_205 1576080956205 14460 14427 144 71.9162  
2019_12_11_10_15_56_207 1576080956207 14462 14429 2092 1068.05  
2019_12_11_10_15_56_219 1576080956219 14474 14440 166 82.5397  
2019_12_11_10_15_56_231 1576080956231 14486 14452 280 137.818  
2019_12_11_10_15_56_501 1576080956501 14756 14722 87 44.4585  
2019_12_11_10_15_56_502 1576080956502 14757 14723 1581 795.885  
2019_12_11_10_15_56_503 1576080956503 14758 14724 77 39.6512  
2019_12_11_10_15_56_503 1576080956503 14758 14724 4095 2209.31  
2019_12_11_10_15_56_511 1576080956511 14766 14732 657 323.36  
2019_12_11_10_15_56_526 1576080956526 14781 14747 259 127.606  
2019_12_11_10_15_56_556 1576080956556 14811 14777 207 102.376  
2019_12_11_10_15_56_560 1576080956560 14815 14781 636 312.914  
2019_12_11_10_15_56_583 1576080956583 14838 14804 193 95.5971  
2019_12_11_10_15_56_619 1576080956619 14874 14840 269 132.467  
2019_12_11_10_15_56_663 1576080956663 14918 14884 865 427.527  
2019_12_11_10_15_56_684 1576080956684 14939 14905 168 83.5062  
2019_12_11_10_15_56_689 1576080956689 14944 14910 277 136.358  
2019_12_11_10_15_56_705 1576080956705 14960 14926 355 174.394  
2019_12_11_10_15_56_707 1576080956707 14962 14928 270 132.953  
2019_12_11_10_15_56_726 1576080956726 14981 14946 513 251.993  
2019_12_11_10_15_56_772 1576080956772 15027 14992 4095 2209.31  
2019_12_11_10_15_56_777 1576080956777 15032 14997 370 181.73  
2019_12_11_10_15_56_779 1576080956779 15034 14999 235 115.951  
2019_12_11_10_15_56_789 1576080956789 15044 15009 191 94.6291  
2019_12_11_10_15_56_816 1576080956816 15071 15036 164 81.5733  
2019_12_11_10_15_56_882 1576080956882 15137 15102 400 196.42  
2019_12_11_10_15_56_923 1576080956923 15178 15143 190 94.1452  
2019_12_11_10_15_57_035 1576080957035 15290 15255 406 199.361  
2019_12_11_10_15_57_092 1576080957092 15347 15312 334 164.136  
2019_12_11_10_15_57_140 1576080957140 15395 15360 518 254.461  
2019_12_11_10_15_57_152 1576080957152 15407 15372 242 119.349  
2019_12_11_10_15_57_176 1576080957176 15431 15396 724 356.774  
2019_12_11_10_15_57_201 1576080957201 15456 15421 627 308.441  
2019_12_11_10_15_57_204 1576080957204 15459 15424 827 408.401  
2019_12_11_10_15_57_225 1576080957225 15480 15445 474 232.771  
2019_12_11_10_15_57_243 1576080957243 15498 15463 215 106.252  
2019_12_11_10_15_57_250 1576080957250 15505 15470 135 67.5744  
2019_12_11_10_15_57_284 1576080957284 15539 15503 173 85.9229  
2019_12_11_10_15_57_286 1576080957286 15541 15505 68 35.3272  
2019_12_11_10_15_57_299 1576080957299 15554 15518 293 144.146  
2019_12_11_10_15_57_365 1576080957365 15620 15584 194 96.0811  
2019_12_11_10_15_57_454 1576080957454 15709 15673 340 167.066  
2019_12_11_10_15_57_538 1576080957538 15793 15757 218 107.707  
2019_12_11_10_15_57_552 1576080957552 15807 15771 321 157.792  
2019_12_11_10_15_57_571 1576080957571 15826 15790 529 259.893  
2019_12_11_10_15_57_603 1576080957603 15858 15822 132 66.1277  
2019_12_11_10_15_57_620 1576080957620 15875 15839 231 114.011  
2019_12_11_10_15_57_676 1576080957676 15931 15895 94 47.8253  
2019_12_11_10_15_57_762 1576080957762 16017 15981 750 369.776  
2019_12_11_10_15_57_780 1576080957780 16035 15999 412 202.304  
2019_12_11_10_15_57_813 1576080957813 16068 16032 500 245.581  
2019_12_11_10_15_57_820 1576080957820 16075 16039 286 140.738  
2019_12_11_10_15_57_880 1576080957880 16135 16099 417 204.757  
2019_12_11_10_15_57_945 1576080957945 16200 16164 2458 1267.73  
2019_12_11_10_15_57_956 1576080957956 16211 16174 245 120.805  
2019_12_11_10_15_57_958 1576080957958 16213 16176 212 104.799  
2019_12_11_10_15_57_959 1576080957959 16214 16177 496 243.609  
2019_12_11_10_15_57_960 1576080957960 16215 16178 327 160.72  
2019_12_11_10_15_57_989 1576080957989 16244 16207 592 291.07  
2019_12_11_10_15_58_032 1576080958032 16287 16250 109 55.0448  
2019_12_11_10_15_58_042 1576080958042 16297 16260 401 196.91  
2019_12_11_10_15_58_065 1576080958065 16320 16283 508 249.527  
2019_12_11_10_15_58_068 1576080958068 16323 16286 1068 530.424  
2019_12_11_10_15_58_074 1576080958074 16329 16292 160 79.641  
2019_12_11_10_15_58_111 1576080958111 16366 16329 196 97.0493  
2019_12_11_10_15_58_167 1576080958167 16422 16385 1732 875.505  
2019_12_11_10_15_58_194 1576080958194 16449 16412 100 50.7123  
2019_12_11_10_15_58_207 1576080958207 16462 16425 248 122.262  
2019_12_11_10_15_58_235 1576080958235 16490 16453 342 168.042  
2019_12_11_10_15_58_308 1576080958308 16563 16526 326 160.232  
2019_12_11_10_15_58_385 1576080958385 16640 16603 246 121.291  
2019_12_11_10_15_58_408 1576080958408 16663 16625 622 305.957  
2019_12_11_10_15_58_419 1576080958419 16674 16636 413 202.794  
2019_12_11_10_15_58_444 1576080958444 16699 16661 478 234.74  
2019_12_11_10_15_58_474 1576080958474 16729 16691 362 177.817  
2019_12_11_10_15_58_477 1576080958477 16732 16694 118 59.3797  
2019_12_11_10_15_58_498 1576080958498 16753 16715 824 406.893  
2019_12_11_10_15_58_542 1576080958542 16797 16759 862 426.015  
2019_12_11_10_15_58_592 1576080958592 16847 16809 179 88.8239  
2019_12_11_10_15_58_600 1576080958600 16855 16817 327 160.72  
2019_12_11_10_15_58_642 1576080958642 16897 16859 109 55.0448  
2019_12_11_10_15_58_663 1576080958663 16918 16880 837 413.43  
2019_12_11_10_15_58_665 1576080958665 16920 16882 213 105.283  
2019_12_11_10_15_58_667 1576080958667 16922 16884 486 238.681  
2019_12_11_10_15_58_673 1576080958673 16928 16890 1356 678.496  
2019_12_11_10_15_58_689 1576080958689 16944 16906 796 392.83  
2019_12_11_10_15_58_697 1576080958697 16952 16914 183 90.7585  
2019_12_11_10_15_58_703 1576080958703 16958 16920 227 112.07  
2019_12_11_10_15_58_743 1576080958743 16998 16959 166 82.5397  
2019_12_11_10_15_58_816 1576080958816 17071 17032 145 72.3988  
2019_12_11_10_15_58_839 1576080958839 17094 17055 541 265.822  
2019_12_11_10_15_58_854 1576080958854 17109 17070 502 246.567  
2019_12_11_10_15_58_874 1576080958874 17129 17090 287 141.224  
2019_12_11_10_15_58_930 1576080958930 17185 17146 170 84.4728  
2019_12_11_10_15_58_952 1576080958952 17207 17168 1185 590.282  
2019_12_11_10_15_58_980 1576080958980 17235 17196 154 76.7433  
2019_12_11_10_15_58_982 1576080958982 17237 17198 48 25.7269  
2019_12_11_10_15_59_007 1576080959007 17262 17223 194 96.0811  
2019_12_11_10_15_59_008 1576080959008 17263 17224 216 106.737  
2019_12_11_10_15_59_023 1576080959023 17278 17239 122 61.3071  
2019_12_11_10_15_59_052 1576080959052 17307 17268 319 156.817  
2019_12_11_10_15_59_085 1576080959085 17340 17301 160 79.641  
2019_12_11_10_15_59_113 1576080959113 17368 17329 211 104.314  
2019_12_11_10_15_59_115 1576080959115 17370 17331 833 411.418  
2019_12_11_10_15_59_156 1576080959156 17411 17372 462 226.865  
2019_12_11_10_15_59_162 1576080959162 17417 17377 273 134.412  
2019_12_11_10_15_59_168 1576080959168 17423 17383 702 345.788  
2019_12_11_10_15_59_178 1576080959178 17433 17393 588 289.087  
2019_12_11_10_15_59_190 1576080959190 17445 17405 491 241.144  
2019_12_11_10_15_59_214 1576080959214 17469 17429 370 181.73  
2019_12_11_10_15_59_216 1576080959216 17471 17431 421 206.719  
2019_12_11_10_15_59_222 1576080959222 17477 17437 908 449.221  
2019_12_11_10_15_59_227 1576080959227 17482 17442 2496 1288.69  
2019_12_11_10_15_59_245 1576080959245 17500 17460 365 179.284  
2019_12_11_10_15_59_279 1576080959279 17534 17494 181 89.7911  
2019_12_11_10_15_59_306 1576080959306 17561 17521 666 327.841  
2019_12_11_10_15_59_334 1576080959334 17589 17549 2283 1171.76  
2019_12_11_10_15_59_367 1576080959367 17622 17582 122 61.3071  
2019_12_11_10_15_59_369 1576080959369 17624 17584 260 128.092  
2019_12_11_10_15_59_380 1576080959380 17635 17595 226 111.585  
2019_12_11_10_15_59_421 1576080959421 17676 17636 207 102.376  
2019_12_11_10_15_59_425 1576080959425 17680 17640 144 71.9162  
2019_12_11_10_15_59_426 1576080959426 17681 17641 448 219.98  
2019_12_11_10_15_59_469 1576080959469 17724 17683 206 101.892  
2019_12_11_10_15_59_479 1576080959479 17734 17693 516 253.474  
2019_12_11_10_15_59_509 1576080959509 17764 17723 815 402.37  
2019_12_11_10_15_59_539 1576080959539 17794 17753 151 75.2949  
2019_12_11_10_15_59_551 1576080959551 17806 17765 4095 2209.31  
2019_12_11_10_15_59_570 1576080959570 17825 17784 1319 659.336  
2019_12_11_10_15_59_588 1576080959588 17843 17802 239 117.893  
2019_12_11_10_15_59_663 1576080959663 17918 17877 173 85.9229  
2019_12_11_10_15_59_672 1576080959672 17927 17886 1394 698.217  
2019_12_11_10_15_59_697 1576080959697 17952 17911 610 299.999  
2019_12_11_10_15_59_766 1576080959766 18021 17980 1316 657.784  
2019_12_11_10_15_59_813 1576080959813 18068 18027 415 203.775  
2019_12_11_10_15_59_893 1576080959893 18148 18107 187 92.6936  
2019_12_11_10_15_59_898 1576080959898 18153 18112 2824 1471.37  
2019_12_11_10_15_59_924 1576080959924 18179 18138 267 131.495  
2019_12_11_10_15_59_938 1576080959938 18193 18152 248 122.262  
2019_12_11_10_15_59_943 1576080959943 18198 18157 220 108.676  
2019_12_11_10_15_59_963 1576080959963 18218 18176 173 85.9229  
2019_12_11_10_16_00_118 1576080960118 18373 18331 175 86.8898  
2019_12_11_10_16_00_155 1576080960155 18410 18368 152 75.7777  
2019_12_11_10_16_00_173 1576080960173 18428 18386 337 165.601  
2019_12_11_10_16_00_186 1576080960186 18441 18399 345 169.508  
2019_12_11_10_16_00_288 1576080960288 18543 18501 84 43.016  
2019_12_11_10_16_00_336 1576080960336 18591 18549 341 167.554  
2019_12_11_10_16_00_351 1576080960351 18606 18564 809 399.356  
2019_12_11_10_16_00_353 1576080960353 18608 18566 196 97.0493  
2019_12_11_10_16_00_503 1576080960503 18758 18716 775 382.298  
2019_12_11_10_16_00_573 1576080960573 18828 18786 225 111.1  
2019_12_11_10_16_00_596 1576080960596 18851 18809 179 88.8239  
2019_12_11_10_16_00_604 1576080960604 18859 18817 785 387.311  
2019_12_11_10_16_00_632 1576080960632 18887 18845 782 385.807  
2019_12_11_10_16_00_633 1576080960633 18888 18846 509 250.02  
2019_12_11_10_16_00_691 1576080960691 18946 18904 164 81.5733  
2019_12_11_10_16_00_734 1576080960734 18989 18947 692 340.798  
2019_12_11_10_16_00_767 1576080960767 19022 18979 198 98.0175  
2019_12_11_10_16_00_794 1576080960794 19049 19006 683 336.311  
2019_12_11_10_16_00_874 1576080960874 19129 19086 232 114.496  
2019_12_11_10_16_00_984 1576080960984 19239 19196 4095 2209.31  
2019_12_11_10_16_01_001 1576080961001 19256 19213 2486 1283.17  
2019_12_11_10_16_01_026 1576080961026 19281 19238 381 187.113  
2019_12_11_10_16_01_040 1576080961040 19295 19252 127 63.717  
2019_12_11_10_16_01_052 1576080961052 19307 19264 145 72.3988  
2019_12_11_10_16_01_083 1576080961083 19338 19295 1539 773.858  
2019_12_11_10_16_01_145 1576080961145 19400 19357 253 124.691  
2019_12_11_10_16_01_158 1576080961158 19413 19370 1827 925.942  
2019_12_11_10_16_01_180 1576080961180 19435 19392 752 370.777  
2019_12_11_10_16_01_185 1576080961185 19440 19397 1129 561.582  
2019_12_11_10_16_01_212 1576080961212 19467 19424 1275 636.603  
2019_12_11_10_16_01_218 1576080961218 19473 19430 352 172.928  
2019_12_11_10_16_01_246 1576080961246 19501 19458 229 113.041  
2019_12_11_10_16_01_252 1576080961252 19507 19464 381 187.113  
2019_12_11_10_16_01_273 1576080961273 19528 19484 345 169.508  
2019_12_11_10_16_01_326 1576080961326 19581 19537 449 220.472  
2019_12_11_10_16_01_328 1576080961328 19583 19539 814 401.868  
2019_12_11_10_16_01_387 1576080961387 19642 19598 164 81.5733  
2019_12_11_10_16_01_392 1576080961392 19647 19603 127 63.717  
2019_12_11_10_16_01_445 1576080961445 19700 19656 204 100.923  
2019_12_11_10_16_01_455 1576080961455 19710 19666 608 299.007  
2019_12_11_10_16_01_470 1576080961470 19725 19681 1815 919.556  
2019_12_11_10_16_01_561 1576080961561 19816 19772 102 51.6749  
2019_12_11_10_16_01_591 1576080961591 19846 19802 384 188.582  
2019_12_11_10_16_01_606 1576080961606 19861 19817 709 349.282  
2019_12_11_10_16_01_635 1576080961635 19890 19846 214 105.768  
2019_12_11_10_16_01_642 1576080961642 19897 19853 270 132.953  
2019_12_11_10_16_01_667 1576080961667 19922 19878 1184 589.769  
2019_12_11_10_16_01_678 1576080961678 19933 19889 302 148.53  
2019_12_11_10_16_01_686 1576080961686 19941 19897 238 117.407  
2019_12_11_10_16_01_791 1576080961791 20046 20002 304 149.504  
2019_12_11_10_16_01_792 1576080961792 20047 20002 300 147.555  
2019_12_11_10_16_01_816 1576080961816 20071 20026 244 120.32  
2019_12_11_10_16_01_825 1576080961825 20080 20035 338 166.089  
2019_12_11_10_16_01_850 1576080961850 20105 20060 413 202.794  
2019_12_11_10_16_01_856 1576080961856 20111 20066 162 80.6071  
2019_12_11_10_16_01_859 1576080961859 20114 20069 422 207.21  
2019_12_11_10_16_01_902 1576080961902 20157 20112 119 59.8615  
2019_12_11_10_16_01_942 1576080961942 20197 20152 2833 1476.43  
2019_12_11_10_16_01_968 1576080961968 20223 20178 166 82.5397  
2019_12_11_10_16_02_028 1576080962028 20283 20238 180 89.3075  
2019_12_11_10_16_02_038 1576080962038 20293 20248 134 67.0921  
2019_12_11_10_16_02_065 1576080962065 20320 20275 259 127.606  
2019_12_11_10_16_02_070 1576080962070 20325 20280 731 360.273  
2019_12_11_10_16_02_072 1576080962072 20327 20282 448 219.98  
2019_12_11_10_16_02_121 1576080962121 20376 20331 391 192.01  
2019_12_11_10_16_02_148 1576080962148 20403 20358 297 146.094  
2019_12_11_10_16_02_209 1576080962209 20464 20419 161 80.124  
2019_12_11_10_16_02_297 1576080962297 20552 20507 794 391.826  
2019_12_11_10_16_02_335 1576080962335 20590 20544 558 274.23  
2019_12_11_10_16_02_346 1576080962346 20601 20555 4065 2191.35  
2019_12_11_10_16_02_379 1576080962379 20634 20588 294 144.633  
2019_12_11_10_16_02_380 1576080962380 20635 20589 244 120.32  
2019_12_11_10_16_02_384 1576080962384 20639 20593 1215 605.696  
2019_12_11_10_16_02_415 1576080962415 20670 20624 513 251.993  
2019_12_11_10_16_02_421 1576080962421 20676 20630 2516 1299.73  
2019_12_11_10_16_02_441 1576080962441 20696 20650 134 67.0921  
2019_12_11_10_16_02_448 1576080962448 20703 20657 203 100.439  
2019_12_11_10_16_02_459 1576080962459 20714 20668 1161 577.971  
2019_12_11_10_16_02_572 1576080962572 20827 20781 393 192.99  
2019_12_11_10_16_02_651 1576080962651 20906 20860 157 78.192  
2019_12_11_10_16_02_665 1576080962665 20920 20874 233 114.981  
2019_12_11_10_16_02_677 1576080962677 20932 20886 277 136.358  
2019_12_11_10_16_02_714 1576080962714 20969 20923 585 287.6  
2019_12_11_10_16_02_732 1576080962732 20987 20941 287 141.224  
2019_12_11_10_16_02_745 1576080962745 21000 20954 340 167.066  
2019_12_11_10_16_02_790 1576080962790 21045 20998 215 106.252  
2019_12_11_10_16_02_812 1576080962812 21067 21020 213 105.283  
2019_12_11_10_16_02_822 1576080962822 21077 21030 256 126.148  
2019_12_11_10_16_02_824 1576080962824 21079 21032 169 83.9894  
2019_12_11_10_16_02_892 1576080962892 21147 21100 745 367.274  
2019_12_11_10_16_02_923 1576080962923 21178 21131 223 110.131  
2019_12_11_10_16_02_927 1576080962927 21182 21135 276 135.872  
2019_12_11_10_16_02_952 1576080962952 21207 21160 1805 914.238  
2019_12_11_10_16_03_033 1576080963033 21288 21241 543 266.811  
2019_12_11_10_16_03_064 1576080963064 21319 21272 805 397.347  
2019_12_11_10_16_03_099 1576080963099 21354 21307 127 63.717  
2019_12_11_10_16_03_124 1576080963124 21379 21332 214 105.768  
2019_12_11_10_16_03_139 1576080963139 21394 21347 213 105.283  
2019_12_11_10_16_03_153 1576080963153 21408 21361 277 136.358  
2019_12_11_10_16_03_197 1576080963197 21452 21405 192 95.1131  
2019_12_11_10_16_03_219 1576080963219 21474 21427 1388 695.1  
2019_12_11_10_16_03_231 1576080963231 21486 21439 347 170.485  
2019_12_11_10_16_03_310 1576080963310 21565 21517 827 408.401  
2019_12_11_10_16_03_324 1576080963324 21579 21531 394 193.48  
2019_12_11_10_16_03_348 1576080963348 21603 21555 381 187.113  
2019_12_11_10_16_03_355 1576080963355 21610 21562 264 130.036  
2019_12_11_10_16_03_413 1576080963413 21668 21620 387 190.051  
2019_12_11_10_16_03_439 1576080963439 21694 21646 542 266.317  
2019_12_11_10_16_03_450 1576080963450 21705 21657 394 193.48  
2019_12_11_10_16_03_508 1576080963508 21763 21715 533 261.869  
2019_12_11_10_16_03_520 1576080963520 21775 21727 233 114.981  
2019_12_11_10_16_03_539 1576080963539 21794 21746 219 108.191  
2019_12_11_10_16_03_552 1576080963552 21807 21759 622 305.957  
2019_12_11_10_16_03_594 1576080963594 21849 21801 131 65.6455  
2019_12_11_10_16_03_610 1576080963610 21865 21817 383 188.092  
2019_12_11_10_16_03_630 1576080963630 21885 21837 284 139.764  
2019_12_11_10_16_03_774 1576080963774 22029 21981 996 493.789  
2019_12_11_10_16_03_883 1576080963883 22138 22090 441 216.54  
2019_12_11_10_16_03_892 1576080963892 22147 22099 188 93.1774  
2019_12_11_10_16_03_935 1576080963935 22190 22141 459 225.389  
2019_12_11_10_16_04_003 1576080964003 22258 22209 2913 1521.49  
2019_12_11_10_16_04_083 1576080964083 22338 22289 581 285.618  
2019_12_11_10_16_04_141 1576080964141 22396 22347 477 234.248  
2019_12_11_10_16_04_176 1576080964176 22431 22382 325 159.744  
2019_12_11_10_16_04_256 1576080964256 22511 22462 1257 627.32  
2019_12_11_10_16_04_259 1576080964259 22514 22465 765 377.287  
2019_12_11_10_16_04_315 1576080964315 22570 22521 300 147.555  
2019_12_11_10_16_04_321 1576080964321 22576 22527 717 353.277  
2019_12_11_10_16_04_368 1576080964368 22623 22574 524 257.423  
2019_12_11_10_16_04_414 1576080964414 22669 22620 218 107.707  
2019_12_11_10_16_04_419 1576080964419 22674 22625 203 100.439  
2019_12_11_10_16_04_451 1576080964451 22706 22657 223 110.131  
2019_12_11_10_16_04_485 1576080964485 22740 22691 201 99.4701  
2019_12_11_10_16_04_498 1576080964498 22753 22704 1118 555.955  
2019_12_11_10_16_04_499 1576080964499 22754 22705 176 87.3733  
2019_12_11_10_16_04_561 1576080964561 22816 22767 191 94.6291  
2019_12_11_10_16_04_564 1576080964564 22819 22769 617 303.474  
2019_12_11_10_16_04_565 1576080964565 22820 22770 238 117.407  
2019_12_11_10_16_04_634 1576080964634 22889 22839 399 195.93  
2019_12_11_10_16_04_676 1576080964676 22931 22881 365 179.284  
2019_12_11_10_16_04_699 1576080964699 22954 22904 725 357.274  
2019_12_11_10_16_04_722 1576080964722 22977 22927 736 362.773  
2019_12_11_10_16_04_751 1576080964751 23006 22956 1926 978.787  
2019_12_11_10_16_04_755 1576080964755 23010 22960 248 122.262  
2019_12_11_10_16_04_806 1576080964806 23061 23011 247 121.777  
2019_12_11_10_16_04_816 1576080964816 23071 23021 57 30.0456  
2019_12_11_10_16_04_881 1576080964881 23136 23086 255 125.662  
2019_12_11_10_16_04_926 1576080964926 23181 23131 979 485.161  
2019_12_11_10_16_05_095 1576080965095 23350 23300 139 69.5038  
2019_12_11_10_16_05_117 1576080965117 23372 23322 280 137.818  
2019_12_11_10_16_05_220 1576080965220 23475 23425 718 353.776  
2019_12_11_10_16_05_245 1576080965245 23500 23450 249 122.748  
2019_12_11_10_16_05_369 1576080965369 23624 23574 713 351.279  
2019_12_11_10_16_05_421 1576080965421 23676 23626 241 118.864  
2019_12_11_10_16_05_449 1576080965449 23704 23653 303 149.017  
2019_12_11_10_16_05_460 1576080965460 23715 23664 411 201.813  
2019_12_11_10_16_05_467 1576080965467 23722 23671 180 89.3075  
2019_12_11_10_16_05_497 1576080965497 23752 23701 1685 850.65  
2019_12_11_10_16_05_505 1576080965505 23760 23709 233 114.981  
2019_12_11_10_16_05_548 1576080965548 23803 23752 289 142.198  
2019_12_11_10_16_05_567 1576080965567 23822 23771 517 253.968  
2019_12_11_10_16_05_597 1576080965597 23852 23801 170 84.4728  
2019_12_11_10_16_05_602 1576080965602 23857 23806 349 171.462  
2019_12_11_10_16_05_630 1576080965630 23885 23834 279 137.331  
2019_12_11_10_16_05_649 1576080965649 23904 23853 490 240.651  
2019_12_11_10_16_05_708 1576080965708 23963 23912 347 170.485  
2019_12_11_10_16_05_729 1576080965729 23984 23933 75 38.6901  
2019_12_11_10_16_05_737 1576080965737 23992 23941 116 58.4162  
2019_12_11_10_16_05_738 1576080965738 23993 23942 278 136.845  
2019_12_11_10_16_05_742 1576080965742 23997 23946 163 81.0902  
2019_12_11_10_16_05_755 1576080965755 24010 23959 222 109.646  
2019_12_11_10_16_05_814 1576080965814 24069 24017 354 173.906  
2019_12_11_10_16_05_873 1576080965873 24128 24076 350 171.951  
2019_12_11_10_16_05_949 1576080965949 24204 24152 851 420.476  
2019_12_11_10_16_05_959 1576080965959 24214 24162 148 73.8467  
2019_12_11_10_16_05_969 1576080965969 24224 24172 106 53.6004  
2019_12_11_10_16_05_987 1576080965987 24242 24190 402 197.4  
2019_12_11_10_16_06_035 1576080966035 24290 24238 216 106.737  
2019_12_11_10_16_06_054 1576080966054 24309 24257 118 59.3797  
2019_12_11_10_16_06_056 1576080966056 24311 24259 333 163.648  
2019_12_11_10_16_06_058 1576080966058 24313 24261 292 143.659  
2019_12_11_10_16_06_086 1576080966086 24341 24289 394 193.48  
2019_12_11_10_16_06_150 1576080966150 24405 24353 1111 552.376  
2019_12_11_10_16_06_176 1576080966176 24431 24379 1281 639.7  
2019_12_11_10_16_06_202 1576080966202 24457 24405 424 208.192  
2019_12_11_10_16_06_208 1576080966208 24463 24411 78 40.1318  
2019_12_11_10_16_06_313 1576080966313 24568 24516 171 84.9561  
2019_12_11_10_16_06_511 1576080966511 24766 24714 194 96.0811  
2019_12_11_10_16_06_538 1576080966538 24793 24740 291 143.172  
2019_12_11_10_16_06_551 1576080966551 24806 24753 539 264.834  
2019_12_11_10_16_06_623 1576080966623 24878 24825 255 125.662  
2019_12_11_10_16_06_649 1576080966649 24904 24851 299 147.068  
2019_12_11_10_16_06_650 1576080966650 24905 24852 166 82.5397  
2019_12_11_10_16_06_659 1576080966659 24914 24861 118 59.3797  
2019_12_11_10_16_06_663 1576080966663 24918 24865 1363 682.126  
2019_12_11_10_16_06_672 1576080966672 24927 24874 1693 854.876  
2019_12_11_10_16_06_701 1576080966701 24956 24903 184 91.2422  
2019_12_11_10_16_06_711 1576080966711 24966 24913 302 148.53  
2019_12_11_10_16_06_735 1576080966735 24990 24937 171 84.9561  
2019_12_11_10_16_06_746 1576080966746 25001 24948 360 176.839  
