1576085790438 2019_12_11_11_36_30_438 2.734449 0.478300  0.000014786
2019_12_11_11_36_30_840 1576085790840 402 401 295 145.12  
2019_12_11_11_36_30_841 1576085790841 403 402 309 151.941  
2019_12_11_11_36_30_842 1576085790842 404 403 581 285.618  
2019_12_11_11_36_30_842 1576085790842 404 403 169 83.9894  
2019_12_11_11_36_30_842 1576085790842 404 403 465 228.341  
2019_12_11_11_36_30_842 1576085790842 404 403 337 165.601  
2019_12_11_11_36_30_842 1576085790842 404 403 241 118.864  
2019_12_11_11_36_30_843 1576085790843 405 404 548 269.283  
2019_12_11_11_36_30_843 1576085790843 405 404 1409 706.013  
2019_12_11_11_36_30_843 1576085790843 405 404 358 175.861  
2019_12_11_11_36_30_843 1576085790843 405 404 188 93.1774  
2019_12_11_11_36_30_843 1576085790843 405 404 883 436.602  
2019_12_11_11_36_30_843 1576085790843 405 404 774 381.796  
2019_12_11_11_36_30_843 1576085790843 405 404 1455 729.963  
2019_12_11_11_36_30_843 1576085790843 405 404 331 162.672  
2019_12_11_11_36_30_843 1576085790843 405 404 476 233.755  
2019_12_11_11_36_30_844 1576085790844 406 405 1900 964.881  
2019_12_11_11_36_30_844 1576085790844 406 404 566 278.189  
2019_12_11_11_36_30_844 1576085790844 406 404 516 253.474  
2019_12_11_11_36_30_844 1576085790844 406 404 247 121.777  
2019_12_11_11_36_30_844 1576085790844 406 404 488 239.666  
2019_12_11_11_36_30_844 1576085790844 406 404 568 279.179  
2019_12_11_11_36_30_844 1576085790844 406 404 251 123.719  
2019_12_11_11_36_30_844 1576085790844 406 404 421 206.719  
2019_12_11_11_36_30_844 1576085790844 406 404 386 189.561  
2019_12_11_11_36_30_845 1576085790845 407 405 180 89.3075  
2019_12_11_11_36_30_845 1576085790845 407 405 429 210.646  
2019_12_11_11_36_30_845 1576085790845 407 405 420 206.229  
2019_12_11_11_36_30_845 1576085790845 407 405 412 202.304  
2019_12_11_11_36_30_845 1576085790845 407 405 228 112.555  
2019_12_11_11_36_30_845 1576085790845 407 405 430 211.137  
2019_12_11_11_36_30_845 1576085790845 407 405 434 213.102  
2019_12_11_11_36_30_845 1576085790845 407 405 317 155.841  
2019_12_11_11_36_30_857 1576085790857 419 417 239 117.893  
2019_12_11_11_36_30_887 1576085790887 449 446 501 246.074  
2019_12_11_11_36_30_900 1576085790900 462 459 134 67.0921  
2019_12_11_11_36_30_961 1576085790961 523 520 405 198.871  
2019_12_11_11_36_30_969 1576085790969 531 528 176 87.3733  
2019_12_11_11_36_30_980 1576085790980 542 539 197 97.5334  
2019_12_11_11_36_31_010 1576085791010 572 569 379 186.134  
2019_12_11_11_36_31_021 1576085791021 583 580 474 232.771  
2019_12_11_11_36_31_101 1576085791101 663 660 256 126.148  
2019_12_11_11_36_31_112 1576085791112 674 671 229 113.041  
2019_12_11_11_36_31_113 1576085791113 675 672 1394 698.217  
2019_12_11_11_36_31_120 1576085791120 682 679 594 292.062  
2019_12_11_11_36_31_164 1576085791164 726 723 502 246.567  
2019_12_11_11_36_31_184 1576085791184 746 743 500 245.581  
2019_12_11_11_36_31_249 1576085791249 811 808 467 229.325  
2019_12_11_11_36_31_279 1576085791279 841 838 454 222.93  
2019_12_11_11_36_31_296 1576085791296 858 855 228 112.555  
2019_12_11_11_36_31_310 1576085791310 872 869 1809 916.365  
2019_12_11_11_36_31_341 1576085791341 903 899 383 188.092  
2019_12_11_11_36_31_342 1576085791342 904 900 351 172.439  
2019_12_11_11_36_31_350 1576085791350 912 908 732 360.773  
2019_12_11_11_36_31_355 1576085791355 917 913 693 341.297  
2019_12_11_11_36_31_362 1576085791362 924 920 170 84.4728  
2019_12_11_11_36_31_388 1576085791388 950 946 227 112.07  
2019_12_11_11_36_31_447 1576085791447 1009 1005 444 218.014  
2019_12_11_11_36_31_448 1576085791448 1010 1006 217 107.222  
2019_12_11_11_36_31_755 1576085791755 1317 1313 799 394.335  
2019_12_11_11_36_31_756 1576085791756 1318 1314 167 83.0229  
2019_12_11_11_36_31_776 1576085791776 1338 1334 280 137.818  
2019_12_11_11_36_31_777 1576085791777 1339 1335 225 111.1  
2019_12_11_11_36_31_785 1576085791785 1347 1343 298 146.581  
2019_12_11_11_36_31_788 1576085791788 1350 1346 1322 660.888  
2019_12_11_11_36_31_837 1576085791837 1399 1395 2016 1027.08  
2019_12_11_11_36_31_842 1576085791842 1404 1400 164 81.5733  
2019_12_11_11_36_31_859 1576085791859 1421 1417 758 373.781  
2019_12_11_11_36_31_882 1576085791882 1444 1439 214 105.768  
2019_12_11_11_36_31_906 1576085791906 1468 1463 253 124.691  
2019_12_11_11_36_31_936 1576085791936 1498 1493 80 41.0931  
2019_12_11_11_36_31_989 1576085791989 1551 1546 739 364.273  
2019_12_11_11_36_31_994 1576085791994 1556 1551 235 115.951  
2019_12_11_11_36_31_998 1576085791998 1560 1555 1097 545.223  
2019_12_11_11_36_32_051 1576085792051 1613 1608 249 122.748  
2019_12_11_11_36_32_075 1576085792075 1637 1632 323 158.768  
2019_12_11_11_36_32_117 1576085792117 1679 1674 155 77.2262  
2019_12_11_11_36_32_136 1576085792136 1698 1693 423 207.701  
2019_12_11_11_36_32_210 1576085792210 1772 1767 1439 721.625  
2019_12_11_11_36_32_212 1576085792212 1774 1769 195 96.5652  
2019_12_11_11_36_32_264 1576085792264 1826 1821 133 66.6099  
2019_12_11_11_36_32_299 1576085792299 1861 1856 195 96.5652  
2019_12_11_11_36_32_305 1576085792305 1867 1862 249 122.748  
2019_12_11_11_36_32_308 1576085792308 1870 1865 340 167.066  
2019_12_11_11_36_32_372 1576085792372 1934 1929 596 293.053  
2019_12_11_11_36_32_416 1576085792416 1978 1973 742 365.774  
2019_12_11_11_36_32_429 1576085792429 1991 1985 48 25.7269  
2019_12_11_11_36_32_495 1576085792495 2057 2051 399 195.93  
2019_12_11_11_36_32_503 1576085792503 2065 2059 180 89.3075  
2019_12_11_11_36_32_526 1576085792526 2088 2082 296 145.607  
2019_12_11_11_36_32_572 1576085792572 2134 2128 184 91.2422  
2019_12_11_11_36_32_578 1576085792578 2140 2134 962 476.542  
2019_12_11_11_36_32_625 1576085792625 2187 2181 160 79.641  
2019_12_11_11_36_32_626 1576085792626 2188 2182 1370 685.757  
2019_12_11_11_36_32_639 1576085792639 2201 2195 287 141.224  
2019_12_11_11_36_32_694 1576085792694 2256 2250 142 70.9512  
2019_12_11_11_36_32_701 1576085792701 2263 2257 179 88.8239  
2019_12_11_11_36_32_712 1576085792712 2274 2268 246 121.291  
2019_12_11_11_36_32_746 1576085792746 2308 2302 676 332.822  
2019_12_11_11_36_32_811 1576085792811 2373 2367 361 177.328  
2019_12_11_11_36_32_835 1576085792835 2397 2391 313 153.891  
2019_12_11_11_36_32_888 1576085792888 2450 2444 413 202.794  
2019_12_11_11_36_32_902 1576085792902 2464 2458 218 107.707  
2019_12_11_11_36_32_954 1576085792954 2516 2509 683 336.311  
2019_12_11_11_36_32_972 1576085792972 2534 2527 205 101.407  
2019_12_11_11_36_32_973 1576085792973 2535 2528 175 86.8898  
2019_12_11_11_36_33_001 1576085793001 2563 2556 496 243.609  
2019_12_11_11_36_33_099 1576085793099 2661 2654 1854 940.326  
2019_12_11_11_36_33_102 1576085793102 2664 2657 1856 941.392  
2019_12_11_11_36_33_136 1576085793136 2698 2691 1295 646.929  
2019_12_11_11_36_33_211 1576085793211 2773 2766 701 345.288  
2019_12_11_11_36_33_224 1576085793224 2786 2779 369 181.24  
2019_12_11_11_36_33_273 1576085793273 2835 2828 407 199.852  
2019_12_11_11_36_33_297 1576085793297 2859 2852 360 176.839  
2019_12_11_11_36_33_303 1576085793303 2865 2858 476 233.755  
2019_12_11_11_36_33_320 1576085793320 2882 2875 340 167.066  
2019_12_11_11_36_33_339 1576085793339 2901 2894 277 136.358  
2019_12_11_11_36_33_355 1576085793355 2917 2910 573 281.655  
2019_12_11_11_36_33_394 1576085793394 2956 2949 791 390.321  
2019_12_11_11_36_33_422 1576085793422 2984 2977 747 368.275  
2019_12_11_11_36_33_434 1576085793434 2996 2988 134 67.0921  
2019_12_11_11_36_33_436 1576085793436 2998 2990 237 116.922  
2019_12_11_11_36_33_449 1576085793449 3011 3003 2606 1349.6  
2019_12_11_11_36_33_475 1576085793475 3037 3029 222 109.646  
2019_12_11_11_36_33_527 1576085793527 3089 3081 1393 697.697  
2019_12_11_11_36_33_543 1576085793543 3105 3097 275 135.385  
2019_12_11_11_36_33_804 1576085793804 3366 3358 292 143.659  
2019_12_11_11_36_33_805 1576085793805 3367 3359 300 147.555  
2019_12_11_11_36_33_805 1576085793805 3367 3359 211 104.314  
2019_12_11_11_36_33_806 1576085793806 3368 3360 564 277.199  
2019_12_11_11_36_33_806 1576085793806 3368 3360 1007 499.376  
2019_12_11_11_36_33_806 1576085793806 3368 3360 337 165.601  
2019_12_11_11_36_33_806 1576085793806 3368 3360 63 32.926  
2019_12_11_11_36_33_806 1576085793806 3368 3360 527 258.905  
2019_12_11_11_36_33_806 1576085793806 3368 3360 349 171.462  
2019_12_11_11_36_33_806 1576085793806 3368 3360 200 98.9859  
2019_12_11_11_36_33_846 1576085793846 3408 3400 265 130.522  
2019_12_11_11_36_33_847 1576085793847 3409 3400 48 25.7269  
2019_12_11_11_36_33_869 1576085793869 3431 3422 204 100.923  
2019_12_11_11_36_33_900 1576085793900 3462 3453 375 184.176  
2019_12_11_11_36_33_907 1576085793907 3469 3460 607 298.51  
2019_12_11_11_36_33_935 1576085793935 3497 3488 286 140.738  
2019_12_11_11_36_33_953 1576085793953 3515 3506 423 207.701  
2019_12_11_11_36_34_022 1576085794022 3584 3575 483 237.203  
2019_12_11_11_36_34_098 1576085794098 3660 3651 1103 548.288  
2019_12_11_11_36_34_117 1576085794117 3679 3670 341 167.554  
2019_12_11_11_36_34_140 1576085794140 3702 3693 698 343.792  
2019_12_11_11_36_34_145 1576085794145 3707 3698 289 142.198  
2019_12_11_11_36_34_167 1576085794167 3729 3720 577 283.636  
2019_12_11_11_36_34_213 1576085794213 3775 3766 548 269.283  
2019_12_11_11_36_34_341 1576085794341 3903 3894 280 137.818  
2019_12_11_11_36_34_378 1576085794378 3940 3931 564 277.199  
2019_12_11_11_36_34_436 1576085794436 3998 3989 257 126.634  
2019_12_11_11_36_34_466 1576085794466 4028 4019 674 331.825  
2019_12_11_11_36_34_483 1576085794483 4045 4035 1102 547.777  
2019_12_11_11_36_34_563 1576085794563 4125 4115 483 237.203  
2019_12_11_11_36_34_606 1576085794606 4168 4158 248 122.262  
2019_12_11_11_36_34_631 1576085794631 4193 4183 209 103.345  
2019_12_11_11_36_34_636 1576085794636 4198 4188 247 121.777  
2019_12_11_11_36_34_654 1576085794654 4216 4206 597 293.549  
2019_12_11_11_36_34_672 1576085794672 4234 4224 137 68.5391  
2019_12_11_11_36_34_676 1576085794676 4238 4228 759 374.282  
2019_12_11_11_36_34_704 1576085794704 4266 4256 679 334.317  
2019_12_11_11_36_34_754 1576085794754 4316 4306 192 95.1131  
2019_12_11_11_36_34_828 1576085794828 4390 4380 446 218.997  
2019_12_11_11_36_34_913 1576085794913 4475 4465 217 107.222  
2019_12_11_11_36_34_920 1576085794920 4482 4472 498 244.595  
2019_12_11_11_36_34_933 1576085794933 4495 4485 343 168.531  
2019_12_11_11_36_34_968 1576085794968 4530 4520 321 157.792  
2019_12_11_11_36_35_000 1576085795000 4562 4552 172 85.4395  
2019_12_11_11_36_35_014 1576085795014 4576 4566 283 139.278  
2019_12_11_11_36_35_019 1576085795019 4581 4571 201 99.4701  
2019_12_11_11_36_35_080 1576085795080 4642 4631 925 457.813  
2019_12_11_11_36_35_140 1576085795140 4702 4691 163 81.0902  
2019_12_11_11_36_35_152 1576085795152 4714 4703 316 155.354  
2019_12_11_11_36_35_204 1576085795204 4766 4755 252 124.205  
2019_12_11_11_36_35_261 1576085795261 4823 4812 4095 2209.31  
2019_12_11_11_36_35_280 1576085795280 4842 4831 2067 1054.55  
2019_12_11_11_36_35_286 1576085795286 4848 4837 196 97.0493  
2019_12_11_11_36_35_328 1576085795328 4890 4879 154 76.7433  
2019_12_11_11_36_35_355 1576085795355 4917 4906 626 307.944  
2019_12_11_11_36_35_372 1576085795372 4934 4923 770 379.792  
2019_12_11_11_36_35_455 1576085795455 5017 5006 130 65.1633  
2019_12_11_11_36_35_509 1576085795509 5071 5060 117 58.898  
2019_12_11_11_36_35_522 1576085795522 5084 5073 1506 756.589  
2019_12_11_11_36_35_532 1576085795532 5094 5083 452 221.947  
2019_12_11_11_36_35_544 1576085795544 5106 5095 145 72.3988  
2019_12_11_11_36_35_565 1576085795565 5127 5116 284 139.764  
2019_12_11_11_36_35_852 1576085795852 5414 5403 437 214.575  
2019_12_11_11_36_35_853 1576085795853 5415 5403 185 91.726  
2019_12_11_11_36_35_854 1576085795854 5416 5404 182 90.2748  
2019_12_11_11_36_35_854 1576085795854 5416 5404 797 393.332  
2019_12_11_11_36_35_854 1576085795854 5416 5404 550 270.272  
2019_12_11_11_36_35_854 1576085795854 5416 5404 509 250.02  
2019_12_11_11_36_35_854 1576085795854 5416 5404 622 305.957  
2019_12_11_11_36_35_854 1576085795854 5416 5404 321 157.792  
2019_12_11_11_36_35_856 1576085795856 5418 5406 71 36.7683  
2019_12_11_11_36_35_892 1576085795892 5454 5442 317 155.841  
2019_12_11_11_36_35_906 1576085795906 5468 5456 316 155.354  
2019_12_11_11_36_35_907 1576085795907 5469 5457 217 107.222  
2019_12_11_11_36_35_943 1576085795943 5505 5493 2451 1263.87  
2019_12_11_11_36_35_975 1576085795975 5537 5525 268 131.981  
2019_12_11_11_36_36_018 1576085796018 5580 5568 2129 1088.05  
2019_12_11_11_36_36_136 1576085796136 5698 5686 152 75.7777  
2019_12_11_11_36_36_171 1576085796171 5733 5721 242 119.349  
2019_12_11_11_36_36_188 1576085796188 5750 5738 577 283.636  
2019_12_11_11_36_36_203 1576085796203 5765 5752 396 194.46  
2019_12_11_11_36_36_309 1576085796309 5871 5858 821 405.385  
2019_12_11_11_36_36_320 1576085796320 5882 5869 840 414.939  
2019_12_11_11_36_36_332 1576085796332 5894 5881 448 219.98  
2019_12_11_11_36_36_390 1576085796390 5952 5939 460 225.881  
2019_12_11_11_36_36_445 1576085796445 6007 5994 238 117.407  
2019_12_11_11_36_36_482 1576085796482 6044 6031 75 38.6901  
2019_12_11_11_36_36_568 1576085796568 6130 6117 172 85.4395  
2019_12_11_11_36_36_613 1576085796613 6175 6162 364 178.795  
2019_12_11_11_36_36_678 1576085796678 6240 6227 255 125.662  
2019_12_11_11_36_36_702 1576085796702 6264 6251 159 79.1579  
2019_12_11_11_36_36_812 1576085796812 6374 6361 743 366.274  
2019_12_11_11_36_36_835 1576085796835 6397 6384 1557 783.292  
2019_12_11_11_36_36_836 1576085796836 6398 6385 1099 546.244  
2019_12_11_11_36_36_855 1576085796855 6417 6404 413 202.794  
2019_12_11_11_36_36_856 1576085796856 6418 6405 170 84.4728  
2019_12_11_11_36_36_904 1576085796904 6466 6453 85 43.4968  
2019_12_11_11_36_36_935 1576085796935 6497 6483 288 141.711  
2019_12_11_11_36_36_938 1576085796938 6500 6486 360 176.839  
2019_12_11_11_36_36_961 1576085796961 6523 6509 463 227.357  
2019_12_11_11_36_36_975 1576085796975 6537 6523 571 280.664  
2019_12_11_11_36_37_040 1576085797040 6602 6588 537 263.845  
2019_12_11_11_36_37_091 1576085797091 6653 6639 212 104.799  
2019_12_11_11_36_37_121 1576085797121 6683 6669 171 84.9561  
2019_12_11_11_36_37_195 1576085797195 6757 6743 1035 513.614  
2019_12_11_11_36_37_237 1576085797237 6799 6785 203 100.439  
2019_12_11_11_36_37_238 1576085797238 6800 6786 430 211.137  
2019_12_11_11_36_37_398 1576085797398 6960 6946 484 237.695  
2019_12_11_11_36_37_446 1576085797446 7008 6994 324 159.256  
2019_12_11_11_36_37_484 1576085797484 7046 7032 841 415.442  
2019_12_11_11_36_37_492 1576085797492 7054 7040 169 83.9894  
2019_12_11_11_36_37_498 1576085797498 7060 7046 397 194.95  
2019_12_11_11_36_37_529 1576085797529 7091 7077 1334 667.099  
2019_12_11_11_36_37_562 1576085797562 7124 7110 219 108.191  
2019_12_11_11_36_37_593 1576085797593 7155 7140 1601 806.391  
2019_12_11_11_36_37_598 1576085797598 7160 7145 2618 1356.26  
2019_12_11_11_36_37_900 1576085797900 7462 7447 267 131.495  
2019_12_11_11_36_37_901 1576085797901 7463 7448 240 118.378  
2019_12_11_11_36_37_902 1576085797902 7464 7449 729 359.273  
2019_12_11_11_36_37_902 1576085797902 7464 7449 204 100.923  
2019_12_11_11_36_37_902 1576085797902 7464 7449 1075 533.994  
2019_12_11_11_36_37_903 1576085797903 7465 7450 196 97.0493  
2019_12_11_11_36_37_903 1576085797903 7465 7450 549 269.778  
2019_12_11_11_36_37_903 1576085797903 7465 7450 149 74.3294  
2019_12_11_11_36_37_903 1576085797903 7465 7450 196 97.0493  
2019_12_11_11_36_37_903 1576085797903 7465 7450 329 161.696  
2019_12_11_11_36_37_903 1576085797903 7465 7450 508 249.527  
2019_12_11_11_36_37_912 1576085797912 7474 7459 360 176.839  
2019_12_11_11_36_37_932 1576085797932 7494 7479 232 114.496  
2019_12_11_11_36_37_951 1576085797951 7513 7498 117 58.898  
2019_12_11_11_36_38_122 1576085798122 7684 7669 248 122.262  
2019_12_11_11_36_38_170 1576085798170 7732 7717 285 140.251  
2019_12_11_11_36_38_175 1576085798175 7737 7721 1044 518.195  
2019_12_11_11_36_38_262 1576085798262 7824 7808 920 455.285  
2019_12_11_11_36_38_284 1576085798284 7846 7830 274 134.899  
2019_12_11_11_36_38_285 1576085798285 7847 7831 264 130.036  
2019_12_11_11_36_38_286 1576085798286 7848 7832 120 60.3434  
2019_12_11_11_36_38_321 1576085798321 7883 7867 98 49.7499  
2019_12_11_11_36_38_343 1576085798343 7905 7889 365 179.284  
2019_12_11_11_36_38_458 1576085798458 8020 8004 238 117.407  
2019_12_11_11_36_38_501 1576085798501 8063 8047 84 43.016  
2019_12_11_11_36_38_592 1576085798592 8154 8138 237 116.922  
2019_12_11_11_36_38_641 1576085798641 8203 8187 435 213.593  
2019_12_11_11_36_38_642 1576085798642 8204 8188 2062 1051.86  
2019_12_11_11_36_38_653 1576085798653 8215 8199 565 277.694  
2019_12_11_11_36_38_697 1576085798697 8259 8243 269 132.467  
2019_12_11_11_36_38_730 1576085798730 8292 8276 1156 575.408  
2019_12_11_11_36_38_790 1576085798790 8352 8336 428 210.155  
2019_12_11_11_36_38_887 1576085798887 8449 8433 491 241.144  
2019_12_11_11_36_38_912 1576085798912 8474 8457 313 153.891  
2019_12_11_11_36_38_944 1576085798944 8506 8489 154 76.7433  
2019_12_11_11_36_39_021 1576085799021 8583 8566 230 113.526  
2019_12_11_11_36_39_037 1576085799037 8599 8582 90 45.9012  
2019_12_11_11_36_39_096 1576085799096 8658 8641 1226 611.354  
2019_12_11_11_36_39_110 1576085799110 8672 8655 4095 2209.31  
2019_12_11_11_36_39_171 1576085799171 8733 8716 542 266.317  
2019_12_11_11_36_39_174 1576085799174 8736 8719 160 79.641  
2019_12_11_11_36_39_184 1576085799184 8746 8729 369 181.24  
2019_12_11_11_36_39_265 1576085799265 8827 8810 355 174.394  
2019_12_11_11_36_39_273 1576085799273 8835 8818 232 114.496  
2019_12_11_11_36_39_285 1576085799285 8847 8830 277 136.358  
2019_12_11_11_36_39_297 1576085799297 8859 8842 119 59.8615  
2019_12_11_11_36_39_307 1576085799307 8869 8852 668 328.837  
2019_12_11_11_36_39_357 1576085799357 8919 8902 150 74.8121  
2019_12_11_11_36_39_398 1576085799398 8960 8943 284 139.764  
2019_12_11_11_36_39_407 1576085799407 8969 8952 290 142.685  
2019_12_11_11_36_39_479 1576085799479 9041 9023 1415 709.133  
2019_12_11_11_36_39_500 1576085799500 9062 9044 2105 1075.07  
2019_12_11_11_36_39_538 1576085799538 9100 9082 114 57.4528  
2019_12_11_11_36_39_565 1576085799565 9127 9109 186 92.2098  
2019_12_11_11_36_39_579 1576085799579 9141 9123 600 295.037  
2019_12_11_11_36_39_585 1576085799585 9147 9129 630 309.932  
2019_12_11_11_36_39_588 1576085799588 9150 9132 225 111.1  
2019_12_11_11_36_39_660 1576085799660 9222 9204 305 149.991  
2019_12_11_11_36_39_949 1576085799949 9511 9493 702 345.788  
2019_12_11_11_36_39_950 1576085799950 9512 9494 291 143.172  
2019_12_11_11_36_39_951 1576085799951 9513 9495 137 68.5391  
2019_12_11_11_36_39_951 1576085799951 9513 9495 230 113.526  
2019_12_11_11_36_39_951 1576085799951 9513 9495 1023 507.509  
2019_12_11_11_36_39_951 1576085799951 9513 9495 563 276.704  
2019_12_11_11_36_39_951 1576085799951 9513 9495 245 120.805  
2019_12_11_11_36_39_951 1576085799951 9513 9495 353 173.417  
2019_12_11_11_36_39_951 1576085799951 9513 9495 379 186.134  
2019_12_11_11_36_39_951 1576085799951 9513 9494 196 97.0493  
2019_12_11_11_36_39_951 1576085799951 9513 9494 692 340.798  
2019_12_11_11_36_39_986 1576085799986 9548 9529 331 162.672  
2019_12_11_11_36_40_095 1576085800095 9657 9638 332 163.16  
2019_12_11_11_36_40_098 1576085800098 9660 9641 273 134.412  
2019_12_11_11_36_40_114 1576085800114 9676 9657 359 176.35  
2019_12_11_11_36_40_152 1576085800152 9714 9695 102 51.6749  
2019_12_11_11_36_40_195 1576085800195 9757 9738 158 78.675  
2019_12_11_11_36_40_201 1576085800201 9763 9744 256 126.148  
2019_12_11_11_36_40_224 1576085800224 9786 9767 115 57.9345  
2019_12_11_11_36_40_279 1576085800279 9841 9822 675 332.324  
2019_12_11_11_36_40_291 1576085800291 9853 9834 423 207.701  
2019_12_11_11_36_40_302 1576085800302 9864 9845 148 73.8467  
2019_12_11_11_36_40_320 1576085800320 9882 9863 779 384.303  
2019_12_11_11_36_40_321 1576085800321 9883 9864 671 330.331  
2019_12_11_11_36_40_332 1576085800332 9894 9875 263 129.55  
2019_12_11_11_36_40_344 1576085800344 9906 9887 325 159.744  
2019_12_11_11_36_40_363 1576085800363 9925 9905 1308 653.647  
2019_12_11_11_36_40_380 1576085800380 9942 9922 174 86.4063  
2019_12_11_11_36_40_385 1576085800385 9947 9927 957 474.009  
2019_12_11_11_36_40_420 1576085800420 9982 9962 517 253.968  
2019_12_11_11_36_40_456 1576085800456 10018 9998 217 107.222  
2019_12_11_11_36_40_482 1576085800482 10044 10024 1337 668.652  
2019_12_11_11_36_40_522 1576085800522 10084 10064 538 264.339  
2019_12_11_11_36_40_546 1576085800546 10108 10088 521 255.942  
2019_12_11_11_36_40_561 1576085800561 10123 10103 732 360.773  
2019_12_11_11_36_40_680 1576085800680 10242 10222 304 149.504  
2019_12_11_11_36_40_710 1576085800710 10272 10252 835 412.424  
2019_12_11_11_36_40_727 1576085800727 10289 10269 146 72.8814  
2019_12_11_11_36_40_790 1576085800790 10352 10332 853 421.483  
2019_12_11_11_36_40_806 1576085800806 10368 10348 452 221.947  
2019_12_11_11_36_40_825 1576085800825 10387 10367 423 207.701  
2019_12_11_11_36_40_858 1576085800858 10420 10400 681 335.314  
2019_12_11_11_36_40_868 1576085800868 10430 10410 394 193.48  
2019_12_11_11_36_40_898 1576085800898 10460 10440 220 108.676  
2019_12_11_11_36_41_021 1576085801021 10583 10562 496 243.609  
2019_12_11_11_36_41_023 1576085801023 10585 10564 161 80.124  
2019_12_11_11_36_41_040 1576085801040 10602 10581 262 129.064  
2019_12_11_11_36_41_070 1576085801070 10632 10611 139 69.5038  
2019_12_11_11_36_41_116 1576085801116 10678 10657 550 270.272  
2019_12_11_11_36_41_119 1576085801119 10681 10660 1686 851.178  
2019_12_11_11_36_41_178 1576085801178 10740 10719 98 49.7499  
2019_12_11_11_36_41_182 1576085801182 10744 10723 135 67.5744  
2019_12_11_11_36_41_194 1576085801194 10756 10735 476 233.755  
2019_12_11_11_36_41_209 1576085801209 10771 10750 177 87.8568  
2019_12_11_11_36_41_214 1576085801214 10776 10755 380 186.624  
2019_12_11_11_36_41_223 1576085801223 10785 10764 140 69.9862  
2019_12_11_11_36_41_283 1576085801283 10845 10824 263 129.55  
2019_12_11_11_36_41_287 1576085801287 10849 10828 524 257.423  
2019_12_11_11_36_41_311 1576085801311 10873 10852 368 180.751  
2019_12_11_11_36_41_312 1576085801312 10874 10853 550 270.272  
2019_12_11_11_36_41_324 1576085801324 10886 10865 494 242.623  
2019_12_11_11_36_41_343 1576085801343 10905 10883 1267 632.476  
2019_12_11_11_36_41_424 1576085801424 10986 10964 1334 667.099  
2019_12_11_11_36_41_460 1576085801460 11022 11000 617 303.474  
2019_12_11_11_36_41_465 1576085801465 11027 11005 150 74.8121  
2019_12_11_11_36_41_484 1576085801484 11046 11024 316 155.354  
2019_12_11_11_36_41_488 1576085801488 11050 11028 571 280.664  
2019_12_11_11_36_41_493 1576085801493 11055 11033 267 131.495  
2019_12_11_11_36_41_566 1576085801566 11128 11106 291 143.172  
2019_12_11_11_36_41_577 1576085801577 11139 11117 534 262.363  
2019_12_11_11_36_41_670 1576085801670 11232 11210 226 111.585  
2019_12_11_11_36_41_720 1576085801720 11282 11260 178 88.3403  
2019_12_11_11_36_41_726 1576085801726 11288 11266 182 90.2748  
2019_12_11_11_36_41_997 1576085801997 11559 11537 184 91.2422  
2019_12_11_11_36_41_998 1576085801998 11560 11538 297 146.094  
2019_12_11_11_36_41_999 1576085801999 11561 11539 826 407.898  
2019_12_11_11_36_41_999 1576085801999 11561 11539 204 100.923  
2019_12_11_11_36_41_999 1576085801999 11561 11539 448 219.98  
2019_12_11_11_36_42_026 1576085802026 11588 11565 311 152.916  
2019_12_11_11_36_42_047 1576085802047 11609 11586 171 84.9561  
2019_12_11_11_36_42_074 1576085802074 11636 11613 287 141.224  
2019_12_11_11_36_42_092 1576085802092 11654 11631 109 55.0448  
2019_12_11_11_36_42_146 1576085802146 11708 11685 293 144.146  
2019_12_11_11_36_42_226 1576085802226 11788 11765 257 126.634  
2019_12_11_11_36_42_228 1576085802228 11790 11767 263 129.55  
2019_12_11_11_36_42_236 1576085802236 11798 11775 2950 1542.39  
2019_12_11_11_36_42_250 1576085802250 11812 11789 363 178.306  
2019_12_11_11_36_42_260 1576085802260 11822 11799 400 196.42  
2019_12_11_11_36_42_293 1576085802293 11855 11832 1615 813.753  
2019_12_11_11_36_42_311 1576085802311 11873 11850 293 144.146  
2019_12_11_11_36_42_435 1576085802435 11997 11974 332 163.16  
2019_12_11_11_36_42_494 1576085802494 12056 12033 241 118.864  
2019_12_11_11_36_42_780 1576085802780 12342 12319 282 138.791  
2019_12_11_11_36_42_973 1576085802973 12535 12512 467 229.325  
2019_12_11_11_36_43_004 1576085803004 12566 12543 281 138.304  
2019_12_11_11_36_43_060 1576085803060 12622 12598 553 271.756  
2019_12_11_11_36_43_074 1576085803074 12636 12612 294 144.633  
2019_12_11_11_36_43_114 1576085803114 12676 12652 2594 1342.94  
2019_12_11_11_36_43_118 1576085803118 12680 12656 300 147.555  
2019_12_11_11_36_43_173 1576085803173 12735 12711 4095 2209.31  
2019_12_11_11_36_43_196 1576085803196 12758 12734 616 302.978  
2019_12_11_11_36_43_223 1576085803223 12785 12761 588 289.087  
2019_12_11_11_36_43_232 1576085803232 12794 12770 1599 805.34  
2019_12_11_11_36_43_318 1576085803318 12880 12856 232 114.496  
2019_12_11_11_36_43_364 1576085803364 12926 12902 173 85.9229  
2019_12_11_11_36_43_367 1576085803367 12929 12905 459 225.389  
2019_12_11_11_36_43_369 1576085803369 12931 12907 442 217.032  
2019_12_11_11_36_43_390 1576085803390 12952 12928 411 201.813  
2019_12_11_11_36_43_423 1576085803423 12985 12961 347 170.485  
2019_12_11_11_36_43_460 1576085803460 13022 12998 85 43.4968  
2019_12_11_11_36_43_485 1576085803485 13047 13023 456 223.914  
2019_12_11_11_36_43_489 1576085803489 13051 13027 256 126.148  
2019_12_11_11_36_43_568 1576085803568 13130 13105 612 300.992  
2019_12_11_11_36_43_569 1576085803569 13131 13106 374 183.687  
2019_12_11_11_36_43_570 1576085803570 13132 13107 73 37.7291  
2019_12_11_11_36_43_580 1576085803580 13142 13117 176 87.3733  
2019_12_11_11_36_43_591 1576085803591 13153 13128 444 218.014  
2019_12_11_11_36_43_605 1576085803605 13167 13142 50 26.6864  
2019_12_11_11_36_43_746 1576085803746 13308 13283 954 472.489  
2019_12_11_11_36_43_754 1576085803754 13316 13291 239 117.893  
2019_12_11_11_36_43_773 1576085803773 13335 13310 83 42.5352  
2019_12_11_11_36_44_045 1576085804045 13607 13582 512 251.5  
2019_12_11_11_36_44_046 1576085804046 13608 13583 386 189.561  
2019_12_11_11_36_44_047 1576085804047 13609 13584 296 145.607  
2019_12_11_11_36_44_047 1576085804047 13609 13584 94 47.8253  
2019_12_11_11_36_44_047 1576085804047 13609 13584 139 69.5038  
2019_12_11_11_36_44_048 1576085804048 13610 13585 161 80.124  
2019_12_11_11_36_44_048 1576085804048 13610 13585 2144 1096.18  
2019_12_11_11_36_44_048 1576085804048 13610 13585 779 384.303  
2019_12_11_11_36_44_048 1576085804048 13610 13585 370 181.73  
2019_12_11_11_36_44_067 1576085804067 13629 13603 321 157.792  
2019_12_11_11_36_44_111 1576085804111 13673 13647 168 83.5062  
2019_12_11_11_36_44_123 1576085804123 13685 13659 859 424.504  
2019_12_11_11_36_44_126 1576085804126 13688 13662 438 215.066  
2019_12_11_11_36_44_152 1576085804152 13714 13688 629 309.435  
2019_12_11_11_36_44_153 1576085804153 13715 13689 304 149.504  
2019_12_11_11_36_44_225 1576085804225 13787 13761 301 148.042  
2019_12_11_11_36_44_226 1576085804226 13788 13762 4095 2209.31  
2019_12_11_11_36_44_234 1576085804234 13796 13770 2046 1043.23  
2019_12_11_11_36_44_249 1576085804249 13811 13785 345 169.508  
2019_12_11_11_36_44_357 1576085804357 13919 13893 145 72.3988  
2019_12_11_11_36_44_382 1576085804382 13944 13918 457 224.406  
2019_12_11_11_36_44_499 1576085804499 14061 14035 162 80.6071  
2019_12_11_11_36_44_539 1576085804539 14101 14075 685 337.308  
2019_12_11_11_36_44_561 1576085804561 14123 14097 468 229.817  
2019_12_11_11_36_44_575 1576085804575 14137 14111 556 273.24  
2019_12_11_11_36_44_581 1576085804581 14143 14117 552 271.261  
2019_12_11_11_36_44_584 1576085804584 14146 14119 415 203.775  
2019_12_11_11_36_44_646 1576085804646 14208 14181 172 85.4395  
2019_12_11_11_36_44_648 1576085804648 14210 14183 521 255.942  
2019_12_11_11_36_44_697 1576085804697 14259 14232 263 129.55  
2019_12_11_11_36_44_708 1576085804708 14270 14243 206 101.892  
2019_12_11_11_36_44_713 1576085804713 14275 14248 129 64.6812  
2019_12_11_11_36_44_777 1576085804777 14339 14312 339 166.577  
2019_12_11_11_36_44_823 1576085804823 14385 14358 402 197.4  
2019_12_11_11_36_44_838 1576085804838 14400 14373 115 57.9345  
2019_12_11_11_36_44_854 1576085804854 14416 14389 745 367.274  
2019_12_11_11_36_44_879 1576085804879 14441 14414 403 197.891  
2019_12_11_11_36_44_892 1576085804892 14454 14427 361 177.328  
2019_12_11_11_36_44_922 1576085804922 14484 14457 175 86.8898  
2019_12_11_11_36_44_932 1576085804932 14494 14467 135 67.5744  
2019_12_11_11_36_44_963 1576085804963 14525 14498 289 142.198  
2019_12_11_11_36_44_965 1576085804965 14527 14500 247 121.777  
2019_12_11_11_36_44_977 1576085804977 14539 14512 167 83.0229  
2019_12_11_11_36_44_991 1576085804991 14553 14525 183 90.7585  
2019_12_11_11_36_45_008 1576085805008 14570 14542 650 319.876  
2019_12_11_11_36_45_036 1576085805036 14598 14570 1312 655.715  
2019_12_11_11_36_45_109 1576085805109 14671 14643 415 203.775  
2019_12_11_11_36_45_143 1576085805143 14705 14677 1291 644.863  
2019_12_11_11_36_45_166 1576085805166 14728 14700 161 80.124  
2019_12_11_11_36_45_265 1576085805265 14827 14799 669 329.335  
2019_12_11_11_36_45_342 1576085805342 14904 14876 374 183.687  
2019_12_11_11_36_45_364 1576085805364 14926 14898 820 404.882  
2019_12_11_11_36_45_398 1576085805398 14960 14932 350 171.951  
2019_12_11_11_36_45_421 1576085805421 14983 14955 395 193.97  
2019_12_11_11_36_45_457 1576085805457 15019 14991 318 156.329  
2019_12_11_11_36_45_471 1576085805471 15033 15005 351 172.439  
2019_12_11_11_36_45_472 1576085805472 15034 15006 351 172.439  
2019_12_11_11_36_45_500 1576085805500 15062 15034 487 239.173  
2019_12_11_11_36_45_553 1576085805553 15115 15087 361 177.328  
2019_12_11_11_36_45_611 1576085805611 15173 15145 271 133.44  
2019_12_11_11_36_45_617 1576085805617 15179 15150 265 130.522  
2019_12_11_11_36_45_625 1576085805625 15187 15158 1302 650.546  
2019_12_11_11_36_45_631 1576085805631 15193 15164 366 179.773  
2019_12_11_11_36_45_676 1576085805676 15238 15209 208 102.861  
2019_12_11_11_36_45_677 1576085805677 15239 15210 122 61.3071  
2019_12_11_11_36_45_687 1576085805687 15249 15220 102 51.6749  
2019_12_11_11_36_45_695 1576085805695 15257 15228 146 72.8814  
2019_12_11_11_36_45_814 1576085805814 15376 15347 326 160.232  
2019_12_11_11_36_45_827 1576085805827 15389 15360 2720 1413.1  
2019_12_11_11_36_45_828 1576085805828 15390 15361 290 142.685  
2019_12_11_11_36_45_835 1576085805835 15397 15368 893 441.647  
2019_12_11_11_36_46_094 1576085806094 15656 15627 130 65.1633  
2019_12_11_11_36_46_095 1576085806095 15657 15628 400 196.42  
2019_12_11_11_36_46_096 1576085806096 15658 15629 1423 713.295  
2019_12_11_11_36_46_096 1576085806096 15658 15629 458 224.897  
2019_12_11_11_36_46_096 1576085806096 15658 15629 156 77.7091  
2019_12_11_11_36_46_096 1576085806096 15658 15629 724 356.774  
2019_12_11_11_36_46_096 1576085806096 15658 15628 239 117.893  
2019_12_11_11_36_46_096 1576085806096 15658 15628 138 69.0214  
2019_12_11_11_36_46_096 1576085806096 15658 15628 232 114.496  
2019_12_11_11_36_46_096 1576085806096 15658 15628 1627 820.068  
2019_12_11_11_36_46_097 1576085806097 15659 15629 913 451.747  
2019_12_11_11_36_46_097 1576085806097 15659 15629 148 73.8467  
2019_12_11_11_36_46_097 1576085806097 15659 15629 524 257.423  
2019_12_11_11_36_46_135 1576085806135 15697 15667 369 181.24  
2019_12_11_11_36_46_145 1576085806145 15707 15677 800 394.837  
2019_12_11_11_36_46_152 1576085806152 15714 15684 4095 2209.31  
2019_12_11_11_36_46_191 1576085806191 15753 15723 1499 752.93  
2019_12_11_11_36_46_205 1576085806205 15767 15737 257 126.634  
2019_12_11_11_36_46_277 1576085806277 15839 15809 202 99.9544  
2019_12_11_11_36_46_351 1576085806351 15913 15883 612 300.992  
2019_12_11_11_36_46_352 1576085806352 15914 15884 496 243.609  
2019_12_11_11_36_46_438 1576085806438 16000 15970 4095 2209.31  
2019_12_11_11_36_46_468 1576085806468 16030 16000 1236 616.501  
2019_12_11_11_36_46_492 1576085806492 16054 16024 209 103.345  
2019_12_11_11_36_46_548 1576085806548 16110 16079 259 127.606  
2019_12_11_11_36_46_562 1576085806562 16124 16093 229 113.041  
2019_12_11_11_36_46_603 1576085806603 16165 16134 158 78.675  
2019_12_11_11_36_46_651 1576085806651 16213 16182 212 104.799  
2019_12_11_11_36_46_703 1576085806703 16265 16234 670 329.833  
2019_12_11_11_36_46_716 1576085806716 16278 16247 162 80.6071  
2019_12_11_11_36_46_808 1576085806808 16370 16339 345 169.508  
2019_12_11_11_36_46_840 1576085806840 16402 16371 361 177.328  
2019_12_11_11_36_46_842 1576085806842 16404 16373 369 181.24  
2019_12_11_11_36_46_850 1576085806850 16412 16381 523 256.93  
2019_12_11_11_36_46_888 1576085806888 16450 16419 213 105.283  
2019_12_11_11_36_46_910 1576085806910 16472 16441 1260 628.866  
2019_12_11_11_36_46_925 1576085806925 16487 16456 1611 811.649  
2019_12_11_11_36_46_943 1576085806943 16505 16474 296 145.607  
2019_12_11_11_36_46_964 1576085806964 16526 16495 616 302.978  
2019_12_11_11_36_46_990 1576085806990 16552 16521 457 224.406  
2019_12_11_11_36_46_997 1576085806997 16559 16528 801 395.339  
2019_12_11_11_36_47_058 1576085807058 16620 16588 428 210.155  
2019_12_11_11_36_47_074 1576085807074 16636 16604 374 183.687  
2019_12_11_11_36_47_114 1576085807114 16676 16644 568 279.179  
2019_12_11_11_36_47_175 1576085807175 16737 16705 308 151.453  
2019_12_11_11_36_47_177 1576085807177 16739 16707 228 112.555  
2019_12_11_11_36_47_182 1576085807182 16744 16712 307 150.966  
2019_12_11_11_36_47_194 1576085807194 16756 16724 243 119.834  
2019_12_11_11_36_47_195 1576085807195 16757 16725 866 428.031  
2019_12_11_11_36_47_223 1576085807223 16785 16753 400 196.42  
2019_12_11_11_36_47_269 1576085807269 16831 16799 248 122.262  
2019_12_11_11_36_47_479 1576085807479 17041 17009 193 95.5971  
2019_12_11_11_36_47_494 1576085807494 17056 17024 168 83.5062  
2019_12_11_11_36_47_504 1576085807504 17066 17034 358 175.861  
2019_12_11_11_36_47_506 1576085807506 17068 17036 450 220.964  
2019_12_11_11_36_47_561 1576085807561 17123 17091 4095 2209.31  
2019_12_11_11_36_47_590 1576085807590 17152 17120 416 204.266  
2019_12_11_11_36_47_594 1576085807594 17156 17124 328 161.208  
2019_12_11_11_36_47_773 1576085807773 17335 17302 352 172.928  
2019_12_11_11_36_47_774 1576085807774 17336 17303 1272 635.055  
2019_12_11_11_36_47_796 1576085807796 17358 17325 361 177.328  
2019_12_11_11_36_47_824 1576085807824 17386 17353 1344 672.278  
2019_12_11_11_36_47_832 1576085807832 17394 17361 883 436.602  
2019_12_11_11_36_47_855 1576085807855 17417 17384 1304 651.579  
2019_12_11_11_36_47_859 1576085807859 17421 17388 166 82.5397  
2019_12_11_11_36_47_876 1576085807876 17438 17405 192 95.1131  
2019_12_11_11_36_47_881 1576085807881 17443 17410 1002 496.836  
2019_12_11_11_36_48_142 1576085808142 17704 17671 457 224.406  
2019_12_11_11_36_48_143 1576085808143 17705 17672 523 256.93  
2019_12_11_11_36_48_144 1576085808144 17706 17673 464 227.849  
2019_12_11_11_36_48_144 1576085808144 17706 17673 152 75.7777  
2019_12_11_11_36_48_158 1576085808158 17720 17687 473 232.278  
2019_12_11_11_36_48_175 1576085808175 17737 17704 2344 1205.11  
2019_12_11_11_36_48_184 1576085808184 17746 17713 3014 1578.65  
2019_12_11_11_36_48_206 1576085808206 17768 17735 393 192.99  
2019_12_11_11_36_48_213 1576085808213 17775 17741 147 73.3641  
2019_12_11_11_36_48_224 1576085808224 17786 17752 205 101.407  
2019_12_11_11_36_48_252 1576085808252 17814 17780 100 50.7123  
2019_12_11_11_36_48_305 1576085808305 17867 17833 216 106.737  
2019_12_11_11_36_48_310 1576085808310 17872 17838 4095 2209.31  
2019_12_11_11_36_48_353 1576085808353 17915 17881 1747 883.451  
2019_12_11_11_36_48_357 1576085808357 17919 17885 205 101.407  
2019_12_11_11_36_48_383 1576085808383 17945 17911 568 279.179  
2019_12_11_11_36_48_462 1576085808462 18024 17990 765 377.287  
2019_12_11_11_36_48_463 1576085808463 18025 17991 353 173.417  
2019_12_11_11_36_48_470 1576085808470 18032 17998 460 225.881  
2019_12_11_11_36_48_531 1576085808531 18093 18059 396 194.46  
2019_12_11_11_36_48_657 1576085808657 18219 18185 237 116.922  
2019_12_11_11_36_48_679 1576085808679 18241 18207 955 472.996  
2019_12_11_11_36_48_747 1576085808747 18309 18275 63 32.926  
2019_12_11_11_36_48_754 1576085808754 18316 18282 704 346.786  
2019_12_11_11_36_48_786 1576085808786 18348 18314 140 69.9862  
2019_12_11_11_36_48_870 1576085808870 18432 18397 135 67.5744  
2019_12_11_11_36_48_898 1576085808898 18460 18425 835 412.424  
2019_12_11_11_36_48_924 1576085808924 18486 18451 144 71.9162  
2019_12_11_11_36_48_928 1576085808928 18490 18455 273 134.412  
2019_12_11_11_36_48_934 1576085808934 18496 18461 85 43.4968  
2019_12_11_11_36_48_949 1576085808949 18511 18476 477 234.248  
2019_12_11_11_36_48_955 1576085808955 18517 18482 164 81.5733  
2019_12_11_11_36_48_973 1576085808973 18535 18500 193 95.5971  
2019_12_11_11_36_49_046 1576085809046 18608 18573 1871 949.393  
2019_12_11_11_36_49_078 1576085809078 18640 18605 158 78.675  
2019_12_11_11_36_49_088 1576085809088 18650 18615 258 127.12  
2019_12_11_11_36_49_090 1576085809090 18652 18617 371 182.219  
2019_12_11_11_36_49_091 1576085809091 18653 18618 1303 651.063  
2019_12_11_11_36_49_132 1576085809132 18694 18659 334 164.136  
2019_12_11_11_36_49_154 1576085809154 18716 18681 206 101.892  
2019_12_11_11_36_49_486 1576085809486 19048 19013 416 204.266  
2019_12_11_11_36_49_487 1576085809487 19049 19014 250 123.234  
2019_12_11_11_36_49_550 1576085809550 19112 19077 677 333.32  
2019_12_11_11_36_49_566 1576085809566 19128 19092 207 102.376  
2019_12_11_11_36_49_572 1576085809572 19134 19098 413 202.794  
2019_12_11_11_36_49_682 1576085809682 19244 19208 414 203.285  
2019_12_11_11_36_49_699 1576085809699 19261 19225 760 374.783  
2019_12_11_11_36_49_784 1576085809784 19346 19310 334 164.136  
2019_12_11_11_36_49_791 1576085809791 19353 19317 4095 2209.31  
2019_12_11_11_36_49_813 1576085809813 19375 19339 1461 733.091  
2019_12_11_11_36_49_814 1576085809814 19376 19340 1174 584.637  
2019_12_11_11_36_49_842 1576085809842 19404 19368 338 166.089  
2019_12_11_11_36_49_850 1576085809850 19412 19376 142 70.9512  
2019_12_11_11_36_50_190 1576085810190 19752 19716 2294 1177.76  
2019_12_11_11_36_50_191 1576085810191 19753 19717 172 85.4395  
2019_12_11_11_36_50_192 1576085810192 19754 19718 192 95.1131  
2019_12_11_11_36_50_192 1576085810192 19754 19718 472 231.786  
2019_12_11_11_36_50_193 1576085810193 19755 19719 901 445.686  
2019_12_11_11_36_50_193 1576085810193 19755 19719 318 156.329  
2019_12_11_11_36_50_193 1576085810193 19755 19719 292 143.659  
2019_12_11_11_36_50_208 1576085810208 19770 19733 1251 624.227  
2019_12_11_11_36_50_220 1576085810220 19782 19745 391 192.01  
2019_12_11_11_36_50_223 1576085810223 19785 19748 744 366.774  
2019_12_11_11_36_50_227 1576085810227 19789 19752 661 325.351  
2019_12_11_11_36_50_280 1576085810280 19842 19805 407 199.852  
2019_12_11_11_36_50_298 1576085810298 19860 19823 570 280.169  
2019_12_11_11_36_50_309 1576085810309 19871 19834 362 177.817  
2019_12_11_11_36_50_328 1576085810328 19890 19853 1309 654.164  
2019_12_11_11_36_50_390 1576085810390 19952 19915 143 71.4337  
2019_12_11_11_36_50_392 1576085810392 19954 19917 161 80.124  
2019_12_11_11_36_50_396 1576085810396 19958 19921 146 72.8814  
2019_12_11_11_36_50_419 1576085810419 19981 19944 341 167.554  
2019_12_11_11_36_50_432 1576085810432 19994 19957 244 120.32  
2019_12_11_11_36_50_434 1576085810434 19996 19959 150 74.8121  
2019_12_11_11_36_50_490 1576085810490 20052 20015 169 83.9894  
2019_12_11_11_36_50_511 1576085810511 20073 20036 4095 2209.31  
2019_12_11_11_36_50_571 1576085810571 20133 20096 746 367.775  
2019_12_11_11_36_50_576 1576085810576 20138 20100 634 311.92  
2019_12_11_11_36_50_586 1576085810586 20148 20110 350 171.951  
2019_12_11_11_36_50_588 1576085810588 20150 20112 473 232.278  
2019_12_11_11_36_50_607 1576085810607 20169 20131 540 265.328  
2019_12_11_11_36_50_609 1576085810609 20171 20133 70 36.2879  
2019_12_11_11_36_50_763 1576085810763 20325 20287 1432 717.98  
2019_12_11_11_36_50_787 1576085810787 20349 20311 187 92.6936  
2019_12_11_11_36_50_801 1576085810801 20363 20325 375 184.176  
2019_12_11_11_36_50_823 1576085810823 20385 20347 474 232.771  
2019_12_11_11_36_50_954 1576085810954 20516 20478 135 67.5744  
2019_12_11_11_36_50_986 1576085810986 20548 20510 994 492.773  
2019_12_11_11_36_50_998 1576085810998 20560 20522 397 194.95  
2019_12_11_11_36_51_030 1576085811030 20592 20554 130 65.1633  
2019_12_11_11_36_51_186 1576085811186 20748 20710 152 75.7777  
2019_12_11_11_36_51_237 1576085811237 20799 20761 170 84.4728  
2019_12_11_11_36_51_295 1576085811295 20857 20819 383 188.092  
2019_12_11_11_36_51_363 1576085811363 20925 20887 1073 532.974  
2019_12_11_11_36_51_371 1576085811371 20933 20894 244 120.32  
2019_12_11_11_36_51_388 1576085811388 20950 20911 103 52.1562  
2019_12_11_11_36_51_393 1576085811393 20955 20916 1336 668.134  
2019_12_11_11_36_51_405 1576085811405 20967 20928 684 336.809  
2019_12_11_11_36_51_438 1576085811438 21000 20961 456 223.914  
2019_12_11_11_36_51_493 1576085811493 21055 21016 514 252.487  
2019_12_11_11_36_51_531 1576085811531 21093 21054 228 112.555  
2019_12_11_11_36_51_586 1576085811586 21148 21109 162 80.6071  
2019_12_11_11_36_51_644 1576085811644 21206 21167 765 377.287  
2019_12_11_11_36_51_679 1576085811679 21241 21202 83 42.5352  
2019_12_11_11_36_51_681 1576085811681 21243 21204 160 79.641  
2019_12_11_11_36_51_730 1576085811730 21292 21253 511 251.007  
2019_12_11_11_36_51_739 1576085811739 21301 21262 620 304.964  
2019_12_11_11_36_51_744 1576085811744 21306 21267 131 65.6455  
2019_12_11_11_36_51_760 1576085811760 21322 21283 356 174.883  
2019_12_11_11_36_51_771 1576085811771 21333 21294 131 65.6455  
2019_12_11_11_36_51_796 1576085811796 21358 21319 548 269.283  
2019_12_11_11_36_51_860 1576085811860 21422 21382 881 435.593  
2019_12_11_11_36_51_932 1576085811932 21494 21454 146 72.8814  
2019_12_11_11_36_51_960 1576085811960 21522 21482 205 101.407  
2019_12_11_11_36_52_239 1576085812239 21801 21761 390 191.52  
2019_12_11_11_36_52_240 1576085812240 21802 21762 377 185.155  
2019_12_11_11_36_52_241 1576085812241 21803 21763 1657 835.874  
2019_12_11_11_36_52_241 1576085812241 21803 21763 189 93.6613  
2019_12_11_11_36_52_241 1576085812241 21803 21763 773 381.295  
2019_12_11_11_36_52_241 1576085812241 21803 21763 507 249.033  
2019_12_11_11_36_52_241 1576085812241 21803 21763 179 88.8239  
2019_12_11_11_36_52_241 1576085812241 21803 21763 445 218.506  
2019_12_11_11_36_52_303 1576085812303 21865 21825 2621 1357.93  
2019_12_11_11_36_52_306 1576085812306 21868 21828 267 131.495  
2019_12_11_11_36_52_316 1576085812316 21878 21838 415 203.775  
2019_12_11_11_36_52_317 1576085812317 21879 21839 248 122.262  
2019_12_11_11_36_52_318 1576085812318 21880 21840 236 116.437  
2019_12_11_11_36_52_319 1576085812319 21881 21841 332 163.16  
2019_12_11_11_36_52_330 1576085812330 21892 21852 573 281.655  
2019_12_11_11_36_52_372 1576085812372 21934 21893 2923 1527.13  
2019_12_11_11_36_52_432 1576085812432 21994 21953 225 111.1  
2019_12_11_11_36_52_442 1576085812442 22004 21963 115 57.9345  
2019_12_11_11_36_52_456 1576085812456 22018 21977 1247 622.166  
2019_12_11_11_36_52_465 1576085812465 22027 21986 116 58.4162  
2019_12_11_11_36_52_481 1576085812481 22043 22002 1356 678.496  
2019_12_11_11_36_52_522 1576085812522 22084 22043 828 408.904  
2019_12_11_11_36_52_528 1576085812528 22090 22049 680 334.815  
2019_12_11_11_36_52_530 1576085812530 22092 22051 235 115.951  
2019_12_11_11_36_52_531 1576085812531 22093 22052 586 288.096  
2019_12_11_11_36_52_535 1576085812535 22097 22056 167 83.0229  
2019_12_11_11_36_52_536 1576085812536 22098 22057 300 147.555  
2019_12_11_11_36_52_797 1576085812797 22359 22318 417 204.757  
2019_12_11_11_36_52_832 1576085812832 22394 22353 4095 2209.31  
2019_12_11_11_36_52_855 1576085812855 22417 22376 4095 2209.31  
2019_12_11_11_36_52_876 1576085812876 22438 22397 1212 604.153  
2019_12_11_11_36_52_906 1576085812906 22468 22427 269 132.467  
2019_12_11_11_36_52_922 1576085812922 22484 22442 277 136.358  
2019_12_11_11_36_52_937 1576085812937 22499 22457 127 63.717  
2019_12_11_11_36_52_958 1576085812958 22520 22478 1010 500.9  
2019_12_11_11_36_52_968 1576085812968 22530 22488 255 125.662  
2019_12_11_11_36_52_971 1576085812971 22533 22491 1061 526.855  
2019_12_11_11_36_52_978 1576085812978 22540 22498 1735 877.093  
2019_12_11_11_36_52_981 1576085812981 22543 22501 220 108.676  
2019_12_11_11_36_53_099 1576085813099 22661 22619 487 239.173  
2019_12_11_11_36_53_140 1576085813140 22702 22660 65 33.8864  
2019_12_11_11_36_53_161 1576085813161 22723 22681 911 450.737  
2019_12_11_11_36_53_187 1576085813187 22749 22707 217 107.222  
2019_12_11_11_36_53_189 1576085813189 22751 22709 465 228.341  
2019_12_11_11_36_53_195 1576085813195 22757 22715 915 452.758  
2019_12_11_11_36_53_226 1576085813226 22788 22746 1339 669.688  
2019_12_11_11_36_53_282 1576085813282 22844 22802 381 187.113  
2019_12_11_11_36_53_297 1576085813297 22859 22817 212 104.799  
2019_12_11_11_36_53_336 1576085813336 22898 22856 217 107.222  
2019_12_11_11_36_53_338 1576085813338 22900 22857 545 267.8  
2019_12_11_11_36_53_386 1576085813386 22948 22905 247 121.777  
2019_12_11_11_36_53_393 1576085813393 22955 22912 245 120.805  
2019_12_11_11_36_53_432 1576085813432 22994 22951 318 156.329  
2019_12_11_11_36_53_447 1576085813447 23009 22966 301 148.042  
2019_12_11_11_36_53_453 1576085813453 23015 22972 199 98.5017  
2019_12_11_11_36_53_455 1576085813455 23017 22974 106 53.6004  
2019_12_11_11_36_53_461 1576085813461 23023 22980 2747 1428.2  
2019_12_11_11_36_53_589 1576085813589 23151 23108 364 178.795  
2019_12_11_11_36_53_668 1576085813668 23230 23187 164 81.5733  
2019_12_11_11_36_53_713 1576085813713 23275 23232 176 87.3733  
2019_12_11_11_36_53_735 1576085813735 23297 23254 202 99.9544  
2019_12_11_11_36_53_750 1576085813750 23312 23269 196 97.0493  
2019_12_11_11_36_53_821 1576085813821 23383 23340 88 44.9393  
2019_12_11_11_36_53_887 1576085813887 23449 23406 1556 782.767  
2019_12_11_11_36_53_979 1576085813979 23541 23498 669 329.335  
2019_12_11_11_36_54_018 1576085814018 23580 23537 271 133.44  
2019_12_11_11_36_54_287 1576085814287 23849 23805 181 89.7911  
2019_12_11_11_36_54_288 1576085814288 23850 23806 168 83.5062  
2019_12_11_11_36_54_289 1576085814289 23851 23807 3993 2148.33  
2019_12_11_11_36_54_289 1576085814289 23851 23807 206 101.892  
2019_12_11_11_36_54_289 1576085814289 23851 23807 304 149.504  
2019_12_11_11_36_54_289 1576085814289 23851 23807 963 477.049  
2019_12_11_11_36_54_289 1576085814289 23851 23807 295 145.12  
2019_12_11_11_36_54_290 1576085814290 23852 23808 719 354.276  
2019_12_11_11_36_54_290 1576085814290 23852 23808 886 438.115  
2019_12_11_11_36_54_290 1576085814290 23852 23808 459 225.389  
2019_12_11_11_36_54_290 1576085814290 23852 23808 220 108.676  
2019_12_11_11_36_54_290 1576085814290 23852 23808 2745 1427.08  
2019_12_11_11_36_54_326 1576085814326 23888 23844 1107 550.332  
2019_12_11_11_36_54_337 1576085814337 23899 23855 611 300.496  
2019_12_11_11_36_54_398 1576085814398 23960 23916 271 133.44  
2019_12_11_11_36_54_478 1576085814478 24040 23996 1015 503.442  
2019_12_11_11_36_54_499 1576085814499 24061 24017 148 73.8467  
2019_12_11_11_36_54_521 1576085814521 24083 24038 423 207.701  
2019_12_11_11_36_54_523 1576085814523 24085 24040 1822 923.281  
2019_12_11_11_36_54_526 1576085814526 24088 24043 548 269.283  
2019_12_11_11_36_54_543 1576085814543 24105 24060 245 120.805  
2019_12_11_11_36_54_547 1576085814547 24109 24064 279 137.331  
2019_12_11_11_36_54_583 1576085814583 24145 24100 426 209.173  
2019_12_11_11_36_54_612 1576085814612 24174 24129 260 128.092  
2019_12_11_11_36_54_616 1576085814616 24178 24133 736 362.773  
2019_12_11_11_36_54_626 1576085814626 24188 24143 345 169.508  
2019_12_11_11_36_54_633 1576085814633 24195 24150 360 176.839  
2019_12_11_11_36_54_663 1576085814663 24225 24180 225 111.1  
2019_12_11_11_36_54_753 1576085814753 24315 24270 396 194.46  
2019_12_11_11_36_54_764 1576085814764 24326 24281 365 179.284  
2019_12_11_11_36_54_790 1576085814790 24352 24307 388 190.541  
2019_12_11_11_36_54_795 1576085814795 24357 24312 341 167.554  
2019_12_11_11_36_54_835 1576085814835 24397 24352 1327 663.475  
2019_12_11_11_36_54_862 1576085814862 24424 24379 252 124.205  
2019_12_11_11_36_54_932 1576085814932 24494 24449 1502 754.498  
2019_12_11_11_36_54_933 1576085814933 24495 24449 151 75.2949  
2019_12_11_11_36_54_935 1576085814935 24497 24451 701 345.288  
2019_12_11_11_36_54_959 1576085814959 24521 24475 187 92.6936  
2019_12_11_11_36_54_995 1576085814995 24557 24511 259 127.606  
2019_12_11_11_36_55_010 1576085815010 24572 24526 1090 541.648  
2019_12_11_11_36_55_083 1576085815083 24645 24599 377 185.155  
2019_12_11_11_36_55_093 1576085815093 24655 24609 937 463.883  
2019_12_11_11_36_55_117 1576085815117 24679 24633 133 66.6099  
2019_12_11_11_36_55_121 1576085815121 24683 24637 494 242.623  
2019_12_11_11_36_55_236 1576085815236 24798 24752 243 119.834  
2019_12_11_11_36_55_275 1576085815275 24837 24791 417 204.757  
2019_12_11_11_36_55_301 1576085815301 24863 24817 95 48.3064  
2019_12_11_11_36_55_304 1576085815304 24866 24820 293 144.146  
2019_12_11_11_36_55_309 1576085815309 24871 24825 258 127.12  
2019_12_11_11_36_55_363 1576085815363 24925 24879 292 143.659  
2019_12_11_11_36_55_392 1576085815392 24954 24908 64 33.4062  
2019_12_11_11_36_55_425 1576085815425 24987 24941 194 96.0811  
2019_12_11_11_36_55_501 1576085815501 25063 25016 1036 514.123  
2019_12_11_11_36_55_757 1576085815757 25319 25272 203 100.439  
2019_12_11_11_36_55_790 1576085815790 25352 25305 398 195.44  
2019_12_11_11_36_55_815 1576085815815 25377 25330 717 353.277  
2019_12_11_11_36_55_915 1576085815915 25477 25430 108 54.5633  
2019_12_11_11_36_55_960 1576085815960 25522 25475 163 81.0902  
2019_12_11_11_36_55_978 1576085815978 25540 25493 205 101.407  
2019_12_11_11_36_55_995 1576085815995 25557 25510 1222 609.296  
2019_12_11_11_36_56_005 1576085816005 25567 25520 127 63.717  
2019_12_11_11_36_56_011 1576085816011 25573 25526 317 155.841  
2019_12_11_11_36_56_033 1576085816033 25595 25548 253 124.691  
2019_12_11_11_36_56_067 1576085816067 25629 25582 1016 503.95  
2019_12_11_11_36_56_075 1576085816075 25637 25590 261 128.578  
2019_12_11_11_36_56_313 1576085816313 25875 25828 405 198.871  
2019_12_11_11_36_56_313 1576085816313 25875 25828 438 215.066  
2019_12_11_11_36_56_314 1576085816314 25876 25829 1330 665.028  
2019_12_11_11_36_56_315 1576085816315 25877 25830 605 297.518  
2019_12_11_11_36_56_315 1576085816315 25877 25829 479 235.233  
2019_12_11_11_36_56_315 1576085816315 25877 25829 250 123.234  
2019_12_11_11_36_56_315 1576085816315 25877 25829 195 96.5652  
2019_12_11_11_36_56_315 1576085816315 25877 25829 827 408.401  
2019_12_11_11_36_56_315 1576085816315 25877 25829 704 346.786  
2019_12_11_11_36_56_315 1576085816315 25877 25829 151 75.2949  
2019_12_11_11_36_56_315 1576085816315 25877 25829 1127 560.558  
2019_12_11_11_36_56_315 1576085816315 25877 25829 1177 586.177  
2019_12_11_11_36_56_316 1576085816316 25878 25830 523 256.93  
2019_12_11_11_36_56_329 1576085816329 25891 25843 189 93.6613  
2019_12_11_11_36_56_346 1576085816346 25908 25860 727 358.273  
2019_12_11_11_36_56_349 1576085816349 25911 25863 415 203.775  
2019_12_11_11_36_56_356 1576085816356 25918 25870 707 348.283  
2019_12_11_11_36_56_376 1576085816376 25938 25890 872 431.055  
2019_12_11_11_36_56_403 1576085816403 25965 25917 215 106.252  
2019_12_11_11_36_56_408 1576085816408 25970 25922 264 130.036  
2019_12_11_11_36_56_555 1576085816555 26117 26069 375 184.176  
2019_12_11_11_36_56_558 1576085816558 26120 26071 2187 1119.5  
2019_12_11_11_36_56_566 1576085816566 26128 26079 4095 2209.31  
2019_12_11_11_36_56_612 1576085816612 26174 26125 1349 674.868  
2019_12_11_11_36_56_620 1576085816620 26182 26133 110 55.5264  
2019_12_11_11_36_56_659 1576085816659 26221 26172 401 196.91  
2019_12_11_11_36_56_691 1576085816691 26253 26204 653 321.369  
2019_12_11_11_36_56_698 1576085816698 26260 26211 2813 1465.19  
2019_12_11_11_36_56_739 1576085816739 26301 26252 109 55.0448  
2019_12_11_11_36_56_740 1576085816740 26302 26253 111 56.0079  
2019_12_11_11_36_56_755 1576085816755 26317 26268 465 228.341  
2019_12_11_11_36_56_888 1576085816888 26450 26401 137 68.5391  
2019_12_11_11_36_56_918 1576085816918 26480 26431 162 80.6071  
2019_12_11_11_36_56_920 1576085816920 26482 26433 416 204.266  
2019_12_11_11_36_56_935 1576085816935 26497 26448 135 67.5744  
2019_12_11_11_36_57_113 1576085817113 26675 26626 686 337.806  
2019_12_11_11_36_57_157 1576085817157 26719 26670 382 187.603  
2019_12_11_11_36_57_205 1576085817205 26767 26718 187 92.6936  
2019_12_11_11_36_57_349 1576085817349 26911 26861 155 77.2262  
2019_12_11_11_36_57_388 1576085817388 26950 26900 168 83.5062  
2019_12_11_11_36_57_420 1576085817420 26982 26932 175 86.8898  
2019_12_11_11_36_57_422 1576085817422 26984 26934 976 483.64  
2019_12_11_11_36_57_510 1576085817510 27072 27022 329 161.696  
2019_12_11_11_36_57_551 1576085817551 27113 27063 832 410.915  
2019_12_11_11_36_57_615 1576085817615 27177 27127 88 44.9393  
2019_12_11_11_36_57_689 1576085817689 27251 27201 4095 2209.31  
2019_12_11_11_36_57_702 1576085817702 27264 27214 682 335.812  
2019_12_11_11_36_57_708 1576085817708 27270 27220 621 305.461  
2019_12_11_11_36_57_745 1576085817745 27307 27257 595 292.557  
2019_12_11_11_36_57_759 1576085817759 27321 27271 265 130.522  
2019_12_11_11_36_57_769 1576085817769 27331 27281 262 129.064  
2019_12_11_11_36_57_810 1576085817810 27372 27322 318 156.329  
2019_12_11_11_36_57_812 1576085817812 27374 27324 270 132.953  
2019_12_11_11_36_57_831 1576085817831 27393 27343 173 85.9229  
2019_12_11_11_36_57_835 1576085817835 27397 27347 125 62.753  
2019_12_11_11_36_57_892 1576085817892 27454 27404 272 133.926  
2019_12_11_11_36_57_912 1576085817912 27474 27423 2792 1453.41  
2019_12_11_11_36_57_945 1576085817945 27507 27456 169 83.9894  
2019_12_11_11_36_58_003 1576085818003 27565 27514 447 219.489  
2019_12_11_11_36_58_020 1576085818020 27582 27531 293 144.146  
2019_12_11_11_36_58_329 1576085818329 27891 27840 1427 715.377  
2019_12_11_11_36_58_330 1576085818330 27892 27841 259 127.606  
2019_12_11_11_36_58_331 1576085818331 27893 27842 418 205.247  
2019_12_11_11_36_58_331 1576085818331 27893 27842 310 152.428  
2019_12_11_11_36_58_331 1576085818331 27893 27842 595 292.557  
2019_12_11_11_36_58_331 1576085818331 27893 27842 287 141.224  
2019_12_11_11_36_58_331 1576085818331 27893 27842 310 152.428  
2019_12_11_11_36_58_331 1576085818331 27893 27842 170 84.4728  
2019_12_11_11_36_58_355 1576085818355 27917 27866 709 349.282  
2019_12_11_11_36_58_368 1576085818368 27930 27879 197 97.5334  
2019_12_11_11_36_58_385 1576085818385 27947 27896 119 59.8615  
2019_12_11_11_36_58_405 1576085818405 27967 27916 570 280.169  
2019_12_11_11_36_58_469 1576085818469 28031 27980 480 235.725  
2019_12_11_11_36_58_481 1576085818481 28043 27991 368 180.751  
2019_12_11_11_36_58_532 1576085818532 28094 28042 565 277.694  
2019_12_11_11_36_58_550 1576085818550 28112 28060 212 104.799  
2019_12_11_11_36_58_558 1576085818558 28120 28068 488 239.666  
2019_12_11_11_36_58_561 1576085818561 28123 28071 153 76.2605  
2019_12_11_11_36_58_611 1576085818611 28173 28121 4095 2209.31  
2019_12_11_11_36_58_635 1576085818635 28197 28145 1439 721.625  
2019_12_11_11_36_58_660 1576085818660 28222 28170 203 100.439  
2019_12_11_11_36_58_671 1576085818671 28233 28181 169 83.9894  
2019_12_11_11_36_58_689 1576085818689 28251 28199 270 132.953  
2019_12_11_11_36_58_704 1576085818704 28266 28214 372 182.708  
2019_12_11_11_36_58_727 1576085818727 28289 28237 208 102.861  
2019_12_11_11_36_58_788 1576085818788 28350 28298 517 253.968  
2019_12_11_11_36_58_793 1576085818793 28355 28303 392 192.5  
2019_12_11_11_36_58_863 1576085818863 28425 28373 507 249.033  
2019_12_11_11_36_58_919 1576085818919 28481 28429 291 143.172  
2019_12_11_11_36_58_929 1576085818929 28491 28439 488 239.666  
2019_12_11_11_36_58_951 1576085818951 28513 28460 186 92.2098  
2019_12_11_11_36_59_071 1576085819071 28633 28580 264 130.036  
2019_12_11_11_36_59_089 1576085819089 28651 28598 282 138.791  
2019_12_11_11_36_59_139 1576085819139 28701 28648 370 181.73  
2019_12_11_11_36_59_183 1576085819183 28745 28692 224 110.616  
2019_12_11_11_36_59_189 1576085819189 28751 28698 1111 552.376  
2019_12_11_11_36_59_201 1576085819201 28763 28710 932 461.353  
2019_12_11_11_36_59_221 1576085819221 28783 28730 227 112.07  
2019_12_11_11_36_59_276 1576085819276 28838 28785 1354 677.46  
2019_12_11_11_36_59_282 1576085819282 28844 28791 392 192.5  
2019_12_11_11_36_59_311 1576085819311 28873 28820 102 51.6749  
2019_12_11_11_36_59_347 1576085819347 28909 28856 617 303.474  
2019_12_11_11_36_59_437 1576085819437 28999 28946 1530 769.145  
2019_12_11_11_36_59_456 1576085819456 29018 28965 183 90.7585  
2019_12_11_11_36_59_502 1576085819502 29064 29011 537 263.845  
2019_12_11_11_36_59_551 1576085819551 29113 29060 409 200.833  
2019_12_11_11_36_59_619 1576085819619 29181 29128 182 90.2748  
2019_12_11_11_36_59_626 1576085819626 29188 29134 777 383.3  
2019_12_11_11_36_59_629 1576085819629 29191 29137 183 90.7585  
2019_12_11_11_36_59_661 1576085819661 29223 29169 81 41.5738  
2019_12_11_11_36_59_738 1576085819738 29300 29246 1432 717.98  
2019_12_11_11_36_59_746 1576085819746 29308 29254 314 154.378  
2019_12_11_11_36_59_775 1576085819775 29337 29283 1146 570.285  
2019_12_11_11_36_59_825 1576085819825 29387 29333 568 279.179  
2019_12_11_11_36_59_838 1576085819838 29400 29346 241 118.864  
2019_12_11_11_36_59_908 1576085819908 29470 29416 304 149.504  
2019_12_11_11_36_59_939 1576085819939 29501 29447 2458 1267.73  
2019_12_11_11_36_59_984 1576085819984 29546 29492 1304 651.579  
2019_12_11_11_36_59_987 1576085819987 29549 29495 449 220.472  
2019_12_11_11_36_59_996 1576085819996 29558 29504 662 325.849  
2019_12_11_11_37_00_008 1576085820008 29570 29516 619 304.467  
2019_12_11_11_37_00_025 1576085820025 29587 29533 98 49.7499  
2019_12_11_11_37_00_036 1576085820036 29598 29544 189 93.6613  
2019_12_11_11_37_00_102 1576085820102 29664 29610 1332 666.063  
2019_12_11_11_37_00_110 1576085820110 29672 29617 464 227.849  
2019_12_11_11_37_00_126 1576085820126 29688 29633 176 87.3733  
2019_12_11_11_37_00_147 1576085820147 29709 29654 1306 652.613  
2019_12_11_11_37_00_345 1576085820345 29907 29852 3663 1953.14  
2019_12_11_11_37_00_345 1576085820345 29907 29852 1596 803.764  
2019_12_11_11_37_00_346 1576085820346 29908 29853 351 172.439  
2019_12_11_11_37_00_346 1576085820346 29908 29853 399 195.93  
2019_12_11_11_37_00_346 1576085820346 29908 29853 296 145.607  
2019_12_11_11_37_00_346 1576085820346 29908 29853 396 194.46  
2019_12_11_11_37_00_347 1576085820347 29909 29854 134 67.0921  
2019_12_11_11_37_00_347 1576085820347 29909 29854 609 299.503  
2019_12_11_11_37_00_347 1576085820347 29909 29854 181 89.7911  
2019_12_11_11_37_00_347 1576085820347 29909 29854 616 302.978  
2019_12_11_11_37_00_379 1576085820379 29941 29886 1048 520.232  
2019_12_11_11_37_00_381 1576085820381 29943 29888 303 149.017  
2019_12_11_11_37_00_382 1576085820382 29944 29889 250 123.234  
2019_12_11_11_37_00_442 1576085820442 30004 29949 747 368.275  
