1576081862515 2019_12_11_10_31_02_515 2.734449 0.478300  0.000014786
2019_12_11_10_31_02_918 1576081862918 403 402 581 285.618  
2019_12_11_10_31_02_918 1576081862918 403 402 132 66.1277  
2019_12_11_10_31_02_919 1576081862919 404 403 141 70.4687  
2019_12_11_10_31_02_919 1576081862919 404 403 311 152.916  
2019_12_11_10_31_02_920 1576081862920 405 404 120 60.3434  
2019_12_11_10_31_02_920 1576081862920 405 404 734 361.773  
2019_12_11_10_31_02_920 1576081862920 405 404 715 352.278  
2019_12_11_10_31_02_920 1576081862920 405 404 1289 643.83  
2019_12_11_10_31_02_920 1576081862920 405 404 330 162.184  
2019_12_11_10_31_02_920 1576081862920 405 404 385 189.072  
2019_12_11_10_31_02_920 1576081862920 405 404 1529 768.622  
2019_12_11_10_31_02_920 1576081862920 405 404 509 250.02  
2019_12_11_10_31_02_921 1576081862921 406 405 229 113.041  
2019_12_11_10_31_02_921 1576081862921 406 405 499 245.088  
2019_12_11_10_31_02_921 1576081862921 406 405 339 166.577  
2019_12_11_10_31_02_921 1576081862921 406 405 304 149.504  
2019_12_11_10_31_02_921 1576081862921 406 405 276 135.872  
2019_12_11_10_31_02_921 1576081862921 406 404 335 164.624  
2019_12_11_10_31_02_921 1576081862921 406 404 287 141.224  
2019_12_11_10_31_02_921 1576081862921 406 404 259 127.606  
2019_12_11_10_31_02_921 1576081862921 406 404 4095 2209.31  
2019_12_11_10_31_02_922 1576081862922 407 405 1375 688.351  
2019_12_11_10_31_02_922 1576081862922 407 405 1329 664.51  
2019_12_11_10_31_02_922 1576081862922 407 405 3351 1771.55  
2019_12_11_10_31_02_922 1576081862922 407 405 1201 598.5  
2019_12_11_10_31_02_922 1576081862922 407 405 938 464.389  
2019_12_11_10_31_02_922 1576081862922 407 405 147 73.3641  
2019_12_11_10_31_02_922 1576081862922 407 405 428 210.155  
2019_12_11_10_31_02_922 1576081862922 407 405 1310 654.681  
2019_12_11_10_31_02_923 1576081862923 408 406 406 199.361  
2019_12_11_10_31_02_923 1576081862923 408 406 230 113.526  
2019_12_11_10_31_02_923 1576081862923 408 406 670 329.833  
2019_12_11_10_31_02_923 1576081862923 408 406 370 181.73  
2019_12_11_10_31_02_923 1576081862923 408 406 144 71.9162  
2019_12_11_10_31_02_923 1576081862923 408 405 234 115.466  
2019_12_11_10_31_02_932 1576081862932 417 414 217 107.222  
2019_12_11_10_31_02_944 1576081862944 429 426 186 92.2098  
2019_12_11_10_31_02_968 1576081862968 453 450 199 98.5017  
2019_12_11_10_31_03_075 1576081863075 560 557 208 102.861  
2019_12_11_10_31_03_087 1576081863087 572 569 1749 884.511  
2019_12_11_10_31_03_104 1576081863104 589 586 1406 704.453  
2019_12_11_10_31_03_139 1576081863139 624 621 125 62.753  
2019_12_11_10_31_03_143 1576081863143 628 625 4095 2209.31  
2019_12_11_10_31_03_163 1576081863163 648 645 2443 1259.47  
2019_12_11_10_31_03_209 1576081863209 694 691 206 101.892  
2019_12_11_10_31_03_216 1576081863216 701 698 233 114.981  
2019_12_11_10_31_03_255 1576081863255 740 737 152 75.7777  
2019_12_11_10_31_03_277 1576081863277 762 759 318 156.329  
2019_12_11_10_31_03_359 1576081863359 844 841 816 402.872  
2019_12_11_10_31_03_371 1576081863371 856 853 491 241.144  
2019_12_11_10_31_03_382 1576081863382 867 864 60 31.4857  
2019_12_11_10_31_03_471 1576081863471 956 952 1024 508.018  
2019_12_11_10_31_03_479 1576081863479 964 960 184 91.2422  
2019_12_11_10_31_03_500 1576081863500 985 981 284 139.764  
2019_12_11_10_31_03_506 1576081863506 991 987 331 162.672  
2019_12_11_10_31_03_511 1576081863511 996 992 263 129.55  
2019_12_11_10_31_03_517 1576081863517 1002 998 1369 685.238  
2019_12_11_10_31_03_523 1576081863523 1008 1004 249 122.748  
2019_12_11_10_31_03_527 1576081863527 1012 1008 161 80.124  
2019_12_11_10_31_03_542 1576081863542 1027 1023 221 109.161  
2019_12_11_10_31_03_555 1576081863555 1040 1036 2392 1231.43  
2019_12_11_10_31_03_583 1576081863583 1068 1064 341 167.554  
2019_12_11_10_31_03_626 1576081863626 1111 1107 269 132.467  
2019_12_11_10_31_03_658 1576081863658 1143 1139 106 53.6004  
2019_12_11_10_31_03_679 1576081863679 1164 1160 277 136.358  
2019_12_11_10_31_03_708 1576081863708 1193 1189 115 57.9345  
2019_12_11_10_31_03_717 1576081863717 1202 1198 125 62.753  
2019_12_11_10_31_03_721 1576081863721 1206 1202 1365 683.163  
2019_12_11_10_31_03_760 1576081863760 1245 1240 415 203.775  
2019_12_11_10_31_03_785 1576081863785 1270 1265 477 234.248  
2019_12_11_10_31_03_802 1576081863802 1287 1282 1381 691.465  
2019_12_11_10_31_03_869 1576081863869 1354 1349 293 144.146  
2019_12_11_10_31_03_936 1576081863936 1421 1416 367 180.262  
2019_12_11_10_31_03_945 1576081863945 1430 1425 1282 640.216  
2019_12_11_10_31_03_987 1576081863987 1472 1467 225 111.1  
2019_12_11_10_31_04_004 1576081864004 1489 1484 277 136.358  
2019_12_11_10_31_04_007 1576081864007 1492 1487 132 66.1277  
2019_12_11_10_31_04_108 1576081864108 1593 1588 832 410.915  
2019_12_11_10_31_04_116 1576081864116 1601 1596 184 91.2422  
2019_12_11_10_31_04_171 1576081864171 1656 1651 156 77.7091  
2019_12_11_10_31_04_200 1576081864200 1685 1680 792 390.823  
2019_12_11_10_31_04_205 1576081864205 1690 1685 835 412.424  
2019_12_11_10_31_04_218 1576081864218 1703 1698 147 73.3641  
2019_12_11_10_31_04_225 1576081864225 1710 1705 4095 2209.31  
2019_12_11_10_31_04_238 1576081864238 1723 1718 2145 1096.72  
2019_12_11_10_31_04_267 1576081864267 1752 1747 578 284.132  
2019_12_11_10_31_04_274 1576081864274 1759 1753 267 131.495  
2019_12_11_10_31_04_281 1576081864281 1766 1760 150 74.8121  
2019_12_11_10_31_04_302 1576081864302 1787 1781 525 257.917  
2019_12_11_10_31_04_309 1576081864309 1794 1788 395 193.97  
2019_12_11_10_31_04_331 1576081864331 1816 1810 196 97.0493  
2019_12_11_10_31_04_347 1576081864347 1832 1826 819 404.38  
2019_12_11_10_31_04_348 1576081864348 1833 1827 972 481.611  
2019_12_11_10_31_04_349 1576081864349 1834 1828 269 132.467  
2019_12_11_10_31_04_352 1576081864352 1837 1831 91 46.3822  
2019_12_11_10_31_04_374 1576081864374 1859 1853 308 151.453  
2019_12_11_10_31_04_388 1576081864388 1873 1867 313 153.891  
2019_12_11_10_31_04_409 1576081864409 1894 1888 364 178.795  
2019_12_11_10_31_04_412 1576081864412 1897 1891 270 132.953  
2019_12_11_10_31_04_414 1576081864414 1899 1893 292 143.659  
2019_12_11_10_31_04_442 1576081864442 1927 1921 67 34.8469  
2019_12_11_10_31_04_443 1576081864443 1928 1922 463 227.357  
2019_12_11_10_31_04_449 1576081864449 1934 1928 878 434.08  
2019_12_11_10_31_04_457 1576081864457 1942 1935 273 134.412  
2019_12_11_10_31_04_459 1576081864459 1944 1937 129 64.6812  
2019_12_11_10_31_04_766 1576081864766 2251 2244 205 101.407  
2019_12_11_10_31_04_767 1576081864767 2252 2245 1341 670.724  
2019_12_11_10_31_04_768 1576081864768 2253 2246 235 115.951  
2019_12_11_10_31_04_768 1576081864768 2253 2246 249 122.748  
2019_12_11_10_31_04_768 1576081864768 2253 2246 66 34.3667  
2019_12_11_10_31_04_769 1576081864769 2254 2247 278 136.845  
2019_12_11_10_31_04_769 1576081864769 2254 2247 234 115.466  
2019_12_11_10_31_04_769 1576081864769 2254 2247 562 276.209  
2019_12_11_10_31_04_769 1576081864769 2254 2247 2972 1554.84  
2019_12_11_10_31_04_769 1576081864769 2254 2247 269 132.467  
2019_12_11_10_31_04_769 1576081864769 2254 2247 90 45.9012  
2019_12_11_10_31_04_769 1576081864769 2254 2247 209 103.345  
2019_12_11_10_31_04_771 1576081864771 2256 2249 238 117.407  
2019_12_11_10_31_04_786 1576081864786 2271 2264 337 165.601  
2019_12_11_10_31_04_849 1576081864849 2334 2327 966 478.57  
2019_12_11_10_31_04_875 1576081864875 2360 2352 1279 638.667  
2019_12_11_10_31_04_899 1576081864899 2384 2376 266 131.008  
2019_12_11_10_31_04_983 1576081864983 2468 2460 76 39.1707  
2019_12_11_10_31_05_012 1576081865012 2497 2489 212 104.799  
2019_12_11_10_31_05_038 1576081865038 2523 2515 127 63.717  
2019_12_11_10_31_05_048 1576081865048 2533 2525 277 136.358  
2019_12_11_10_31_05_054 1576081865054 2539 2531 1389 695.62  
2019_12_11_10_31_05_125 1576081865125 2610 2602 146 72.8814  
2019_12_11_10_31_05_143 1576081865143 2628 2620 377 185.155  
2019_12_11_10_31_05_146 1576081865146 2631 2623 1328 663.993  
2019_12_11_10_31_05_152 1576081865152 2637 2629 221 109.161  
2019_12_11_10_31_05_209 1576081865209 2694 2686 396 194.46  
2019_12_11_10_31_05_212 1576081865212 2697 2689 179 88.8239  
2019_12_11_10_31_05_274 1576081865274 2759 2751 630 309.932  
2019_12_11_10_31_05_293 1576081865293 2778 2770 260 128.092  
2019_12_11_10_31_05_300 1576081865300 2785 2777 306 150.479  
2019_12_11_10_31_05_309 1576081865309 2794 2786 45 24.2879  
2019_12_11_10_31_05_313 1576081865313 2798 2789 250 123.234  
2019_12_11_10_31_05_315 1576081865315 2800 2791 777 383.3  
2019_12_11_10_31_05_325 1576081865325 2810 2801 406 199.361  
2019_12_11_10_31_05_359 1576081865359 2844 2835 636 312.914  
2019_12_11_10_31_05_426 1576081865426 2911 2902 272 133.926  
2019_12_11_10_31_05_434 1576081865434 2919 2910 150 74.8121  
2019_12_11_10_31_05_435 1576081865435 2920 2911 257 126.634  
2019_12_11_10_31_05_439 1576081865439 2924 2915 563 276.704  
2019_12_11_10_31_05_447 1576081865447 2932 2923 1232 614.442  
2019_12_11_10_31_05_527 1576081865527 3012 3003 483 237.203  
2019_12_11_10_31_05_565 1576081865565 3050 3041 1363 682.126  
2019_12_11_10_31_05_594 1576081865594 3079 3070 232 114.496  
2019_12_11_10_31_05_607 1576081865607 3092 3083 1362 681.607  
2019_12_11_10_31_05_625 1576081865625 3110 3101 411 201.813  
2019_12_11_10_31_05_657 1576081865657 3142 3133 341 167.554  
2019_12_11_10_31_05_659 1576081865659 3144 3135 230 113.526  
2019_12_11_10_31_05_678 1576081865678 3163 3154 327 160.72  
2019_12_11_10_31_05_683 1576081865683 3168 3158 551 270.767  
2019_12_11_10_31_05_693 1576081865693 3178 3168 395 193.97  
2019_12_11_10_31_05_702 1576081865702 3187 3177 534 262.363  
2019_12_11_10_31_05_713 1576081865713 3198 3188 1340 670.206  
2019_12_11_10_31_05_714 1576081865714 3199 3189 3821 2046.19  
2019_12_11_10_31_05_762 1576081865762 3247 3237 286 140.738  
2019_12_11_10_31_05_766 1576081865766 3251 3241 305 149.991  
2019_12_11_10_31_05_768 1576081865768 3253 3243 185 91.726  
2019_12_11_10_31_05_779 1576081865779 3264 3254 370 181.73  
2019_12_11_10_31_05_780 1576081865780 3265 3255 139 69.5038  
2019_12_11_10_31_05_788 1576081865788 3273 3263 221 109.161  
2019_12_11_10_31_05_790 1576081865790 3275 3265 258 127.12  
2019_12_11_10_31_05_792 1576081865792 3277 3267 320 157.305  
2019_12_11_10_31_05_816 1576081865816 3301 3291 266 131.008  
2019_12_11_10_31_05_838 1576081865838 3323 3313 385 189.072  
2019_12_11_10_31_05_843 1576081865843 3328 3318 504 247.553  
2019_12_11_10_31_05_881 1576081865881 3366 3356 1024 508.018  
2019_12_11_10_31_05_887 1576081865887 3372 3362 902 446.191  
2019_12_11_10_31_05_915 1576081865915 3400 3389 413 202.794  
2019_12_11_10_31_05_935 1576081865935 3420 3409 621 305.461  
2019_12_11_10_31_05_964 1576081865964 3449 3438 132 66.1277  
2019_12_11_10_31_05_976 1576081865976 3461 3450 166 82.5397  
2019_12_11_10_31_05_982 1576081865982 3467 3456 893 441.647  
2019_12_11_10_31_06_027 1576081866027 3512 3501 283 139.278  
2019_12_11_10_31_06_028 1576081866028 3513 3502 291 143.172  
2019_12_11_10_31_06_044 1576081866044 3529 3518 121 60.8252  
2019_12_11_10_31_06_052 1576081866052 3537 3526 342 168.042  
2019_12_11_10_31_06_057 1576081866057 3542 3531 157 78.192  
2019_12_11_10_31_06_066 1576081866066 3551 3540 284 139.764  
2019_12_11_10_31_06_071 1576081866071 3556 3545 50 26.6864  
2019_12_11_10_31_06_103 1576081866103 3588 3577 491 241.144  
2019_12_11_10_31_06_195 1576081866195 3680 3669 678 333.819  
2019_12_11_10_31_06_220 1576081866220 3705 3694 713 351.279  
2019_12_11_10_31_06_239 1576081866239 3724 3713 248 122.262  
2019_12_11_10_31_06_253 1576081866253 3738 3727 551 270.767  
2019_12_11_10_31_06_333 1576081866333 3818 3806 250 123.234  
2019_12_11_10_31_06_339 1576081866339 3824 3812 509 250.02  
2019_12_11_10_31_06_360 1576081866360 3845 3833 410 201.323  
2019_12_11_10_31_06_386 1576081866386 3871 3859 1110 551.865  
2019_12_11_10_31_06_422 1576081866422 3907 3895 382 187.603  
2019_12_11_10_31_06_455 1576081866455 3940 3928 462 226.865  
2019_12_11_10_31_06_485 1576081866485 3970 3958 348 170.973  
2019_12_11_10_31_06_486 1576081866486 3971 3959 154 76.7433  
2019_12_11_10_31_06_505 1576081866505 3990 3978 305 149.991  
2019_12_11_10_31_06_519 1576081866519 4004 3992 516 253.474  
2019_12_11_10_31_06_531 1576081866531 4016 4004 762 375.784  
2019_12_11_10_31_06_551 1576081866551 4036 4024 351 172.439  
2019_12_11_10_31_06_564 1576081866564 4049 4037 1115 554.421  
2019_12_11_10_31_06_594 1576081866594 4079 4067 280 137.818  
2019_12_11_10_31_06_697 1576081866697 4182 4170 128 64.1991  
2019_12_11_10_31_06_711 1576081866711 4196 4184 244 120.32  
2019_12_11_10_31_06_717 1576081866717 4202 4190 285 140.251  
2019_12_11_10_31_06_746 1576081866746 4231 4218 182 90.2748  
2019_12_11_10_31_06_783 1576081866783 4268 4255 236 116.437  
2019_12_11_10_31_06_798 1576081866798 4283 4270 354 173.906  
2019_12_11_10_31_06_807 1576081866807 4292 4279 2114 1079.94  
2019_12_11_10_31_06_813 1576081866813 4298 4285 1070 531.444  
2019_12_11_10_31_06_851 1576081866851 4336 4323 207 102.376  
2019_12_11_10_31_06_864 1576081866864 4349 4336 257 126.634  
2019_12_11_10_31_06_867 1576081866867 4352 4339 242 119.349  
2019_12_11_10_31_06_964 1576081866964 4449 4436 82 42.0545  
2019_12_11_10_31_06_965 1576081866965 4450 4437 1316 657.784  
2019_12_11_10_31_06_989 1576081866989 4474 4461 2947 1540.7  
2019_12_11_10_31_06_998 1576081866998 4483 4470 310 152.428  
2019_12_11_10_31_06_999 1576081866999 4484 4471 140 69.9862  
2019_12_11_10_31_07_028 1576081867028 4513 4500 403 197.891  
2019_12_11_10_31_07_085 1576081867085 4570 4557 403 197.891  
2019_12_11_10_31_07_086 1576081867086 4571 4558 1381 691.465  
2019_12_11_10_31_07_087 1576081867087 4572 4559 360 176.839  
2019_12_11_10_31_07_100 1576081867100 4585 4571 222 109.646  
2019_12_11_10_31_07_148 1576081867148 4633 4619 1162 578.483  
2019_12_11_10_31_07_185 1576081867185 4670 4656 307 150.966  
2019_12_11_10_31_07_248 1576081867248 4733 4719 79 40.6124  
2019_12_11_10_31_07_249 1576081867249 4734 4720 999 495.312  
2019_12_11_10_31_07_260 1576081867260 4745 4731 158 78.675  
2019_12_11_10_31_07_271 1576081867271 4756 4742 479 235.233  
2019_12_11_10_31_07_300 1576081867300 4785 4771 1466 735.699  
2019_12_11_10_31_07_309 1576081867309 4794 4780 189 93.6613  
2019_12_11_10_31_07_314 1576081867314 4799 4785 1312 655.715  
2019_12_11_10_31_07_360 1576081867360 4845 4831 390 191.52  
2019_12_11_10_31_07_386 1576081867386 4871 4857 102 51.6749  
2019_12_11_10_31_07_405 1576081867405 4890 4876 316 155.354  
2019_12_11_10_31_07_415 1576081867415 4900 4886 240 118.378  
2019_12_11_10_31_07_455 1576081867455 4940 4926 1738 878.682  
2019_12_11_10_31_07_467 1576081867467 4952 4938 125 62.753  
2019_12_11_10_31_07_471 1576081867471 4956 4942 1299 648.996  
2019_12_11_10_31_07_480 1576081867480 4965 4950 377 185.155  
2019_12_11_10_31_07_487 1576081867487 4972 4957 266 131.008  
2019_12_11_10_31_07_507 1576081867507 4992 4977 849 419.469  
2019_12_11_10_31_07_557 1576081867557 5042 5027 1340 670.206  
2019_12_11_10_31_07_587 1576081867587 5072 5057 149 74.3294  
2019_12_11_10_31_07_588 1576081867588 5073 5058 1334 667.099  
2019_12_11_10_31_07_593 1576081867593 5078 5063 254 125.177  
2019_12_11_10_31_07_611 1576081867611 5096 5081 237 116.922  
2019_12_11_10_31_07_616 1576081867616 5101 5086 193 95.5971  
2019_12_11_10_31_07_622 1576081867622 5107 5092 2384 1227.04  
2019_12_11_10_31_07_629 1576081867629 5114 5099 522 256.436  
2019_12_11_10_31_07_669 1576081867669 5154 5139 665 327.343  
2019_12_11_10_31_07_676 1576081867676 5161 5146 127 63.717  
2019_12_11_10_31_07_683 1576081867683 5168 5153 923 456.802  
2019_12_11_10_31_07_685 1576081867685 5170 5155 626 307.944  
2019_12_11_10_31_07_712 1576081867712 5197 5182 243 119.834  
2019_12_11_10_31_07_713 1576081867713 5198 5183 152 75.7777  
2019_12_11_10_31_07_721 1576081867721 5206 5191 262 129.064  
2019_12_11_10_31_07_741 1576081867741 5226 5210 357 175.372  
2019_12_11_10_31_07_752 1576081867752 5237 5221 530 260.387  
2019_12_11_10_31_07_770 1576081867770 5255 5239 411 201.813  
2019_12_11_10_31_07_792 1576081867792 5277 5261 1053 522.779  
2019_12_11_10_31_07_855 1576081867855 5340 5324 320 157.305  
2019_12_11_10_31_07_858 1576081867858 5343 5327 147 73.3641  
2019_12_11_10_31_07_865 1576081867865 5350 5334 216 106.737  
2019_12_11_10_31_07_867 1576081867867 5352 5336 2769 1440.51  
2019_12_11_10_31_07_877 1576081867877 5362 5346 478 234.74  
2019_12_11_10_31_07_895 1576081867895 5380 5364 313 153.891  
2019_12_11_10_31_07_907 1576081867907 5392 5376 342 168.042  
2019_12_11_10_31_07_913 1576081867913 5398 5382 1382 691.985  
2019_12_11_10_31_07_934 1576081867934 5419 5403 268 131.981  
2019_12_11_10_31_07_946 1576081867946 5431 5415 632 310.926  
2019_12_11_10_31_07_951 1576081867951 5436 5420 450 220.964  
2019_12_11_10_31_07_965 1576081867965 5450 5434 503 247.06  
2019_12_11_10_31_07_996 1576081867996 5481 5465 492 241.637  
2019_12_11_10_31_08_003 1576081868003 5488 5471 212 104.799  
2019_12_11_10_31_08_047 1576081868047 5532 5515 244 120.32  
2019_12_11_10_31_08_059 1576081868059 5544 5527 123 61.789  
2019_12_11_10_31_08_069 1576081868069 5554 5537 247 121.777  
2019_12_11_10_31_08_109 1576081868109 5594 5577 147 73.3641  
2019_12_11_10_31_08_145 1576081868145 5630 5613 182 90.2748  
2019_12_11_10_31_08_154 1576081868154 5639 5622 593 291.566  
2019_12_11_10_31_08_199 1576081868199 5684 5667 200 98.9859  
2019_12_11_10_31_08_207 1576081868207 5692 5675 330 162.184  
2019_12_11_10_31_08_215 1576081868215 5700 5683 251 123.719  
2019_12_11_10_31_08_222 1576081868222 5707 5690 244 120.32  
2019_12_11_10_31_08_261 1576081868261 5746 5729 2454 1265.52  
2019_12_11_10_31_08_281 1576081868281 5766 5749 119 59.8615  
2019_12_11_10_31_08_323 1576081868323 5808 5791 84 43.016  
2019_12_11_10_31_08_339 1576081868339 5824 5807 133 66.6099  
2019_12_11_10_31_08_347 1576081868347 5832 5815 154 76.7433  
2019_12_11_10_31_08_356 1576081868356 5841 5824 2732 1419.81  
2019_12_11_10_31_08_373 1576081868373 5858 5840 371 182.219  
2019_12_11_10_31_08_388 1576081868388 5873 5855 168 83.5062  
2019_12_11_10_31_08_428 1576081868428 5913 5895 646 317.887  
2019_12_11_10_31_08_429 1576081868429 5914 5896 482 236.71  
2019_12_11_10_31_08_474 1576081868474 5959 5941 323 158.768  
2019_12_11_10_31_08_476 1576081868476 5961 5943 1021 506.492  
2019_12_11_10_31_08_499 1576081868499 5984 5966 265 130.522  
2019_12_11_10_31_08_509 1576081868509 5994 5976 1265 631.444  
2019_12_11_10_31_08_520 1576081868520 6005 5987 310 152.428  
2019_12_11_10_31_08_601 1576081868601 6086 6068 1415 709.133  
2019_12_11_10_31_08_606 1576081868606 6091 6073 493 242.13  
2019_12_11_10_31_08_628 1576081868628 6113 6095 1088 540.627  
2019_12_11_10_31_08_652 1576081868652 6137 6119 2740 1424.28  
2019_12_11_10_31_08_654 1576081868654 6139 6121 562 276.209  
2019_12_11_10_31_08_658 1576081868658 6143 6125 473 232.278  
2019_12_11_10_31_08_659 1576081868659 6144 6126 616 302.978  
2019_12_11_10_31_08_660 1576081868660 6145 6127 1196 595.931  
2019_12_11_10_31_08_679 1576081868679 6164 6145 1343 671.76  
2019_12_11_10_31_08_713 1576081868713 6198 6179 176 87.3733  
2019_12_11_10_31_08_726 1576081868726 6211 6192 332 163.16  
2019_12_11_10_31_08_740 1576081868740 6225 6206 201 99.4701  
2019_12_11_10_31_08_848 1576081868848 6333 6314 328 161.208  
2019_12_11_10_31_08_926 1576081868926 6411 6392 577 283.636  
2019_12_11_10_31_08_941 1576081868941 6426 6407 462 226.865  
2019_12_11_10_31_08_956 1576081868956 6441 6422 372 182.708  
2019_12_11_10_31_08_957 1576081868957 6442 6423 162 80.6071  
2019_12_11_10_31_09_008 1576081869008 6493 6474 1336 668.134  
2019_12_11_10_31_09_026 1576081869026 6511 6492 510 250.513  
2019_12_11_10_31_09_049 1576081869049 6534 6515 903 446.696  
2019_12_11_10_31_09_064 1576081869064 6549 6530 736 362.773  
2019_12_11_10_31_09_075 1576081869075 6560 6541 307 150.966  
2019_12_11_10_31_09_103 1576081869103 6588 6569 176 87.3733  
2019_12_11_10_31_09_130 1576081869130 6615 6596 417 204.757  
2019_12_11_10_31_09_177 1576081869177 6662 6643 309 151.941  
2019_12_11_10_31_09_224 1576081869224 6709 6689 1361 681.089  
2019_12_11_10_31_09_238 1576081869238 6723 6703 295 145.12  
2019_12_11_10_31_09_289 1576081869289 6774 6754 71 36.7683  
2019_12_11_10_31_09_314 1576081869314 6799 6779 658 323.858  
2019_12_11_10_31_09_315 1576081869315 6800 6780 315 154.866  
2019_12_11_10_31_09_331 1576081869331 6816 6796 368 180.751  
2019_12_11_10_31_09_334 1576081869334 6819 6799 191 94.6291  
2019_12_11_10_31_09_347 1576081869347 6832 6812 94 47.8253  
2019_12_11_10_31_09_358 1576081869358 6843 6823 665 327.343  
2019_12_11_10_31_09_364 1576081869364 6849 6829 1354 677.46  
2019_12_11_10_31_09_379 1576081869379 6864 6844 171 84.9561  
2019_12_11_10_31_09_383 1576081869383 6868 6848 235 115.951  
2019_12_11_10_31_09_415 1576081869415 6900 6880 248 122.262  
2019_12_11_10_31_09_506 1576081869506 6991 6971 865 427.527  
2019_12_11_10_31_09_524 1576081869524 7009 6989 514 252.487  
2019_12_11_10_31_09_562 1576081869562 7047 7027 193 95.5971  
2019_12_11_10_31_09_572 1576081869572 7057 7037 125 62.753  
2019_12_11_10_31_09_658 1576081869658 7143 7123 300 147.555  
2019_12_11_10_31_09_696 1576081869696 7181 7160 334 164.136  
2019_12_11_10_31_09_711 1576081869711 7196 7175 441 216.54  
2019_12_11_10_31_09_725 1576081869725 7210 7189 4095 2209.31  
2019_12_11_10_31_09_730 1576081869730 7215 7194 241 118.864  
2019_12_11_10_31_09_749 1576081869749 7234 7213 374 183.687  
2019_12_11_10_31_09_817 1576081869817 7302 7281 163 81.0902  
2019_12_11_10_31_09_836 1576081869836 7321 7300 1276 637.119  
2019_12_11_10_31_09_852 1576081869852 7337 7316 243 119.834  
2019_12_11_10_31_09_854 1576081869854 7339 7318 520 255.449  
2019_12_11_10_31_09_858 1576081869858 7343 7322 423 207.701  
2019_12_11_10_31_09_867 1576081869867 7352 7331 1355 677.978  
2019_12_11_10_31_09_872 1576081869872 7357 7336 559 274.724  
2019_12_11_10_31_09_918 1576081869918 7403 7382 688 338.804  
2019_12_11_10_31_09_920 1576081869920 7405 7384 361 177.328  
2019_12_11_10_31_09_925 1576081869925 7410 7389 329 161.696  
2019_12_11_10_31_09_952 1576081869952 7437 7416 125 62.753  
2019_12_11_10_31_09_965 1576081869965 7450 7429 485 238.188  
2019_12_11_10_31_09_971 1576081869971 7456 7434 193 95.5971  
2019_12_11_10_31_09_985 1576081869985 7470 7448 206 101.892  
2019_12_11_10_31_10_003 1576081870003 7488 7466 428 210.155  
2019_12_11_10_31_10_035 1576081870035 7520 7498 103 52.1562  
2019_12_11_10_31_10_082 1576081870082 7567 7545 803 396.343  
2019_12_11_10_31_10_103 1576081870103 7588 7566 432 212.119  
2019_12_11_10_31_10_131 1576081870131 7616 7594 174 86.4063  
2019_12_11_10_31_10_133 1576081870133 7618 7596 192 95.1131  
2019_12_11_10_31_10_211 1576081870211 7696 7674 491 241.144  
2019_12_11_10_31_10_240 1576081870240 7725 7703 217 107.222  
2019_12_11_10_31_10_244 1576081870244 7729 7707 192 95.1131  
2019_12_11_10_31_10_253 1576081870253 7738 7716 114 57.4528  
2019_12_11_10_31_10_268 1576081870268 7753 7731 479 235.233  
2019_12_11_10_31_10_294 1576081870294 7779 7757 124 62.271  
2019_12_11_10_31_10_313 1576081870313 7798 7776 684 336.809  
2019_12_11_10_31_10_333 1576081870333 7818 7796 268 131.981  
2019_12_11_10_31_10_358 1576081870358 7843 7821 306 150.479  
2019_12_11_10_31_10_364 1576081870364 7849 7826 411 201.813  
2019_12_11_10_31_10_373 1576081870373 7858 7835 164 81.5733  
2019_12_11_10_31_10_410 1576081870410 7895 7872 293 144.146  
2019_12_11_10_31_10_415 1576081870415 7900 7877 288 141.711  
2019_12_11_10_31_10_433 1576081870433 7918 7895 653 321.369  
2019_12_11_10_31_10_450 1576081870450 7935 7912 152 75.7777  
2019_12_11_10_31_10_509 1576081870509 7994 7971 1337 668.652  
2019_12_11_10_31_10_530 1576081870530 8015 7992 532 261.375  
2019_12_11_10_31_10_567 1576081870567 8052 8029 117 58.898  
2019_12_11_10_31_10_570 1576081870570 8055 8032 215 106.252  
2019_12_11_10_31_10_576 1576081870576 8061 8038 1593 802.187  
2019_12_11_10_31_10_593 1576081870593 8078 8055 348 170.973  
2019_12_11_10_31_10_623 1576081870623 8108 8085 400 196.42  
2019_12_11_10_31_10_910 1576081870910 8395 8372 203 100.439  
2019_12_11_10_31_10_911 1576081870911 8396 8373 1348 674.35  
2019_12_11_10_31_10_912 1576081870912 8397 8374 209 103.345  
2019_12_11_10_31_10_912 1576081870912 8397 8374 1349 674.868  
2019_12_11_10_31_10_912 1576081870912 8397 8373 845 417.455  
2019_12_11_10_31_10_912 1576081870912 8397 8373 414 203.285  
2019_12_11_10_31_10_912 1576081870912 8397 8373 4095 2209.31  
2019_12_11_10_31_10_912 1576081870912 8397 8373 3246 1711.09  
2019_12_11_10_31_10_912 1576081870912 8397 8373 216 106.737  
2019_12_11_10_31_10_913 1576081870913 8398 8374 321 157.792  
2019_12_11_10_31_10_913 1576081870913 8398 8374 147 73.3641  
2019_12_11_10_31_10_920 1576081870920 8405 8381 4095 2209.31  
2019_12_11_10_31_10_923 1576081870923 8408 8384 456 223.914  
2019_12_11_10_31_10_926 1576081870926 8411 8387 182 90.2748  
2019_12_11_10_31_10_937 1576081870937 8422 8398 120 60.3434  
2019_12_11_10_31_10_939 1576081870939 8424 8400 408 200.342  
2019_12_11_10_31_10_980 1576081870980 8465 8441 1359 680.052  
2019_12_11_10_31_10_994 1576081870994 8479 8455 274 134.899  
2019_12_11_10_31_11_010 1576081871010 8495 8471 239 117.893  
2019_12_11_10_31_11_012 1576081871012 8497 8473 281 138.304  
2019_12_11_10_31_11_013 1576081871013 8498 8474 269 132.467  
2019_12_11_10_31_11_018 1576081871018 8503 8478 513 251.993  
2019_12_11_10_31_11_038 1576081871038 8523 8498 423 207.701  
2019_12_11_10_31_11_048 1576081871048 8533 8508 189 93.6613  
2019_12_11_10_31_11_066 1576081871066 8551 8526 312 153.403  
2019_12_11_10_31_11_106 1576081871106 8591 8566 335 164.624  
2019_12_11_10_31_11_188 1576081871188 8673 8648 208 102.861  
2019_12_11_10_31_11_203 1576081871203 8688 8663 357 175.372  
2019_12_11_10_31_11_206 1576081871206 8691 8666 221 109.161  
2019_12_11_10_31_11_207 1576081871207 8692 8667 644 316.892  
2019_12_11_10_31_11_216 1576081871216 8701 8676 302 148.53  
2019_12_11_10_31_11_220 1576081871220 8705 8680 332 163.16  
2019_12_11_10_31_11_230 1576081871230 8715 8690 1352 676.423  
2019_12_11_10_31_11_241 1576081871241 8726 8701 219 108.191  
2019_12_11_10_31_11_298 1576081871298 8783 8758 174 86.4063  
2019_12_11_10_31_11_322 1576081871322 8807 8782 261 128.578  
2019_12_11_10_31_11_328 1576081871328 8813 8788 604 297.022  
2019_12_11_10_31_11_357 1576081871357 8842 8817 1354 677.46  
2019_12_11_10_31_11_456 1576081871456 8941 8916 710 349.781  
2019_12_11_10_31_11_466 1576081871466 8951 8925 529 259.893  
2019_12_11_10_31_11_467 1576081871467 8952 8926 389 191.031  
2019_12_11_10_31_11_498 1576081871498 8983 8957 291 143.172  
2019_12_11_10_31_11_505 1576081871505 8990 8964 230 113.526  
2019_12_11_10_31_11_523 1576081871523 9008 8982 249 122.748  
2019_12_11_10_31_11_534 1576081871534 9019 8993 707 348.283  
2019_12_11_10_31_11_538 1576081871538 9023 8997 1071 531.954  
2019_12_11_10_31_11_546 1576081871546 9031 9005 975 483.133  
2019_12_11_10_31_11_552 1576081871552 9037 9011 78 40.1318  
2019_12_11_10_31_11_553 1576081871553 9038 9012 300 147.555  
2019_12_11_10_31_11_574 1576081871574 9059 9033 1342 671.242  
2019_12_11_10_31_11_583 1576081871583 9068 9042 1294 646.412  
2019_12_11_10_31_11_585 1576081871585 9070 9044 291 143.172  
2019_12_11_10_31_11_639 1576081871639 9124 9098 197 97.5334  
2019_12_11_10_31_11_645 1576081871645 9130 9104 207 102.376  
2019_12_11_10_31_11_675 1576081871675 9160 9134 4095 2209.31  
2019_12_11_10_31_11_684 1576081871684 9169 9143 4095 2209.31  
2019_12_11_10_31_11_701 1576081871701 9186 9159 833 411.418  
2019_12_11_10_31_11_719 1576081871719 9204 9177 300 147.555  
2019_12_11_10_31_11_746 1576081871746 9231 9204 438 215.066  
2019_12_11_10_31_11_749 1576081871749 9234 9207 262 129.064  
2019_12_11_10_31_11_772 1576081871772 9257 9230 1378 689.908  
2019_12_11_10_31_11_796 1576081871796 9281 9254 441 216.54  
2019_12_11_10_31_11_818 1576081871818 9303 9276 447 219.489  
2019_12_11_10_31_11_892 1576081871892 9377 9350 244 120.32  
2019_12_11_10_31_11_907 1576081871907 9392 9365 258 127.12  
2019_12_11_10_31_11_917 1576081871917 9402 9375 97 49.2687  
2019_12_11_10_31_11_924 1576081871924 9409 9382 593 291.566  
2019_12_11_10_31_11_954 1576081871954 9439 9412 435 213.593  
2019_12_11_10_31_11_960 1576081871960 9445 9418 266 131.008  
2019_12_11_10_31_11_967 1576081871967 9452 9425 139 69.5038  
2019_12_11_10_31_11_970 1576081871970 9455 9428 349 171.462  
2019_12_11_10_31_11_992 1576081871992 9477 9450 534 262.363  
2019_12_11_10_31_12_027 1576081872027 9512 9485 258 127.12  
2019_12_11_10_31_12_056 1576081872056 9541 9513 465 228.341  
2019_12_11_10_31_12_070 1576081872070 9555 9527 290 142.685  
2019_12_11_10_31_12_095 1576081872095 9580 9552 1748 883.981  
2019_12_11_10_31_12_170 1576081872170 9655 9627 185 91.726  
2019_12_11_10_31_12_174 1576081872174 9659 9631 126 63.235  
2019_12_11_10_31_12_206 1576081872206 9691 9663 356 174.883  
2019_12_11_10_31_12_214 1576081872214 9699 9671 359 176.35  
2019_12_11_10_31_12_234 1576081872234 9719 9691 524 257.423  
2019_12_11_10_31_12_291 1576081872291 9776 9748 468 229.817  
2019_12_11_10_31_12_383 1576081872383 9868 9840 264 130.036  
2019_12_11_10_31_12_409 1576081872409 9894 9866 2176 1113.53  
2019_12_11_10_31_12_416 1576081872416 9901 9873 240 118.378  
2019_12_11_10_31_12_461 1576081872461 9946 9918 1352 676.423  
2019_12_11_10_31_12_494 1576081872494 9979 9951 267 131.495  
2019_12_11_10_31_12_494 1576081872494 9979 9951 790 389.819  
2019_12_11_10_31_12_512 1576081872512 9997 9969 62 32.4459  
2019_12_11_10_31_12_601 1576081872601 10086 10058 1392 697.178  
2019_12_11_10_31_12_654 1576081872654 10139 10110 851 420.476  
2019_12_11_10_31_12_681 1576081872681 10166 10137 189 93.6613  
2019_12_11_10_31_12_693 1576081872693 10178 10149 368 180.751  
2019_12_11_10_31_12_695 1576081872695 10180 10151 427 209.664  
2019_12_11_10_31_12_710 1576081872710 10195 10166 160 79.641  
2019_12_11_10_31_12_717 1576081872717 10202 10173 1277 637.635  
2019_12_11_10_31_12_723 1576081872723 10208 10179 269 132.467  
2019_12_11_10_31_12_762 1576081872762 10247 10218 295 145.12  
2019_12_11_10_31_12_774 1576081872774 10259 10230 2520 1301.95  
2019_12_11_10_31_12_792 1576081872792 10277 10248 225 111.1  
2019_12_11_10_31_12_793 1576081872793 10278 10249 205 101.407  
2019_12_11_10_31_12_847 1576081872847 10332 10303 1375 688.351  
2019_12_11_10_31_12_879 1576081872879 10364 10335 150 74.8121  
2019_12_11_10_31_12_894 1576081872894 10379 10350 885 437.61  
2019_12_11_10_31_12_906 1576081872906 10391 10362 272 133.926  
2019_12_11_10_31_12_935 1576081872935 10420 10391 330 162.184  
2019_12_11_10_31_13_002 1576081873002 10487 10458 343 168.531  
2019_12_11_10_31_13_008 1576081873008 10493 10463 448 219.98  
2019_12_11_10_31_13_022 1576081873022 10507 10477 401 196.91  
2019_12_11_10_31_13_088 1576081873088 10573 10543 361 177.328  
2019_12_11_10_31_13_122 1576081873122 10607 10577 819 404.38  
2019_12_11_10_31_13_126 1576081873126 10611 10581 437 214.575  
2019_12_11_10_31_13_140 1576081873140 10625 10595 956 473.502  
2019_12_11_10_31_13_148 1576081873148 10633 10603 329 161.696  
2019_12_11_10_31_13_189 1576081873189 10674 10644 185 91.726  
2019_12_11_10_31_13_190 1576081873190 10675 10645 2171 1110.81  
2019_12_11_10_31_13_207 1576081873207 10692 10662 171 84.9561  
2019_12_11_10_31_13_208 1576081873208 10693 10663 205 101.407  
2019_12_11_10_31_13_225 1576081873225 10710 10680 217 107.222  
2019_12_11_10_31_13_256 1576081873256 10741 10711 106 53.6004  
2019_12_11_10_31_13_270 1576081873270 10755 10725 204 100.923  
2019_12_11_10_31_13_275 1576081873275 10760 10730 1343 671.76  
2019_12_11_10_31_13_328 1576081873328 10813 10783 368 180.751  
2019_12_11_10_31_13_331 1576081873331 10816 10786 236 116.437  
2019_12_11_10_31_13_351 1576081873351 10836 10806 288 141.711  
2019_12_11_10_31_13_362 1576081873362 10847 10816 138 69.0214  
2019_12_11_10_31_13_409 1576081873409 10894 10863 169 83.9894  
2019_12_11_10_31_13_415 1576081873415 10900 10869 562 276.209  
2019_12_11_10_31_13_416 1576081873416 10901 10870 1078 535.524  
2019_12_11_10_31_13_458 1576081873458 10943 10912 436 214.084  
2019_12_11_10_31_13_486 1576081873486 10971 10940 202 99.9544  
2019_12_11_10_31_13_518 1576081873518 11003 10972 486 238.681  
2019_12_11_10_31_13_532 1576081873532 11017 10986 1357 679.015  
2019_12_11_10_31_13_553 1576081873553 11038 11007 1334 667.099  
2019_12_11_10_31_13_563 1576081873563 11048 11017 424 208.192  
2019_12_11_10_31_13_572 1576081873572 11057 11026 1229 612.898  
2019_12_11_10_31_13_592 1576081873592 11077 11046 203 100.439  
2019_12_11_10_31_13_593 1576081873593 11078 11047 166 82.5397  
2019_12_11_10_31_13_620 1576081873620 11105 11074 1311 655.198  
2019_12_11_10_31_13_747 1576081873747 11232 11201 261 128.578  
2019_12_11_10_31_13_760 1576081873760 11245 11214 1371 686.276  
2019_12_11_10_31_13_788 1576081873788 11273 11242 153 76.2605  
2019_12_11_10_31_13_795 1576081873795 11280 11248 784 386.81  
2019_12_11_10_31_13_824 1576081873824 11309 11277 1347 673.832  
2019_12_11_10_31_13_854 1576081873854 11339 11307 301 148.042  
2019_12_11_10_31_13_855 1576081873855 11340 11308 440 216.049  
2019_12_11_10_31_13_868 1576081873868 11353 11321 509 250.02  
2019_12_11_10_31_13_905 1576081873905 11390 11358 419 205.738  
2019_12_11_10_31_13_914 1576081873914 11399 11367 389 191.031  
2019_12_11_10_31_13_965 1576081873965 11450 11418 415 203.775  
2019_12_11_10_31_13_992 1576081873992 11477 11445 201 99.4701  
2019_12_11_10_31_14_008 1576081874008 11493 11461 1058 525.326  
2019_12_11_10_31_14_024 1576081874024 11509 11477 817 403.375  
2019_12_11_10_31_14_033 1576081874033 11518 11486 1342 671.242  
2019_12_11_10_31_14_037 1576081874037 11522 11490 570 280.169  
2019_12_11_10_31_14_050 1576081874050 11535 11503 312 153.403  
2019_12_11_10_31_14_060 1576081874060 11545 11513 379 186.134  
2019_12_11_10_31_14_067 1576081874067 11552 11520 522 256.436  
2019_12_11_10_31_14_071 1576081874071 11556 11524 733 361.273  
2019_12_11_10_31_14_108 1576081874108 11593 11560 139 69.5038  
2019_12_11_10_31_14_124 1576081874124 11609 11576 1369 685.238  
2019_12_11_10_31_14_138 1576081874138 11623 11590 791 390.321  
2019_12_11_10_31_14_148 1576081874148 11633 11600 185 91.726  
2019_12_11_10_31_14_200 1576081874200 11685 11652 382 187.603  
2019_12_11_10_31_14_211 1576081874211 11696 11663 388 190.541  
2019_12_11_10_31_14_226 1576081874226 11711 11678 323 158.768  
2019_12_11_10_31_14_232 1576081874232 11717 11684 961 476.036  
2019_12_11_10_31_14_244 1576081874244 11729 11696 1305 652.096  
2019_12_11_10_31_14_255 1576081874255 11740 11707 303 149.017  
2019_12_11_10_31_14_287 1576081874287 11772 11739 356 174.883  
2019_12_11_10_31_14_319 1576081874319 11804 11771 911 450.737  
2019_12_11_10_31_14_341 1576081874341 11826 11793 1357 679.015  
2019_12_11_10_31_14_359 1576081874359 11844 11811 1282 640.216  
2019_12_11_10_31_14_388 1576081874388 11873 11840 122 61.3071  
2019_12_11_10_31_14_400 1576081874400 11885 11852 721 355.275  
2019_12_11_10_31_14_418 1576081874418 11903 11870 274 134.899  
2019_12_11_10_31_14_456 1576081874456 11941 11907 106 53.6004  
2019_12_11_10_31_14_463 1576081874463 11948 11914 353 173.417  
2019_12_11_10_31_14_490 1576081874490 11975 11941 297 146.094  
2019_12_11_10_31_14_513 1576081874513 11998 11964 360 176.839  
2019_12_11_10_31_14_518 1576081874518 12003 11969 462 226.865  
2019_12_11_10_31_14_537 1576081874537 12022 11988 1346 673.314  
2019_12_11_10_31_14_551 1576081874551 12036 12002 1962 998.076  
2019_12_11_10_31_14_603 1576081874603 12088 12054 277 136.358  
2019_12_11_10_31_14_642 1576081874642 12127 12093 352 172.928  
2019_12_11_10_31_14_661 1576081874661 12146 12112 409 200.833  
2019_12_11_10_31_14_686 1576081874686 12171 12137 262 129.064  
2019_12_11_10_31_14_709 1576081874709 12194 12160 103 52.1562  
2019_12_11_10_31_14_737 1576081874737 12222 12188 1303 651.063  
2019_12_11_10_31_14_748 1576081874748 12233 12199 300 147.555  
2019_12_11_10_31_14_749 1576081874749 12234 12200 475 233.263  
2019_12_11_10_31_14_757 1576081874757 12242 12208 419 205.738  
2019_12_11_10_31_14_774 1576081874774 12259 12225 1063 527.875  
2019_12_11_10_31_14_775 1576081874775 12260 12225 1376 688.87  
2019_12_11_10_31_14_788 1576081874788 12273 12238 258 127.12  
2019_12_11_10_31_14_807 1576081874807 12292 12257 226 111.585  
2019_12_11_10_31_14_817 1576081874817 12302 12267 120 60.3434  
2019_12_11_10_31_14_852 1576081874852 12337 12302 621 305.461  
2019_12_11_10_31_14_890 1576081874890 12375 12340 224 110.616  
2019_12_11_10_31_14_894 1576081874894 12379 12344 742 365.774  
2019_12_11_10_31_14_941 1576081874941 12426 12391 4095 2209.31  
2019_12_11_10_31_14_944 1576081874944 12429 12394 1932 982  
2019_12_11_10_31_14_994 1576081874994 12479 12444 1256 626.804  
2019_12_11_10_31_14_998 1576081874998 12483 12448 444 218.014  
2019_12_11_10_31_15_026 1576081875026 12511 12476 274 134.899  
2019_12_11_10_31_15_027 1576081875027 12512 12477 393 192.99  
2019_12_11_10_31_15_044 1576081875044 12529 12494 239 117.893  
2019_12_11_10_31_15_078 1576081875078 12563 12528 287 141.224  
2019_12_11_10_31_15_084 1576081875084 12569 12534 143 71.4337  
2019_12_11_10_31_15_135 1576081875135 12620 12585 599 294.541  
2019_12_11_10_31_15_138 1576081875138 12623 12588 475 233.263  
2019_12_11_10_31_15_157 1576081875157 12642 12606 277 136.358  
2019_12_11_10_31_15_186 1576081875186 12671 12635 673 331.327  
2019_12_11_10_31_15_193 1576081875193 12678 12642 171 84.9561  
2019_12_11_10_31_15_198 1576081875198 12683 12647 224 110.616  
2019_12_11_10_31_15_211 1576081875211 12696 12660 1430 716.939  
2019_12_11_10_31_15_216 1576081875216 12701 12665 180 89.3075  
2019_12_11_10_31_15_249 1576081875249 12734 12698 802 395.841  
2019_12_11_10_31_15_285 1576081875285 12770 12734 257 126.634  
2019_12_11_10_31_15_286 1576081875286 12771 12735 357 175.372  
2019_12_11_10_31_15_308 1576081875308 12793 12757 1076 534.504  
2019_12_11_10_31_15_314 1576081875314 12799 12763 540 265.328  
2019_12_11_10_31_15_328 1576081875328 12813 12777 292 143.659  
2019_12_11_10_31_15_336 1576081875336 12821 12785 586 288.096  
2019_12_11_10_31_15_350 1576081875350 12835 12799 1321 660.37  
2019_12_11_10_31_15_351 1576081875351 12836 12800 679 334.317  
2019_12_11_10_31_15_370 1576081875370 12855 12819 1339 669.688  
2019_12_11_10_31_15_386 1576081875386 12871 12835 832 410.915  
2019_12_11_10_31_15_396 1576081875396 12881 12844 286 140.738  
2019_12_11_10_31_15_414 1576081875414 12899 12862 160 79.641  
2019_12_11_10_31_15_437 1576081875437 12922 12885 621 305.461  
2019_12_11_10_31_15_438 1576081875438 12923 12886 346 169.996  
2019_12_11_10_31_15_441 1576081875441 12926 12889 820 404.882  
2019_12_11_10_31_15_469 1576081875469 12954 12917 200 98.9859  
2019_12_11_10_31_15_471 1576081875471 12956 12919 166 82.5397  
2019_12_11_10_31_15_473 1576081875473 12958 12921 230 113.526  
2019_12_11_10_31_15_499 1576081875499 12984 12947 305 149.991  
2019_12_11_10_31_15_504 1576081875504 12989 12952 292 143.659  
2019_12_11_10_31_15_510 1576081875510 12995 12958 1321 660.37  
2019_12_11_10_31_15_527 1576081875527 13012 12975 681 335.314  
2019_12_11_10_31_15_545 1576081875545 13030 12993 1792 907.329  
2019_12_11_10_31_15_546 1576081875546 13031 12994 649 319.379  
2019_12_11_10_31_15_552 1576081875552 13037 13000 209 103.345  
2019_12_11_10_31_15_569 1576081875569 13054 13017 117 58.898  
2019_12_11_10_31_15_584 1576081875584 13069 13032 597 293.549  
2019_12_11_10_31_15_598 1576081875598 13083 13045 154 76.7433  
2019_12_11_10_31_15_602 1576081875602 13087 13049 1218 607.239  
2019_12_11_10_31_15_650 1576081875650 13135 13097 232 114.496  
2019_12_11_10_31_15_656 1576081875656 13141 13103 43 23.3287  
2019_12_11_10_31_15_658 1576081875658 13143 13105 539 264.834  
2019_12_11_10_31_15_661 1576081875661 13146 13108 591 290.574  
2019_12_11_10_31_15_678 1576081875678 13163 13125 246 121.291  
2019_12_11_10_31_15_685 1576081875685 13170 13132 379 186.134  
2019_12_11_10_31_15_733 1576081875733 13218 13180 1301 650.029  
2019_12_11_10_31_15_744 1576081875744 13229 13191 191 94.6291  
2019_12_11_10_31_15_749 1576081875749 13234 13196 1291 644.863  
2019_12_11_10_31_15_764 1576081875764 13249 13211 160 79.641  
2019_12_11_10_31_15_802 1576081875802 13287 13249 176 87.3733  
2019_12_11_10_31_15_804 1576081875804 13289 13251 1259 628.351  
2019_12_11_10_31_15_809 1576081875809 13294 13256 336 165.112  
2019_12_11_10_31_15_811 1576081875811 13296 13258 160 79.641  
2019_12_11_10_31_15_832 1576081875832 13317 13279 772 380.794  
2019_12_11_10_31_15_856 1576081875856 13341 13302 311 152.916  
2019_12_11_10_31_15_857 1576081875857 13342 13303 428 210.155  
2019_12_11_10_31_15_864 1576081875864 13349 13310 292 143.659  
2019_12_11_10_31_15_872 1576081875872 13357 13318 532 261.375  
2019_12_11_10_31_15_874 1576081875874 13359 13320 170 84.4728  
2019_12_11_10_31_15_880 1576081875880 13365 13326 132 66.1277  
2019_12_11_10_31_15_901 1576081875901 13386 13347 83 42.5352  
2019_12_11_10_31_15_918 1576081875918 13403 13364 427 209.664  
2019_12_11_10_31_15_942 1576081875942 13427 13388 729 359.273  
2019_12_11_10_31_15_972 1576081875972 13457 13418 315 154.866  
2019_12_11_10_31_15_973 1576081875973 13458 13419 1172 583.611  
2019_12_11_10_31_15_994 1576081875994 13479 13440 242 119.349  
2019_12_11_10_31_16_046 1576081876046 13531 13492 191 94.6291  
2019_12_11_10_31_16_061 1576081876061 13546 13507 298 146.581  
2019_12_11_10_31_16_087 1576081876087 13572 13533 412 202.304  
2019_12_11_10_31_16_102 1576081876102 13587 13548 408 200.342  
2019_12_11_10_31_16_132 1576081876132 13617 13578 449 220.472  
2019_12_11_10_31_16_147 1576081876147 13632 13592 124 62.271  
2019_12_11_10_31_16_184 1576081876184 13669 13629 749 369.276  
2019_12_11_10_31_16_190 1576081876190 13675 13635 648 318.881  
2019_12_11_10_31_16_211 1576081876211 13696 13656 122 61.3071  
2019_12_11_10_31_16_254 1576081876254 13739 13699 164 81.5733  
2019_12_11_10_31_16_255 1576081876255 13740 13700 417 204.757  
2019_12_11_10_31_16_258 1576081876258 13743 13703 140 69.9862  
2019_12_11_10_31_16_269 1576081876269 13754 13714 736 362.773  
2019_12_11_10_31_16_274 1576081876274 13759 13719 2108 1076.69  
2019_12_11_10_31_16_279 1576081876279 13764 13724 225 111.1  
2019_12_11_10_31_16_303 1576081876303 13788 13748 548 269.283  
2019_12_11_10_31_16_313 1576081876313 13798 13758 571 280.664  
2019_12_11_10_31_16_336 1576081876336 13821 13781 1378 689.908  
2019_12_11_10_31_16_340 1576081876340 13825 13785 403 197.891  
2019_12_11_10_31_16_350 1576081876350 13835 13795 1292 645.379  
2019_12_11_10_31_16_364 1576081876364 13849 13809 434 213.102  
2019_12_11_10_31_16_376 1576081876376 13861 13821 139 69.5038  
2019_12_11_10_31_16_380 1576081876380 13865 13825 538 264.339  
2019_12_11_10_31_16_397 1576081876397 13882 13841 156 77.7091  
2019_12_11_10_31_16_422 1576081876422 13907 13866 1280 639.183  
2019_12_11_10_31_16_457 1576081876457 13942 13901 374 183.687  
2019_12_11_10_31_16_462 1576081876462 13947 13906 1351 675.905  
2019_12_11_10_31_16_477 1576081876477 13962 13921 703 346.287  
2019_12_11_10_31_16_480 1576081876480 13965 13924 908 449.221  
2019_12_11_10_31_16_516 1576081876516 14001 13960 482 236.71  
2019_12_11_10_31_16_525 1576081876525 14010 13969 475 233.263  
2019_12_11_10_31_16_551 1576081876551 14036 13995 204 100.923  
2019_12_11_10_31_16_579 1576081876579 14064 14023 201 99.4701  
2019_12_11_10_31_16_595 1576081876595 14080 14039 200 98.9859  
2019_12_11_10_31_16_606 1576081876606 14091 14050 123 61.789  
2019_12_11_10_31_16_610 1576081876610 14095 14054 240 118.378  
2019_12_11_10_31_16_627 1576081876627 14112 14071 434 213.102  
2019_12_11_10_31_16_632 1576081876632 14117 14076 640 314.903  
2019_12_11_10_31_16_634 1576081876634 14119 14078 176 87.3733  
2019_12_11_10_31_16_635 1576081876635 14120 14079 995 493.281  
2019_12_11_10_31_16_653 1576081876653 14138 14096 1267 632.476  
2019_12_11_10_31_16_667 1576081876667 14152 14110 262 129.064  
2019_12_11_10_31_16_680 1576081876680 14165 14123 314 154.378  
2019_12_11_10_31_16_682 1576081876682 14167 14125 407 199.852  
2019_12_11_10_31_16_698 1576081876698 14183 14141 1111 552.376  
2019_12_11_10_31_16_707 1576081876707 14192 14150 1336 668.134  
2019_12_11_10_31_16_710 1576081876710 14195 14153 1294 646.412  
2019_12_11_10_31_16_725 1576081876725 14210 14168 255 125.662  
2019_12_11_10_31_16_750 1576081876750 14235 14193 612 300.992  
2019_12_11_10_31_16_757 1576081876757 14242 14200 696 342.794  
2019_12_11_10_31_16_789 1576081876789 14274 14232 673 331.327  
2019_12_11_10_31_16_792 1576081876792 14277 14235 107 54.0818  
2019_12_11_10_31_16_819 1576081876819 14304 14262 308 151.453  
2019_12_11_10_31_16_837 1576081876837 14322 14280 637 313.411  
2019_12_11_10_31_16_865 1576081876865 14350 14308 828 408.904  
2019_12_11_10_31_16_897 1576081876897 14382 14340 211 104.314  
2019_12_11_10_31_16_907 1576081876907 14392 14350 1399 700.815  
2019_12_11_10_31_16_925 1576081876925 14410 14367 2143 1095.63  
2019_12_11_10_31_16_962 1576081876962 14447 14404 1192 593.877  
2019_12_11_10_31_16_964 1576081876964 14449 14406 330 162.184  
2019_12_11_10_31_16_980 1576081876980 14465 14422 254 125.177  
2019_12_11_10_31_16_999 1576081876999 14484 14441 619 304.467  
2019_12_11_10_31_17_001 1576081877001 14486 14443 1349 674.868  
2019_12_11_10_31_17_010 1576081877010 14495 14452 770 379.792  
2019_12_11_10_31_17_013 1576081877013 14498 14455 696 342.794  
2019_12_11_10_31_17_020 1576081877020 14505 14462 329 161.696  
2019_12_11_10_31_17_026 1576081877026 14511 14468 755 372.279  
2019_12_11_10_31_17_035 1576081877035 14520 14477 731 360.273  
2019_12_11_10_31_17_037 1576081877037 14522 14479 307 150.966  
2019_12_11_10_31_17_038 1576081877038 14523 14480 699 344.29  
2019_12_11_10_31_17_051 1576081877051 14536 14493 1209 602.611  
2019_12_11_10_31_17_061 1576081877061 14546 14503 1376 688.87  
2019_12_11_10_31_17_062 1576081877062 14547 14504 247 121.777  
2019_12_11_10_31_17_071 1576081877071 14556 14513 497 244.102  
2019_12_11_10_31_17_073 1576081877073 14558 14514 864 427.023  
2019_12_11_10_31_17_074 1576081877074 14559 14515 84 43.016  
2019_12_11_10_31_17_089 1576081877089 14574 14530 862 426.015  
2019_12_11_10_31_17_091 1576081877091 14576 14532 337 165.601  
2019_12_11_10_31_17_099 1576081877099 14584 14540 151 75.2949  
2019_12_11_10_31_17_115 1576081877115 14600 14556 516 253.474  
2019_12_11_10_31_17_147 1576081877147 14632 14588 467 229.325  
2019_12_11_10_31_17_156 1576081877156 14641 14597 642 315.897  
2019_12_11_10_31_17_158 1576081877158 14643 14599 705 347.285  
2019_12_11_10_31_17_195 1576081877195 14680 14636 129 64.6812  
2019_12_11_10_31_17_226 1576081877226 14711 14667 1309 654.164  
2019_12_11_10_31_17_244 1576081877244 14729 14685 152 75.7777  
2019_12_11_10_31_17_254 1576081877254 14739 14695 1350 675.386  
2019_12_11_10_31_17_279 1576081877279 14764 14720 1368 684.719  
2019_12_11_10_31_17_281 1576081877281 14766 14722 1318 658.818  
2019_12_11_10_31_17_288 1576081877288 14773 14729 310 152.428  
2019_12_11_10_31_17_292 1576081877292 14777 14733 582 286.113  
2019_12_11_10_31_17_301 1576081877301 14786 14741 1258 627.835  
2019_12_11_10_31_17_305 1576081877305 14790 14745 224 110.616  
2019_12_11_10_31_17_308 1576081877308 14793 14748 1365 683.163  
2019_12_11_10_31_17_312 1576081877312 14797 14752 291 143.172  
2019_12_11_10_31_17_332 1576081877332 14817 14772 1285 641.764  
2019_12_11_10_31_17_354 1576081877354 14839 14794 166 82.5397  
2019_12_11_10_31_17_374 1576081877374 14859 14814 688 338.804  
2019_12_11_10_31_17_380 1576081877380 14865 14820 1268 632.992  
2019_12_11_10_31_17_387 1576081877387 14872 14827 1363 682.126  
2019_12_11_10_31_17_393 1576081877393 14878 14833 168 83.5062  
2019_12_11_10_31_17_395 1576081877395 14880 14835 1058 525.326  
2019_12_11_10_31_17_408 1576081877408 14893 14848 426 209.173  
2019_12_11_10_31_17_420 1576081877420 14905 14860 498 244.595  
2019_12_11_10_31_17_432 1576081877432 14917 14872 488 239.666  
2019_12_11_10_31_17_466 1576081877466 14951 14906 221 109.161  
2019_12_11_10_31_17_472 1576081877472 14957 14912 878 434.08  
2019_12_11_10_31_17_473 1576081877473 14958 14913 392 192.5  
2019_12_11_10_31_17_483 1576081877483 14968 14923 409 200.833  
2019_12_11_10_31_17_484 1576081877484 14969 14923 721 355.275  
2019_12_11_10_31_17_516 1576081877516 15001 14955 1243 620.106  
2019_12_11_10_31_17_517 1576081877517 15002 14956 289 142.198  
2019_12_11_10_31_17_525 1576081877525 15010 14964 292 143.659  
2019_12_11_10_31_17_527 1576081877527 15012 14966 1011 501.409  
2019_12_11_10_31_17_530 1576081877530 15015 14969 409 200.833  
2019_12_11_10_31_17_540 1576081877540 15025 14979 353 173.417  
2019_12_11_10_31_17_548 1576081877548 15033 14987 4095 2209.31  
2019_12_11_10_31_17_569 1576081877569 15054 15008 2118 1082.1  
2019_12_11_10_31_17_572 1576081877572 15057 15011 154 76.7433  
2019_12_11_10_31_17_585 1576081877585 15070 15024 393 192.99  
2019_12_11_10_31_17_595 1576081877595 15080 15034 708 348.782  
2019_12_11_10_31_17_623 1576081877623 15108 15062 1316 657.784  
2019_12_11_10_31_17_624 1576081877624 15109 15063 357 175.372  
2019_12_11_10_31_17_635 1576081877635 15120 15074 1197 596.445  
2019_12_11_10_31_17_646 1576081877646 15131 15085 485 238.188  
2019_12_11_10_31_17_671 1576081877671 15156 15110 97 49.2687  
2019_12_11_10_31_17_699 1576081877699 15184 15137 177 87.8568  
2019_12_11_10_31_17_719 1576081877719 15204 15157 319 156.817  
2019_12_11_10_31_17_721 1576081877721 15206 15159 962 476.542  
2019_12_11_10_31_17_773 1576081877773 15258 15211 586 288.096  
2019_12_11_10_31_17_783 1576081877783 15268 15221 276 135.872  
2019_12_11_10_31_17_793 1576081877793 15278 15231 740 364.773  
2019_12_11_10_31_17_810 1576081877810 15295 15248 175 86.8898  
2019_12_11_10_31_17_818 1576081877818 15303 15256 99 50.2311  
2019_12_11_10_31_17_829 1576081877829 15314 15267 109 55.0448  
2019_12_11_10_31_17_843 1576081877843 15328 15281 120 60.3434  
2019_12_11_10_31_17_864 1576081877864 15349 15302 1403 702.894  
2019_12_11_10_31_17_865 1576081877865 15350 15303 634 311.92  
2019_12_11_10_31_17_866 1576081877866 15351 15304 104 52.6376  
2019_12_11_10_31_17_893 1576081877893 15378 15331 1427 715.377  
2019_12_11_10_31_17_909 1576081877909 15394 15347 351 172.439  
2019_12_11_10_31_17_915 1576081877915 15400 15353 479 235.233  
2019_12_11_10_31_17_930 1576081877930 15415 15368 1348 674.35  
2019_12_11_10_31_17_968 1576081877968 15453 15405 414 203.285  
2019_12_11_10_31_17_987 1576081877987 15472 15424 191 94.6291  
2019_12_11_10_31_17_997 1576081877997 15482 15434 1426 714.857  
2019_12_11_10_31_17_999 1576081877999 15484 15436 1355 677.978  
2019_12_11_10_31_18_000 1576081878000 15485 15437 139 69.5038  
2019_12_11_10_31_18_019 1576081878019 15504 15456 1209 602.611  
2019_12_11_10_31_18_052 1576081878052 15537 15489 1365 683.163  
2019_12_11_10_31_18_065 1576081878065 15550 15502 1345 672.796  
2019_12_11_10_31_18_068 1576081878068 15553 15505 1192 593.877  
2019_12_11_10_31_18_069 1576081878069 15554 15506 156 77.7091  
2019_12_11_10_31_18_077 1576081878077 15562 15514 1365 683.163  
2019_12_11_10_31_18_090 1576081878090 15575 15527 381 187.113  
2019_12_11_10_31_18_113 1576081878113 15598 15550 112 56.4895  
2019_12_11_10_31_18_130 1576081878130 15615 15567 773 381.295  
2019_12_11_10_31_18_131 1576081878131 15616 15568 438 215.066  
2019_12_11_10_31_18_132 1576081878132 15617 15569 1141 567.724  
2019_12_11_10_31_18_184 1576081878184 15669 15621 446 218.997  
2019_12_11_10_31_18_215 1576081878215 15700 15651 624 306.951  
2019_12_11_10_31_18_221 1576081878221 15706 15657 95 48.3064  
2019_12_11_10_31_18_226 1576081878226 15711 15662 215 106.252  
2019_12_11_10_31_18_241 1576081878241 15726 15677 1382 691.985  
2019_12_11_10_31_18_254 1576081878254 15739 15690 311 152.916  
2019_12_11_10_31_18_303 1576081878303 15788 15739 1289 643.83  
2019_12_11_10_31_18_317 1576081878317 15802 15753 1383 692.504  
2019_12_11_10_31_18_370 1576081878370 15855 15806 222 109.646  
2019_12_11_10_31_18_402 1576081878402 15887 15838 572 281.16  
2019_12_11_10_31_18_440 1576081878440 15925 15876 1370 685.757  
2019_12_11_10_31_18_446 1576081878446 15931 15882 135 67.5744  
2019_12_11_10_31_18_448 1576081878448 15933 15884 1305 652.096  
2019_12_11_10_31_18_458 1576081878458 15943 15894 1372 686.794  
2019_12_11_10_31_18_481 1576081878481 15966 15917 572 281.16  
2019_12_11_10_31_18_553 1576081878553 16038 15989 807 398.352  
2019_12_11_10_31_18_555 1576081878555 16040 15991 655 322.364  
2019_12_11_10_31_18_566 1576081878566 16051 16002 561 275.714  
2019_12_11_10_31_18_585 1576081878585 16070 16020 727 358.273  
2019_12_11_10_31_18_595 1576081878595 16080 16030 303 149.017  
2019_12_11_10_31_18_618 1576081878618 16103 16053 329 161.696  
2019_12_11_10_31_18_649 1576081878649 16134 16084 141 70.4687  
2019_12_11_10_31_18_652 1576081878652 16137 16087 228 112.555  
2019_12_11_10_31_18_658 1576081878658 16143 16093 913 451.747  
2019_12_11_10_31_18_660 1576081878660 16145 16095 578 284.132  
2019_12_11_10_31_18_661 1576081878661 16146 16096 353 173.417  
2019_12_11_10_31_18_682 1576081878682 16167 16117 1242 619.591  
2019_12_11_10_31_18_696 1576081878696 16181 16131 407 199.852  
2019_12_11_10_31_18_699 1576081878699 16184 16134 136 68.0567  
2019_12_11_10_31_18_719 1576081878719 16204 16154 876 433.071  
2019_12_11_10_31_18_744 1576081878744 16229 16179 249 122.748  
2019_12_11_10_31_18_760 1576081878760 16245 16195 4095 2209.31  
2019_12_11_10_31_18_762 1576081878762 16247 16197 1311 655.198  
2019_12_11_10_31_18_763 1576081878763 16248 16198 605 297.518  
2019_12_11_10_31_18_774 1576081878774 16259 16209 473 232.278  
2019_12_11_10_31_18_775 1576081878775 16260 16210 105 53.119  
2019_12_11_10_31_18_787 1576081878787 16272 16221 167 83.0229  
2019_12_11_10_31_18_788 1576081878788 16273 16222 1311 655.198  
2019_12_11_10_31_18_815 1576081878815 16300 16249 394 193.48  
2019_12_11_10_31_19_101 1576081879101 16586 16535 500 245.581  
2019_12_11_10_31_19_102 1576081879102 16587 16536 123 61.789  
2019_12_11_10_31_19_103 1576081879103 16588 16537 1298 648.479  
2019_12_11_10_31_19_103 1576081879103 16588 16537 626 307.944  
2019_12_11_10_31_19_103 1576081879103 16588 16537 271 133.44  
2019_12_11_10_31_19_103 1576081879103 16588 16537 243 119.834  
2019_12_11_10_31_19_103 1576081879103 16588 16537 311 152.916  
2019_12_11_10_31_19_103 1576081879103 16588 16537 314 154.378  
2019_12_11_10_31_19_104 1576081879104 16589 16538 336 165.112  
2019_12_11_10_31_19_104 1576081879104 16589 16538 768 378.79  
2019_12_11_10_31_19_104 1576081879104 16589 16538 186 92.2098  
2019_12_11_10_31_19_104 1576081879104 16589 16538 1303 651.063  
2019_12_11_10_31_19_108 1576081879108 16593 16542 1314 656.75  
2019_12_11_10_31_19_131 1576081879131 16616 16565 1038 515.141  
2019_12_11_10_31_19_139 1576081879139 16624 16572 283 139.278  
2019_12_11_10_31_19_160 1576081879160 16645 16593 815 402.37  
2019_12_11_10_31_19_190 1576081879190 16675 16623 801 395.339  
2019_12_11_10_31_19_196 1576081879196 16681 16629 459 225.389  
2019_12_11_10_31_19_201 1576081879201 16686 16634 1402 702.374  
2019_12_11_10_31_19_219 1576081879219 16704 16652 170 84.4728  
2019_12_11_10_31_19_229 1576081879229 16714 16662 139 69.5038  
2019_12_11_10_31_19_242 1576081879242 16727 16675 135 67.5744  
2019_12_11_10_31_19_247 1576081879247 16732 16680 376 184.666  
2019_12_11_10_31_19_254 1576081879254 16739 16687 565 277.694  
2019_12_11_10_31_19_286 1576081879286 16771 16719 1372 686.794  
2019_12_11_10_31_19_340 1576081879340 16825 16773 1341 670.724  
2019_12_11_10_31_19_379 1576081879379 16864 16812 4095 2209.31  
2019_12_11_10_31_19_397 1576081879397 16882 16830 1163 578.996  
2019_12_11_10_31_19_409 1576081879409 16894 16842 166 82.5397  
2019_12_11_10_31_19_415 1576081879415 16900 16848 2164 1107.02  
2019_12_11_10_31_19_466 1576081879466 16951 16899 1458 731.527  
2019_12_11_10_31_19_470 1576081879470 16955 16902 330 162.184  
2019_12_11_10_31_19_473 1576081879473 16958 16905 495 243.116  
2019_12_11_10_31_19_495 1576081879495 16980 16927 223 110.131  
2019_12_11_10_31_19_518 1576081879518 17003 16950 883 436.602  
2019_12_11_10_31_19_533 1576081879533 17018 16965 388 190.541  
2019_12_11_10_31_19_535 1576081879535 17020 16967 334 164.136  
2019_12_11_10_31_19_546 1576081879546 17031 16978 1030 511.07  
2019_12_11_10_31_19_586 1576081879586 17071 17018 254 125.177  
2019_12_11_10_31_19_587 1576081879587 17072 17019 1071 531.954  
2019_12_11_10_31_19_599 1576081879599 17084 17031 1322 660.888  
2019_12_11_10_31_19_619 1576081879619 17104 17051 339 166.577  
2019_12_11_10_31_19_712 1576081879712 17197 17144 261 128.578  
2019_12_11_10_31_19_717 1576081879717 17202 17149 246 121.291  
2019_12_11_10_31_19_734 1576081879734 17219 17166 364 178.795  
2019_12_11_10_31_19_766 1576081879766 17251 17198 885 437.61  
2019_12_11_10_31_19_781 1576081879781 17266 17213 2035 1037.31  
2019_12_11_10_31_19_812 1576081879812 17297 17244 406 199.361  
2019_12_11_10_31_19_832 1576081879832 17317 17263 1269 633.507  
2019_12_11_10_31_19_840 1576081879840 17325 17271 251 123.719  
2019_12_11_10_31_19_848 1576081879848 17333 17279 4095 2209.31  
2019_12_11_10_31_19_860 1576081879860 17345 17291 336 165.112  
2019_12_11_10_31_19_873 1576081879873 17358 17304 141 70.4687  
2019_12_11_10_31_19_876 1576081879876 17361 17307 159 79.1579  
2019_12_11_10_31_19_877 1576081879877 17362 17308 4095 2209.31  
2019_12_11_10_31_19_896 1576081879896 17381 17327 1641 827.441  
2019_12_11_10_31_19_907 1576081879907 17392 17338 171 84.9561  
2019_12_11_10_31_19_928 1576081879928 17413 17359 489 240.159  
2019_12_11_10_31_19_941 1576081879941 17426 17372 264 130.036  
2019_12_11_10_31_19_962 1576081879962 17447 17393 463 227.357  
2019_12_11_10_31_19_980 1576081879980 17465 17411 482 236.71  
2019_12_11_10_31_20_001 1576081880001 17486 17432 522 256.436  
2019_12_11_10_31_20_024 1576081880024 17509 17455 188 93.1774  
2019_12_11_10_31_20_033 1576081880033 17518 17464 350 171.951  
2019_12_11_10_31_20_047 1576081880047 17532 17478 366 179.773  
2019_12_11_10_31_20_056 1576081880056 17541 17486 482 236.71  
2019_12_11_10_31_20_075 1576081880075 17560 17505 226 111.585  
2019_12_11_10_31_20_122 1576081880122 17607 17552 94 47.8253  
2019_12_11_10_31_20_172 1576081880172 17657 17602 167 83.0229  
2019_12_11_10_31_20_175 1576081880175 17660 17605 301 148.042  
2019_12_11_10_31_20_184 1576081880184 17669 17614 122 61.3071  
2019_12_11_10_31_20_214 1576081880214 17699 17644 563 276.704  
2019_12_11_10_31_20_327 1576081880327 17812 17757 181 89.7911  
2019_12_11_10_31_20_341 1576081880341 17826 17771 249 122.748  
2019_12_11_10_31_20_350 1576081880350 17835 17780 516 253.474  
2019_12_11_10_31_20_427 1576081880427 17912 17857 157 78.192  
2019_12_11_10_31_20_436 1576081880436 17921 17866 221 109.161  
2019_12_11_10_31_20_478 1576081880478 17963 17908 2209 1131.45  
2019_12_11_10_31_20_515 1576081880515 18000 17945 104 52.6376  
2019_12_11_10_31_20_536 1576081880536 18021 17966 344 169.019  
2019_12_11_10_31_20_554 1576081880554 18039 17984 1345 672.796  
2019_12_11_10_31_20_582 1576081880582 18067 18012 155 77.2262  
2019_12_11_10_31_20_599 1576081880599 18084 18029 956 473.502  
2019_12_11_10_31_20_635 1576081880635 18120 18064 766 377.788  
2019_12_11_10_31_20_665 1576081880665 18150 18094 1355 677.978  
2019_12_11_10_31_20_675 1576081880675 18160 18104 397 194.95  
2019_12_11_10_31_20_676 1576081880676 18161 18105 426 209.173  
2019_12_11_10_31_20_693 1576081880693 18178 18122 151 75.2949  
2019_12_11_10_31_20_767 1576081880767 18252 18196 181 89.7911  
2019_12_11_10_31_20_794 1576081880794 18279 18223 597 293.549  
2019_12_11_10_31_20_811 1576081880811 18296 18240 158 78.675  
2019_12_11_10_31_20_835 1576081880835 18320 18264 355 174.394  
2019_12_11_10_31_20_853 1576081880853 18338 18282 4095 2209.31  
2019_12_11_10_31_20_938 1576081880938 18423 18367 558 274.23  
2019_12_11_10_31_20_942 1576081880942 18427 18371 171 84.9561  
2019_12_11_10_31_20_969 1576081880969 18454 18398 439 215.558  
2019_12_11_10_31_21_009 1576081881009 18494 18438 502 246.567  
2019_12_11_10_31_21_042 1576081881042 18527 18471 187 92.6936  
2019_12_11_10_31_21_059 1576081881059 18544 18488 188 93.1774  
2019_12_11_10_31_21_084 1576081881084 18569 18513 424 208.192  
2019_12_11_10_31_21_090 1576081881090 18575 18518 62 32.4459  
2019_12_11_10_31_21_116 1576081881116 18601 18544 295 145.12  
2019_12_11_10_31_21_118 1576081881118 18603 18546 150 74.8121  
2019_12_11_10_31_21_123 1576081881123 18608 18551 278 136.845  
2019_12_11_10_31_21_181 1576081881181 18666 18609 73 37.7291  
2019_12_11_10_31_21_198 1576081881198 18683 18626 163 81.0902  
2019_12_11_10_31_21_279 1576081881279 18764 18707 161 80.124  
2019_12_11_10_31_21_308 1576081881308 18793 18736 677 333.32  
2019_12_11_10_31_21_313 1576081881313 18798 18741 238 117.407  
2019_12_11_10_31_21_328 1576081881328 18813 18756 172 85.4395  
2019_12_11_10_31_21_341 1576081881341 18826 18769 226 111.585  
2019_12_11_10_31_21_345 1576081881345 18830 18773 201 99.4701  
2019_12_11_10_31_21_346 1576081881346 18831 18774 471 231.294  
2019_12_11_10_31_21_434 1576081881434 18919 18862 734 361.773  
2019_12_11_10_31_21_435 1576081881435 18920 18863 297 146.094  
2019_12_11_10_31_21_512 1576081881512 18997 18940 1333 666.581  
2019_12_11_10_31_21_517 1576081881517 19002 18945 254 125.177  
2019_12_11_10_31_21_525 1576081881525 19010 18952 1316 657.784  
2019_12_11_10_31_21_528 1576081881528 19013 18955 307 150.966  
2019_12_11_10_31_21_547 1576081881547 19032 18974 357 175.372  
2019_12_11_10_31_21_548 1576081881548 19033 18975 1306 652.613  
2019_12_11_10_31_21_552 1576081881552 19037 18979 678 333.819  
2019_12_11_10_31_21_603 1576081881603 19088 19030 189 93.6613  
2019_12_11_10_31_21_642 1576081881642 19127 19069 108 54.5633  
2019_12_11_10_31_21_648 1576081881648 19133 19075 477 234.248  
2019_12_11_10_31_21_661 1576081881661 19146 19088 375 184.176  
2019_12_11_10_31_21_666 1576081881666 19151 19093 173 85.9229  
2019_12_11_10_31_21_672 1576081881672 19157 19099 141 70.4687  
2019_12_11_10_31_21_677 1576081881677 19162 19104 1825 924.878  
2019_12_11_10_31_21_694 1576081881694 19179 19121 785 387.311  
2019_12_11_10_31_21_699 1576081881699 19184 19126 451 221.455  
2019_12_11_10_31_21_826 1576081881826 19311 19253 295 145.12  
2019_12_11_10_31_21_871 1576081881871 19356 19298 339 166.577  
2019_12_11_10_31_21_886 1576081881886 19371 19313 386 189.561  
2019_12_11_10_31_21_896 1576081881896 19381 19322 130 65.1633  
2019_12_11_10_31_21_912 1576081881912 19397 19338 158 78.675  
2019_12_11_10_31_21_926 1576081881926 19411 19352 239 117.893  
2019_12_11_10_31_21_986 1576081881986 19471 19412 656 322.862  
2019_12_11_10_31_22_022 1576081882022 19507 19448 1346 673.314  
2019_12_11_10_31_22_063 1576081882063 19548 19489 413 202.794  
2019_12_11_10_31_22_121 1576081882121 19606 19547 302 148.53  
2019_12_11_10_31_22_127 1576081882127 19612 19553 169 83.9894  
2019_12_11_10_31_22_167 1576081882167 19652 19593 367 180.262  
2019_12_11_10_31_22_203 1576081882203 19688 19629 688 338.804  
2019_12_11_10_31_22_262 1576081882262 19747 19688 277 136.358  
2019_12_11_10_31_22_286 1576081882286 19771 19712 282 138.791  
2019_12_11_10_31_22_304 1576081882304 19789 19730 236 116.437  
2019_12_11_10_31_22_336 1576081882336 19821 19762 3491 1852.67  
2019_12_11_10_31_22_345 1576081882345 19830 19771 273 134.412  
2019_12_11_10_31_22_367 1576081882367 19852 19793 4095 2209.31  
2019_12_11_10_31_22_440 1576081882440 19925 19866 1238 617.531  
2019_12_11_10_31_22_445 1576081882445 19930 19870 507 249.033  
2019_12_11_10_31_22_447 1576081882447 19932 19872 264 130.036  
2019_12_11_10_31_22_488 1576081882488 19973 19913 1045 518.704  
2019_12_11_10_31_22_496 1576081882496 19981 19921 1428 715.898  
2019_12_11_10_31_22_576 1576081882576 20061 20001 89 45.4203  
2019_12_11_10_31_22_577 1576081882577 20062 20002 449 220.472  
2019_12_11_10_31_22_691 1576081882691 20176 20116 1103 548.288  
2019_12_11_10_31_22_703 1576081882703 20188 20128 623 306.454  
2019_12_11_10_31_22_728 1576081882728 20213 20153 774 381.796  
2019_12_11_10_31_22_850 1576081882850 20335 20275 194 96.0811  
2019_12_11_10_31_23_010 1576081883010 20495 20435 4095 2209.31  
2019_12_11_10_31_23_039 1576081883039 20524 20464 1587 799.035  
2019_12_11_10_31_23_042 1576081883042 20527 20467 247 121.777  
2019_12_11_10_31_23_074 1576081883074 20559 20499 305 149.991  
2019_12_11_10_31_23_083 1576081883083 20568 20508 188 93.1774  
2019_12_11_10_31_23_128 1576081883128 20613 20553 666 327.841  
2019_12_11_10_31_23_139 1576081883139 20624 20564 4095 2209.31  
2019_12_11_10_31_23_140 1576081883140 20625 20565 271 133.44  
2019_12_11_10_31_23_245 1576081883245 20730 20669 422 207.21  
2019_12_11_10_31_23_248 1576081883248 20733 20672 146 72.8814  
2019_12_11_10_31_23_330 1576081883330 20815 20754 2637 1366.83  
2019_12_11_10_31_23_334 1576081883334 20819 20758 270 132.953  
2019_12_11_10_31_23_360 1576081883360 20845 20784 4095 2209.31  
2019_12_11_10_31_23_423 1576081883423 20908 20847 1135 564.652  
2019_12_11_10_31_23_428 1576081883428 20913 20852 264 130.036  
2019_12_11_10_31_23_434 1576081883434 20919 20858 297 146.094  
2019_12_11_10_31_23_465 1576081883465 20950 20889 203 100.439  
2019_12_11_10_31_23_482 1576081883482 20967 20906 415 203.775  
2019_12_11_10_31_23_501 1576081883501 20986 20925 561 275.714  
2019_12_11_10_31_23_502 1576081883502 20987 20926 280 137.818  
2019_12_11_10_31_23_514 1576081883514 20999 20938 988 489.728  
2019_12_11_10_31_23_516 1576081883516 21001 20940 83 42.5352  
2019_12_11_10_31_23_538 1576081883538 21023 20962 607 298.51  
2019_12_11_10_31_23_569 1576081883569 21054 20993 348 170.973  
2019_12_11_10_31_23_609 1576081883609 21094 21033 156 77.7091  
2019_12_11_10_31_23_672 1576081883672 21157 21095 406 199.361  
2019_12_11_10_31_23_680 1576081883680 21165 21103 1062 527.365  
2019_12_11_10_31_23_763 1576081883763 21248 21186 237 116.922  
2019_12_11_10_31_23_781 1576081883781 21266 21204 306 150.479  
2019_12_11_10_31_23_822 1576081883822 21307 21245 570 280.169  
2019_12_11_10_31_23_827 1576081883827 21312 21250 352 172.928  
2019_12_11_10_31_23_863 1576081883863 21348 21286 250 123.234  
2019_12_11_10_31_23_866 1576081883866 21351 21289 1229 612.898  
2019_12_11_10_31_23_956 1576081883956 21441 21379 297 146.094  
2019_12_11_10_31_23_961 1576081883961 21446 21384 565 277.694  
2019_12_11_10_31_24_011 1576081884011 21496 21434 587 288.591  
2019_12_11_10_31_24_029 1576081884029 21514 21452 387 190.051  
2019_12_11_10_31_24_047 1576081884047 21532 21470 319 156.817  
2019_12_11_10_31_24_106 1576081884106 21591 21529 236 116.437  
2019_12_11_10_31_24_122 1576081884122 21607 21545 880 435.088  
2019_12_11_10_31_24_342 1576081884342 21827 21765 661 325.351  
2019_12_11_10_31_24_343 1576081884343 21828 21766 285 140.251  
2019_12_11_10_31_24_357 1576081884357 21842 21779 115 57.9345  
2019_12_11_10_31_24_506 1576081884506 21991 21928 455 223.422  
2019_12_11_10_31_24_558 1576081884558 22043 21980 158 78.675  
2019_12_11_10_31_24_634 1576081884634 22119 22056 174 86.4063  
2019_12_11_10_31_24_665 1576081884665 22150 22087 129 64.6812  
2019_12_11_10_31_24_694 1576081884694 22179 22116 210 103.829  
2019_12_11_10_31_24_712 1576081884712 22197 22134 267 131.495  
2019_12_11_10_31_24_934 1576081884934 22419 22356 443 217.523  
2019_12_11_10_31_24_937 1576081884937 22422 22359 171 84.9561  
2019_12_11_10_31_24_944 1576081884944 22429 22366 263 129.55  
2019_12_11_10_31_24_984 1576081884984 22469 22406 171 84.9561  
2019_12_11_10_31_24_993 1576081884993 22478 22415 606 298.014  
2019_12_11_10_31_24_995 1576081884995 22480 22417 1205 600.555  
2019_12_11_10_31_25_004 1576081885004 22489 22426 359 176.35  
2019_12_11_10_31_25_084 1576081885084 22569 22506 849 419.469  
2019_12_11_10_31_25_157 1576081885157 22642 22579 1438 721.104  
2019_12_11_10_31_25_164 1576081885164 22649 22586 579 284.627  
2019_12_11_10_31_25_218 1576081885218 22703 22639 79 40.6124  
2019_12_11_10_31_25_250 1576081885250 22735 22671 221 109.161  
2019_12_11_10_31_25_288 1576081885288 22773 22709 850 419.972  
2019_12_11_10_31_25_295 1576081885295 22780 22716 263 129.55  
2019_12_11_10_31_25_338 1576081885338 22823 22759 236 116.437  
2019_12_11_10_31_25_421 1576081885421 22906 22842 175 86.8898  
2019_12_11_10_31_25_449 1576081885449 22934 22870 313 153.891  
2019_12_11_10_31_25_471 1576081885471 22956 22892 451 221.455  
2019_12_11_10_31_25_490 1576081885490 22975 22911 229 113.041  
2019_12_11_10_31_25_500 1576081885500 22985 22921 320 157.305  
2019_12_11_10_31_25_510 1576081885510 22995 22931 388 190.541  
2019_12_11_10_31_25_534 1576081885534 23019 22955 227 112.07  
2019_12_11_10_31_25_543 1576081885543 23028 22964 398 195.44  
2019_12_11_10_31_25_547 1576081885547 23032 22968 3295 1739.26  
2019_12_11_10_31_25_757 1576081885757 23242 23178 124 62.271  
2019_12_11_10_31_25_791 1576081885791 23276 23212 99 50.2311  
2019_12_11_10_31_25_795 1576081885795 23280 23216 495 243.116  
2019_12_11_10_31_25_797 1576081885797 23282 23217 71 36.7683  
2019_12_11_10_31_25_867 1576081885867 23352 23287 218 107.707  
2019_12_11_10_31_25_870 1576081885870 23355 23290 500 245.581  
2019_12_11_10_31_25_910 1576081885910 23395 23330 167 83.0229  
2019_12_11_10_31_25_941 1576081885941 23426 23361 1563 786.438  
2019_12_11_10_31_26_025 1576081886025 23510 23445 434 213.102  
2019_12_11_10_31_26_073 1576081886073 23558 23493 637 313.411  
2019_12_11_10_31_26_078 1576081886078 23563 23498 148 73.8467  
2019_12_11_10_31_26_198 1576081886198 23683 23618 291 143.172  
2019_12_11_10_31_26_210 1576081886210 23695 23630 619 304.467  
2019_12_11_10_31_26_227 1576081886227 23712 23647 116 58.4162  
2019_12_11_10_31_26_229 1576081886229 23714 23649 150 74.8121  
2019_12_11_10_31_26_292 1576081886292 23777 23712 97 49.2687  
2019_12_11_10_31_26_293 1576081886293 23778 23713 232 114.496  
2019_12_11_10_31_26_320 1576081886320 23805 23740 2211 1132.54  
2019_12_11_10_31_26_363 1576081886363 23848 23783 2647 1372.39  
2019_12_11_10_31_26_382 1576081886382 23867 23802 326 160.232  
2019_12_11_10_31_26_383 1576081886383 23868 23803 472 231.786  
2019_12_11_10_31_26_388 1576081886388 23873 23807 535 262.857  
2019_12_11_10_31_26_403 1576081886403 23888 23822 1351 675.905  
2019_12_11_10_31_26_409 1576081886409 23894 23828 910 450.231  
2019_12_11_10_31_26_443 1576081886443 23928 23862 380 186.624  
2019_12_11_10_31_26_521 1576081886521 24006 23940 600 295.037  
2019_12_11_10_31_26_530 1576081886530 24015 23949 4095 2209.31  
2019_12_11_10_31_26_568 1576081886568 24053 23987 606 298.014  
2019_12_11_10_31_26_577 1576081886577 24062 23996 117 58.898  
2019_12_11_10_31_26_607 1576081886607 24092 24026 214 105.768  
2019_12_11_10_31_26_675 1576081886675 24160 24094 298 146.581  
2019_12_11_10_31_26_727 1576081886727 24212 24146 766 377.788  
2019_12_11_10_31_26_769 1576081886769 24254 24188 3614 1924.43  
2019_12_11_10_31_26_771 1576081886771 24256 24190 324 159.256  
2019_12_11_10_31_26_851 1576081886851 24336 24270 173 85.9229  
2019_12_11_10_31_26_905 1576081886905 24390 24324 163 81.0902  
2019_12_11_10_31_26_918 1576081886918 24403 24337 684 336.809  
2019_12_11_10_31_26_927 1576081886927 24412 24346 553 271.756  
2019_12_11_10_31_26_971 1576081886971 24456 24389 502 246.567  
2019_12_11_10_31_27_002 1576081887002 24487 24420 247 121.777  
2019_12_11_10_31_27_003 1576081887003 24488 24421 194 96.0811  
2019_12_11_10_31_27_008 1576081887008 24493 24426 235 115.951  
2019_12_11_10_31_27_292 1576081887292 24777 24710 460 225.881  
2019_12_11_10_31_27_293 1576081887293 24778 24711 236 116.437  
2019_12_11_10_31_27_294 1576081887294 24779 24712 207 102.376  
2019_12_11_10_31_27_294 1576081887294 24779 24712 185 91.726  
2019_12_11_10_31_27_294 1576081887294 24779 24712 156 77.7091  
2019_12_11_10_31_27_294 1576081887294 24779 24712 87 44.4585  
2019_12_11_10_31_27_295 1576081887295 24780 24713 563 276.704  
2019_12_11_10_31_27_295 1576081887295 24780 24713 4095 2209.31  
2019_12_11_10_31_27_322 1576081887322 24807 24740 2469 1273.79  
2019_12_11_10_31_27_345 1576081887345 24830 24763 98 49.7499  
2019_12_11_10_31_27_378 1576081887378 24863 24796 3917 2103.09  
2019_12_11_10_31_27_388 1576081887388 24873 24806 2279 1169.57  
2019_12_11_10_31_27_389 1576081887389 24874 24807 258 127.12  
2019_12_11_10_31_27_512 1576081887512 24997 24929 294 144.633  
2019_12_11_10_31_27_515 1576081887515 25000 24932 857 423.497  
