1576079592523 2019_12_11_09_53_12_523 2.734449 0.478300  0.000014786
2019_12_11_09_53_12_557 1576079592557 34 33 533 261.869  
2019_12_11_09_53_12_596 1576079592596 73 72 1336 668.134  
2019_12_11_09_53_12_634 1576079592634 111 110 378 185.644  
2019_12_11_09_53_12_658 1576079592658 135 134 49 26.2066  
2019_12_11_09_53_12_691 1576079592691 168 167 147 73.3641  
2019_12_11_09_53_12_733 1576079592733 210 209 501 246.074  
2019_12_11_09_53_12_749 1576079592749 226 225 418 205.247  
2019_12_11_09_53_12_757 1576079592757 234 233 373 183.197  
2019_12_11_09_53_12_763 1576079592763 240 239 259 127.606  
2019_12_11_09_53_12_765 1576079592765 242 241 701 345.288  
2019_12_11_09_53_12_774 1576079592774 251 250 1350 675.386  
2019_12_11_09_53_12_792 1576079592792 269 268 249 122.748  
2019_12_11_09_53_12_794 1576079592794 271 270 311 152.916  
2019_12_11_09_53_12_820 1576079592820 297 296 301 148.042  
2019_12_11_09_53_12_828 1576079592828 305 304 135 67.5744  
2019_12_11_09_53_12_829 1576079592829 306 305 962 476.542  
2019_12_11_09_53_12_830 1576079592830 307 306 316 155.354  
2019_12_11_09_53_12_848 1576079592848 325 323 148 73.8467  
2019_12_11_09_53_12_857 1576079592857 334 332 143 71.4337  
2019_12_11_09_53_12_869 1576079592869 346 344 444 218.014  
2019_12_11_09_53_12_879 1576079592879 356 354 609 299.503  
2019_12_11_09_53_12_892 1576079592892 369 367 236 116.437  
2019_12_11_09_53_12_894 1576079592894 371 369 383 188.092  
2019_12_11_09_53_12_910 1576079592910 387 385 357 175.372  
2019_12_11_09_53_12_930 1576079592930 407 405 101 51.1936  
2019_12_11_09_53_12_961 1576079592961 438 436 219 108.191  
2019_12_11_09_53_13_038 1576079593038 515 513 192 95.1131  
2019_12_11_09_53_13_039 1576079593039 516 514 333 163.648  
2019_12_11_09_53_13_071 1576079593071 548 546 206 101.892  
2019_12_11_09_53_13_120 1576079593120 597 595 434 213.102  
2019_12_11_09_53_13_138 1576079593138 615 613 316 155.354  
2019_12_11_09_53_13_144 1576079593144 621 619 227 112.07  
2019_12_11_09_53_13_178 1576079593178 655 653 352 172.928  
2019_12_11_09_53_13_198 1576079593198 675 673 1099 546.244  
2019_12_11_09_53_13_209 1576079593209 686 683 1336 668.134  
2019_12_11_09_53_13_210 1576079593210 687 684 596 293.053  
2019_12_11_09_53_13_247 1576079593247 724 721 286 140.738  
2019_12_11_09_53_13_260 1576079593260 737 734 1247 622.166  
2019_12_11_09_53_13_366 1576079593366 843 840 198 98.0175  
2019_12_11_09_53_13_395 1576079593395 872 869 341 167.554  
2019_12_11_09_53_13_402 1576079593402 879 876 4095 2209.31  
2019_12_11_09_53_13_406 1576079593406 883 880 1778 899.894  
2019_12_11_09_53_13_427 1576079593427 904 901 1812 917.961  
2019_12_11_09_53_13_429 1576079593429 906 903 1198 596.958  
2019_12_11_09_53_13_435 1576079593435 912 909 862 426.015  
2019_12_11_09_53_13_436 1576079593436 913 910 1640 826.914  
2019_12_11_09_53_13_444 1576079593444 921 918 795 392.328  
2019_12_11_09_53_13_543 1576079593543 1020 1017 365 179.284  
2019_12_11_09_53_13_544 1576079593544 1021 1018 1311 655.198  
2019_12_11_09_53_13_586 1576079593586 1063 1060 552 271.261  
2019_12_11_09_53_13_603 1576079593603 1080 1077 174 86.4063  
2019_12_11_09_53_13_622 1576079593622 1099 1095 949 469.957  
2019_12_11_09_53_13_636 1576079593636 1113 1109 157 78.192  
2019_12_11_09_53_13_658 1576079593658 1135 1131 978 484.654  
2019_12_11_09_53_13_675 1576079593675 1152 1148 1368 684.719  
2019_12_11_09_53_13_684 1576079593684 1161 1157 509 250.02  
2019_12_11_09_53_13_744 1576079593744 1221 1217 912 451.242  
2019_12_11_09_53_13_793 1576079593793 1270 1266 1185 590.282  
2019_12_11_09_53_13_803 1576079593803 1280 1276 154 76.7433  
2019_12_11_09_53_13_812 1576079593812 1289 1285 569 279.674  
2019_12_11_09_53_13_822 1576079593822 1299 1295 1319 659.336  
2019_12_11_09_53_13_825 1576079593825 1302 1298 101 51.1936  
2019_12_11_09_53_13_863 1576079593863 1340 1336 211 104.314  
2019_12_11_09_53_13_871 1576079593871 1348 1344 859 424.504  
2019_12_11_09_53_13_880 1576079593880 1357 1353 3844 2059.8  
2019_12_11_09_53_13_928 1576079593928 1405 1401 1319 659.336  
2019_12_11_09_53_13_951 1576079593951 1428 1424 395 193.97  
2019_12_11_09_53_13_958 1576079593958 1435 1431 1314 656.75  
2019_12_11_09_53_13_961 1576079593961 1438 1433 580 285.122  
2019_12_11_09_53_13_964 1576079593964 1441 1436 729 359.273  
2019_12_11_09_53_14_073 1576079594073 1550 1545 679 334.317  
2019_12_11_09_53_14_084 1576079594084 1561 1556 2190 1121.13  
2019_12_11_09_53_14_093 1576079594093 1570 1565 996 493.789  
2019_12_11_09_53_14_097 1576079594097 1574 1569 445 218.506  
2019_12_11_09_53_14_126 1576079594126 1603 1598 1033 512.596  
2019_12_11_09_53_14_140 1576079594140 1617 1612 418 205.247  
2019_12_11_09_53_14_167 1576079594167 1644 1639 486 238.681  
2019_12_11_09_53_14_213 1576079594213 1690 1685 217 107.222  
2019_12_11_09_53_14_228 1576079594228 1705 1700 119 59.8615  
2019_12_11_09_53_14_229 1576079594229 1706 1701 614 301.985  
2019_12_11_09_53_14_266 1576079594266 1743 1738 461 226.373  
2019_12_11_09_53_14_270 1576079594270 1747 1742 833 411.418  
2019_12_11_09_53_14_271 1576079594271 1748 1743 1329 664.51  
2019_12_11_09_53_14_275 1576079594275 1752 1747 342 168.042  
2019_12_11_09_53_14_278 1576079594278 1755 1750 455 223.422  
2019_12_11_09_53_14_285 1576079594285 1762 1757 261 128.578  
2019_12_11_09_53_14_328 1576079594328 1805 1799 570 280.169  
2019_12_11_09_53_14_330 1576079594330 1807 1801 406 199.361  
2019_12_11_09_53_14_375 1576079594375 1852 1846 826 407.898  
2019_12_11_09_53_14_381 1576079594381 1858 1852 331 162.672  
2019_12_11_09_53_14_383 1576079594383 1860 1854 152 75.7777  
2019_12_11_09_53_14_391 1576079594391 1868 1862 224 110.616  
2019_12_11_09_53_14_650 1576079594650 2127 2121 1206 601.069  
2019_12_11_09_53_14_651 1576079594651 2128 2122 169 83.9894  
2019_12_11_09_53_14_652 1576079594652 2129 2123 368 180.751  
2019_12_11_09_53_14_652 1576079594652 2129 2123 432 212.119  
2019_12_11_09_53_14_652 1576079594652 2129 2123 845 417.455  
2019_12_11_09_53_14_653 1576079594653 2130 2124 458 224.897  
2019_12_11_09_53_14_653 1576079594653 2130 2124 372 182.708  
2019_12_11_09_53_14_653 1576079594653 2130 2124 474 232.771  
2019_12_11_09_53_14_653 1576079594653 2130 2124 348 170.973  
2019_12_11_09_53_14_653 1576079594653 2130 2124 409 200.833  
2019_12_11_09_53_14_653 1576079594653 2130 2124 848 418.965  
2019_12_11_09_53_14_653 1576079594653 2130 2123 237 116.922  
2019_12_11_09_53_14_653 1576079594653 2130 2123 620 304.964  
2019_12_11_09_53_14_653 1576079594653 2130 2123 146 72.8814  
2019_12_11_09_53_14_654 1576079594654 2131 2124 4095 2209.31  
2019_12_11_09_53_14_658 1576079594658 2135 2128 1659 836.929  
2019_12_11_09_53_14_663 1576079594663 2140 2133 191 94.6291  
2019_12_11_09_53_14_712 1576079594712 2189 2182 1355 677.978  
2019_12_11_09_53_14_742 1576079594742 2219 2212 1312 655.715  
2019_12_11_09_53_14_794 1576079594794 2271 2264 292 143.659  
2019_12_11_09_53_14_808 1576079594808 2285 2278 390 191.52  
2019_12_11_09_53_14_809 1576079594809 2286 2279 173 85.9229  
2019_12_11_09_53_14_815 1576079594815 2292 2285 1371 686.276  
2019_12_11_09_53_14_822 1576079594822 2299 2292 303 149.017  
2019_12_11_09_53_14_830 1576079594830 2307 2300 274 134.899  
2019_12_11_09_53_14_838 1576079594838 2315 2308 1368 684.719  
2019_12_11_09_53_14_843 1576079594843 2320 2313 1360 680.57  
2019_12_11_09_53_14_844 1576079594844 2321 2314 1206 601.069  
2019_12_11_09_53_14_851 1576079594851 2328 2320 664 326.845  
2019_12_11_09_53_14_861 1576079594861 2338 2330 481 236.218  
2019_12_11_09_53_14_909 1576079594909 2386 2378 1380 690.946  
2019_12_11_09_53_14_916 1576079594916 2393 2385 636 312.914  
2019_12_11_09_53_14_918 1576079594918 2395 2387 650 319.876  
2019_12_11_09_53_14_979 1576079594979 2456 2448 236 116.437  
2019_12_11_09_53_14_980 1576079594980 2457 2449 408 200.342  
2019_12_11_09_53_15_015 1576079595015 2492 2484 1590 800.611  
2019_12_11_09_53_15_049 1576079595049 2526 2518 158 78.675  
2019_12_11_09_53_15_061 1576079595061 2538 2530 1068 530.424  
2019_12_11_09_53_15_062 1576079595062 2539 2531 1402 702.374  
2019_12_11_09_53_15_064 1576079595064 2541 2533 1042 517.177  
2019_12_11_09_53_15_066 1576079595066 2543 2535 236 116.437  
2019_12_11_09_53_15_067 1576079595067 2544 2536 56 29.5656  
2019_12_11_09_53_15_082 1576079595082 2559 2551 587 288.591  
2019_12_11_09_53_15_097 1576079595097 2574 2566 84 43.016  
2019_12_11_09_53_15_099 1576079595099 2576 2568 1037 514.632  
2019_12_11_09_53_15_144 1576079595144 2621 2612 388 190.541  
2019_12_11_09_53_15_149 1576079595149 2626 2617 514 252.487  
2019_12_11_09_53_15_172 1576079595172 2649 2640 351 172.439  
2019_12_11_09_53_15_198 1576079595198 2675 2666 1356 678.496  
2019_12_11_09_53_15_241 1576079595241 2718 2709 237 116.922  
2019_12_11_09_53_15_263 1576079595263 2740 2731 1338 669.17  
2019_12_11_09_53_15_267 1576079595267 2744 2735 196 97.0493  
2019_12_11_09_53_15_269 1576079595269 2746 2737 2764 1437.71  
2019_12_11_09_53_15_273 1576079595273 2750 2741 589 289.583  
2019_12_11_09_53_15_274 1576079595274 2751 2742 177 87.8568  
2019_12_11_09_53_15_289 1576079595289 2766 2757 406 199.361  
2019_12_11_09_53_15_304 1576079595304 2781 2772 458 224.897  
2019_12_11_09_53_15_345 1576079595345 2822 2813 123 61.789  
2019_12_11_09_53_15_347 1576079595347 2824 2815 142 70.9512  
2019_12_11_09_53_15_373 1576079595373 2850 2841 928 459.33  
2019_12_11_09_53_15_382 1576079595382 2859 2850 291 143.172  
2019_12_11_09_53_15_389 1576079595389 2866 2857 445 218.506  
2019_12_11_09_53_15_410 1576079595410 2887 2877 406 199.361  
2019_12_11_09_53_15_423 1576079595423 2900 2890 1337 668.652  
2019_12_11_09_53_15_426 1576079595426 2903 2893 1293 645.896  
2019_12_11_09_53_15_449 1576079595449 2926 2916 285 140.251  
2019_12_11_09_53_15_455 1576079595455 2932 2922 760 374.783  
2019_12_11_09_53_15_475 1576079595475 2952 2942 1297 647.962  
2019_12_11_09_53_15_486 1576079595486 2963 2953 2480 1279.86  
2019_12_11_09_53_15_487 1576079595487 2964 2954 887 438.619  
2019_12_11_09_53_15_515 1576079595515 2992 2982 295 145.12  
2019_12_11_09_53_15_516 1576079595516 2993 2983 241 118.864  
2019_12_11_09_53_15_572 1576079595572 3049 3039 460 225.881  
2019_12_11_09_53_15_623 1576079595623 3100 3090 203 100.439  
2019_12_11_09_53_15_624 1576079595624 3101 3091 1368 684.719  
2019_12_11_09_53_15_626 1576079595626 3103 3093 608 299.007  
2019_12_11_09_53_15_632 1576079595632 3109 3099 209 103.345  
2019_12_11_09_53_15_637 1576079595637 3114 3104 495 243.116  
2019_12_11_09_53_15_654 1576079595654 3131 3121 239 117.893  
2019_12_11_09_53_15_657 1576079595657 3134 3124 492 241.637  
2019_12_11_09_53_15_661 1576079595661 3138 3127 141 70.4687  
2019_12_11_09_53_15_667 1576079595667 3144 3133 1090 541.648  
2019_12_11_09_53_15_678 1576079595678 3155 3144 323 158.768  
2019_12_11_09_53_15_698 1576079595698 3175 3164 478 234.74  
2019_12_11_09_53_15_714 1576079595714 3191 3180 1353 676.941  
2019_12_11_09_53_15_715 1576079595715 3192 3181 259 127.606  
2019_12_11_09_53_15_737 1576079595737 3214 3203 377 185.155  
2019_12_11_09_53_15_754 1576079595754 3231 3220 202 99.9544  
2019_12_11_09_53_15_782 1576079595782 3259 3248 656 322.862  
2019_12_11_09_53_15_787 1576079595787 3264 3253 73 37.7291  
2019_12_11_09_53_15_811 1576079595811 3288 3277 640 314.903  
2019_12_11_09_53_15_828 1576079595828 3305 3294 420 206.229  
2019_12_11_09_53_15_836 1576079595836 3313 3302 188 93.1774  
2019_12_11_09_53_15_871 1576079595871 3348 3337 868 429.039  
2019_12_11_09_53_15_873 1576079595873 3350 3339 295 145.12  
2019_12_11_09_53_15_881 1576079595881 3358 3347 803 396.343  
2019_12_11_09_53_15_897 1576079595897 3374 3363 494 242.623  
2019_12_11_09_53_15_914 1576079595914 3391 3379 1569 789.586  
2019_12_11_09_53_15_926 1576079595926 3403 3391 962 476.542  
2019_12_11_09_53_15_930 1576079595930 3407 3395 185 91.726  
2019_12_11_09_53_15_934 1576079595934 3411 3399 1407 704.973  
2019_12_11_09_53_15_939 1576079595939 3416 3404 1270 634.023  
2019_12_11_09_53_15_989 1576079595989 3466 3454 706 347.784  
2019_12_11_09_53_16_010 1576079596010 3487 3475 164 81.5733  
2019_12_11_09_53_16_023 1576079596023 3500 3488 1090 541.648  
2019_12_11_09_53_16_027 1576079596027 3504 3492 197 97.5334  
2019_12_11_09_53_16_042 1576079596042 3519 3507 341 167.554  
2019_12_11_09_53_16_052 1576079596052 3529 3517 242 119.349  
2019_12_11_09_53_16_060 1576079596060 3537 3525 219 108.191  
2019_12_11_09_53_16_062 1576079596062 3539 3527 538 264.339  
2019_12_11_09_53_16_068 1576079596068 3545 3533 575 282.645  
2019_12_11_09_53_16_085 1576079596085 3562 3550 266 131.008  
2019_12_11_09_53_16_109 1576079596109 3586 3574 1243 620.106  
2019_12_11_09_53_16_118 1576079596118 3595 3583 165 82.0565  
2019_12_11_09_53_16_119 1576079596119 3596 3583 1979 1007.2  
2019_12_11_09_53_16_151 1576079596151 3628 3615 123 61.789  
2019_12_11_09_53_16_166 1576079596166 3643 3630 239 117.893  
2019_12_11_09_53_16_169 1576079596169 3646 3633 139 69.5038  
2019_12_11_09_53_16_170 1576079596170 3647 3634 231 114.011  
2019_12_11_09_53_16_172 1576079596172 3649 3636 130 65.1633  
2019_12_11_09_53_16_191 1576079596191 3668 3655 604 297.022  
2019_12_11_09_53_16_216 1576079596216 3693 3680 507 249.033  
2019_12_11_09_53_16_220 1576079596220 3697 3684 420 206.229  
2019_12_11_09_53_16_229 1576079596229 3706 3693 317 155.841  
2019_12_11_09_53_16_249 1576079596249 3726 3713 257 126.634  
2019_12_11_09_53_16_250 1576079596250 3727 3714 1020 505.983  
2019_12_11_09_53_16_272 1576079596272 3749 3736 332 163.16  
2019_12_11_09_53_16_277 1576079596277 3754 3741 149 74.3294  
2019_12_11_09_53_16_347 1576079596347 3824 3811 1424 713.816  
2019_12_11_09_53_16_348 1576079596348 3825 3812 642 315.897  
2019_12_11_09_53_16_350 1576079596350 3827 3814 707 348.283  
2019_12_11_09_53_16_361 1576079596361 3838 3824 255 125.662  
2019_12_11_09_53_16_384 1576079596384 3861 3847 254 125.177  
2019_12_11_09_53_16_389 1576079596389 3866 3852 160 79.641  
2019_12_11_09_53_16_424 1576079596424 3901 3887 137 68.5391  
2019_12_11_09_53_16_432 1576079596432 3909 3895 272 133.926  
2019_12_11_09_53_16_698 1576079596698 4175 4161 480 235.725  
2019_12_11_09_53_16_699 1576079596699 4176 4162 300 147.555  
2019_12_11_09_53_16_700 1576079596700 4177 4163 2007 1022.24  
2019_12_11_09_53_16_700 1576079596700 4177 4163 387 190.051  
2019_12_11_09_53_16_700 1576079596700 4177 4163 878 434.08  
2019_12_11_09_53_16_701 1576079596701 4178 4164 1320 659.853  
2019_12_11_09_53_16_701 1576079596701 4178 4164 894 442.152  
2019_12_11_09_53_16_701 1576079596701 4178 4164 797 393.332  
2019_12_11_09_53_16_701 1576079596701 4178 4164 415 203.775  
2019_12_11_09_53_16_701 1576079596701 4178 4164 152 75.7777  
2019_12_11_09_53_16_701 1576079596701 4178 4164 377 185.155  
2019_12_11_09_53_16_701 1576079596701 4178 4164 254 125.177  
2019_12_11_09_53_16_701 1576079596701 4178 4163 4095 2209.31  
2019_12_11_09_53_16_701 1576079596701 4178 4163 1008 499.884  
2019_12_11_09_53_16_702 1576079596702 4179 4164 157 78.192  
2019_12_11_09_53_16_702 1576079596702 4179 4164 963 477.049  
2019_12_11_09_53_16_721 1576079596721 4198 4183 179 88.8239  
2019_12_11_09_53_16_728 1576079596728 4205 4190 396 194.46  
2019_12_11_09_53_16_733 1576079596733 4210 4195 1185 590.282  
2019_12_11_09_53_16_738 1576079596738 4215 4200 2886 1506.26  
2019_12_11_09_53_16_761 1576079596761 4238 4223 408 200.342  
2019_12_11_09_53_16_765 1576079596765 4242 4227 959 475.022  
2019_12_11_09_53_16_787 1576079596787 4264 4249 308 151.453  
2019_12_11_09_53_16_790 1576079596790 4267 4252 293 144.146  
2019_12_11_09_53_16_797 1576079596797 4274 4259 703 346.287  
2019_12_11_09_53_16_837 1576079596837 4314 4299 176 87.3733  
2019_12_11_09_53_16_857 1576079596857 4334 4319 451 221.455  
2019_12_11_09_53_16_862 1576079596862 4339 4324 139 69.5038  
2019_12_11_09_53_16_896 1576079596896 4373 4358 629 309.435  
2019_12_11_09_53_16_897 1576079596897 4374 4359 350 171.951  
2019_12_11_09_53_16_939 1576079596939 4416 4400 272 133.926  
2019_12_11_09_53_16_944 1576079596944 4421 4405 185 91.726  
2019_12_11_09_53_16_999 1576079596999 4476 4460 410 201.323  
2019_12_11_09_53_17_085 1576079597085 4562 4546 892 441.142  
2019_12_11_09_53_17_112 1576079597112 4589 4573 402 197.4  
2019_12_11_09_53_17_120 1576079597120 4597 4581 109 55.0448  
2019_12_11_09_53_17_149 1576079597149 4626 4610 450 220.964  
2019_12_11_09_53_17_165 1576079597165 4642 4626 190 94.1452  
2019_12_11_09_53_17_190 1576079597190 4667 4651 271 133.44  
2019_12_11_09_53_17_192 1576079597192 4669 4653 260 128.092  
2019_12_11_09_53_17_249 1576079597249 4726 4710 307 150.966  
2019_12_11_09_53_17_254 1576079597254 4731 4715 362 177.817  
2019_12_11_09_53_17_265 1576079597265 4742 4726 1316 657.784  
2019_12_11_09_53_17_286 1576079597286 4763 4747 260 128.092  
2019_12_11_09_53_17_293 1576079597293 4770 4754 1284 641.248  
2019_12_11_09_53_17_349 1576079597349 4826 4810 366 179.773  
2019_12_11_09_53_17_360 1576079597360 4837 4821 308 151.453  
2019_12_11_09_53_17_411 1576079597411 4888 4871 445 218.506  
2019_12_11_09_53_17_436 1576079597436 4913 4896 445 218.506  
2019_12_11_09_53_17_564 1576079597564 5041 5024 85 43.4968  
2019_12_11_09_53_17_566 1576079597566 5043 5026 404 198.381  
2019_12_11_09_53_17_573 1576079597573 5050 5033 340 167.066  
2019_12_11_09_53_17_599 1576079597599 5076 5059 570 280.169  
2019_12_11_09_53_17_679 1576079597679 5156 5139 358 175.861  
2019_12_11_09_53_17_726 1576079597726 5203 5186 401 196.91  
2019_12_11_09_53_17_745 1576079597745 5222 5205 556 273.24  
2019_12_11_09_53_17_809 1576079597809 5286 5269 447 219.489  
2019_12_11_09_53_17_823 1576079597823 5300 5283 131 65.6455  
2019_12_11_09_53_17_864 1576079597864 5341 5324 111 56.0079  
2019_12_11_09_53_17_869 1576079597869 5346 5329 352 172.928  
2019_12_11_09_53_17_895 1576079597895 5372 5355 331 162.672  
2019_12_11_09_53_17_903 1576079597903 5380 5363 92 46.8632  
2019_12_11_09_53_17_941 1576079597941 5418 5401 207 102.376  
2019_12_11_09_53_18_019 1576079598019 5496 5479 1495 750.839  
2019_12_11_09_53_18_023 1576079598023 5500 5482 700 344.789  
2019_12_11_09_53_18_078 1576079598078 5555 5537 1001 496.328  
2019_12_11_09_53_18_115 1576079598115 5592 5574 129 64.6812  
2019_12_11_09_53_18_165 1576079598165 5642 5624 1398 700.295  
2019_12_11_09_53_18_166 1576079598166 5643 5625 4095 2209.31  
2019_12_11_09_53_18_332 1576079598332 5809 5791 746 367.775  
2019_12_11_09_53_18_746 1576079598746 6223 6205 257 126.634  
2019_12_11_09_53_18_747 1576079598747 6224 6206 502 246.567  
2019_12_11_09_53_18_748 1576079598748 6225 6207 911 450.737  
2019_12_11_09_53_18_748 1576079598748 6225 6207 636 312.914  
2019_12_11_09_53_18_748 1576079598748 6225 6207 122 61.3071  
2019_12_11_09_53_18_780 1576079598780 6257 6239 89 45.4203  
2019_12_11_09_53_18_815 1576079598815 6292 6274 375 184.176  
2019_12_11_09_53_18_824 1576079598824 6301 6283 132 66.1277  
2019_12_11_09_53_18_843 1576079598843 6320 6302 115 57.9345  
2019_12_11_09_53_18_855 1576079598855 6332 6314 248 122.262  
2019_12_11_09_53_18_859 1576079598859 6336 6318 1047 519.723  
2019_12_11_09_53_18_889 1576079598889 6366 6347 959 475.022  
2019_12_11_09_53_18_902 1576079598902 6379 6360 366 179.773  
2019_12_11_09_53_18_915 1576079598915 6392 6373 926 458.319  
2019_12_11_09_53_18_939 1576079598939 6416 6397 236 116.437  
2019_12_11_09_53_18_995 1576079598995 6472 6453 255 125.662  
2019_12_11_09_53_19_006 1576079599006 6483 6464 110 55.5264  
2019_12_11_09_53_19_047 1576079599047 6524 6505 94 47.8253  
2019_12_11_09_53_19_087 1576079599087 6564 6545 382 187.603  
2019_12_11_09_53_19_110 1576079599110 6587 6568 638 313.908  
2019_12_11_09_53_19_122 1576079599122 6599 6580 318 156.329  
2019_12_11_09_53_19_216 1576079599216 6693 6674 368 180.751  
2019_12_11_09_53_19_312 1576079599312 6789 6770 214 105.768  
2019_12_11_09_53_19_348 1576079599348 6825 6806 369 181.24  
2019_12_11_09_53_19_368 1576079599368 6845 6826 392 192.5  
2019_12_11_09_53_19_400 1576079599400 6877 6858 298 146.581  
2019_12_11_09_53_19_459 1576079599459 6936 6917 1704 860.69  
2019_12_11_09_53_19_476 1576079599476 6953 6934 2148 1098.34  
2019_12_11_09_53_19_515 1576079599515 6992 6972 222 109.646  
2019_12_11_09_53_19_562 1576079599562 7039 7019 315 154.866  
2019_12_11_09_53_19_575 1576079599575 7052 7032 4095 2209.31  
2019_12_11_09_53_19_627 1576079599627 7104 7084 1262 629.897  
2019_12_11_09_53_19_670 1576079599670 7147 7127 142 70.9512  
2019_12_11_09_53_19_681 1576079599681 7158 7138 322 158.28  
2019_12_11_09_53_19_707 1576079599707 7184 7164 260 128.092  
2019_12_11_09_53_19_718 1576079599718 7195 7175 197 97.5334  
2019_12_11_09_53_19_732 1576079599732 7209 7189 294 144.633  
2019_12_11_09_53_19_752 1576079599752 7229 7209 309 151.941  
2019_12_11_09_53_19_766 1576079599766 7243 7223 50 26.6864  
2019_12_11_09_53_19_778 1576079599778 7255 7235 808 398.854  
2019_12_11_09_53_19_780 1576079599780 7257 7237 414 203.285  
2019_12_11_09_53_19_865 1576079599865 7342 7322 285 140.251  
2019_12_11_09_53_20_002 1576079600002 7479 7459 179 88.8239  
2019_12_11_09_53_20_076 1576079600076 7553 7533 449 220.472  
2019_12_11_09_53_20_081 1576079600081 7558 7538 530 260.387  
2019_12_11_09_53_20_084 1576079600084 7561 7541 526 258.411  
2019_12_11_09_53_20_185 1576079600185 7662 7641 235 115.951  
2019_12_11_09_53_20_229 1576079600229 7706 7685 188 93.1774  
2019_12_11_09_53_20_344 1576079600344 7821 7800 317 155.841  
2019_12_11_09_53_20_506 1576079600506 7983 7962 166 82.5397  
2019_12_11_09_53_20_520 1576079600520 7997 7976 212 104.799  
2019_12_11_09_53_20_530 1576079600530 8007 7986 484 237.695  
2019_12_11_09_53_20_532 1576079600532 8009 7988 298 146.581  
2019_12_11_09_53_20_794 1576079600794 8271 8250 617 303.474  
2019_12_11_09_53_20_795 1576079600795 8272 8251 149 74.3294  
2019_12_11_09_53_20_796 1576079600796 8273 8252 201 99.4701  
2019_12_11_09_53_20_796 1576079600796 8273 8252 293 144.146  
2019_12_11_09_53_20_796 1576079600796 8273 8252 483 237.203  
2019_12_11_09_53_20_796 1576079600796 8273 8252 545 267.8  
2019_12_11_09_53_20_797 1576079600797 8274 8253 464 227.849  
2019_12_11_09_53_20_797 1576079600797 8274 8253 255 125.662  
2019_12_11_09_53_20_797 1576079600797 8274 8253 426 209.173  
2019_12_11_09_53_20_797 1576079600797 8274 8253 220 108.676  
2019_12_11_09_53_20_797 1576079600797 8274 8252 311 152.916  
2019_12_11_09_53_20_797 1576079600797 8274 8252 384 188.582  
2019_12_11_09_53_20_797 1576079600797 8274 8252 554 272.251  
2019_12_11_09_53_20_803 1576079600803 8280 8258 471 231.294  
2019_12_11_09_53_20_831 1576079600831 8308 8286 215 106.252  
2019_12_11_09_53_20_843 1576079600843 8320 8298 399 195.93  
2019_12_11_09_53_20_849 1576079600849 8326 8304 407 199.852  
2019_12_11_09_53_20_851 1576079600851 8328 8306 188 93.1774  
2019_12_11_09_53_20_882 1576079600882 8359 8337 469 230.309  
2019_12_11_09_53_20_923 1576079600923 8400 8378 1309 654.164  
2019_12_11_09_53_20_928 1576079600928 8405 8383 201 99.4701  
2019_12_11_09_53_20_968 1576079600968 8445 8423 448 219.98  
2019_12_11_09_53_21_060 1576079601060 8537 8515 304 149.504  
2019_12_11_09_53_21_082 1576079601082 8559 8537 186 92.2098  
2019_12_11_09_53_21_105 1576079601105 8582 8560 375 184.176  
2019_12_11_09_53_21_163 1576079601163 8640 8618 228 112.555  
2019_12_11_09_53_21_185 1576079601185 8662 8640 338 166.089  
2019_12_11_09_53_21_223 1576079601223 8700 8677 191 94.6291  
2019_12_11_09_53_21_228 1576079601228 8705 8682 146 72.8814  
2019_12_11_09_53_21_283 1576079601283 8760 8737 258 127.12  
2019_12_11_09_53_21_330 1576079601330 8807 8784 272 133.926  
2019_12_11_09_53_21_332 1576079601332 8809 8786 135 67.5744  
2019_12_11_09_53_21_337 1576079601337 8814 8791 299 147.068  
2019_12_11_09_53_21_343 1576079601343 8820 8797 144 71.9162  
2019_12_11_09_53_21_439 1576079601439 8916 8893 151 75.2949  
2019_12_11_09_53_21_506 1576079601506 8983 8960 256 126.148  
2019_12_11_09_53_21_509 1576079601509 8986 8963 296 145.607  
2019_12_11_09_53_21_626 1576079601626 9103 9080 192 95.1131  
2019_12_11_09_53_21_715 1576079601715 9192 9169 4095 2209.31  
2019_12_11_09_53_21_760 1576079601760 9237 9214 388 190.541  
2019_12_11_09_53_21_781 1576079601781 9258 9235 268 131.981  
2019_12_11_09_53_21_804 1576079601804 9281 9258 257 126.634  
2019_12_11_09_53_21_825 1576079601825 9302 9279 798 393.833  
2019_12_11_09_53_21_838 1576079601838 9315 9292 764 376.786  
2019_12_11_09_53_21_863 1576079601863 9340 9316 105 53.119  
2019_12_11_09_53_21_875 1576079601875 9352 9328 138 69.0214  
2019_12_11_09_53_21_887 1576079601887 9364 9340 287 141.224  
2019_12_11_09_53_21_898 1576079601898 9375 9351 725 357.274  
2019_12_11_09_53_21_917 1576079601917 9394 9370 1316 657.784  
2019_12_11_09_53_21_967 1576079601967 9444 9420 654 321.867  
2019_12_11_09_53_21_991 1576079601991 9468 9444 1675 845.37  
2019_12_11_09_53_22_009 1576079602009 9486 9462 190 94.1452  
2019_12_11_09_53_22_057 1576079602057 9534 9510 232 114.496  
2019_12_11_09_53_22_089 1576079602089 9566 9542 161 80.124  
2019_12_11_09_53_22_099 1576079602099 9576 9552 850 419.972  
2019_12_11_09_53_22_200 1576079602200 9677 9653 932 461.353  
2019_12_11_09_53_22_209 1576079602209 9686 9662 1003 497.344  
2019_12_11_09_53_22_215 1576079602215 9692 9668 163 81.0902  
2019_12_11_09_53_22_217 1576079602217 9694 9670 220 108.676  
2019_12_11_09_53_22_228 1576079602228 9705 9681 140 69.9862  
2019_12_11_09_53_22_282 1576079602282 9759 9735 102 51.6749  
2019_12_11_09_53_22_310 1576079602310 9787 9762 264 130.036  
2019_12_11_09_53_22_331 1576079602331 9808 9783 205 101.407  
2019_12_11_09_53_22_353 1576079602353 9830 9805 132 66.1277  
2019_12_11_09_53_22_426 1576079602426 9903 9878 167 83.0229  
2019_12_11_09_53_22_454 1576079602454 9931 9906 560 275.219  
2019_12_11_09_53_22_471 1576079602471 9948 9923 217 107.222  
2019_12_11_09_53_22_492 1576079602492 9969 9944 135 67.5744  
2019_12_11_09_53_22_511 1576079602511 9988 9963 202 99.9544  
2019_12_11_09_53_22_536 1576079602536 10013 9988 456 223.914  
2019_12_11_09_53_22_578 1576079602578 10055 10030 697 343.293  
2019_12_11_09_53_22_842 1576079602842 10319 10294 625 307.448  
2019_12_11_09_53_22_843 1576079602843 10320 10295 284 139.764  
2019_12_11_09_53_22_844 1576079602844 10321 10296 313 153.891  
2019_12_11_09_53_22_844 1576079602844 10321 10296 407 199.852  
2019_12_11_09_53_22_844 1576079602844 10321 10296 185 91.726  
2019_12_11_09_53_22_844 1576079602844 10321 10296 163 81.0902  
2019_12_11_09_53_22_845 1576079602845 10322 10297 311 152.916  
2019_12_11_09_53_22_845 1576079602845 10322 10297 471 231.294  
2019_12_11_09_53_22_845 1576079602845 10322 10296 146 72.8814  
2019_12_11_09_53_22_862 1576079602862 10339 10313 473 232.278  
2019_12_11_09_53_22_907 1576079602907 10384 10358 333 163.648  
2019_12_11_09_53_22_948 1576079602948 10425 10399 1355 677.978  
2019_12_11_09_53_22_952 1576079602952 10429 10403 101 51.1936  
2019_12_11_09_53_22_953 1576079602953 10430 10404 704 346.786  
2019_12_11_09_53_22_958 1576079602958 10435 10409 379 186.134  
2019_12_11_09_53_23_116 1576079603116 10593 10567 107 54.0818  
2019_12_11_09_53_23_137 1576079603137 10614 10588 568 279.179  
2019_12_11_09_53_23_180 1576079603180 10657 10631 210 103.829  
2019_12_11_09_53_23_255 1576079603255 10732 10706 458 224.897  
2019_12_11_09_53_23_259 1576079603259 10736 10710 477 234.248  
2019_12_11_09_53_23_271 1576079603271 10748 10722 297 146.094  
2019_12_11_09_53_23_301 1576079603301 10778 10752 4095 2209.31  
2019_12_11_09_53_23_323 1576079603323 10800 10774 2555 1321.31  
2019_12_11_09_53_23_339 1576079603339 10816 10790 103 52.1562  
2019_12_11_09_53_23_359 1576079603359 10836 10810 203 100.439  
2019_12_11_09_53_23_368 1576079603368 10845 10818 101 51.1936  
2019_12_11_09_53_23_385 1576079603385 10862 10835 321 157.792  
2019_12_11_09_53_23_410 1576079603410 10887 10860 427 209.664  
2019_12_11_09_53_23_425 1576079603425 10902 10875 215 106.252  
2019_12_11_09_53_23_428 1576079603428 10905 10878 597 293.549  
2019_12_11_09_53_23_438 1576079603438 10915 10888 424 208.192  
2019_12_11_09_53_23_469 1576079603469 10946 10919 2925 1528.26  
2019_12_11_09_53_23_486 1576079603486 10963 10936 180 89.3075  
2019_12_11_09_53_23_520 1576079603520 10997 10970 384 188.582  
2019_12_11_09_53_23_532 1576079603532 11009 10982 398 195.44  
2019_12_11_09_53_23_533 1576079603533 11010 10983 462 226.865  
2019_12_11_09_53_23_562 1576079603562 11039 11012 491 241.144  
2019_12_11_09_53_23_563 1576079603563 11040 11013 133 66.6099  
2019_12_11_09_53_23_590 1576079603590 11067 11040 171 84.9561  
2019_12_11_09_53_23_688 1576079603688 11165 11138 350 171.951  
2019_12_11_09_53_23_719 1576079603719 11196 11169 97 49.2687  
2019_12_11_09_53_23_730 1576079603730 11207 11180 228 112.555  
2019_12_11_09_53_23_811 1576079603811 11288 11260 366 179.773  
2019_12_11_09_53_23_838 1576079603838 11315 11287 530 260.387  
2019_12_11_09_53_23_902 1576079603902 11379 11351 602 296.029  
2019_12_11_09_53_23_946 1576079603946 11423 11395 146 72.8814  
2019_12_11_09_53_24_018 1576079604018 11495 11467 576 283.141  
2019_12_11_09_53_24_053 1576079604053 11530 11502 267 131.495  
2019_12_11_09_53_24_115 1576079604115 11592 11564 377 185.155  
2019_12_11_09_53_24_125 1576079604125 11602 11574 416 204.266  
2019_12_11_09_53_24_136 1576079604136 11613 11585 241 118.864  
2019_12_11_09_53_24_142 1576079604142 11619 11591 305 149.991  
2019_12_11_09_53_24_191 1576079604191 11668 11640 168 83.5062  
2019_12_11_09_53_24_221 1576079604221 11698 11670 543 266.811  
2019_12_11_09_53_24_236 1576079604236 11713 11685 265 130.522  
2019_12_11_09_53_24_258 1576079604258 11735 11707 386 189.561  
2019_12_11_09_53_24_260 1576079604260 11737 11709 323 158.768  
2019_12_11_09_53_24_273 1576079604273 11750 11722 141 70.4687  
2019_12_11_09_53_24_285 1576079604285 11762 11734 206 101.892  
2019_12_11_09_53_24_319 1576079604319 11796 11767 90 45.9012  
2019_12_11_09_53_24_324 1576079604324 11801 11772 757 373.28  
2019_12_11_09_53_24_331 1576079604331 11808 11779 282 138.791  
2019_12_11_09_53_24_359 1576079604359 11836 11807 393 192.99  
2019_12_11_09_53_24_375 1576079604375 11852 11823 228 112.555  
2019_12_11_09_53_24_401 1576079604401 11878 11849 1139 566.7  
2019_12_11_09_53_24_419 1576079604419 11896 11867 202 99.9544  
2019_12_11_09_53_24_437 1576079604437 11914 11885 244 120.32  
2019_12_11_09_53_24_457 1576079604457 11934 11905 126 63.235  
2019_12_11_09_53_24_475 1576079604475 11952 11923 155 77.2262  
2019_12_11_09_53_24_478 1576079604478 11955 11926 218 107.707  
2019_12_11_09_53_24_507 1576079604507 11984 11955 122 61.3071  
2019_12_11_09_53_24_513 1576079604513 11990 11961 451 221.455  
2019_12_11_09_53_24_563 1576079604563 12040 12011 372 182.708  
2019_12_11_09_53_24_615 1576079604615 12092 12063 164 81.5733  
2019_12_11_09_53_24_618 1576079604618 12095 12066 132 66.1277  
2019_12_11_09_53_24_890 1576079604890 12367 12338 251 123.719  
2019_12_11_09_53_24_891 1576079604891 12368 12338 162 80.6071  
2019_12_11_09_53_24_892 1576079604892 12369 12339 275 135.385  
2019_12_11_09_53_24_893 1576079604893 12370 12340 141 70.4687  
2019_12_11_09_53_24_924 1576079604924 12401 12371 2814 1465.75  
2019_12_11_09_53_24_939 1576079604939 12416 12386 276 135.872  
2019_12_11_09_53_24_942 1576079604942 12419 12389 178 88.3403  
2019_12_11_09_53_24_981 1576079604981 12458 12428 240 118.378  
2019_12_11_09_53_24_992 1576079604992 12469 12439 844 416.952  
2019_12_11_09_53_25_000 1576079605000 12477 12447 241 118.864  
2019_12_11_09_53_25_011 1576079605011 12488 12458 186 92.2098  
2019_12_11_09_53_25_137 1576079605137 12614 12584 240 118.378  
2019_12_11_09_53_25_180 1576079605180 12657 12627 2785 1449.48  
2019_12_11_09_53_25_190 1576079605190 12667 12637 159 79.1579  
2019_12_11_09_53_25_197 1576079605197 12674 12644 2174 1112.44  
2019_12_11_09_53_25_212 1576079605212 12689 12659 129 64.6812  
2019_12_11_09_53_25_213 1576079605213 12690 12660 257 126.634  
2019_12_11_09_53_25_223 1576079605223 12700 12670 406 199.361  
2019_12_11_09_53_25_241 1576079605241 12718 12688 310 152.428  
2019_12_11_09_53_25_244 1576079605244 12721 12690 276 135.872  
2019_12_11_09_53_25_305 1576079605305 12782 12751 208 102.861  
2019_12_11_09_53_25_307 1576079605307 12784 12753 582 286.113  
2019_12_11_09_53_25_316 1576079605316 12793 12762 169 83.9894  
2019_12_11_09_53_25_317 1576079605317 12794 12763 462 226.865  
2019_12_11_09_53_25_365 1576079605365 12842 12811 162 80.6071  
2019_12_11_09_53_25_372 1576079605372 12849 12818 506 248.54  
2019_12_11_09_53_25_445 1576079605445 12922 12891 427 209.664  
2019_12_11_09_53_25_465 1576079605465 12942 12911 276 135.872  
2019_12_11_09_53_25_503 1576079605503 12980 12949 290 142.685  
2019_12_11_09_53_25_518 1576079605518 12995 12964 245 120.805  
2019_12_11_09_53_25_537 1576079605537 13014 12983 253 124.691  
2019_12_11_09_53_25_551 1576079605551 13028 12997 214 105.768  
2019_12_11_09_53_25_558 1576079605558 13035 13004 806 397.85  
2019_12_11_09_53_25_583 1576079605583 13060 13029 161 80.124  
2019_12_11_09_53_25_584 1576079605584 13061 13030 192 95.1131  
2019_12_11_09_53_25_598 1576079605598 13075 13044 211 104.314  
2019_12_11_09_53_25_626 1576079605626 13103 13071 745 367.274  
2019_12_11_09_53_25_694 1576079605694 13171 13139 221 109.161  
2019_12_11_09_53_25_767 1576079605767 13244 13212 108 54.5633  
2019_12_11_09_53_25_849 1576079605849 13326 13294 253 124.691  
2019_12_11_09_53_25_916 1576079605916 13393 13361 332 163.16  
2019_12_11_09_53_25_918 1576079605918 13395 13363 141 70.4687  
2019_12_11_09_53_25_965 1576079605965 13442 13410 270 132.953  
2019_12_11_09_53_25_970 1576079605970 13447 13415 347 170.485  
2019_12_11_09_53_26_019 1576079606019 13496 13464 151 75.2949  
2019_12_11_09_53_26_031 1576079606031 13508 13476 976 483.64  
2019_12_11_09_53_26_059 1576079606059 13536 13504 479 235.233  
2019_12_11_09_53_26_127 1576079606127 13604 13572 283 139.278  
2019_12_11_09_53_26_174 1576079606174 13651 13619 370 181.73  
2019_12_11_09_53_26_188 1576079606188 13665 13633 161 80.124  
2019_12_11_09_53_26_196 1576079606196 13673 13641 247 121.777  
2019_12_11_09_53_26_222 1576079606222 13699 13667 489 240.159  
2019_12_11_09_53_26_242 1576079606242 13719 13687 861 425.512  
2019_12_11_09_53_26_322 1576079606322 13799 13766 1061 526.855  
2019_12_11_09_53_26_330 1576079606330 13807 13774 81 41.5738  
2019_12_11_09_53_26_344 1576079606344 13821 13788 279 137.331  
2019_12_11_09_53_26_354 1576079606354 13831 13798 345 169.508  
2019_12_11_09_53_26_360 1576079606360 13837 13804 159 79.1579  
2019_12_11_09_53_26_379 1576079606379 13856 13823 155 77.2262  
2019_12_11_09_53_26_387 1576079606387 13864 13831 213 105.283  
2019_12_11_09_53_26_396 1576079606396 13873 13840 152 75.7777  
2019_12_11_09_53_26_403 1576079606403 13880 13847 1282 640.216  
2019_12_11_09_53_26_404 1576079606404 13881 13848 347 170.485  
2019_12_11_09_53_26_448 1576079606448 13925 13892 287 141.224  
2019_12_11_09_53_26_471 1576079606471 13948 13915 509 250.02  
2019_12_11_09_53_26_479 1576079606479 13956 13923 522 256.436  
2019_12_11_09_53_26_499 1576079606499 13976 13943 233 114.981  
2019_12_11_09_53_26_527 1576079606527 14004 13971 433 212.611  
2019_12_11_09_53_26_599 1576079606599 14076 14043 253 124.691  
2019_12_11_09_53_26_652 1576079606652 14129 14096 209 103.345  
2019_12_11_09_53_26_938 1576079606938 14415 14381 589 289.583  
2019_12_11_09_53_26_939 1576079606939 14416 14382 367 180.262  
2019_12_11_09_53_26_940 1576079606940 14417 14383 330 162.184  
2019_12_11_09_53_26_940 1576079606940 14417 14383 201 99.4701  
2019_12_11_09_53_26_940 1576079606940 14417 14383 260 128.092  
2019_12_11_09_53_26_940 1576079606940 14417 14383 198 98.0175  
2019_12_11_09_53_26_941 1576079606941 14418 14384 257 126.634  
2019_12_11_09_53_26_941 1576079606941 14418 14384 420 206.229  
2019_12_11_09_53_26_941 1576079606941 14418 14384 499 245.088  
2019_12_11_09_53_26_941 1576079606941 14418 14384 127 63.717  
2019_12_11_09_53_26_941 1576079606941 14418 14384 406 199.361  
2019_12_11_09_53_26_941 1576079606941 14418 14384 157 78.192  
2019_12_11_09_53_26_941 1576079606941 14418 14384 356 174.883  
2019_12_11_09_53_26_941 1576079606941 14418 14384 156 77.7091  
2019_12_11_09_53_26_962 1576079606962 14439 14405 362 177.817  
2019_12_11_09_53_27_050 1576079607050 14527 14493 365 179.284  
2019_12_11_09_53_27_067 1576079607067 14544 14510 439 215.558  
2019_12_11_09_53_27_096 1576079607096 14573 14538 163 81.0902  
2019_12_11_09_53_27_112 1576079607112 14589 14554 410 201.323  
2019_12_11_09_53_27_134 1576079607134 14611 14576 131 65.6455  
2019_12_11_09_53_27_159 1576079607159 14636 14601 186 92.2098  
2019_12_11_09_53_27_235 1576079607235 14712 14677 258 127.12  
2019_12_11_09_53_27_260 1576079607260 14737 14702 472 231.786  
2019_12_11_09_53_27_262 1576079607262 14739 14704 224 110.616  
2019_12_11_09_53_27_366 1576079607366 14843 14808 138 69.0214  
2019_12_11_09_53_27_405 1576079607405 14882 14847 408 200.342  
2019_12_11_09_53_27_407 1576079607407 14884 14849 269 132.467  
2019_12_11_09_53_27_422 1576079607422 14899 14864 848 418.965  
2019_12_11_09_53_27_432 1576079607432 14909 14874 72 37.2487  
2019_12_11_09_53_27_461 1576079607461 14938 14903 393 192.99  
2019_12_11_09_53_27_508 1576079607508 14985 14950 596 293.053  
2019_12_11_09_53_27_536 1576079607536 15013 14978 308 151.453  
2019_12_11_09_53_27_557 1576079607557 15034 14999 334 164.136  
2019_12_11_09_53_27_566 1576079607566 15043 15008 239 117.893  
2019_12_11_09_53_27_631 1576079607631 15108 15073 180 89.3075  
2019_12_11_09_53_27_704 1576079607704 15181 15145 104 52.6376  
2019_12_11_09_53_27_734 1576079607734 15211 15175 175 86.8898  
2019_12_11_09_53_27_762 1576079607762 15239 15203 226 111.585  
2019_12_11_09_53_27_798 1576079607798 15275 15239 73 37.7291  
2019_12_11_09_53_27_815 1576079607815 15292 15256 137 68.5391  
2019_12_11_09_53_27_835 1576079607835 15312 15276 347 170.485  
2019_12_11_09_53_27_867 1576079607867 15344 15308 142 70.9512  
2019_12_11_09_53_27_914 1576079607914 15391 15355 86 43.9776  
2019_12_11_09_53_27_935 1576079607935 15412 15376 4095 2209.31  
2019_12_11_09_53_27_962 1576079607962 15439 15403 365 179.284  
2019_12_11_09_53_28_127 1576079608127 15604 15568 165 82.0565  
2019_12_11_09_53_28_140 1576079608140 15617 15581 394 193.48  
2019_12_11_09_53_28_146 1576079608146 15623 15587 238 117.407  
2019_12_11_09_53_28_170 1576079608170 15647 15611 444 218.014  
2019_12_11_09_53_28_195 1576079608195 15672 15636 241 118.864  
2019_12_11_09_53_28_215 1576079608215 15692 15656 299 147.068  
2019_12_11_09_53_28_228 1576079608228 15705 15669 213 105.283  
2019_12_11_09_53_28_324 1576079608324 15801 15764 868 429.039  
2019_12_11_09_53_28_325 1576079608325 15802 15765 1536 772.287  
2019_12_11_09_53_28_337 1576079608337 15814 15777 477 234.248  
2019_12_11_09_53_28_355 1576079608355 15832 15795 834 411.921  
2019_12_11_09_53_28_402 1576079608402 15879 15842 4095 2209.31  
2019_12_11_09_53_28_425 1576079608425 15902 15865 3308 1746.75  
2019_12_11_09_53_28_455 1576079608455 15932 15895 296 145.607  
2019_12_11_09_53_28_460 1576079608460 15937 15900 213 105.283  
2019_12_11_09_53_28_463 1576079608463 15940 15903 454 222.93  
2019_12_11_09_53_28_491 1576079608491 15968 15931 226 111.585  
2019_12_11_09_53_28_512 1576079608512 15989 15952 537 263.845  
2019_12_11_09_53_28_516 1576079608516 15993 15956 195 96.5652  
2019_12_11_09_53_28_529 1576079608529 16006 15969 235 115.951  
2019_12_11_09_53_28_532 1576079608532 16009 15972 207 102.376  
2019_12_11_09_53_28_540 1576079608540 16017 15980 129 64.6812  
2019_12_11_09_53_28_549 1576079608549 16026 15989 695 342.295  
2019_12_11_09_53_28_634 1576079608634 16111 16074 1072 532.464  
2019_12_11_09_53_28_660 1576079608660 16137 16099 220 108.676  
2019_12_11_09_53_28_986 1576079608986 16463 16425 143 71.4337  
2019_12_11_09_53_28_987 1576079608987 16464 16426 814 401.868  
2019_12_11_09_53_28_988 1576079608988 16465 16427 1324 661.923  
2019_12_11_09_53_28_988 1576079608988 16465 16427 928 459.33  
2019_12_11_09_53_28_988 1576079608988 16465 16427 169 83.9894  
2019_12_11_09_53_29_005 1576079609005 16482 16444 276 135.872  
2019_12_11_09_53_29_017 1576079609017 16494 16456 184 91.2422  
2019_12_11_09_53_29_028 1576079609028 16505 16467 1202 599.013  
2019_12_11_09_53_29_045 1576079609045 16522 16484 1569 789.586  
2019_12_11_09_53_29_049 1576079609049 16526 16488 183 90.7585  
2019_12_11_09_53_29_084 1576079609084 16561 16523 1456 730.484  
2019_12_11_09_53_29_142 1576079609142 16619 16581 529 259.893  
2019_12_11_09_53_29_173 1576079609173 16650 16612 137 68.5391  
2019_12_11_09_53_29_201 1576079609201 16678 16640 315 154.866  
2019_12_11_09_53_29_205 1576079609205 16682 16644 177 87.8568  
2019_12_11_09_53_29_227 1576079609227 16704 16666 121 60.8252  
2019_12_11_09_53_29_258 1576079609258 16735 16696 1022 507  
2019_12_11_09_53_29_282 1576079609282 16759 16720 454 222.93  
2019_12_11_09_53_29_300 1576079609300 16777 16738 225 111.1  
2019_12_11_09_53_29_341 1576079609341 16818 16779 137 68.5391  
2019_12_11_09_53_29_412 1576079609412 16889 16850 251 123.719  
2019_12_11_09_53_29_471 1576079609471 16948 16909 98 49.7499  
2019_12_11_09_53_29_491 1576079609491 16968 16929 142 70.9512  
2019_12_11_09_53_29_497 1576079609497 16974 16935 267 131.495  
2019_12_11_09_53_29_526 1576079609526 17003 16964 110 55.5264  
2019_12_11_09_53_29_630 1576079609630 17107 17068 228 112.555  
2019_12_11_09_53_29_672 1576079609672 17149 17110 4095 2209.31  
2019_12_11_09_53_29_788 1576079609788 17265 17226 821 405.385  
2019_12_11_09_53_29_794 1576079609794 17271 17232 340 167.066  
2019_12_11_09_53_29_805 1576079609805 17282 17243 1538 773.335  
2019_12_11_09_53_29_813 1576079609813 17290 17251 274 134.899  
2019_12_11_09_53_29_814 1576079609814 17291 17252 314 154.378  
2019_12_11_09_53_29_833 1576079609833 17310 17271 127 63.717  
2019_12_11_09_53_29_839 1576079609839 17316 17276 174 86.4063  
2019_12_11_09_53_29_841 1576079609841 17318 17278 529 259.893  
2019_12_11_09_53_29_886 1576079609886 17363 17323 601 295.533  
2019_12_11_09_53_29_898 1576079609898 17375 17335 154 76.7433  
2019_12_11_09_53_29_900 1576079609900 17377 17337 212 104.799  
2019_12_11_09_53_29_911 1576079609911 17388 17348 146 72.8814  
2019_12_11_09_53_29_958 1576079609958 17435 17395 522 256.436  
2019_12_11_09_53_29_988 1576079609988 17465 17425 305 149.991  
2019_12_11_09_53_29_997 1576079609997 17474 17434 460 225.881  
2019_12_11_09_53_30_038 1576079610038 17515 17475 484 237.695  
2019_12_11_09_53_30_065 1576079610065 17542 17502 241 118.864  
2019_12_11_09_53_30_075 1576079610075 17552 17512 124 62.271  
2019_12_11_09_53_30_108 1576079610108 17585 17545 153 76.2605  
2019_12_11_09_53_30_159 1576079610159 17636 17596 4095 2209.31  
2019_12_11_09_53_30_260 1576079610260 17737 17697 432 212.119  
2019_12_11_09_53_30_261 1576079610261 17738 17698 535 262.857  
2019_12_11_09_53_30_296 1576079610296 17773 17733 137 68.5391  
2019_12_11_09_53_30_379 1576079610379 17856 17816 108 54.5633  
2019_12_11_09_53_30_467 1576079610467 17944 17903 176 87.3733  
2019_12_11_09_53_30_492 1576079610492 17969 17928 211 104.314  
2019_12_11_09_53_30_519 1576079610519 17996 17955 4095 2209.31  
2019_12_11_09_53_30_549 1576079610549 18026 17985 2028 1033.54  
2019_12_11_09_53_30_552 1576079610552 18029 17988 1003 497.344  
2019_12_11_09_53_30_558 1576079610558 18035 17994 171 84.9561  
2019_12_11_09_53_30_566 1576079610566 18043 18002 219 108.191  
2019_12_11_09_53_30_620 1576079610620 18097 18056 193 95.5971  
2019_12_11_09_53_30_668 1576079610668 18145 18104 417 204.757  
2019_12_11_09_53_30_675 1576079610675 18152 18111 416 204.266  
2019_12_11_09_53_30_742 1576079610742 18219 18178 417 204.757  
2019_12_11_09_53_30_757 1576079610757 18234 18193 565 277.694  
2019_12_11_09_53_31_034 1576079611034 18511 18470 226 111.585  
2019_12_11_09_53_31_035 1576079611035 18512 18471 154 76.7433  
2019_12_11_09_53_31_036 1576079611036 18513 18472 121 60.8252  
2019_12_11_09_53_31_036 1576079611036 18513 18472 78 40.1318  
2019_12_11_09_53_31_036 1576079611036 18513 18472 469 230.309  
2019_12_11_09_53_31_036 1576079611036 18513 18471 334 164.136  
2019_12_11_09_53_31_036 1576079611036 18513 18471 328 161.208  
2019_12_11_09_53_31_037 1576079611037 18514 18472 219 108.191  
2019_12_11_09_53_31_037 1576079611037 18514 18472 150 74.8121  
2019_12_11_09_53_31_037 1576079611037 18514 18472 529 259.893  
2019_12_11_09_53_31_037 1576079611037 18514 18472 383 188.092  
2019_12_11_09_53_31_037 1576079611037 18514 18472 742 365.774  
2019_12_11_09_53_31_038 1576079611038 18515 18473 1976 1005.59  
2019_12_11_09_53_31_042 1576079611042 18519 18477 2858 1490.49  
2019_12_11_09_53_31_118 1576079611118 18595 18553 86 43.9776  
2019_12_11_09_53_31_139 1576079611139 18616 18574 786 387.813  
2019_12_11_09_53_31_146 1576079611146 18623 18581 239 117.893  
2019_12_11_09_53_31_163 1576079611163 18640 18598 4095 2209.31  
2019_12_11_09_53_31_170 1576079611170 18647 18605 1220 608.267  
2019_12_11_09_53_31_173 1576079611173 18650 18608 582 286.113  
2019_12_11_09_53_31_244 1576079611244 18721 18679 2158 1103.76  
2019_12_11_09_53_31_282 1576079611282 18759 18717 122 61.3071  
2019_12_11_09_53_31_355 1576079611355 18832 18789 231 114.011  
2019_12_11_09_53_31_398 1576079611398 18875 18832 83 42.5352  
2019_12_11_09_53_31_403 1576079611403 18880 18837 151 75.2949  
2019_12_11_09_53_31_404 1576079611404 18881 18838 186 92.2098  
2019_12_11_09_53_31_421 1576079611421 18898 18855 213 105.283  
2019_12_11_09_53_31_426 1576079611426 18903 18860 1713 865.449  
2019_12_11_09_53_31_439 1576079611439 18916 18873 346 169.996  
2019_12_11_09_53_31_495 1576079611495 18972 18929 276 135.872  
2019_12_11_09_53_31_526 1576079611526 19003 18960 113 56.9711  
2019_12_11_09_53_31_530 1576079611530 19007 18964 86 43.9776  
2019_12_11_09_53_31_538 1576079611538 19015 18972 460 225.881  
2019_12_11_09_53_31_610 1576079611610 19087 19044 248 122.262  
2019_12_11_09_53_31_633 1576079611633 19110 19067 854 421.986  
2019_12_11_09_53_31_717 1576079611717 19194 19151 262 129.064  
2019_12_11_09_53_31_785 1576079611785 19262 19219 296 145.607  
2019_12_11_09_53_31_838 1576079611838 19315 19272 733 361.273  
2019_12_11_09_53_31_860 1576079611860 19337 19294 286 140.738  
2019_12_11_09_53_32_051 1576079612051 19528 19484 170 84.4728  
2019_12_11_09_53_32_096 1576079612096 19573 19529 178 88.3403  
2019_12_11_09_53_32_100 1576079612100 19577 19533 378 185.644  
2019_12_11_09_53_32_144 1576079612144 19621 19577 219 108.191  
2019_12_11_09_53_32_161 1576079612161 19638 19594 122 61.3071  
2019_12_11_09_53_32_187 1576079612187 19664 19620 209 103.345  
2019_12_11_09_53_32_208 1576079612208 19685 19641 868 429.039  
2019_12_11_09_53_32_282 1576079612282 19759 19715 380 186.624  
2019_12_11_09_53_32_303 1576079612303 19780 19736 235 115.951  
2019_12_11_09_53_32_317 1576079612317 19794 19750 128 64.1991  
2019_12_11_09_53_32_339 1576079612339 19816 19772 116 58.4162  
2019_12_11_09_53_32_364 1576079612364 19841 19797 539 264.834  
2019_12_11_09_53_32_400 1576079612400 19877 19833 116 58.4162  
2019_12_11_09_53_32_425 1576079612425 19902 19858 344 169.019  
2019_12_11_09_53_32_466 1576079612466 19943 19899 325 159.744  
2019_12_11_09_53_32_476 1576079612476 19953 19909 528 259.399  
2019_12_11_09_53_32_480 1576079612480 19957 19913 370 181.73  
2019_12_11_09_53_32_578 1576079612578 20055 20010 465 228.341  
2019_12_11_09_53_32_613 1576079612613 20090 20045 216 106.737  
2019_12_11_09_53_32_664 1576079612664 20141 20096 185 91.726  
2019_12_11_09_53_32_670 1576079612670 20147 20102 209 103.345  
2019_12_11_09_53_32_729 1576079612729 20206 20161 1280 639.183  
2019_12_11_09_53_32_756 1576079612756 20233 20188 3624 1930.28  
2019_12_11_09_53_32_765 1576079612765 20242 20197 202 99.9544  
2019_12_11_09_53_33_082 1576079613082 20559 20514 469 230.309  
2019_12_11_09_53_33_083 1576079613083 20560 20515 4064 2190.75  
2019_12_11_09_53_33_084 1576079613084 20561 20516 202 99.9544  
2019_12_11_09_53_33_084 1576079613084 20561 20516 168 83.5062  
2019_12_11_09_53_33_084 1576079613084 20561 20516 353 173.417  
2019_12_11_09_53_33_139 1576079613139 20616 20571 181 89.7911  
2019_12_11_09_53_33_170 1576079613170 20647 20602 287 141.224  
2019_12_11_09_53_33_213 1576079613213 20690 20645 407 199.852  
2019_12_11_09_53_33_217 1576079613217 20694 20649 332 163.16  
2019_12_11_09_53_33_278 1576079613278 20755 20710 434 213.102  
2019_12_11_09_53_33_294 1576079613294 20771 20726 229 113.041  
2019_12_11_09_53_33_334 1576079613334 20811 20765 334 164.136  
2019_12_11_09_53_33_380 1576079613380 20857 20811 169 83.9894  
2019_12_11_09_53_33_392 1576079613392 20869 20823 168 83.5062  
2019_12_11_09_53_33_457 1576079613457 20934 20888 256 126.148  
2019_12_11_09_53_33_478 1576079613478 20955 20909 124 62.271  
2019_12_11_09_53_33_517 1576079613517 20994 20948 254 125.177  
2019_12_11_09_53_33_548 1576079613548 21025 20979 795 392.328  
2019_12_11_09_53_33_549 1576079613549 21026 20980 172 85.4395  
2019_12_11_09_53_33_566 1576079613566 21043 20997 436 214.084  
2019_12_11_09_53_33_577 1576079613577 21054 21008 230 113.526  
2019_12_11_09_53_33_604 1576079613604 21081 21035 1693 854.876  
2019_12_11_09_53_33_625 1576079613625 21102 21056 4095 2209.31  
2019_12_11_09_53_33_680 1576079613680 21157 21111 4095 2209.31  
2019_12_11_09_53_33_684 1576079613684 21161 21115 1814 919.024  
2019_12_11_09_53_33_743 1576079613743 21220 21174 184 91.2422  
2019_12_11_09_53_33_842 1576079613842 21319 21273 91 46.3822  
2019_12_11_09_53_33_936 1576079613936 21413 21367 318 156.329  
2019_12_11_09_53_33_950 1576079613950 21427 21380 1395 698.736  
2019_12_11_09_53_33_983 1576079613983 21460 21413 183 90.7585  
2019_12_11_09_53_33_997 1576079613997 21474 21427 288 141.711  
2019_12_11_09_53_34_014 1576079614014 21491 21444 285 140.251  
2019_12_11_09_53_34_096 1576079614096 21573 21526 624 306.951  
2019_12_11_09_53_34_224 1576079614224 21701 21654 149 74.3294  
2019_12_11_09_53_34_275 1576079614275 21752 21705 182 90.2748  
2019_12_11_09_53_34_285 1576079614285 21762 21715 139 69.5038  
2019_12_11_09_53_34_325 1576079614325 21802 21755 238 117.407  
2019_12_11_09_53_34_339 1576079614339 21816 21769 244 120.32  
2019_12_11_09_53_34_350 1576079614350 21827 21780 234 115.466  
2019_12_11_09_53_34_351 1576079614351 21828 21781 164 81.5733  
2019_12_11_09_53_34_378 1576079614378 21855 21808 105 53.119  
2019_12_11_09_53_34_384 1576079614384 21861 21814 704 346.786  
2019_12_11_09_53_34_397 1576079614397 21874 21827 197 97.5334  
2019_12_11_09_53_34_503 1576079614503 21980 21933 294 144.633  
2019_12_11_09_53_34_553 1576079614553 22030 21983 197 97.5334  
2019_12_11_09_53_34_558 1576079614558 22035 21987 289 142.198  
2019_12_11_09_53_34_591 1576079614591 22068 22020 170 84.4728  
2019_12_11_09_53_34_696 1576079614696 22173 22125 393 192.99  
2019_12_11_09_53_34_758 1576079614758 22235 22187 196 97.0493  
2019_12_11_09_53_34_779 1576079614779 22256 22208 742 365.774  
2019_12_11_09_53_34_784 1576079614784 22261 22213 353 173.417  
2019_12_11_09_53_34_833 1576079614833 22310 22262 164 81.5733  
2019_12_11_09_53_34_849 1576079614849 22326 22278 397 194.95  
2019_12_11_09_53_34_853 1576079614853 22330 22282 161 80.124  
2019_12_11_09_53_35_108 1576079615108 22585 22537 331 162.672  
2019_12_11_09_53_35_109 1576079615109 22586 22538 254 125.177  
2019_12_11_09_53_35_110 1576079615110 22587 22539 167 83.0229  
2019_12_11_09_53_35_110 1576079615110 22587 22539 386 189.561  
2019_12_11_09_53_35_110 1576079615110 22587 22539 2117 1081.56  
2019_12_11_09_53_35_110 1576079615110 22587 22539 775 382.298  
2019_12_11_09_53_35_110 1576079615110 22587 22539 222 109.646  
2019_12_11_09_53_35_111 1576079615111 22588 22540 434 213.102  
2019_12_11_09_53_35_111 1576079615111 22588 22539 287 141.224  
2019_12_11_09_53_35_111 1576079615111 22588 22539 549 269.778  
2019_12_11_09_53_35_111 1576079615111 22588 22539 590 290.078  
2019_12_11_09_53_35_111 1576079615111 22588 22539 249 122.748  
2019_12_11_09_53_35_112 1576079615112 22589 22540 388 190.541  
2019_12_11_09_53_35_125 1576079615125 22602 22553 389 191.031  
2019_12_11_09_53_35_126 1576079615126 22603 22554 273 134.412  
2019_12_11_09_53_35_146 1576079615146 22623 22574 488 239.666  
2019_12_11_09_53_35_180 1576079615180 22657 22608 154 76.7433  
2019_12_11_09_53_35_194 1576079615194 22671 22622 211 104.314  
2019_12_11_09_53_35_217 1576079615217 22694 22645 214 105.768  
2019_12_11_09_53_35_293 1576079615293 22770 22721 219 108.191  
2019_12_11_09_53_35_415 1576079615415 22892 22843 301 148.042  
2019_12_11_09_53_35_444 1576079615444 22921 22872 116 58.4162  
2019_12_11_09_53_35_452 1576079615452 22929 22880 607 298.51  
2019_12_11_09_53_35_489 1576079615489 22966 22917 335 164.624  
2019_12_11_09_53_35_497 1576079615497 22974 22925 201 99.4701  
2019_12_11_09_53_35_506 1576079615506 22983 22933 366 179.773  
2019_12_11_09_53_35_511 1576079615511 22988 22938 252 124.205  
2019_12_11_09_53_35_554 1576079615554 23031 22981 109 55.0448  
2019_12_11_09_53_35_608 1576079615608 23085 23035 346 169.996  
2019_12_11_09_53_35_612 1576079615612 23089 23039 223 110.131  
2019_12_11_09_53_35_624 1576079615624 23101 23051 694 341.796  
2019_12_11_09_53_35_686 1576079615686 23163 23113 3421 1812.04  
2019_12_11_09_53_35_728 1576079615728 23205 23155 195 96.5652  
2019_12_11_09_53_35_790 1576079615790 23267 23217 157 78.192  
2019_12_11_09_53_35_807 1576079615807 23284 23234 1862 944.592  
2019_12_11_09_53_35_854 1576079615854 23331 23281 478 234.74  
2019_12_11_09_53_35_862 1576079615862 23339 23289 259 127.606  
2019_12_11_09_53_35_938 1576079615938 23415 23365 306 150.479  
2019_12_11_09_53_35_962 1576079615962 23439 23389 229 113.041  
2019_12_11_09_53_35_978 1576079615978 23455 23405 124 62.271  
2019_12_11_09_53_36_034 1576079616034 23511 23461 235 115.951  
2019_12_11_09_53_36_099 1576079616099 23576 23526 232 114.496  
2019_12_11_09_53_36_128 1576079616128 23605 23555 722 355.775  
2019_12_11_09_53_36_242 1576079616242 23719 23668 341 167.554  
2019_12_11_09_53_36_258 1576079616258 23735 23684 491 241.144  
2019_12_11_09_53_36_282 1576079616282 23759 23708 433 212.611  
2019_12_11_09_53_36_412 1576079616412 23889 23838 363 178.306  
2019_12_11_09_53_36_557 1576079616557 24034 23983 602 296.029  
2019_12_11_09_53_36_565 1576079616565 24042 23991 682 335.812  
2019_12_11_09_53_36_595 1576079616595 24072 24021 389 191.031  
2019_12_11_09_53_36_615 1576079616615 24092 24041 1684 850.122  
2019_12_11_09_53_36_631 1576079616631 24108 24057 435 213.593  
2019_12_11_09_53_36_635 1576079616635 24112 24061 165 82.0565  
2019_12_11_09_53_36_665 1576079616665 24142 24091 247 121.777  
2019_12_11_09_53_36_672 1576079616672 24149 24098 250 123.234  
2019_12_11_09_53_36_732 1576079616732 24209 24158 223 110.131  
2019_12_11_09_53_36_737 1576079616737 24214 24163 195 96.5652  
2019_12_11_09_53_36_755 1576079616755 24232 24181 171 84.9561  
2019_12_11_09_53_36_837 1576079616837 24314 24263 163 81.0902  
2019_12_11_09_53_36_867 1576079616867 24344 24293 494 242.623  
2019_12_11_09_53_36_884 1576079616884 24361 24309 321 157.792  
2019_12_11_09_53_37_124 1576079617124 24601 24549 519 254.955  
2019_12_11_09_53_37_125 1576079617125 24602 24550 159 79.1579  
2019_12_11_09_53_37_126 1576079617126 24603 24551 204 100.923  
2019_12_11_09_53_37_126 1576079617126 24603 24551 567 278.684  
2019_12_11_09_53_37_126 1576079617126 24603 24551 271 133.44  
2019_12_11_09_53_37_126 1576079617126 24603 24551 215 106.252  
2019_12_11_09_53_37_128 1576079617128 24605 24553 459 225.389  
2019_12_11_09_53_37_195 1576079617195 24672 24620 147 73.3641  
2019_12_11_09_53_37_271 1576079617271 24748 24696 145 72.3988  
2019_12_11_09_53_37_274 1576079617274 24751 24699 638 313.908  
2019_12_11_09_53_37_303 1576079617303 24780 24728 147 73.3641  
2019_12_11_09_53_37_305 1576079617305 24782 24730 152 75.7777  
2019_12_11_09_53_37_383 1576079617383 24860 24808 326 160.232  
2019_12_11_09_53_37_415 1576079617415 24892 24840 2268 1163.57  
2019_12_11_09_53_37_451 1576079617451 24928 24876 120 60.3434  
2019_12_11_09_53_37_464 1576079617464 24941 24889 4095 2209.31  
2019_12_11_09_53_37_468 1576079617468 24945 24892 2110 1077.77  
2019_12_11_09_53_37_523 1576079617523 25000 24947 461 226.373  
