2019_09_27_14_12_29_549 /home/raspion_user/data/Beacon_drone2_props_running.sp 45189  300.003  297.376 -3.511057 0.714451  0.000025758
  -3.511 0
  -2.797 0
  -2.082 0
  -1.367 0
  -0.653 0
   0.062 0
   0.777 0
   1.491 0
   2.206 0
   2.921 0
   3.636 0
   4.351 0
   5.066 0
   5.781 0
   6.496 0
   7.212 0
   7.927 0
   8.642 0
   9.357 0
  10.073 0
  10.788 0
  11.504 2
  12.219 1
  12.935 3
  13.651 1
  14.366 4
  15.082 7
  15.798 4
  16.514 7
  17.230 4
  17.946 6
  18.662 8
  19.378 6
  20.094 7
  20.810 8
  21.526 14
  22.243 8
  22.959 9
  23.675 12
  24.392 17
  25.108 13
  25.825 16
  26.541 9
  27.258 12
  27.975 18
  28.691 20
  29.408 24
  30.125 11
  30.842 19
  31.559 16
  32.276 18
  32.993 19
  33.710 19
  34.427 28
  35.144 22
  35.862 21
  36.579 21
  37.296 31
  38.014 25
  38.731 26
  39.449 35
  40.166 34
  40.884 29
  41.602 29
  42.319 31
  43.037 34
  43.755 29
  44.473 37
  45.191 36
  45.909 23
  46.627 36
  47.345 31
  48.063 45
  48.781 37
  49.499 31
  50.218 35
  50.936 43
  51.654 41
  52.373 44
  53.091 30
  53.810 51
  54.528 53
  55.247 52
  55.966 56
  56.685 55
  57.403 48
  58.122 39
  58.841 49
  59.560 35
  60.279 45
  60.998 41
  61.717 35
  62.436 23
  63.156 28
  63.875 29
  64.594 34
  65.314 46
  66.033 37
  66.753 24
  67.472 29
  68.192 31
  68.911 39
  69.631 28
  70.351 39
  71.070 29
  71.790 22
  72.510 37
  73.230 37
  73.950 31
  74.670 31
  75.390 22
  76.110 37
  76.831 40
  77.551 34
  78.271 31
  78.991 35
  79.712 35
  80.432 25
  81.153 44
  81.873 40
  82.594 36
  83.315 38
  84.035 32
  84.756 27
  85.477 40
  86.198 33
  86.919 30
  87.640 48
  88.361 38
  89.082 50
  89.803 44
  90.524 25
  91.245 28
  91.967 48
  92.688 51
  93.409 35
  94.131 40
  94.852 53
  95.574 36
  96.295 39
  97.017 46
  97.739 57
  98.460 36
  99.182 44
  99.904 51
 100.626 44
 101.348 55
 102.070 44
 102.792 48
 103.514 56
 104.236 54
 104.958 47
 105.681 37
 106.403 48
 107.125 44
 107.848 56
 108.570 46
 109.293 63
 110.015 42
 110.738 57
 111.461 49
 112.183 53
 112.906 49
 113.629 67
 114.352 43
 115.075 47
 115.798 51
 116.521 50
 117.244 57
 117.967 50
 118.690 44
 119.413 45
 120.137 56
 120.860 47
 121.583 54
 122.307 53
 123.030 42
 123.754 56
 124.477 44
 125.201 43
 125.925 46
 126.648 50
 127.372 52
 128.096 50
 128.820 50
 129.544 50
 130.268 52
 130.992 53
 131.716 60
 132.440 50
 133.164 54
 133.889 52
 134.613 53
 135.337 48
 136.062 48
 136.786 46
 137.511 44
 138.235 40
 138.960 57
 139.685 58
 140.409 58
 141.134 47
 141.859 47
 142.584 54
 143.309 55
 144.034 52
 144.759 57
 145.484 45
 146.209 54
 146.934 48
 147.660 42
 148.385 54
 149.110 50
 149.836 54
 150.561 37
 151.287 41
 152.012 40
 152.738 44
 153.463 43
 154.189 51
 154.915 50
 155.641 51
 156.367 56
 157.092 47
 157.818 52
 158.544 46
 159.270 57
 159.997 49
 160.723 49
 161.449 58
 162.175 53
 162.902 52
 163.628 42
 164.354 37
 165.081 43
 165.807 42
 166.534 60
 167.261 60
 167.987 49
 168.714 61
 169.441 57
 170.168 57
 170.895 48
 171.622 56
 172.349 48
 173.076 55
 173.803 61
 174.530 48
 175.257 57
 175.984 48
 176.712 50
 177.439 46
 178.166 55
 178.894 55
 179.621 49
 180.349 63
 181.076 62
 181.804 64
 182.532 60
 183.260 64
 183.987 63
 184.715 51
 185.443 57
 186.171 56
 186.899 59
 187.627 49
 188.355 51
 189.084 43
 189.812 55
 190.540 48
 191.268 56
 191.997 60
 192.725 67
 193.454 58
 194.182 54
 194.911 45
 195.640 50
 196.368 57
 197.097 56
 197.826 64
 198.555 48
 199.284 52
 200.013 55
 200.742 58
 201.471 62
 202.200 68
 202.929 35
 203.658 42
 204.387 52
 205.117 48
 205.846 53
 206.575 50
 207.305 56
 208.034 61
 208.764 49
 209.494 60
 210.223 50
 210.953 49
 211.683 48
 212.413 58
 213.142 48
 213.872 68
 214.602 46
 215.332 57
 216.062 53
 216.793 53
 217.523 47
 218.253 51
 218.983 46
 219.714 50
 220.444 46
 221.175 50
 221.905 55
 222.636 44
 223.366 57
 224.097 45
 224.828 45
 225.558 52
 226.289 50
 227.020 48
 227.751 45
 228.482 50
 229.213 44
 229.944 42
 230.675 60
 231.406 42
 232.137 37
 232.869 52
 233.600 45
 234.331 53
 235.063 53
 235.794 47
 236.526 52
 237.257 51
 237.989 43
 238.721 47
 239.452 46
 240.184 64
 240.916 47
 241.648 42
 242.380 47
 243.112 61
 243.844 50
 244.576 51
 245.308 47
 246.040 39
 246.773 59
 247.505 57
 248.237 43
 248.970 44
 249.702 54
 250.435 50
 251.167 52
 251.900 43
 252.632 55
 253.365 38
 254.098 42
 254.831 50
 255.564 58
 256.297 51
 257.030 57
 257.763 52
 258.496 52
 259.229 40
 259.962 51
 260.695 59
 261.428 51
 262.162 56
 262.895 49
 263.629 59
 264.362 50
 265.096 58
 265.829 47
 266.563 50
 267.297 58
 268.030 53
 268.764 46
 269.498 58
 270.232 46
 270.966 48
 271.700 54
 272.434 52
 273.168 58
 273.902 54
 274.636 45
 275.371 51
 276.105 43
 276.839 53
 277.574 52
 278.308 60
 279.043 61
 279.777 55
 280.512 61
 281.246 54
 281.981 67
 282.716 51
 283.451 65
 284.186 53
 284.921 59
 285.656 57
 286.391 55
 287.126 53
 287.861 57
 288.596 66
 289.331 51
 290.067 56
 290.802 63
 291.537 41
 292.273 65
 293.008 55
 293.744 56
 294.479 51
 295.215 52
 295.951 66
 296.686 53
 297.422 51
 298.158 50
 298.894 59
 299.630 49
 300.366 48
 301.102 54
 301.838 55
 302.574 56
 303.311 54
 304.047 47
 304.783 44
 305.520 50
 306.256 53
 306.992 52
 307.729 58
 308.466 48
 309.202 57
 309.939 57
 310.676 54
 311.412 52
 312.149 58
 312.886 50
 313.623 52
 314.360 48
 315.097 39
 315.834 61
 316.571 48
 317.308 45
 318.046 53
 318.783 49
 319.520 51
 320.258 54
 320.995 34
 321.733 43
 322.470 51
 323.208 44
 323.946 41
 324.683 38
 325.421 40
 326.159 55
 326.897 37
 327.635 45
 328.373 47
 329.111 55
 329.849 37
 330.587 38
 331.325 51
 332.063 53
 332.801 42
 333.540 36
 334.278 53
 335.017 42
 335.755 43
 336.494 42
 337.232 49
 337.971 53
 338.710 27
 339.448 50
 340.187 44
 340.926 45
 341.665 34
 342.404 36
 343.143 50
 343.882 37
 344.621 40
 345.360 40
 346.099 53
 346.839 49
 347.578 39
 348.317 51
 349.057 38
 349.796 34
 350.536 38
 351.275 32
 352.015 36
 352.754 37
 353.494 41
 354.234 34
 354.974 42
 355.714 41
 356.454 30
 357.194 37
 357.934 42
 358.674 43
 359.414 43
 360.154 45
 360.894 47
 361.634 45
 362.375 47
 363.115 33
 363.856 46
 364.596 46
 365.337 49
 366.077 48
 366.818 47
 367.559 45
 368.299 42
 369.040 31
 369.781 34
 370.522 34
 371.263 40
 372.004 42
 372.745 40
 373.486 33
 374.227 28
 374.968 39
 375.710 26
 376.451 40
 377.192 29
 377.934 35
 378.675 29
 379.417 29
 380.158 38
 380.900 35
 381.642 40
 382.383 45
 383.125 28
 383.867 40
 384.609 36
 385.351 38
 386.093 31
 386.835 35
 387.577 51
 388.319 35
 389.061 34
 389.804 34
 390.546 30
 391.288 35
 392.031 28
 392.773 32
 393.516 41
 394.258 35
 395.001 43
 395.743 35
 396.486 34
 397.229 42
 397.972 35
 398.714 32
 399.457 41
 400.200 37
 400.943 41
 401.686 35
 402.430 27
 403.173 23
 403.916 38
 404.659 22
 405.403 27
 406.146 31
 406.889 41
 407.633 31
 408.376 30
 409.120 36
 409.864 32
 410.607 29
 411.351 27
 412.095 32
 412.839 34
 413.583 31
 414.326 29
 415.070 44
 415.815 26
 416.559 31
 417.303 22
 418.047 31
 418.791 35
 419.536 30
 420.280 30
 421.024 28
 421.769 31
 422.513 22
 423.258 34
 424.002 29
 424.747 26
 425.492 41
 426.237 28
 426.981 24
 427.726 30
 428.471 32
 429.216 32
 429.961 17
 430.706 34
 431.451 32
 432.197 22
 432.942 28
 433.687 30
 434.432 36
 435.178 30
 435.923 42
 436.669 30
 437.414 38
 438.160 36
 438.906 27
 439.651 29
 440.397 33
 441.143 22
 441.889 36
 442.635 29
 443.380 40
 444.126 24
 444.873 23
 445.619 20
 446.365 38
 447.111 33
 447.857 41
 448.604 32
 449.350 27
 450.096 32
 450.843 23
 451.589 36
 452.336 23
 453.083 31
 453.829 37
 454.576 31
 455.323 19
 456.070 34
 456.816 21
 457.563 24
 458.310 29
 459.057 26
 459.804 28
 460.552 25
 461.299 17
 462.046 29
 462.793 24
 463.541 29
 464.288 30
 465.036 34
 465.783 24
 466.531 45
 467.278 30
 468.026 28
 468.774 37
 469.521 23
 470.269 28
 471.017 35
 471.765 28
 472.513 27
 473.261 25
 474.009 26
 474.757 33
 475.505 28
 476.253 18
 477.002 32
 477.750 22
 478.498 23
 479.247 21
 479.995 16
 480.744 14
 481.492 25
 482.241 16
 482.990 27
 483.738 26
 484.487 33
 485.236 19
 485.985 29
 486.734 29
 487.483 28
 488.232 29
 488.981 24
 489.730 24
 490.479 23
 491.229 27
 491.978 24
 492.727 25
 493.477 20
 494.226 17
 494.976 27
 495.725 31
 496.475 23
 497.224 25
 497.974 21
 498.724 24
 499.474 23
 500.224 22
 500.974 34
 501.724 30
 502.474 20
 503.224 29
 503.974 21
 504.724 21
 505.474 26
 506.224 22
 506.975 23
 507.725 19
 508.476 22
 509.226 16
 509.977 25
 510.727 23
 511.478 22
 512.229 16
 512.979 21
 513.730 26
 514.481 26
 515.232 18
 515.983 17
 516.734 31
 517.485 34
 518.236 22
 518.987 26
 519.738 24
 520.490 23
 521.241 35
 521.992 24
 522.744 26
 523.495 22
 524.247 27
 524.998 23
 525.750 25
 526.501 20
 527.253 28
 528.005 30
 528.757 18
 529.509 20
 530.261 23
 531.013 26
 531.765 23
 532.517 17
 533.269 15
 534.021 26
 534.773 24
 535.526 35
 536.278 22
 537.030 25
 537.783 27
 538.535 16
 539.288 26
 540.040 22
 540.793 15
 541.546 19
 542.298 24
 543.051 14
 543.804 24
 544.557 22
 545.310 23
 546.063 24
 546.816 31
 547.569 22
 548.322 16
 549.076 22
 549.829 20
 550.582 21
 551.336 19
 552.089 28
 552.842 14
 553.596 20
 554.350 25
 555.103 27
 555.857 27
 556.611 24
 557.364 24
 558.118 28
 558.872 20
 559.626 20
 560.380 28
 561.134 17
 561.888 28
 562.642 34
 563.396 25
 564.151 31
 564.905 22
 565.659 26
 566.414 17
 567.168 23
 567.923 16
 568.677 21
 569.432 22
 570.187 20
 570.941 19
 571.696 20
 572.451 19
 573.206 28
 573.961 24
 574.716 17
 575.471 20
 576.226 25
 576.981 21
 577.736 25
 578.491 21
 579.246 24
 580.002 27
 580.757 25
 581.513 21
 582.268 18
 583.024 24
 583.779 25
 584.535 17
 585.291 25
 586.046 21
 586.802 26
 587.558 17
 588.314 16
 589.070 19
 589.826 21
 590.582 30
 591.338 26
 592.094 28
 592.850 24
 593.607 20
 594.363 19
 595.119 20
 595.876 18
 596.632 13
 597.389 20
 598.145 15
 598.902 20
 599.658 16
 600.415 25
 601.172 20
 601.929 22
 602.686 19
 603.443 26
 604.200 21
 604.957 22
 605.714 20
 606.471 22
 607.228 19
 607.985 15
 608.742 20
 609.500 19
 610.257 24
 611.015 21
 611.772 18
 612.530 20
 613.287 25
 614.045 19
 614.803 20
 615.560 22
 616.318 17
 617.076 21
 617.834 20
 618.592 22
 619.350 20
 620.108 13
 620.866 28
 621.624 17
 622.382 23
 623.141 27
 623.899 24
 624.657 30
 625.416 23
 626.174 19
 626.933 13
 627.691 25
 628.450 18
 629.209 15
 629.967 15
 630.726 24
 631.485 19
 632.244 16
 633.003 29
 633.762 25
 634.521 18
 635.280 18
 636.039 21
 636.798 19
 637.558 18
 638.317 15
 639.076 19
 639.836 17
 640.595 17
 641.355 17
 642.114 20
 642.874 21
 643.633 17
 644.393 33
 645.153 7
 645.913 16
 646.672 30
 647.432 18
 648.192 18
 648.952 18
 649.712 19
 650.473 25
 651.233 16
 651.993 21
 652.753 15
 653.514 17
 654.274 17
 655.034 21
 655.795 14
 656.555 20
 657.316 23
 658.077 16
 658.837 21
 659.598 16
 660.359 22
 661.120 14
 661.881 21
 662.642 20
 663.402 20
 664.164 22
 664.925 14
 665.686 23
 666.447 15
 667.208 22
 667.970 14
 668.731 24
 669.492 20
 670.254 21
 671.015 18
 671.777 19
 672.538 10
 673.300 22
 674.062 25
 674.824 14
 675.585 20
 676.347 15
 677.109 12
 677.871 15
 678.633 21
 679.395 13
 680.157 16
 680.920 18
 681.682 20
 682.444 15
 683.206 11
 683.969 19
 684.731 17
 685.494 8
 686.256 21
 687.019 19
 687.782 13
 688.544 24
 689.307 15
 690.070 28
 690.833 19
 691.596 17
 692.359 16
 693.122 19
 693.885 22
 694.648 20
 695.411 16
 696.174 21
 696.937 19
 697.701 15
 698.464 15
 699.227 20
 699.991 13
 700.754 20
 701.518 15
 702.282 11
 703.045 12
 703.809 16
 704.573 16
 705.337 13
 706.100 14
 706.864 11
 707.628 14
 708.392 13
 709.157 16
 709.921 19
 710.685 15
 711.449 13
 712.213 16
 712.978 14
 713.742 9
 714.507 10
 715.271 13
 716.036 13
 716.800 21
 717.565 18
 718.330 10
 719.094 8
 719.859 12
 720.624 9
 721.389 14
 722.154 10
 722.919 8
 723.684 14
 724.449 6
 725.214 14
 725.979 12
 726.745 11
 727.510 12
 728.275 13
 729.041 16
 729.806 6
 730.572 12
 731.337 13
 732.103 12
 732.869 12
 733.634 14
 734.400 8
 735.166 11
 735.932 6
 736.698 14
 737.464 11
 738.230 9
 738.996 18
 739.762 15
 740.528 14
 741.295 7
 742.061 10
 742.827 8
 743.594 14
 744.360 7
 745.127 5
 745.893 5
 746.660 8
 747.427 10
 748.193 14
 748.960 3
 749.727 17
 750.494 16
 751.261 8
 752.028 8
 752.795 16
 753.562 15
 754.329 3
 755.096 8
 755.863 7
 756.630 12
 757.398 10
 758.165 6
 758.933 8
 759.700 6
 760.468 10
 761.235 8
 762.003 10
 762.771 8
 763.538 10
 764.306 12
 765.074 7
 765.842 16
 766.610 11
 767.378 9
 768.146 12
 768.914 6
 769.682 5
 770.450 7
 771.219 11
 771.987 5
 772.755 5
 773.524 7
 774.292 6
 775.061 6
 775.829 14
 776.598 10
 777.367 3
 778.135 5
 778.904 14
 779.673 9
 780.442 6
 781.211 7
 781.980 11
 782.749 13
 783.518 9
 784.287 3
 785.056 12
 785.825 9
 786.595 5
 787.364 6
 788.133 8
 788.903 7
 789.672 4
 790.442 12
 791.211 8
 791.981 10
 792.751 11
 793.521 6
 794.290 4
 795.060 5
 795.830 3
 796.600 7
 797.370 3
 798.140 7
 798.910 4
 799.680 11
 800.451 7
 801.221 10
 801.991 14
 802.762 6
 803.532 4
 804.303 7
 805.073 7
 805.844 9
 806.614 6
 807.385 6
 808.156 8
 808.926 8
 809.697 6
 810.468 12
 811.239 11
 812.010 3
 812.781 6
 813.552 5
 814.323 13
 815.095 5
 815.866 8
 816.637 7
 817.408 5
 818.180 8
 818.951 6
 819.723 3
 820.494 5
 821.266 11
 822.038 11
 822.809 8
 823.581 6
 824.353 7
 825.125 9
 825.897 8
 826.669 3
 827.441 4
 828.213 6
 828.985 7
 829.757 8
 830.529 5
 831.302 10
 832.074 7
 832.846 5
 833.619 5
 834.391 10
 835.164 5
 835.936 7
 836.709 3
 837.482 8
 838.254 6
 839.027 7
 839.800 10
 840.573 10
 841.346 7
 842.119 6
 842.892 7
 843.665 11
 844.438 8
 845.211 6
 845.985 5
 846.758 10
 847.531 6
 848.305 7
 849.078 11
 849.852 8
 850.625 8
 851.399 4
 852.173 4
 852.946 5
 853.720 10
 854.494 12
 855.268 13
 856.042 14
 856.816 7
 857.590 9
 858.364 5
 859.138 7
 859.912 8
 860.686 5
 861.461 8
 862.235 6
 863.009 6
 863.784 11
 864.558 11
 865.333 6
 866.107 5
 866.882 2
 867.657 8
 868.431 3
 869.206 12
 869.981 7
 870.756 5
 871.531 6
 872.306 8
 873.081 5
 873.856 7
 874.631 8
 875.407 8
 876.182 3
 876.957 9
 877.733 6
 878.508 7
 879.283 7
 880.059 8
 880.835 6
 881.610 12
 882.386 6
 883.162 7
 883.937 7
 884.713 3
 885.489 6
 886.265 8
 887.041 6
 887.817 5
 888.593 4
 889.369 7
 890.145 10
 890.922 5
 891.698 5
 892.474 7
 893.251 7
 894.027 8
 894.804 11
 895.580 12
 896.357 8
 897.133 9
 897.910 5
 898.687 7
 899.464 5
 900.241 11
 901.018 7
 901.794 9
 902.572 10
 903.349 15
 904.126 6
 904.903 11
 905.680 16
 906.457 9
 907.235 10
 908.012 12
 908.790 9
 909.567 8
 910.345 12
 911.122 3
 911.900 9
 912.677 10
 913.455 13
 914.233 5
 915.011 2
 915.789 13
 916.567 10
 917.345 13
 918.123 11
 918.901 12
 919.679 11
 920.457 12
 921.235 19
 922.014 14
 922.792 14
 923.570 13
 924.349 14
 925.127 10
 925.906 14
 926.685 19
 927.463 21
 928.242 18
 929.021 15
 929.800 14
 930.578 21
 931.357 12
 932.136 25
 932.915 21
 933.694 26
 934.474 23
 935.253 22
 936.032 23
 936.811 30
 937.591 26
 938.370 28
 939.149 27
 939.929 22
 940.708 29
 941.488 26
 942.268 36
 943.047 27
 943.827 31
 944.607 35
 945.387 25
 946.167 28
 946.947 38
 947.727 29
 948.507 50
 949.287 41
 950.067 48
 950.847 47
 951.627 46
 952.408 49
 953.188 61
 953.969 38
 954.749 51
 955.530 59
 956.310 54
 957.091 57
 957.871 52
 958.652 52
 959.433 59
 960.214 53
 960.995 57
 961.776 71
 962.557 57
 963.338 74
 964.119 73
 964.900 62
 965.681 52
 966.462 63
 967.244 67
 968.025 74
 968.806 68
 969.588 71
 970.369 67
 971.151 81
 971.932 75
 972.714 77
 973.496 77
 974.277 96
 975.059 96
 975.841 85
 976.623 86
 977.405 81
 978.187 89
 978.969 99
 979.751 86
 980.533 95
 981.316 86
 982.098 103
 982.880 80
 983.663 74
 984.445 94
 985.227 76
 986.010 98
 986.793 88
 987.575 93
 988.358 94
 989.141 89
 989.923 73
 990.706 76
 991.489 79
 992.272 117
 993.055 71
 993.838 80
 994.621 98
 995.404 107
 996.188 94
 996.971 78
 997.754 96
 998.537 77
 999.321 103
1000.104 74
1000.888 102
1001.671 89
1002.455 96
1003.239 86
1004.022 96
1004.806 84
1005.590 69
1006.374 80
1007.158 82
1007.942 66
1008.726 86
1009.510 83
1010.294 75
1011.078 66
1011.862 80
1012.647 68
1013.431 68
1014.215 65
1015.000 58
1015.784 48
1016.569 66
1017.353 61
1018.138 48
1018.923 47
1019.708 46
1020.492 51
1021.277 44
1022.062 47
1022.847 51
1023.632 44
1024.417 40
1025.202 45
1025.987 46
1026.773 39
1027.558 31
1028.343 39
1029.128 25
1029.914 33
1030.699 32
1031.485 32
1032.270 24
1033.056 33
1033.842 35
1034.627 29
1035.413 23
1036.199 34
1036.985 31
1037.771 24
1038.557 22
1039.343 21
1040.129 26
1040.915 17
1041.701 13
1042.488 20
1043.274 19
1044.060 15
1044.847 20
1045.633 18
1046.419 13
1047.206 20
1047.993 14
1048.779 13
1049.566 14
1050.353 16
1051.140 10
1051.926 15
1052.713 8
1053.500 12
1054.287 9
1055.074 10
1055.861 9
1056.649 4
1057.436 9
1058.223 7
1059.010 9
1059.798 8
1060.585 7
1061.373 6
1062.160 3
1062.948 2
1063.735 6
1064.523 9
1065.311 7
1066.099 3
1066.886 7
1067.674 6
1068.462 5
1069.250 8
1070.038 3
1070.826 5
1071.615 5
1072.403 2
1073.191 1
1073.979 1
1074.768 2
1075.556 0
1076.345 5
1077.133 4
1077.922 2
1078.710 2
1079.499 2
1080.288 2
1081.076 2
1081.865 4
1082.654 3
1083.443 4
1084.232 5
1085.021 2
1085.810 1
1086.599 1
1087.388 7
1088.177 5
1088.967 3
1089.756 3
1090.545 4
1091.335 4
1092.124 2
1092.914 1
1093.704 1
1094.493 4
1095.283 1
1096.073 4
1096.862 5
1097.652 1
1098.442 0
1099.232 2
1100.022 2
1100.812 4
1101.602 2
1102.392 6
1103.183 2
1103.973 4
1104.763 5
1105.554 1
1106.344 0
1107.134 2
1107.925 1
1108.715 1
1109.506 3
1110.297 2
1111.087 1
1111.878 0
1112.669 0
1113.460 2
1114.251 1
1115.042 0
1115.833 0
1116.624 1
1117.415 2
1118.206 0
1118.998 4
1119.789 1
1120.580 1
1121.372 4
1122.163 0
1122.954 0
1123.746 1
1124.538 4
1125.329 0
1126.121 2
1126.913 6
1127.704 0
1128.496 1
1129.288 2
1130.080 1
1130.872 1
1131.664 1
1132.456 2
1133.249 2
1134.041 0
1134.833 4
1135.625 0
1136.418 0
1137.210 0
1138.003 0
1138.795 4
1139.588 3
1140.380 2
1141.173 0
1141.966 0
1142.759 2
1143.551 0
1144.344 2
1145.137 2
1145.930 0
1146.723 2
1147.516 0
1148.309 3
1149.103 2
1149.896 1
1150.689 1
1151.483 1
1152.276 2
1153.069 0
1153.863 0
1154.656 5
1155.450 1
1156.244 0
1157.037 1
1157.831 0
1158.625 0
1159.419 1
1160.213 2
1161.007 1
1161.801 1
1162.595 1
1163.389 1
1164.183 3
1164.977 0
1165.772 0
1166.566 1
1167.360 1
1168.155 1
1168.949 0
1169.744 1
1170.538 0
1171.333 1
1172.128 3
1172.922 3
1173.717 2
1174.512 0
1175.307 1
1176.102 1
1176.897 0
1177.692 0
1178.487 2
1179.282 0
1180.077 2
1180.873 0
1181.668 0
1182.463 0
1183.259 1
1184.054 1
1184.850 2
1185.645 0
1186.441 0
1187.236 0
1188.032 0
1188.828 1
1189.624 1
1190.420 0
1191.216 2
1192.012 0
1192.808 0
1193.604 0
1194.400 1
1195.196 0
1195.992 2
1196.788 0
1197.585 0
1198.381 2
1199.178 1
1199.974 1
1200.771 1
1201.567 2
1202.364 0
1203.161 1
1203.957 0
1204.754 0
1205.551 0
1206.348 0
1207.145 0
1207.942 0
1208.739 0
1209.536 1
1210.333 1
1211.130 0
1211.928 0
1212.725 0
1213.522 1
1214.320 0
1215.117 2
1215.915 1
1216.712 0
1217.510 1
1218.308 1
1219.105 1
1219.903 1
1220.701 0
1221.499 0
1222.297 1
1223.095 1
1223.893 1
1224.691 2
1225.489 0
1226.287 1
1227.085 2
1227.884 1
1228.682 1
1229.481 1
1230.279 0
1231.077 0
1231.876 0
1232.675 0
1233.473 2
1234.272 1
1235.071 1
1235.870 0
1236.668 0
1237.467 0
1238.266 0
1239.065 1
1239.864 1
1240.663 1
1241.463 1
1242.262 0
1243.061 0
1243.860 0
1244.660 1
1245.459 4
1246.259 0
1247.058 0
1247.858 0
1248.657 0
1249.457 2
1250.257 0
1251.057 2
1251.857 1
1252.656 1
1253.456 0
1254.256 0
1255.056 0
1255.856 0
1256.657 0
1257.457 0
1258.257 0
1259.057 0
1259.858 0
1260.658 0
1261.459 0
1262.259 1
1263.060 0
1263.860 0
1264.661 2
1265.462 0
1266.262 0
1267.063 1
1267.864 0
1268.665 0
1269.466 1
1270.267 0
1271.068 0
1271.869 0
1272.670 0
1273.472 0
1274.273 1
1275.074 1
1275.876 0
1276.677 2
1277.479 1
1278.280 1
1279.082 0
1279.883 0
1280.685 1
1281.487 0
1282.289 0
1283.090 0
1283.892 1
1284.694 0
1285.496 0
1286.298 0
1287.100 1
1287.903 1
1288.705 0
1289.507 0
1290.309 0
1291.112 0
1291.914 0
1292.717 1
1293.519 0
1294.322 0
1295.124 0
1295.927 0
1296.730 1
1297.532 0
1298.335 0
1299.138 0
1299.941 0
1300.744 1
1301.547 0
1302.350 2
1303.153 0
1303.957 1
1304.760 0
1305.563 0
1306.366 0
1307.170 1
1307.973 0
1308.777 1
1309.580 0
1310.384 0
1311.188 0
1311.991 1
1312.795 0
1313.599 0
1314.403 2
1315.207 0
1316.011 1
1316.815 0
1317.619 0
1318.423 1
1319.227 0
1320.031 0
1320.835 0
1321.640 2
1322.444 0
1323.248 0
1324.053 1
1324.857 0
1325.662 1
1326.467 0
1327.271 0
1328.076 0
1328.881 1
1329.686 0
1330.491 0
1331.296 3
1332.101 0
1332.906 1
1333.711 0
1334.516 0
1335.321 3
1336.126 0
1336.932 1
1337.737 0
1338.542 0
1339.348 1
1340.153 0
1340.959 0
1341.764 0
1342.570 1
1343.376 0
1344.182 0
1344.987 2
1345.793 0
1346.599 1
1347.405 0
1348.211 1
1349.017 0
1349.823 0
1350.630 0
1351.436 1
1352.242 0
1353.048 1
1353.855 1
1354.661 0
1355.468 1
1356.274 0
1357.081 0
1357.887 1
1358.694 0
1359.501 1
1360.308 0
1361.115 0
1361.921 2
1362.728 1
1363.535 0
1364.342 0
1365.150 0
1365.957 1
1366.764 0
1367.571 1
1368.378 0
1369.186 2
1369.993 0
1370.801 0
1371.608 1
1372.416 0
1373.223 0
1374.031 0
1374.839 0
1375.647 1
1376.454 0
1377.262 2
1378.070 0
1378.878 0
1379.686 1
1380.494 1
1381.302 1
1382.111 1
1382.919 1
1383.727 0
1384.535 0
1385.344 1
1386.152 0
1386.961 1
1387.769 0
1388.578 0
1389.387 0
1390.195 0
1391.004 0
1391.813 2
1392.622 0
1393.431 1
1394.240 0
1395.049 0
1395.858 1
1396.667 0
1397.476 0
1398.285 0
1399.094 0
1399.904 0
1400.713 0
1401.522 1
1402.332 1
1403.141 0
1403.951 1
1404.761 0
1405.570 2
1406.380 0
1407.190 0
1408.000 0
1408.810 0
1409.619 0
1410.429 0
1411.240 0
1412.050 0
1412.860 0
1413.670 0
1414.480 0
1415.290 1
1416.101 1
1416.911 0
1417.722 1
1418.532 0
1419.343 0
1420.153 0
1420.964 0
1421.775 0
1422.585 1
1423.396 0
1424.207 1
1425.018 1
1425.829 0
1426.640 0
1427.451 0
1428.262 0
1429.073 0
1429.885 0
1430.696 0
1431.507 1
1432.319 0
1433.130 0
1433.942 0
1434.753 0
1435.565 1
1436.376 0
1437.188 0
1438.000 0
1438.811 1
1439.623 0
1440.435 1
1441.247 1
1442.059 1
1442.871 0
1443.683 1
1444.495 1
1445.308 0
1446.120 0
1446.932 1
1447.745 1
1448.557 0
1449.369 0
1450.182 0
1450.995 0
1451.807 1
1452.620 0
1453.433 0
1454.245 0
1455.058 0
1455.871 0
1456.684 0
1457.497 0
1458.310 1
1459.123 1
1459.936 0
1460.749 0
1461.563 2
1462.376 0
1463.189 0
1464.003 0
1464.816 0
1465.629 2
1466.443 0
1467.257 0
1468.070 0
1468.884 0
1469.698 1
1470.511 0
1471.325 0
1472.139 0
1472.953 0
1473.767 0
1474.581 0
1475.395 2
1476.210 0
1477.024 0
1477.838 0
1478.652 0
1479.467 0
1480.281 1
1481.096 0
1481.910 0
1482.725 0
1483.539 0
1484.354 0
1485.169 0
1485.983 0
1486.798 1
1487.613 0
1488.428 0
1489.243 0
1490.058 1
1490.873 1
1491.688 1
1492.504 0
1493.319 0
1494.134 1
1494.949 1
1495.765 0
1496.580 0
1497.396 0
1498.211 1
1499.027 0
1499.843 0
1500.658 0
1501.474 1
1502.290 0
1503.106 0
1503.922 0
1504.738 1
1505.554 0
1506.370 0
1507.186 0
1508.002 0
1508.818 0
1509.634 0
1510.451 0
1511.267 0
1512.084 0
1512.900 0
1513.717 0
1514.533 0
1515.350 0
1516.166 0
1516.983 0
1517.800 0
1518.617 0
1519.434 0
1520.251 0
1521.068 0
1521.885 0
1522.702 0
1523.519 0
1524.336 1
1525.153 0
1525.971 1
1526.788 0
1527.605 1
1528.423 0
1529.240 0
1530.058 0
1530.876 0
1531.693 0
1532.511 0
1533.329 1
1534.147 0
1534.964 0
1535.782 1
1536.600 0
1537.418 0
1538.236 2
1539.055 0
1539.873 0
1540.691 0
1541.509 0
1542.328 1
1543.146 1
1543.964 0
1544.783 0
1545.601 0
1546.420 0
1547.239 1
1548.057 1
1548.876 0
1549.695 1
1550.514 0
1551.333 0
1552.152 0
1552.971 0
1553.790 0
1554.609 0
1555.428 0
1556.247 0
1557.066 0
1557.886 0
1558.705 0
1559.524 0
1560.344 1
1561.163 0
1561.983 0
1562.803 0
1563.622 0
1564.442 0
1565.262 0
1566.082 0
1566.902 0
1567.721 1
1568.541 0
1569.361 0
1570.182 0
1571.002 0
1571.822 0
1572.642 0
1573.462 0
1574.283 0
1575.103 3
1575.924 0
1576.744 0
1577.565 0
1578.385 0
1579.206 0
1580.027 0
1580.847 0
1581.668 0
1582.489 0
1583.310 0
1584.131 0
1584.952 0
1585.773 1
1586.594 0
1587.415 0
1588.236 1
1589.058 0
1589.879 1
1590.700 0
1591.522 1
1592.343 0
1593.165 0
1593.986 0
1594.808 0
1595.630 0
1596.451 0
1597.273 0
1598.095 1
1598.917 0
1599.739 0
1600.561 0
1601.383 0
1602.205 1
1603.027 0
1603.849 0
1604.672 0
1605.494 1
1606.316 0
1607.139 0
1607.961 0
1608.784 0
1609.606 1
1610.429 0
1611.251 0
1612.074 2
1612.897 0
1613.720 0
1614.543 0
1615.366 0
1616.189 0
1617.012 2
1617.835 2
1618.658 0
1619.481 0
1620.304 1
1621.127 0
1621.951 0
1622.774 0
1623.598 1
1624.421 0
1625.245 0
1626.068 0
1626.892 0
1627.716 1
1628.539 0
1629.363 0
1630.187 0
1631.011 0
1631.835 0
1632.659 1
1633.483 0
1634.307 0
1635.131 0
1635.955 0
1636.780 0
1637.604 0
1638.428 1
1639.253 0
1640.077 0
1640.902 0
1641.726 0
1642.551 0
1643.375 0
1644.200 0
1645.025 0
1645.850 0
1646.675 0
1647.500 0
1648.325 1
1649.150 0
1649.975 0
1650.800 0
1651.625 0
1652.450 0
1653.275 1
1654.101 0
1654.926 1
1655.752 0
1656.577 1
1657.403 0
1658.228 0
1659.054 0
1659.880 0
1660.705 1
1661.531 0
1662.357 0
1663.183 0
1664.009 0
1664.835 0
1665.661 0
1666.487 1
1667.313 0
1668.139 0
1668.966 0
1669.792 2
1670.618 0
1671.445 1
1672.271 0
1673.098 0
1673.924 0
1674.751 0
1675.578 0
1676.404 0
1677.231 0
1678.058 0
1678.885 0
1679.712 0
1680.539 0
1681.366 0
1682.193 0
1683.020 2
1683.847 1
1684.675 2
1685.502 1
1686.329 0
1687.157 1
1687.984 1
1688.812 0
1689.639 1
1690.467 0
1691.294 1
1692.122 0
1692.950 0
1693.778 0
1694.606 0
1695.433 0
1696.261 1
1697.089 0
1697.918 0
1698.746 1
1699.574 0
1700.402 0
1701.230 0
1702.059 1
1702.887 1
1703.715 0
1704.544 0
1705.372 2
1706.201 0
1707.030 0
1707.858 1
1708.687 0
1709.516 1
1710.345 0
1711.174 0
1712.003 0
1712.832 0
1713.661 1
1714.490 0
1715.319 2
1716.148 0
1716.977 0
1717.807 2
1718.636 1
1719.465 0
1720.295 0
1721.124 0
1721.954 1
1722.784 1
1723.613 0
1724.443 0
1725.273 0
1726.103 0
1726.932 0
1727.762 0
1728.592 0
1729.422 1
1730.252 1
1731.083 2
1731.913 0
1732.743 0
1733.573 0
1734.404 0
1735.234 1
1736.064 0
1736.895 0
1737.725 0
1738.556 0
1739.387 0
1740.217 0
1741.048 0
1741.879 0
1742.710 0
1743.541 0
1744.372 1
1745.203 0
1746.034 0
1746.865 1
1747.696 0
1748.527 0
1749.358 0
1750.190 1
1751.021 0
1751.853 0
1752.684 0
1753.516 0
1754.347 0
1755.179 0
1756.010 0
1756.842 0
1757.674 0
1758.506 0
1759.338 0
1760.170 0
1761.002 1
1761.834 0
1762.666 0
1763.498 0
1764.330 0
1765.162 1
1765.995 0
1766.827 0
1767.659 0
1768.492 0
1769.324 0
1770.157 0
1770.989 0
1771.822 0
1772.655 0
1773.487 2
1774.320 0
1775.153 0
1775.986 0
1776.819 0
1777.652 0
1778.485 1
1779.318 0
1780.151 0
1780.985 0
1781.818 0
1782.651 0
1783.485 2
1784.318 0
1785.151 0
1785.985 1
1786.819 0
1787.652 0
1788.486 0
1789.320 0
1790.153 0
1790.987 0
1791.821 0
1792.655 0
1793.489 0
1794.323 0
1795.157 0
1795.991 0
1796.826 0
1797.660 0
1798.494 0
1799.329 1
1800.163 0
1800.997 1
1801.832 0
1802.666 0
1803.501 0
1804.336 0
1805.170 0
1806.005 0
1806.840 0
1807.675 0
1808.510 1
1809.345 0
1810.180 0
1811.015 0
1811.850 1
1812.685 0
1813.520 0
1814.356 0
1815.191 0
1816.026 0
1816.862 0
1817.697 1
1818.533 0
1819.368 0
1820.204 0
1821.040 0
1821.876 0
1822.711 0
1823.547 0
1824.383 0
1825.219 0
1826.055 0
1826.891 0
1827.727 0
1828.563 0
1829.400 0
1830.236 0
1831.072 0
1831.909 0
1832.745 0
1833.581 0
1834.418 0
1835.254 0
1836.091 0
1836.928 0
1837.765 0
1838.601 1
1839.438 0
1840.275 1
1841.112 0
1841.949 0
1842.786 1
1843.623 0
1844.460 0
1845.297 0
1846.135 0
1846.972 0
1847.809 1
1848.647 1
1849.484 0
1850.322 0
1851.159 1
1851.997 1
1852.834 0
1853.672 0
1854.510 0
1855.348 0
1856.185 0
1857.023 0
1857.861 0
1858.699 0
1859.537 0
1860.376 1
1861.214 1
1862.052 0
1862.890 0
1863.729 1
1864.567 0
1865.405 0
1866.244 0
1867.082 0
1867.921 0
1868.760 0
1869.598 0
1870.437 0
1871.276 0
1872.115 0
1872.953 0
1873.792 0
1874.631 0
1875.470 0
1876.310 0
1877.149 0
1877.988 0
1878.827 0
1879.666 0
1880.506 0
1881.345 0
1882.185 1
1883.024 0
1883.864 0
1884.703 0
1885.543 1
1886.383 0
1887.222 0
1888.062 0
1888.902 0
1889.742 0
1890.582 0
1891.422 2
1892.262 0
1893.102 0
1893.942 0
1894.783 0
1895.623 0
1896.463 0
1897.304 1
1898.144 0
1898.985 0
1899.825 0
1900.666 0
1901.506 1
1902.347 0
1903.188 0
1904.029 0
1904.869 0
1905.710 0
1906.551 0
1907.392 0
1908.233 0
1909.074 0
1909.916 0
1910.757 0
1911.598 0
1912.439 0
1913.281 0
1914.122 0
1914.964 0
1915.805 0
1916.647 0
1917.488 0
1918.330 0
1919.172 0
1920.013 0
1920.855 0
1921.697 0
1922.539 0
1923.381 1
1924.223 0
1925.065 0
1925.907 0
1926.749 0
1927.592 0
1928.434 0
1929.276 0
1930.119 0
1930.961 0
1931.804 0
1932.646 0
1933.489 0
1934.331 0
1935.174 0
1936.017 0
1936.860 0
1937.703 0
1938.545 1
1939.388 0
1940.231 0
1941.074 0
1941.918 0
1942.761 0
1943.604 0
1944.447 0
1945.291 0
1946.134 1
1946.977 0
1947.821 0
1948.664 0
1949.508 0
1950.352 0
1951.195 0
1952.039 0
1952.883 0
1953.727 0
1954.570 0
1955.414 1
1956.258 0
1957.102 0
1957.946 0
1958.791 1
1959.635 0
1960.479 0
1961.323 0
1962.168 0
1963.012 0
1963.857 1
1964.701 0
1965.546 0
1966.390 1
1967.235 1
1968.080 0
1968.924 0
1969.769 0
1970.614 0
1971.459 0
1972.304 0
1973.149 0
1973.994 0
1974.839 1
1975.684 0
1976.530 0
1977.375 0
1978.220 0
1979.066 0
1979.911 0
1980.756 0
1981.602 0
1982.448 0
1983.293 0
1984.139 1
1984.985 0
1985.830 1
1986.676 0
1987.522 1
1988.368 0
1989.214 0
1990.060 0
1990.906 0
1991.752 0
1992.599 0
1993.445 0
1994.291 0
1995.137 1
1995.984 0
1996.830 0
1997.677 0
1998.523 0
1999.370 0
2000.217 0
2001.063 0
2001.910 1
2002.757 0
2003.604 1
2004.451 0
2005.298 0
2006.145 1
2006.992 1
2007.839 0
2008.686 0
2009.533 0
2010.381 0
2011.228 0
2012.075 0
2012.923 0
2013.770 0
2014.618 0
2015.466 0
2016.313 1
2017.161 0
2018.009 0
2018.856 1
2019.704 0
2020.552 0
2021.400 0
2022.248 0
2023.096 0
2023.944 0
2024.792 0
2025.641 1
2026.489 0
2027.337 0
2028.186 0
2029.034 1
2029.883 0
2030.731 1
2031.580 1
2032.428 0
2033.277 1
2034.126 0
2034.974 0
2035.823 0
2036.672 1
2037.521 0
2038.370 0
2039.219 0
2040.068 0
2040.917 1
2041.766 0
2042.616 0
2043.465 0
2044.314 0
2045.164 1
2046.013 1
2046.863 0
2047.712 0
2048.562 2
2049.412 0
2050.261 1
2051.111 0
2051.961 1
2052.811 0
2053.661 0
2054.511 0
2055.361 0
2056.211 0
2057.061 0
2057.911 0
2058.761 0
2059.611 0
2060.462 0
2061.312 0
2062.163 1
2063.013 0
2063.864 0
2064.714 1
2065.565 0
2066.415 0
2067.266 0
2068.117 0
2068.968 1
2069.819 1
2070.670 0
2071.521 0
2072.372 1
2073.223 0
2074.074 1
2074.925 1
2075.776 0
2076.628 0
2077.479 0
2078.330 0
2079.182 0
2080.033 0
2080.885 0
2081.737 1
2082.588 0
2083.440 0
2084.292 0
2085.144 0
2085.995 1
2086.847 0
2087.699 0
2088.551 1
2089.403 0
2090.256 0
2091.108 0
2091.960 0
2092.812 0
2093.665 0
2094.517 0
2095.369 0
2096.222 1
2097.074 0
2097.927 0
2098.780 0
2099.632 0
2100.485 0
2101.338 0
2102.191 0
2103.044 0
2103.897 0
2104.750 0
2105.603 2
2106.456 0
2107.309 0
2108.162 0
2109.015 1
2109.869 0
2110.722 0
2111.575 1
2112.429 0
2113.282 1
2114.136 0
2114.990 1
2115.843 0
2116.697 1
2117.551 0
2118.405 0
2119.259 0
2120.112 0
2120.966 0
2121.820 0
2122.675 0
2123.529 1
2124.383 0
2125.237 0
2126.091 0
2126.946 1
2127.800 1
2128.655 0
2129.509 1
2130.364 0
2131.218 0
2132.073 1
2132.928 0
2133.782 0
2134.637 0
2135.492 1
2136.347 0
2137.202 0
2138.057 0
2138.912 1
2139.767 0
2140.622 1
2141.477 0
2142.333 0
2143.188 0
2144.043 0
2144.899 3
2145.754 0
2146.610 0
2147.465 1
2148.321 1
2149.177 0
2150.032 1
2150.888 0
2151.744 0
2152.600 0
2153.456 0
2154.312 0
2155.168 0
2156.024 1
2156.880 0
2157.736 0
2158.593 0
2159.449 0
2160.305 0
2161.162 0
2162.018 0
2162.875 1
2163.731 0
2164.588 0
2165.445 1
2166.301 0
2167.158 1
2168.015 1
2168.872 0
2169.729 2
2170.586 0
2171.443 0
2172.300 0
2173.157 0
2174.014 1
2174.871 0
2175.728 0
2176.586 1
2177.443 0
2178.301 3
2179.158 0
2180.016 0
2180.873 0
2181.731 0
2182.589 0
2183.446 0
2184.304 1
2185.162 0
2186.020 0
2186.878 0
2187.736 0
2188.594 0
2189.452 0
2190.310 0
2191.168 0
2192.027 0
2192.885 0
2193.743 0
2194.602 0
2195.460 0
2196.319 0
2197.177 1
2198.036 2
2198.894 0
2199.753 0
2200.612 1
2201.471 0
2202.330 1
2203.189 0
2204.048 0
2204.907 0
2205.766 1
2206.625 0
2207.484 0
2208.343 1
2209.203 1
2210.062 0
2210.921 0
2211.781 0
2212.640 0
2213.500 0
2214.359 0
2215.219 0
2216.079 0
2216.938 0
2217.798 1
2218.658 0
2219.518 1
2220.378 0
2221.238 0
2222.098 0
2222.958 0
2223.818 0
2224.679 0
2225.539 2
2226.399 0
2227.259 0
2228.120 3
2228.980 0
2229.841 0
2230.701 1
2231.562 0
2232.423 2
2233.284 0
2234.144 0
2235.005 0
2235.866 0
2236.727 1
2237.588 0
2238.449 0
2239.310 0
2240.171 0
2241.032 0
2241.894 0
2242.755 0
2243.616 0
2244.478 0
2245.339 0
2246.201 0
2247.062 1
2247.924 0
2248.785 0
2249.647 0
2250.509 0
2251.371 1
2252.233 1
2253.095 0
2253.956 0
2254.819 0
2255.681 0
2256.543 0
2257.405 0
2258.267 0
2259.129 0
2259.992 0
2260.854 3
2261.717 1
2262.579 0
2263.442 0
2264.304 0
2265.167 0
2266.029 0
2266.892 0
2267.755 0
2268.618 0
2269.481 0
2270.344 0
2271.207 1
2272.070 0
2272.933 0
2273.796 0
2274.659 0
2275.522 1
2276.386 0
2277.249 0
2278.112 0
2278.976 0
2279.839 0
2280.703 0
2281.567 0
2282.430 0
2283.294 0
2284.158 0
2285.022 1
2285.885 0
2286.749 0
2287.613 0
2288.477 0
2289.342 0
2290.206 0
2291.070 0
2291.934 0
2292.798 1
2293.663 0
2294.527 0
2295.392 0
2296.256 0
2297.121 0
2297.985 0
2298.850 0
2299.714 1
2300.579 0
2301.444 0
2302.309 0
2303.174 0
2304.039 0
2304.904 1
2305.769 0
2306.634 0
2307.499 0
2308.364 0
2309.230 0
2310.095 0
2310.960 0
2311.826 0
2312.691 0
2313.557 0
2314.422 0
2315.288 0
2316.154 0
2317.019 0
2317.885 0
2318.751 0
2319.617 0
2320.483 0
2321.349 0
2322.215 0
2323.081 0
2323.947 0
2324.813 0
2325.679 0
2326.546 0
2327.412 0
2328.278 0
2329.145 0
2330.011 1
2330.878 0
2331.744 0
2332.611 0
2333.478 1
2334.345 0
2335.211 0
2336.078 0
2336.945 0
2337.812 0
2338.679 0
2339.546 1
2340.413 0
2341.281 0
2342.148 0
2343.015 1
2343.882 0
2344.750 0
2345.617 0
2346.485 0
2347.352 0
2348.220 0
2349.087 0
2349.955 0
2350.823 0
2351.691 0
2352.558 0
2353.426 0
2354.294 0
2355.162 0
2356.030 0
2356.898 0
2357.767 0
2358.635 0
2359.503 0
2360.371 0
2361.240 0
2362.108 0
2362.977 0
2363.845 0
2364.714 0
2365.582 0
2366.451 0
2367.320 0
2368.188 0
2369.057 0
2369.926 0
2370.795 0
2371.664 1
2372.533 0
2373.402 0
2374.271 0
2375.140 0
2376.010 0
2376.879 0
2377.748 0
2378.618 0
2379.487 0
2380.357 0
2381.226 0
2382.096 0
2382.965 0
2383.835 0
2384.705 0
2385.575 0
2386.444 1
2387.314 0
2388.184 0
2389.054 1
2389.924 0
2390.794 0
2391.665 0
2392.535 0
2393.405 0
2394.275 0
2395.146 0
2396.016 0
2396.887 0
2397.757 0
2398.628 0
2399.498 0
2400.369 0
2401.240 0
2402.110 0
2402.981 0
2403.852 0
2404.723 0
2405.594 0
2406.465 0
2407.336 0
2408.207 0
2409.079 0
2409.950 0
2410.821 0
2411.692 0
2412.564 0
2413.435 0
2414.307 0
2415.178 0
2416.050 0
2416.922 1
2417.793 0
2418.665 0
2419.537 0
2420.409 0
2421.281 0
2422.153 0
2423.025 0
2423.897 0
2424.769 0
2425.641 0
2426.513 0
2427.385 0
2428.258 0
2429.130 0
2430.003 0
2430.875 0
2431.748 0
2432.620 0
2433.493 0
2434.365 0
2435.238 0
2436.111 0
2436.984 0
2437.857 0
2438.730 0
2439.603 0
2440.476 0
2441.349 0
2442.222 0
2443.095 0
2443.968 0
2444.842 0
2445.715 0
2446.588 0
2447.462 0
2448.335 0
2449.209 1
2450.082 0
2450.956 0
2451.830 0
2452.704 0
2453.577 0
2454.451 0
2455.325 0
2456.199 1
2457.073 0
2457.947 0
2458.821 0
2459.696 0
2460.570 0
2461.444 0
2462.318 0
2463.193 0
2464.067 0
2464.942 1
2465.816 0
2466.691 0
2467.566 0
2468.440 0
2469.315 0
2470.190 0
2471.065 0
2471.939 0
2472.814 0
2473.689 0
2474.564 0
2475.440 0
2476.315 0
2477.190 0
2478.065 0
2478.941 0
2479.816 0
2480.691 0
2481.567 0
2482.442 0
2483.318 0
2484.193 0
2485.069 0
2485.945 0
2486.821 0
2487.696 0
2488.572 0
2489.448 0
2490.324 0
2491.200 0
2492.076 0
2492.952 0
2493.829 0
2494.705 0
2495.581 0
2496.458 0
2497.334 0
2498.210 0
2499.087 1
2499.963 0
2500.840 0
2501.717 0
2502.593 0
2503.470 0
2504.347 0
2505.224 0
2506.101 0
2506.978 0
2507.855 0
2508.732 0
2509.609 0
2510.486 0
2511.363 0
2512.240 0
2513.118 0
2513.995 1
2514.873 0
2515.750 1
2516.628 0
2517.505 0
2518.383 0
2519.260 0
2520.138 0
2521.016 0
2521.894 0
2522.772 0
2523.650 0
2524.528 0
2525.406 0
2526.284 1
2527.162 0
2528.040 0
2528.918 0
2529.797 1
2530.675 0
2531.553 1
2532.432 0
2533.310 0
2534.189 0
2535.067 0
2535.946 1
2536.825 0
2537.704 0
2538.582 0
2539.461 0
2540.340 0
2541.219 0
2542.098 0
2542.977 0
2543.856 0
2544.736 0
2545.615 0
2546.494 0
2547.373 0
2548.253 0
2549.132 1
2550.012 0
2550.891 0
2551.771 0
2552.650 0
2553.530 0
2554.410 0
2555.290 0
2556.170 0
2557.049 0
2557.929 0
2558.809 0
2559.689 0
2560.569 0
2561.450 0
2562.330 0
2563.210 0
2564.090 0
2564.971 0
2565.851 0
2566.732 0
2567.612 0
2568.493 0
2569.373 0
2570.254 0
2571.135 0
2572.015 0
2572.896 0
2573.777 0
2574.658 0
2575.539 0
2576.420 0
2577.301 0
2578.182 0
2579.064 1
2579.945 0
2580.826 0
2581.707 0
2582.589 0
2583.470 0
2584.352 0
2585.233 0
2586.115 0
2586.996 0
2587.878 0
2588.760 1
2589.642 0
2590.524 0
2591.405 0
2592.287 0
2593.169 0
2594.051 0
2594.934 0
2595.816 0
2596.698 0
2597.580 0
2598.463 0
2599.345 0
2600.227 0
2601.110 0
2601.992 0
2602.875 0
2603.758 0
2604.640 0
2605.523 0
2606.406 0
2607.289 0
2608.171 0
2609.054 0
2609.937 0
2610.820 0
2611.703 0
2612.587 0
2613.470 0
2614.353 0
2615.236 0
2616.120 0
2617.003 0
2617.887 0
2618.770 0
2619.654 0
2620.537 0
2621.421 0
2622.305 0
2623.188 0
2624.072 0
2624.956 0
2625.840 0
2626.724 0
2627.608 0
2628.492 0
2629.376 0
2630.260 0
2631.144 1
2632.029 0
2632.913 0
2633.797 0
2634.682 0
2635.566 0
2636.451 1
2637.335 1
2638.220 0
2639.105 0
2639.990 1
2640.874 0
2641.759 0
2642.644 0
2643.529 0
2644.414 0
2645.299 0
2646.184 0
2647.069 0
2647.954 0
2648.840 0
2649.725 0
2650.610 0
2651.496 0
2652.381 1
2653.267 0
2654.152 0
2655.038 0
2655.924 0
2656.809 0
2657.695 0
2658.581 0
2659.467 0
2660.353 0
2661.239 0
2662.125 0
2663.011 1
2663.897 0
2664.783 0
2665.669 1
2666.556 0
2667.442 1
2668.328 0
2669.215 0
2670.101 0
2670.988 0
2671.874 0
2672.761 0
2673.648 0
2674.534 0
2675.421 0
2676.308 0
2677.195 0
2678.082 0
2678.969 0
2679.856 0
2680.743 0
2681.630 0
2682.517 0
2683.405 0
2684.292 0
2685.179 0
2686.067 0
2686.954 0
2687.842 1
2688.729 0
2689.617 0
2690.505 1
2691.392 0
2692.280 0
2693.168 0
2694.056 0
2694.944 1
2695.832 0
2696.720 0
2697.608 1
2698.496 0
2699.384 1
2700.272 0
2701.161 0
2702.049 0
2702.938 0
2703.826 0
2704.714 0
2705.603 0
2706.492 0
2707.380 0
2708.269 0
2709.158 0
2710.047 0
2710.935 0
2711.824 0
2712.713 0
2713.602 0
2714.491 0
2715.380 0
2716.270 0
2717.159 0
2718.048 0
2718.937 0
2719.827 0
2720.716 0
2721.606 0
2722.495 0
2723.385 0
2724.274 0
2725.164 0
2726.054 0
2726.944 0
2727.833 0
2728.723 0
2729.613 0
2730.503 0
2731.393 0
2732.283 0
2733.174 0
2734.064 0
2734.954 0
2735.844 0
2736.735 0
2737.625 0
2738.516 0
2739.406 0
2740.297 0
2741.187 0
2742.078 0
2742.969 0
2743.859 0
2744.750 0
2745.641 0
2746.532 0
2747.423 0
2748.314 0
2749.205 0
2750.096 0
2750.987 0
2751.879 0
2752.770 0
2753.661 0
2754.553 0
2755.444 0
2756.335 0
2757.227 0
2758.119 1
2759.010 0
2759.902 1
2760.794 0
2761.685 0
2762.577 0
2763.469 0
2764.361 0
2765.253 0
2766.145 0
2767.037 0
2767.929 0
2768.822 0
2769.714 0
2770.606 0
2771.499 0
2772.391 0
2773.284 0
2774.176 0
2775.069 0
2775.961 0
2776.854 0
2777.747 0
2778.639 0
2779.532 0
2780.425 0
2781.318 0
2782.211 0
2783.104 0
2783.997 0
2784.890 0
2785.783 0
2786.677 0
2787.570 0
2788.463 0
2789.357 0
2790.250 0
2791.144 0
2792.037 0
2792.931 0
2793.824 0
2794.718 0
2795.612 0
2796.506 0
2797.400 0
2798.293 0
2799.187 0
2800.081 0
2800.975 0
2801.870 0
2802.764 0
2803.658 0
2804.552 0
2805.447 0
2806.341 0
2807.235 0
2808.130 0
2809.024 0
2809.919 0
2810.814 0
2811.708 0
2812.603 0
2813.498 0
2814.393 0
2815.287 0
2816.182 1
2817.077 0
2817.972 0
2818.868 0
2819.763 0
2820.658 0
2821.553 0
2822.448 0
2823.344 0
2824.239 0
2825.135 0
2826.030 0
2826.926 0
2827.821 0
2828.717 0
2829.613 0
2830.508 0
2831.404 0
2832.300 0
2833.196 0
2834.092 0
2834.988 0
2835.884 1
2836.780 0
2837.676 0
2838.573 0
2839.469 0
2840.365 0
2841.262 0
2842.158 0
2843.054 0
2843.951 0
2844.848 0
2845.744 0
2846.641 0
2847.538 0
2848.434 0
2849.331 0
2850.228 0
2851.125 0
2852.022 0
2852.919 0
2853.816 0
2854.713 1
2855.611 0
2856.508 0
2857.405 0
2858.303 0
2859.200 0
2860.097 0
2860.995 0
2861.892 0
2862.790 0
2863.688 0
2864.585 0
2865.483 0
2866.381 0
2867.279 0
2868.177 0
2869.075 0
2869.973 0
2870.871 0
2871.769 0
2872.667 0
2873.566 0
2874.464 0
2875.362 0
2876.261 0
2877.159 0
2878.057 0
2878.956 0
2879.855 0
2880.753 0
2881.652 1
2882.551 0
2883.450 0
2884.348 0
2885.247 0
2886.146 0
2887.045 0
2887.944 0
2888.843 0
2889.743 0
2890.642 0
2891.541 0
2892.440 0
2893.340 0
2894.239 0
2895.139 0
2896.038 0
2896.938 0
2897.837 0
2898.737 0
2899.637 0
2900.537 0
2901.436 0
2902.336 0
2903.236 0
2904.136 0
2905.036 0
2905.936 0
2906.836 0
2907.737 0
2908.637 0
2909.537 0
2910.437 0
2911.338 0
2912.238 0
2913.139 0
2914.039 1
2914.940 0
2915.841 0
2916.741 0
2917.642 0
2918.543 0
2919.444 0
2920.345 0
2921.246 0
2922.147 0
2923.048 0
2923.949 0
2924.850 0
2925.751 0
2926.653 0
2927.554 0
2928.455 0
2929.357 0
2930.258 0
2931.160 0
2932.061 0
2932.963 0
2933.865 0
2934.766 1
2935.668 0
2936.570 0
2937.472 0
2938.374 0
2939.276 0
2940.178 0
2941.080 0
2941.982 0
2942.884 0
2943.787 0
2944.689 0
2945.591 0
2946.494 0
2947.396 0
2948.299 0
2949.201 0
2950.104 0
2951.006 0
2951.909 0
2952.812 0
2953.715 0
2954.618 0
2955.520 0
2956.423 0
2957.326 0
2958.230 0
2959.133 0
2960.036 0
2960.939 0
2961.842 0
2962.746 0
2963.649 0
2964.553 0
2965.456 0
2966.360 0
2967.263 0
2968.167 0
2969.071 0
2969.974 0
2970.878 0
2971.782 0
2972.686 0
2973.590 0
2974.494 0
2975.398 0
2976.302 0
2977.206 0
2978.110 0
2979.015 0
2979.919 0
2980.823 0
2981.728 0
2982.632 0
2983.537 0
2984.441 0
2985.346 0
2986.251 0
2987.155 0
2988.060 0
2988.965 0
2989.870 0
2990.775 0
2991.680 0
2992.585 0
2993.490 0
2994.395 0
2995.300 0
2996.205 0
2997.111 0
2998.016 0
2998.921 0
2999.827 0
3000.732 0
3001.638 0
3002.543 0
3003.449 0
3004.355 0
3005.261 0
3006.166 0
3007.072 0
3007.978 0
3008.884 0
3009.790 0
3010.696 0
3011.602 0
3012.508 0
3013.415 0
3014.321 0
3015.227 0
3016.134 0
3017.040 0
3017.947 0
3018.853 0
3019.760 0
3020.666 0
3021.573 0
3022.480 0
3023.386 0
3024.293 0
3025.200 0
3026.107 0
3027.014 0
3027.921 0
3028.828 0
3029.735 0
3030.643 0
3031.550 0
3032.457 0
3033.365 0
3034.272 0
3035.179 0
3036.087 0
3036.994 0
3037.902 0
3038.810 0
3039.717 0
3040.625 0
3041.533 0
3042.441 0
3043.349 0
3044.257 0
3045.165 0
3046.073 0
3046.981 0
3047.889 0
3048.797 0
3049.706 0
3050.614 0
3051.522 0
3052.431 0
3053.339 0
3054.248 0
3055.156 0
3056.065 0
3056.974 0
3057.883 0
3058.791 0
3059.700 0
3060.609 0
3061.518 0
3062.427 0
3063.336 0
3064.245 0
3065.154 0
3066.064 0
3066.973 0
3067.882 0
3068.791 0
3069.701 0
3070.610 0
3071.520 0
3072.429 0
3073.339 0
3074.249 0
3075.158 0
3076.068 0
3076.978 0
3077.888 1
3078.798 0
3079.708 0
3080.618 0
3081.528 0
3082.438 0
3083.348 0
3084.259 0
3085.169 0
3086.079 0
3086.990 0
3087.900 0
3088.810 0
3089.721 0
3090.632 0
3091.542 0
3092.453 0
3093.364 0
3094.275 0
3095.185 0
3096.096 0
3097.007 0
3097.918 0
3098.829 0
3099.740 0
3100.652 0
3101.563 0
3102.474 0
3103.385 0
3104.297 0
3105.208 0
3106.120 0
3107.031 0
3107.943 0
3108.854 0
3109.766 0
3110.678 1
3111.590 0
3112.501 0
3113.413 0
3114.325 0
3115.237 0
3116.149 0
3117.061 0
3117.974 0
3118.886 0
3119.798 0
3120.710 0
3121.623 0
3122.535 0
3123.447 0
3124.360 0
3125.273 0
3126.185 0
3127.098 0
3128.010 0
3128.923 0
3129.836 0
3130.749 0
3131.662 1
3132.575 0
3133.488 0
3134.401 0
3135.314 0
3136.227 0
3137.140 0
3138.054 0
3138.967 0
3139.880 0
3140.794 0
3141.707 0
3142.621 0
3143.534 0
3144.448 0
3145.362 0
3146.276 0
3147.189 0
3148.103 0
3149.017 0
3149.931 0
3150.845 0
3151.759 0
3152.673 0
3153.587 0
3154.501 0
3155.416 0
3156.330 0
3157.244 0
3158.159 0
3159.073 0
3159.988 0
3160.902 0
3161.817 1
3162.732 0
3163.646 0
3164.561 0
3165.476 0
3166.391 1
3167.306 0
3168.221 0
3169.136 0
3170.051 0
3170.966 0
3171.881 0
3172.796 0
3173.712 0
3174.627 0
3175.542 0
3176.458 0
3177.373 0
3178.289 0
3179.204 0
3180.120 0
3181.036 0
3181.952 0
3182.867 0
3183.783 0
3184.699 0
3185.615 0
3186.531 0
3187.447 0
3188.363 0
3189.279 0
3190.196 0
3191.112 0
3192.028 0
3192.945 0
3193.861 0
3194.777 0
3195.694 0
3196.611 0
3197.527 0
3198.444 0
3199.361 0
3200.277 0
3201.194 0
3202.111 0
3203.028 0
3203.945 0
3204.862 0
3205.779 0
3206.696 1
3207.613 0
3208.531 0
3209.448 0
3210.365 1
3211.283 0
3212.200 0
3213.118 0
3214.035 0
3214.953 0
3215.871 0
3216.788 0
3217.706 0
3218.624 0
3219.542 0
3220.460 0
3221.378 0
3222.296 0
3223.214 0
3224.132 1
3225.050 0
3225.968 0
3226.886 0
3227.805 0
3228.723 0
3229.642 0
3230.560 0
3231.479 0
3232.397 0
3233.316 0
3234.234 0
3235.153 0
3236.072 0
3236.991 0
3237.910 0
3238.829 0
3239.748 0
3240.667 0
3241.586 0
3242.505 0
3243.424 0
3244.343 0
3245.263 0
3246.182 0
3247.101 0
3248.021 0
3248.940 0
3249.860 0
3250.780 0
3251.699 0
3252.619 0
3253.539 0
3254.459 0
3255.378 0
3256.298 0
3257.218 0
3258.138 0
3259.058 1
3259.979 0
3260.899 0
3261.819 0
3262.739 0
3263.660 0
3264.580 0
3265.500 0
3266.421 0
3267.341 0
3268.262 1
3269.183 0
3270.103 0
3271.024 0
3271.945 0
3272.866 0
3273.787 0
3274.708 0
3275.629 0
3276.550 0
3277.471 0
3278.392 0
3279.313 0
3280.234 0
3281.156 0
3282.077 0
3282.999 0
3283.920 0
3284.842 0
3285.763 0
3286.685 0
3287.606 0
3288.528 0
3289.450 0
3290.372 0
3291.294 0
3292.216 0
3293.138 0
3294.060 0
3294.982 0
3295.904 0
3296.826 0
3297.748 0
3298.671 0
3299.593 0
3300.515 0
3301.438 0
3302.360 0
3303.283 0
3304.205 0
3305.128 0
3306.051 0
3306.973 0
3307.896 0
3308.819 0
3309.742 0
3310.665 0
3311.588 0
3312.511 0
3313.434 0
3314.357 0
3315.281 0
3316.204 0
3317.127 0
3318.051 0
3318.974 0
3319.897 0
3320.821 0
3321.745 0
3322.668 0
3323.592 0
3324.516 0
3325.439 0
3326.363 0
3327.287 0
3328.211 0
3329.135 0
3330.059 0
3330.983 1
3331.907 0
3332.832 0
3333.756 0
3334.680 0
3335.604 0
3336.529 0
3337.453 0
3338.378 0
3339.302 0
3340.227 0
3341.152 0
3342.076 0
3343.001 0
3343.926 0
3344.851 0
3345.776 0
3346.701 0
3347.626 0
3348.551 0
3349.476 1
3350.401 0
3351.326 0
3352.252 0
3353.177 0
3354.102 137
