1571937054609 2019_10_24_12_10_54_609 2.734449 0.478300  0.000014786
2019_10_24_12_10_54_616 1571937054616 7 6 317 155.841  
2019_10_24_12_10_54_643 1571937054643 34 33 1478 741.961  
2019_10_24_12_10_54_706 1571937054706 97 96 255 125.662  
2019_10_24_12_10_54_722 1571937054722 113 112 197 97.5334  
2019_10_24_12_10_54_740 1571937054740 131 130 110 55.5264  
2019_10_24_12_10_54_813 1571937054813 204 203 331 162.672  
2019_10_24_12_10_54_820 1571937054820 211 210 279 137.331  
2019_10_24_12_10_54_862 1571937054862 253 252 187 92.6936  
2019_10_24_12_10_54_886 1571937054886 277 276 323 158.768  
2019_10_24_12_10_54_926 1571937054926 317 316 360 176.839  
2019_10_24_12_10_54_929 1571937054929 320 319 626 307.944  
2019_10_24_12_10_54_953 1571937054953 344 343 310 152.428  
2019_10_24_12_10_54_989 1571937054989 380 379 84 43.016  
2019_10_24_12_10_54_997 1571937054997 388 387 1887 957.935  
2019_10_24_12_10_55_011 1571937055011 402 401 217 107.222  
2019_10_24_12_10_55_045 1571937055045 436 435 434 213.102  
2019_10_24_12_10_55_093 1571937055093 484 483 277 136.358  
2019_10_24_12_10_55_156 1571937055156 547 545 259 127.606  
2019_10_24_12_10_55_179 1571937055179 570 568 169 83.9894  
2019_10_24_12_10_55_216 1571937055216 607 605 271 133.44  
2019_10_24_12_10_55_280 1571937055280 671 669 111 56.0079  
2019_10_24_12_10_55_302 1571937055302 693 691 970 480.597  
2019_10_24_12_10_55_351 1571937055351 742 740 181 89.7911  
2019_10_24_12_10_55_362 1571937055362 753 751 239 117.893  
2019_10_24_12_10_55_398 1571937055398 789 787 373 183.197  
2019_10_24_12_10_55_399 1571937055399 790 788 300 147.555  
2019_10_24_12_10_55_400 1571937055400 791 789 73 37.7291  
2019_10_24_12_10_55_407 1571937055407 798 796 209 103.345  
2019_10_24_12_10_55_410 1571937055410 801 799 412 202.304  
2019_10_24_12_10_55_423 1571937055423 814 812 478 234.74  
2019_10_24_12_10_55_442 1571937055442 833 831 611 300.496  
2019_10_24_12_10_55_498 1571937055498 889 887 498 244.595  
2019_10_24_12_10_55_505 1571937055505 896 894 223 110.131  
2019_10_24_12_10_55_552 1571937055552 943 941 163 81.0902  
2019_10_24_12_10_55_553 1571937055553 944 941 320 157.305  
2019_10_24_12_10_55_608 1571937055608 999 996 4095 2209.31  
2019_10_24_12_10_55_645 1571937055645 1036 1033 478 234.74  
2019_10_24_12_10_55_718 1571937055718 1109 1106 1007 499.376  
2019_10_24_12_10_55_721 1571937055721 1112 1109 173 85.9229  
2019_10_24_12_10_55_740 1571937055740 1131 1128 290 142.685  
2019_10_24_12_10_55_762 1571937055762 1153 1150 1151 572.846  
2019_10_24_12_10_55_888 1571937055888 1279 1276 1099 546.244  
2019_10_24_12_10_55_913 1571937055913 1304 1301 387 190.051  
2019_10_24_12_10_55_951 1571937055951 1342 1339 91 46.3822  
2019_10_24_12_10_56_053 1571937056053 1444 1441 243 119.834  
2019_10_24_12_10_56_054 1571937056054 1445 1442 134 67.0921  
2019_10_24_12_10_56_102 1571937056102 1493 1490 257 126.634  
2019_10_24_12_10_56_104 1571937056104 1495 1492 210 103.829  
2019_10_24_12_10_56_110 1571937056110 1501 1498 693 341.297  
2019_10_24_12_10_56_127 1571937056127 1518 1515 172 85.4395  
2019_10_24_12_10_56_150 1571937056150 1541 1538 251 123.719  
2019_10_24_12_10_56_160 1571937056160 1551 1547 719 354.276  
2019_10_24_12_10_56_199 1571937056199 1590 1586 1974 1004.51  
2019_10_24_12_10_56_201 1571937056201 1592 1588 279 137.331  
2019_10_24_12_10_56_223 1571937056223 1614 1610 220 108.676  
2019_10_24_12_10_56_237 1571937056237 1628 1624 466 228.833  
2019_10_24_12_10_56_245 1571937056245 1636 1632 368 180.751  
2019_10_24_12_10_56_281 1571937056281 1672 1668 155 77.2262  
2019_10_24_12_10_56_330 1571937056330 1721 1717 406 199.361  
2019_10_24_12_10_56_363 1571937056363 1754 1750 673 331.327  
2019_10_24_12_10_56_428 1571937056428 1819 1815 440 216.049  
2019_10_24_12_10_56_470 1571937056470 1861 1857 182 90.2748  
2019_10_24_12_10_56_493 1571937056493 1884 1880 192 95.1131  
2019_10_24_12_10_56_503 1571937056503 1894 1890 557 273.735  
2019_10_24_12_10_56_506 1571937056506 1897 1893 138 69.0214  
2019_10_24_12_10_56_574 1571937056574 1965 1961 228 112.555  
2019_10_24_12_10_56_639 1571937056639 2030 2026 369 181.24  
2019_10_24_12_10_56_640 1571937056640 2031 2027 137 68.5391  
2019_10_24_12_10_56_671 1571937056671 2062 2057 307 150.966  
2019_10_24_12_10_56_865 1571937056865 2256 2251 156 77.7091  
2019_10_24_12_10_56_873 1571937056873 2264 2259 1149 571.821  
2019_10_24_12_10_56_902 1571937056902 2293 2288 168 83.5062  
2019_10_24_12_10_56_925 1571937056925 2316 2311 336 165.112  
2019_10_24_12_10_56_961 1571937056961 2352 2347 264 130.036  
2019_10_24_12_10_56_977 1571937056977 2368 2363 167 83.0229  
2019_10_24_12_10_57_000 1571937057000 2391 2386 403 197.891  
2019_10_24_12_10_57_011 1571937057011 2402 2397 184 91.2422  
2019_10_24_12_10_57_024 1571937057024 2415 2410 211 104.314  
2019_10_24_12_10_57_027 1571937057027 2418 2413 148 73.8467  
2019_10_24_12_10_57_077 1571937057077 2468 2463 94 47.8253  
2019_10_24_12_10_57_096 1571937057096 2487 2482 338 166.089  
2019_10_24_12_10_57_177 1571937057177 2568 2563 454 222.93  
2019_10_24_12_10_57_179 1571937057179 2570 2565 992 491.758  
2019_10_24_12_10_57_180 1571937057180 2571 2566 678 333.819  
2019_10_24_12_10_57_238 1571937057238 2629 2624 165 82.0565  
2019_10_24_12_10_57_249 1571937057249 2640 2635 91 46.3822  
2019_10_24_12_10_57_272 1571937057272 2663 2657 356 174.883  
2019_10_24_12_10_57_332 1571937057332 2723 2717 329 161.696  
2019_10_24_12_10_57_386 1571937057386 2777 2771 169 83.9894  
2019_10_24_12_10_57_388 1571937057388 2779 2773 112 56.4895  
2019_10_24_12_10_57_413 1571937057413 2804 2798 407 199.852  
2019_10_24_12_10_57_452 1571937057452 2843 2837 205 101.407  
2019_10_24_12_10_57_453 1571937057453 2844 2838 125 62.753  
2019_10_24_12_10_57_492 1571937057492 2883 2877 493 242.13  
2019_10_24_12_10_57_516 1571937057516 2907 2901 284 139.764  
2019_10_24_12_10_57_518 1571937057518 2909 2903 199 98.5017  
2019_10_24_12_10_57_520 1571937057520 2911 2905 844 416.952  
2019_10_24_12_10_57_526 1571937057526 2917 2911 212 104.799  
2019_10_24_12_10_57_590 1571937057590 2981 2975 170 84.4728  
2019_10_24_12_10_57_667 1571937057667 3058 3052 259 127.606  
2019_10_24_12_10_57_763 1571937057763 3154 3148 447 219.489  
2019_10_24_12_10_57_801 1571937057801 3192 3186 665 327.343  
2019_10_24_12_10_57_822 1571937057822 3213 3207 1952 992.714  
2019_10_24_12_10_57_837 1571937057837 3228 3221 102 51.6749  
2019_10_24_12_10_57_838 1571937057838 3229 3222 262 129.064  
2019_10_24_12_10_57_860 1571937057860 3251 3244 169 83.9894  
2019_10_24_12_10_57_868 1571937057868 3259 3252 217 107.222  
2019_10_24_12_10_57_912 1571937057912 3303 3296 331 162.672  
2019_10_24_12_10_57_932 1571937057932 3323 3316 909 449.726  
2019_10_24_12_10_57_995 1571937057995 3386 3379 664 326.845  
2019_10_24_12_10_58_002 1571937058002 3393 3386 458 224.897  
2019_10_24_12_10_58_069 1571937058069 3460 3453 144 71.9162  
2019_10_24_12_10_58_097 1571937058097 3488 3481 270 132.953  
2019_10_24_12_10_58_139 1571937058139 3530 3523 555 272.745  
2019_10_24_12_10_58_190 1571937058190 3581 3574 85 43.4968  
2019_10_24_12_10_58_245 1571937058245 3636 3629 81 41.5738  
2019_10_24_12_10_58_261 1571937058261 3652 3645 469 230.309  
2019_10_24_12_10_58_293 1571937058293 3684 3677 299 147.068  
2019_10_24_12_10_58_303 1571937058303 3694 3687 291 143.172  
2019_10_24_12_10_58_304 1571937058304 3695 3688 608 299.007  
2019_10_24_12_10_58_305 1571937058305 3696 3688 192 95.1131  
2019_10_24_12_10_58_309 1571937058309 3700 3692 103 52.1562  
2019_10_24_12_10_58_318 1571937058318 3709 3701 206 101.892  
2019_10_24_12_10_58_319 1571937058319 3710 3702 163 81.0902  
2019_10_24_12_10_58_320 1571937058320 3711 3703 161 80.124  
2019_10_24_12_10_58_321 1571937058321 3712 3704 292 143.659  
2019_10_24_12_10_58_322 1571937058322 3713 3705 257 126.634  
2019_10_24_12_10_58_494 1571937058494 3885 3877 311 152.916  
2019_10_24_12_10_58_499 1571937058499 3890 3882 135 67.5744  
2019_10_24_12_10_58_534 1571937058534 3925 3917 358 175.861  
2019_10_24_12_10_58_656 1571937058656 4047 4039 501 246.074  
2019_10_24_12_10_58_702 1571937058702 4093 4085 159 79.1579  
2019_10_24_12_10_58_711 1571937058711 4102 4094 298 146.581  
2019_10_24_12_10_58_726 1571937058726 4117 4109 199 98.5017  
2019_10_24_12_10_58_776 1571937058776 4167 4159 552 271.261  
2019_10_24_12_10_58_787 1571937058787 4178 4170 473 232.278  
2019_10_24_12_10_58_861 1571937058861 4252 4244 129 64.6812  
2019_10_24_12_10_58_882 1571937058882 4273 4264 130 65.1633  
2019_10_24_12_10_58_936 1571937058936 4327 4318 74 38.2096  
2019_10_24_12_10_58_951 1571937058951 4342 4333 327 160.72  
2019_10_24_12_10_58_990 1571937058990 4381 4372 102 51.6749  
2019_10_24_12_10_59_012 1571937059012 4403 4394 181 89.7911  
2019_10_24_12_10_59_027 1571937059027 4418 4409 169 83.9894  
2019_10_24_12_10_59_064 1571937059064 4455 4446 913 451.747  
2019_10_24_12_10_59_089 1571937059089 4480 4471 176 87.3733  
2019_10_24_12_10_59_090 1571937059090 4481 4472 136 68.0567  
2019_10_24_12_10_59_115 1571937059115 4506 4497 2512 1297.52  
2019_10_24_12_10_59_158 1571937059158 4549 4540 147 73.3641  
2019_10_24_12_10_59_209 1571937059209 4600 4591 206 101.892  
2019_10_24_12_10_59_221 1571937059221 4612 4603 288 141.711  
2019_10_24_12_10_59_244 1571937059244 4635 4626 404 198.381  
2019_10_24_12_10_59_251 1571937059251 4642 4633 314 154.378  
2019_10_24_12_10_59_252 1571937059252 4643 4634 610 299.999  
2019_10_24_12_10_59_270 1571937059270 4661 4652 734 361.773  
2019_10_24_12_10_59_278 1571937059278 4669 4659 127 63.717  
2019_10_24_12_10_59_293 1571937059293 4684 4674 854 421.986  
2019_10_24_12_10_59_302 1571937059302 4693 4683 344 169.019  
2019_10_24_12_10_59_319 1571937059319 4710 4700 387 190.051  
2019_10_24_12_10_59_327 1571937059327 4718 4708 278 136.845  
2019_10_24_12_10_59_373 1571937059373 4764 4754 134 67.0921  
2019_10_24_12_10_59_412 1571937059412 4803 4793 290 142.685  
2019_10_24_12_10_59_422 1571937059422 4813 4803 158 78.675  
2019_10_24_12_10_59_445 1571937059445 4836 4826 147 73.3641  
2019_10_24_12_10_59_453 1571937059453 4844 4834 201 99.4701  
2019_10_24_12_10_59_485 1571937059485 4876 4866 360 176.839  
2019_10_24_12_10_59_500 1571937059500 4891 4881 1242 619.591  
2019_10_24_12_10_59_520 1571937059520 4911 4901 388 190.541  
2019_10_24_12_10_59_521 1571937059521 4912 4902 317 155.841  
2019_10_24_12_10_59_541 1571937059541 4932 4922 178 88.3403  
2019_10_24_12_10_59_565 1571937059565 4956 4946 538 264.339  
2019_10_24_12_10_59_575 1571937059575 4966 4956 166 82.5397  
2019_10_24_12_10_59_576 1571937059576 4967 4957 1649 831.656  
2019_10_24_12_10_59_608 1571937059608 4999 4988 468 229.817  
2019_10_24_12_10_59_637 1571937059637 5028 5017 173 85.9229  
2019_10_24_12_10_59_655 1571937059655 5046 5035 183 90.7585  
2019_10_24_12_10_59_737 1571937059737 5128 5117 430 211.137  
2019_10_24_12_10_59_748 1571937059748 5139 5128 244 120.32  
2019_10_24_12_10_59_749 1571937059749 5140 5129 98 49.7499  
2019_10_24_12_10_59_767 1571937059767 5158 5147 815 402.37  
2019_10_24_12_10_59_782 1571937059782 5173 5162 123 61.789  
2019_10_24_12_10_59_811 1571937059811 5202 5191 211 104.314  
2019_10_24_12_10_59_885 1571937059885 5276 5265 273 134.412  
2019_10_24_12_10_59_922 1571937059922 5313 5302 64 33.4062  
2019_10_24_12_10_59_937 1571937059937 5328 5317 357 175.372  
2019_10_24_12_10_59_962 1571937059962 5353 5342 192 95.1131  
2019_10_24_12_10_59_964 1571937059964 5355 5344 205 101.407  
2019_10_24_12_10_59_990 1571937059990 5381 5370 199 98.5017  
2019_10_24_12_11_00_022 1571937060022 5413 5402 1013 502.425  
2019_10_24_12_11_00_085 1571937060085 5476 5465 161 80.124  
2019_10_24_12_11_00_171 1571937060171 5562 5550 177 87.8568  
2019_10_24_12_11_00_190 1571937060190 5581 5569 175 86.8898  
2019_10_24_12_11_00_199 1571937060199 5590 5578 263 129.55  
2019_10_24_12_11_00_210 1571937060210 5601 5589 181 89.7911  
2019_10_24_12_11_00_267 1571937060267 5658 5646 145 72.3988  
2019_10_24_12_11_00_278 1571937060278 5669 5657 190 94.1452  
2019_10_24_12_11_00_317 1571937060317 5708 5696 131 65.6455  
2019_10_24_12_11_00_340 1571937060340 5731 5719 189 93.6613  
2019_10_24_12_11_00_385 1571937060385 5776 5764 317 155.841  
2019_10_24_12_11_00_405 1571937060405 5796 5784 690 339.801  
2019_10_24_12_11_00_421 1571937060421 5812 5800 320 157.305  
2019_10_24_12_11_00_477 1571937060477 5868 5856 388 190.541  
2019_10_24_12_11_00_484 1571937060484 5875 5863 274 134.899  
2019_10_24_12_11_00_496 1571937060496 5887 5875 176 87.3733  
2019_10_24_12_11_00_509 1571937060509 5900 5888 119 59.8615  
2019_10_24_12_11_00_554 1571937060554 5945 5933 170 84.4728  
2019_10_24_12_11_00_628 1571937060628 6019 6007 263 129.55  
2019_10_24_12_11_00_650 1571937060650 6041 6028 100 50.7123  
2019_10_24_12_11_00_651 1571937060651 6042 6029 1012 501.917  
2019_10_24_12_11_00_654 1571937060654 6045 6032 1573 791.685  
2019_10_24_12_11_00_655 1571937060655 6046 6033 431 211.628  
2019_10_24_12_11_00_682 1571937060682 6073 6060 328 161.208  
2019_10_24_12_11_00_714 1571937060714 6105 6092 233 114.981  
2019_10_24_12_11_00_719 1571937060719 6110 6097 452 221.947  
2019_10_24_12_11_00_777 1571937060777 6168 6155 220 108.676  
2019_10_24_12_11_00_818 1571937060818 6209 6196 1277 637.635  
2019_10_24_12_11_00_856 1571937060856 6247 6234 161 80.124  
2019_10_24_12_11_00_925 1571937060925 6316 6303 211 104.314  
2019_10_24_12_11_01_029 1571937061029 6420 6407 118 59.3797  
2019_10_24_12_11_01_037 1571937061037 6428 6415 176 87.3733  
2019_10_24_12_11_01_059 1571937061059 6450 6437 200 98.9859  
2019_10_24_12_11_01_133 1571937061133 6524 6511 315 154.866  
2019_10_24_12_11_01_170 1571937061170 6561 6548 180 89.3075  
2019_10_24_12_11_01_208 1571937061208 6599 6586 789 389.318  
2019_10_24_12_11_01_226 1571937061226 6617 6603 262 129.064  
2019_10_24_12_11_01_227 1571937061227 6618 6604 1408 705.493  
2019_10_24_12_11_01_236 1571937061236 6627 6613 146 72.8814  
2019_10_24_12_11_01_247 1571937061247 6638 6624 198 98.0175  
2019_10_24_12_11_01_270 1571937061270 6661 6647 107 54.0818  
2019_10_24_12_11_01_279 1571937061279 6670 6656 99 50.2311  
2019_10_24_12_11_01_287 1571937061287 6678 6664 967 479.076  
2019_10_24_12_11_01_314 1571937061314 6705 6691 1273 635.571  
2019_10_24_12_11_01_427 1571937061427 6818 6804 115 57.9345  
2019_10_24_12_11_01_448 1571937061448 6839 6825 184 91.2422  
2019_10_24_12_11_01_480 1571937061480 6871 6857 206 101.892  
2019_10_24_12_11_01_524 1571937061524 6915 6901 162 80.6071  
2019_10_24_12_11_01_611 1571937061611 7002 6988 354 173.906  
2019_10_24_12_11_01_618 1571937061618 7009 6995 126 63.235  
2019_10_24_12_11_01_663 1571937061663 7054 7040 318 156.329  
2019_10_24_12_11_01_692 1571937061692 7083 7069 167 83.0229  
2019_10_24_12_11_01_695 1571937061695 7086 7072 226 111.585  
2019_10_24_12_11_01_708 1571937061708 7099 7084 100 50.7123  
2019_10_24_12_11_01_720 1571937061720 7111 7096 88 44.9393  
2019_10_24_12_11_01_725 1571937061725 7116 7101 220 108.676  
2019_10_24_12_11_01_735 1571937061735 7126 7111 231 114.011  
2019_10_24_12_11_01_754 1571937061754 7145 7130 565 277.694  
2019_10_24_12_11_01_757 1571937061757 7148 7133 158 78.675  
2019_10_24_12_11_01_775 1571937061775 7166 7151 254 125.177  
2019_10_24_12_11_01_800 1571937061800 7191 7176 216 106.737  
2019_10_24_12_11_01_816 1571937061816 7207 7192 151 75.2949  
2019_10_24_12_11_01_842 1571937061842 7233 7218 1006 498.868  
2019_10_24_12_11_01_843 1571937061843 7234 7219 166 82.5397  
2019_10_24_12_11_01_944 1571937061944 7335 7320 520 255.449  
2019_10_24_12_11_01_965 1571937061965 7356 7341 177 87.8568  
2019_10_24_12_11_01_990 1571937061990 7381 7366 2128 1087.51  
2019_10_24_12_11_01_991 1571937061991 7382 7367 2664 1381.86  
2019_10_24_12_11_01_997 1571937061997 7388 7373 393 192.99  
2019_10_24_12_11_02_011 1571937062011 7402 7387 158 78.675  
2019_10_24_12_11_02_051 1571937062051 7442 7427 98 49.7499  
2019_10_24_12_11_02_079 1571937062079 7470 7454 225 111.1  
2019_10_24_12_11_02_081 1571937062081 7472 7456 222 109.646  
2019_10_24_12_11_02_098 1571937062098 7489 7473 803 396.343  
2019_10_24_12_11_02_363 1571937062363 7754 7738 972 481.611  
2019_10_24_12_11_02_364 1571937062364 7755 7739 268 131.981  
2019_10_24_12_11_02_365 1571937062365 7756 7740 189 93.6613  
2019_10_24_12_11_02_365 1571937062365 7756 7740 93 47.3442  
2019_10_24_12_11_02_365 1571937062365 7756 7740 635 312.417  
2019_10_24_12_11_02_365 1571937062365 7756 7740 704 346.786  
2019_10_24_12_11_02_366 1571937062366 7757 7741 155 77.2262  
2019_10_24_12_11_02_366 1571937062366 7757 7741 279 137.331  
2019_10_24_12_11_02_376 1571937062376 7767 7751 902 446.191  
2019_10_24_12_11_02_382 1571937062382 7773 7757 307 150.966  
2019_10_24_12_11_02_406 1571937062406 7797 7781 245 120.805  
2019_10_24_12_11_02_436 1571937062436 7827 7811 139 69.5038  
2019_10_24_12_11_02_442 1571937062442 7833 7817 271 133.44  
2019_10_24_12_11_02_443 1571937062443 7834 7818 429 210.646  
2019_10_24_12_11_02_474 1571937062474 7865 7848 941 465.907  
2019_10_24_12_11_02_482 1571937062482 7873 7856 171 84.9561  
2019_10_24_12_11_02_539 1571937062539 7930 7913 129 64.6812  
2019_10_24_12_11_02_553 1571937062553 7944 7927 173 85.9229  
2019_10_24_12_11_02_599 1571937062599 7990 7973 410 201.323  
2019_10_24_12_11_02_613 1571937062613 8004 7987 173 85.9229  
2019_10_24_12_11_02_628 1571937062628 8019 8002 152 75.7777  
2019_10_24_12_11_02_642 1571937062642 8033 8016 88 44.9393  
2019_10_24_12_11_02_653 1571937062653 8044 8027 203 100.439  
2019_10_24_12_11_02_658 1571937062658 8049 8032 299 147.068  
2019_10_24_12_11_02_670 1571937062670 8061 8044 4095 2209.31  
2019_10_24_12_11_02_738 1571937062738 8129 8112 491 241.144  
2019_10_24_12_11_02_785 1571937062785 8176 8159 232 114.496  
2019_10_24_12_11_02_889 1571937062889 8280 8263 378 185.644  
2019_10_24_12_11_02_943 1571937062943 8334 8317 73 37.7291  
2019_10_24_12_11_02_948 1571937062948 8339 8322 245 120.805  
2019_10_24_12_11_03_077 1571937063077 8468 8451 215 106.252  
2019_10_24_12_11_03_079 1571937063079 8470 8452 152 75.7777  
2019_10_24_12_11_03_111 1571937063111 8502 8484 497 244.102  
2019_10_24_12_11_03_176 1571937063176 8567 8549 535 262.857  
2019_10_24_12_11_03_204 1571937063204 8595 8577 1551 780.146  
2019_10_24_12_11_03_216 1571937063216 8607 8589 177 87.8568  
2019_10_24_12_11_03_242 1571937063242 8633 8615 914 452.253  
2019_10_24_12_11_03_260 1571937063260 8651 8633 996 493.789  
2019_10_24_12_11_03_277 1571937063277 8668 8650 301 148.042  
2019_10_24_12_11_03_350 1571937063350 8741 8723 321 157.792  
2019_10_24_12_11_03_359 1571937063359 8750 8732 573 281.655  
2019_10_24_12_11_03_392 1571937063392 8783 8765 369 181.24  
2019_10_24_12_11_03_393 1571937063393 8784 8766 159 79.1579  
2019_10_24_12_11_03_396 1571937063396 8787 8769 4095 2209.31  
2019_10_24_12_11_03_407 1571937063407 8798 8780 1137 565.676  
2019_10_24_12_11_03_459 1571937063459 8850 8832 166 82.5397  
2019_10_24_12_11_03_481 1571937063481 8872 8854 1558 783.816  
2019_10_24_12_11_03_504 1571937063504 8895 8877 338 166.089  
2019_10_24_12_11_03_521 1571937063521 8912 8893 169 83.9894  
2019_10_24_12_11_03_555 1571937063555 8946 8927 349 171.462  
2019_10_24_12_11_03_636 1571937063636 9027 9008 211 104.314  
2019_10_24_12_11_03_692 1571937063692 9083 9064 202 99.9544  
2019_10_24_12_11_03_736 1571937063736 9127 9108 314 154.378  
2019_10_24_12_11_03_837 1571937063837 9228 9209 200 98.9859  
2019_10_24_12_11_03_855 1571937063855 9246 9227 191 94.6291  
2019_10_24_12_11_03_864 1571937063864 9255 9236 395 193.97  
2019_10_24_12_11_03_891 1571937063891 9282 9263 750 369.776  
2019_10_24_12_11_03_949 1571937063949 9340 9321 542 266.317  
2019_10_24_12_11_04_016 1571937064016 9407 9388 201 99.4701  
2019_10_24_12_11_04_118 1571937064118 9509 9490 220 108.676  
2019_10_24_12_11_04_135 1571937064135 9526 9507 603 296.526  
2019_10_24_12_11_04_150 1571937064150 9541 9522 2277 1168.48  
2019_10_24_12_11_04_163 1571937064163 9554 9535 218 107.707  
2019_10_24_12_11_04_169 1571937064169 9560 9541 1706 861.747  
2019_10_24_12_11_04_204 1571937064204 9595 9576 72 37.2487  
2019_10_24_12_11_04_206 1571937064206 9597 9577 309 151.941  
2019_10_24_12_11_04_229 1571937064229 9620 9600 376 184.666  
2019_10_24_12_11_04_237 1571937064237 9628 9608 212 104.799  
2019_10_24_12_11_04_264 1571937064264 9655 9635 1752 886.101  
2019_10_24_12_11_04_266 1571937064266 9657 9637 309 151.941  
2019_10_24_12_11_04_313 1571937064313 9704 9684 618 303.971  
2019_10_24_12_11_04_333 1571937064333 9724 9704 175 86.8898  
2019_10_24_12_11_04_386 1571937064386 9777 9757 92 46.8632  
2019_10_24_12_11_04_393 1571937064393 9784 9764 446 218.997  
2019_10_24_12_11_04_530 1571937064530 9921 9901 79 40.6124  
2019_10_24_12_11_04_536 1571937064536 9927 9907 309 151.941  
2019_10_24_12_11_04_617 1571937064617 10008 9988 117 58.898  
2019_10_24_12_11_04_619 1571937064619 10010 9990 429 210.646  
2019_10_24_12_11_04_644 1571937064644 10035 10015 447 219.489  
2019_10_24_12_11_04_653 1571937064653 10044 10024 215 106.252  
2019_10_24_12_11_04_715 1571937064715 10106 10086 694 341.796  
2019_10_24_12_11_04_722 1571937064722 10113 10093 219 108.191  
2019_10_24_12_11_04_734 1571937064734 10125 10105 293 144.146  
2019_10_24_12_11_04_743 1571937064743 10134 10113 156 77.7091  
2019_10_24_12_11_04_752 1571937064752 10143 10122 177 87.8568  
2019_10_24_12_11_04_788 1571937064788 10179 10158 616 302.978  
2019_10_24_12_11_04_789 1571937064789 10180 10159 192 95.1131  
2019_10_24_12_11_04_804 1571937064804 10195 10174 152 75.7777  
2019_10_24_12_11_04_808 1571937064808 10199 10178 254 125.177  
2019_10_24_12_11_04_827 1571937064827 10218 10197 73 37.7291  
2019_10_24_12_11_04_828 1571937064828 10219 10198 363 178.306  
2019_10_24_12_11_04_829 1571937064829 10220 10199 601 295.533  
2019_10_24_12_11_04_919 1571937064919 10310 10289 727 358.273  
2019_10_24_12_11_05_054 1571937065054 10445 10424 379 186.134  
2019_10_24_12_11_05_093 1571937065093 10484 10463 385 189.072  
2019_10_24_12_11_05_101 1571937065101 10492 10471 173 85.9229  
2019_10_24_12_11_05_171 1571937065171 10562 10541 299 147.068  
2019_10_24_12_11_05_172 1571937065172 10563 10542 485 238.188  
2019_10_24_12_11_05_183 1571937065183 10574 10553 488 239.666  
2019_10_24_12_11_05_215 1571937065215 10606 10585 387 190.051  
2019_10_24_12_11_05_226 1571937065226 10617 10595 376 184.666  
2019_10_24_12_11_05_227 1571937065227 10618 10596 256 126.148  
2019_10_24_12_11_05_244 1571937065244 10635 10613 279 137.331  
2019_10_24_12_11_05_270 1571937065270 10661 10639 172 85.4395  
2019_10_24_12_11_05_312 1571937065312 10703 10681 184 91.2422  
2019_10_24_12_11_05_317 1571937065317 10708 10686 208 102.861  
2019_10_24_12_11_05_339 1571937065339 10730 10708 241 118.864  
2019_10_24_12_11_05_344 1571937065344 10735 10713 1204 600.041  
2019_10_24_12_11_05_362 1571937065362 10753 10731 159 79.1579  
2019_10_24_12_11_05_405 1571937065405 10796 10774 225 111.1  
2019_10_24_12_11_05_442 1571937065442 10833 10811 149 74.3294  
2019_10_24_12_11_05_498 1571937065498 10889 10867 322 158.28  
2019_10_24_12_11_05_523 1571937065523 10914 10892 363 178.306  
2019_10_24_12_11_05_563 1571937065563 10954 10932 1243 620.106  
2019_10_24_12_11_05_571 1571937065571 10962 10940 248 122.262  
2019_10_24_12_11_05_577 1571937065577 10968 10946 435 213.593  
2019_10_24_12_11_05_614 1571937065614 11005 10983 1858 942.459  
2019_10_24_12_11_05_688 1571937065688 11079 11056 267 131.495  
2019_10_24_12_11_05_759 1571937065759 11150 11127 319 156.817  
2019_10_24_12_11_05_822 1571937065822 11213 11190 90 45.9012  
2019_10_24_12_11_05_903 1571937065903 11294 11271 122 61.3071  
2019_10_24_12_11_05_908 1571937065908 11299 11276 238 117.407  
2019_10_24_12_11_05_914 1571937065914 11305 11282 311 152.916  
2019_10_24_12_11_05_978 1571937065978 11369 11346 398 195.44  
2019_10_24_12_11_05_993 1571937065993 11384 11361 498 244.595  
2019_10_24_12_11_06_020 1571937066020 11411 11388 1008 499.884  
2019_10_24_12_11_06_023 1571937066023 11414 11391 161 80.124  
2019_10_24_12_11_06_033 1571937066033 11424 11401 176 87.3733  
2019_10_24_12_11_06_150 1571937066150 11541 11518 246 121.291  
2019_10_24_12_11_06_168 1571937066168 11559 11536 344 169.019  
2019_10_24_12_11_06_179 1571937066179 11570 11547 167 83.0229  
2019_10_24_12_11_06_252 1571937066252 11643 11620 853 421.483  
2019_10_24_12_11_06_268 1571937066268 11659 11636 402 197.4  
2019_10_24_12_11_06_301 1571937066301 11692 11669 2774 1443.32  
2019_10_24_12_11_06_323 1571937066323 11714 11690 361 177.328  
2019_10_24_12_11_06_349 1571937066349 11740 11716 462 226.865  
2019_10_24_12_11_06_387 1571937066387 11778 11754 748 368.776  
2019_10_24_12_11_06_406 1571937066406 11797 11773 417 204.757  
2019_10_24_12_11_06_419 1571937066419 11810 11786 258 127.12  
2019_10_24_12_11_06_425 1571937066425 11816 11792 350 171.951  
2019_10_24_12_11_06_434 1571937066434 11825 11801 205 101.407  
2019_10_24_12_11_06_450 1571937066450 11841 11817 156 77.7091  
2019_10_24_12_11_06_460 1571937066460 11851 11827 179 88.8239  
2019_10_24_12_11_06_490 1571937066490 11881 11857 542 266.317  
2019_10_24_12_11_06_493 1571937066493 11884 11860 102 51.6749  
2019_10_24_12_11_06_510 1571937066510 11901 11877 210 103.829  
2019_10_24_12_11_06_532 1571937066532 11923 11899 90 45.9012  
2019_10_24_12_11_06_543 1571937066543 11934 11910 183 90.7585  
2019_10_24_12_11_06_551 1571937066551 11942 11918 157 78.192  
2019_10_24_12_11_06_615 1571937066615 12006 11982 375 184.176  
2019_10_24_12_11_06_755 1571937066755 12146 12122 147 73.3641  
2019_10_24_12_11_06_800 1571937066800 12191 12166 452 221.947  
2019_10_24_12_11_06_814 1571937066814 12205 12180 223 110.131  
2019_10_24_12_11_06_834 1571937066834 12225 12200 443 217.523  
2019_10_24_12_11_06_852 1571937066852 12243 12218 163 81.0902  
2019_10_24_12_11_06_854 1571937066854 12245 12220 430 211.137  
2019_10_24_12_11_06_855 1571937066855 12246 12221 811 400.361  
2019_10_24_12_11_06_873 1571937066873 12264 12239 246 121.291  
2019_10_24_12_11_06_907 1571937066907 12298 12273 83 42.5352  
2019_10_24_12_11_06_909 1571937066909 12300 12275 511 251.007  
2019_10_24_12_11_06_965 1571937066965 12356 12331 197 97.5334  
2019_10_24_12_11_06_966 1571937066966 12357 12332 255 125.662  
2019_10_24_12_11_07_036 1571937067036 12427 12402 343 168.531  
2019_10_24_12_11_07_038 1571937067038 12429 12404 264 130.036  
2019_10_24_12_11_07_046 1571937067046 12437 12412 306 150.479  
2019_10_24_12_11_07_162 1571937067162 12553 12528 118 59.3797  
2019_10_24_12_11_07_182 1571937067182 12573 12548 147 73.3641  
2019_10_24_12_11_07_183 1571937067183 12574 12549 217 107.222  
2019_10_24_12_11_07_320 1571937067320 12711 12686 888 439.124  
2019_10_24_12_11_07_341 1571937067341 12732 12706 612 300.992  
2019_10_24_12_11_07_376 1571937067376 12767 12741 907 448.716  
2019_10_24_12_11_07_387 1571937067387 12778 12752 189 93.6613  
2019_10_24_12_11_07_548 1571937067548 12939 12913 93 47.3442  
2019_10_24_12_11_07_725 1571937067725 13116 13090 338 166.089  
2019_10_24_12_11_07_731 1571937067731 13122 13096 1241 619.076  
2019_10_24_12_11_07_753 1571937067753 13144 13118 953 471.983  
2019_10_24_12_11_07_765 1571937067765 13156 13130 488 239.666  
2019_10_24_12_11_07_816 1571937067816 13207 13181 4095 2209.31  
2019_10_24_12_11_07_859 1571937067859 13250 13224 341 167.554  
2019_10_24_12_11_07_867 1571937067867 13258 13232 100 50.7123  
2019_10_24_12_11_07_918 1571937067918 13309 13283 421 206.719  
2019_10_24_12_11_07_942 1571937067942 13333 13307 259 127.606  
2019_10_24_12_11_07_952 1571937067952 13343 13317 525 257.917  
2019_10_24_12_11_07_961 1571937067961 13352 13326 751 370.277  
2019_10_24_12_11_07_973 1571937067973 13364 13338 791 390.321  
2019_10_24_12_11_08_046 1571937068046 13437 13411 176 87.3733  
2019_10_24_12_11_08_116 1571937068116 13507 13480 188 93.1774  
2019_10_24_12_11_08_292 1571937068292 13683 13656 355 174.394  
2019_10_24_12_11_08_297 1571937068297 13688 13661 404 198.381  
2019_10_24_12_11_08_341 1571937068341 13732 13705 189 93.6613  
2019_10_24_12_11_08_382 1571937068382 13773 13746 272 133.926  
2019_10_24_12_11_08_386 1571937068386 13777 13750 413 202.794  
2019_10_24_12_11_08_465 1571937068465 13856 13829 249 122.748  
2019_10_24_12_11_08_526 1571937068526 13917 13890 207 102.376  
2019_10_24_12_11_08_539 1571937068539 13930 13903 4095 2209.31  
2019_10_24_12_11_08_560 1571937068560 13951 13924 1089 541.138  
2019_10_24_12_11_08_581 1571937068581 13972 13945 375 184.176  
2019_10_24_12_11_08_652 1571937068652 14043 14016 209 103.345  
2019_10_24_12_11_08_686 1571937068686 14077 14050 166 82.5397  
2019_10_24_12_11_08_704 1571937068704 14095 14068 225 111.1  
2019_10_24_12_11_08_714 1571937068714 14105 14078 266 131.008  
2019_10_24_12_11_08_817 1571937068817 14208 14181 189 93.6613  
2019_10_24_12_11_08_863 1571937068863 14254 14227 290 142.685  
2019_10_24_12_11_08_871 1571937068871 14262 14234 126 63.235  
2019_10_24_12_11_08_926 1571937068926 14317 14289 504 247.553  
2019_10_24_12_11_08_935 1571937068935 14326 14298 1755 887.691  
2019_10_24_12_11_09_003 1571937069003 14394 14366 139 69.5038  
2019_10_24_12_11_09_010 1571937069010 14401 14373 546 268.294  
2019_10_24_12_11_09_056 1571937069056 14447 14419 174 86.4063  
2019_10_24_12_11_09_068 1571937069068 14459 14431 92 46.8632  
2019_10_24_12_11_09_196 1571937069196 14587 14559 353 173.417  
2019_10_24_12_11_09_350 1571937069350 14741 14713 164 81.5733  
2019_10_24_12_11_09_383 1571937069383 14774 14746 734 361.773  
2019_10_24_12_11_09_455 1571937069455 14846 14818 2273 1166.3  
2019_10_24_12_11_09_482 1571937069482 14873 14845 711 350.28  
2019_10_24_12_11_09_496 1571937069496 14887 14859 1239 618.046  
2019_10_24_12_11_09_541 1571937069541 14932 14904 209 103.345  
2019_10_24_12_11_09_556 1571937069556 14947 14919 198 98.0175  
2019_10_24_12_11_09_642 1571937069642 15033 15005 192 95.1131  
2019_10_24_12_11_09_656 1571937069656 15047 15019 246 121.291  
2019_10_24_12_11_09_673 1571937069673 15064 15035 479 235.233  
2019_10_24_12_11_09_704 1571937069704 15095 15066 289 142.198  
2019_10_24_12_11_09_718 1571937069718 15109 15080 335 164.624  
2019_10_24_12_11_09_838 1571937069838 15229 15200 343 168.531  
2019_10_24_12_11_09_839 1571937069839 15230 15201 338 166.089  
2019_10_24_12_11_09_893 1571937069893 15284 15255 286 140.738  
2019_10_24_12_11_09_904 1571937069904 15295 15266 465 228.341  
2019_10_24_12_11_09_937 1571937069937 15328 15299 607 298.51  
2019_10_24_12_11_09_988 1571937069988 15379 15350 256 126.148  
2019_10_24_12_11_10_205 1571937070205 15596 15567 73 37.7291  
2019_10_24_12_11_10_236 1571937070236 15627 15598 389 191.031  
2019_10_24_12_11_10_283 1571937070283 15674 15645 74 38.2096  
2019_10_24_12_11_10_289 1571937070289 15680 15651 305 149.991  
2019_10_24_12_11_10_294 1571937070294 15685 15656 321 157.792  
2019_10_24_12_11_10_347 1571937070347 15738 15709 70 36.2879  
2019_10_24_12_11_10_419 1571937070419 15810 15781 416 204.266  
2019_10_24_12_11_10_455 1571937070455 15846 15817 73 37.7291  
2019_10_24_12_11_10_480 1571937070480 15871 15841 148 73.8467  
2019_10_24_12_11_10_482 1571937070482 15873 15843 368 180.751  
2019_10_24_12_11_10_504 1571937070504 15895 15865 517 253.968  
2019_10_24_12_11_10_580 1571937070580 15971 15941 362 177.817  
2019_10_24_12_11_10_614 1571937070614 16005 15975 383 188.092  
2019_10_24_12_11_10_619 1571937070619 16010 15980 186 92.2098  
2019_10_24_12_11_10_680 1571937070680 16071 16041 215 106.252  
2019_10_24_12_11_10_695 1571937070695 16086 16056 424 208.192  
2019_10_24_12_11_10_748 1571937070748 16139 16109 87 44.4585  
2019_10_24_12_11_10_816 1571937070816 16207 16177 93 47.3442  
2019_10_24_12_11_10_826 1571937070826 16217 16187 204 100.923  
2019_10_24_12_11_10_977 1571937070977 16368 16338 205 101.407  
2019_10_24_12_11_10_993 1571937070993 16384 16354 474 232.771  
2019_10_24_12_11_11_022 1571937071022 16413 16383 214 105.768  
2019_10_24_12_11_11_051 1571937071051 16442 16412 240 118.378  
2019_10_24_12_11_11_066 1571937071066 16457 16427 4079 2199.73  
2019_10_24_12_11_11_067 1571937071067 16458 16428 252 124.205  
2019_10_24_12_11_11_088 1571937071088 16479 16449 215 106.252  
2019_10_24_12_11_11_124 1571937071124 16515 16484 264 130.036  
2019_10_24_12_11_11_172 1571937071172 16563 16532 489 240.159  
2019_10_24_12_11_11_252 1571937071252 16643 16612 363 178.306  
2019_10_24_12_11_11_276 1571937071276 16667 16636 174 86.4063  
2019_10_24_12_11_11_290 1571937071290 16681 16650 715 352.278  
2019_10_24_12_11_11_351 1571937071351 16742 16711 255 125.662  
2019_10_24_12_11_11_370 1571937071370 16761 16730 317 155.841  
2019_10_24_12_11_11_396 1571937071396 16787 16756 4095 2209.31  
2019_10_24_12_11_11_476 1571937071476 16867 16836 491 241.144  
2019_10_24_12_11_11_507 1571937071507 16898 16867 993 492.266  
2019_10_24_12_11_11_559 1571937071559 16950 16919 161 80.124  
2019_10_24_12_11_11_561 1571937071561 16952 16921 62 32.4459  
2019_10_24_12_11_11_568 1571937071568 16959 16928 2800 1457.89  
2019_10_24_12_11_11_569 1571937071569 16960 16929 1188 591.823  
2019_10_24_12_11_11_744 1571937071744 17135 17104 300 147.555  
2019_10_24_12_11_11_758 1571937071758 17149 17118 649 319.379  
2019_10_24_12_11_11_773 1571937071773 17164 17133 160 79.641  
2019_10_24_12_11_11_855 1571937071855 17246 17214 149 74.3294  
2019_10_24_12_11_11_930 1571937071930 17321 17289 188 93.1774  
2019_10_24_12_11_11_942 1571937071942 17333 17301 568 279.179  
2019_10_24_12_11_11_953 1571937071953 17344 17312 197 97.5334  
2019_10_24_12_11_11_991 1571937071991 17382 17350 105 53.119  
2019_10_24_12_11_12_013 1571937072013 17404 17372 324 159.256  
2019_10_24_12_11_12_060 1571937072060 17451 17419 535 262.857  
2019_10_24_12_11_12_072 1571937072072 17463 17431 77 39.6512  
2019_10_24_12_11_12_074 1571937072074 17465 17433 130 65.1633  
2019_10_24_12_11_12_145 1571937072145 17536 17504 407 199.852  
2019_10_24_12_11_12_160 1571937072160 17551 17519 2724 1415.34  
2019_10_24_12_11_12_168 1571937072168 17559 17527 104 52.6376  
2019_10_24_12_11_12_186 1571937072186 17577 17545 209 103.345  
2019_10_24_12_11_12_187 1571937072187 17578 17546 254 125.177  
2019_10_24_12_11_12_307 1571937072307 17698 17666 259 127.606  
2019_10_24_12_11_12_354 1571937072354 17745 17713 689 339.302  
2019_10_24_12_11_12_356 1571937072356 17747 17715 207 102.376  
2019_10_24_12_11_12_369 1571937072369 17760 17727 411 201.813  
2019_10_24_12_11_12_383 1571937072383 17774 17741 332 163.16  
2019_10_24_12_11_12_388 1571937072388 17779 17746 363 178.306  
2019_10_24_12_11_12_438 1571937072438 17829 17796 1044 518.195  
2019_10_24_12_11_12_473 1571937072473 17864 17831 1201 598.5  
2019_10_24_12_11_12_550 1571937072550 17941 17908 1940 986.284  
2019_10_24_12_11_12_601 1571937072601 17992 17959 192 95.1131  
2019_10_24_12_11_12_604 1571937072604 17995 17962 734 361.773  
2019_10_24_12_11_12_653 1571937072653 18044 18011 452 221.947  
2019_10_24_12_11_12_658 1571937072658 18049 18016 139 69.5038  
2019_10_24_12_11_12_695 1571937072695 18086 18053 1564 786.963  
2019_10_24_12_11_12_710 1571937072710 18101 18068 514 252.487  
2019_10_24_12_11_12_839 1571937072839 18230 18197 68 35.3272  
2019_10_24_12_11_12_904 1571937072904 18295 18262 175 86.8898  
2019_10_24_12_11_12_908 1571937072908 18299 18266 175 86.8898  
2019_10_24_12_11_12_945 1571937072945 18336 18303 434 213.102  
2019_10_24_12_11_12_970 1571937072970 18361 18328 1686 851.178  
2019_10_24_12_11_12_981 1571937072981 18372 18338 487 239.173  
2019_10_24_12_11_13_005 1571937073005 18396 18362 1142 568.236  
2019_10_24_12_11_13_030 1571937073030 18421 18387 371 182.219  
2019_10_24_12_11_13_058 1571937073058 18449 18415 313 153.891  
2019_10_24_12_11_13_063 1571937073063 18454 18420 221 109.161  
2019_10_24_12_11_13_165 1571937073165 18556 18522 383 188.092  
2019_10_24_12_11_13_176 1571937073176 18567 18533 467 229.325  
2019_10_24_12_11_13_218 1571937073218 18609 18575 986 488.713  
2019_10_24_12_11_13_231 1571937073231 18622 18588 4095 2209.31  
2019_10_24_12_11_13_259 1571937073259 18650 18616 406 199.361  
2019_10_24_12_11_13_283 1571937073283 18674 18640 1230 613.413  
2019_10_24_12_11_13_290 1571937073290 18681 18647 287 141.224  
2019_10_24_12_11_13_384 1571937073384 18775 18741 211 104.314  
2019_10_24_12_11_13_413 1571937073413 18804 18770 264 130.036  
2019_10_24_12_11_13_415 1571937073415 18806 18772 366 179.773  
2019_10_24_12_11_13_436 1571937073436 18827 18793 398 195.44  
2019_10_24_12_11_13_460 1571937073460 18851 18817 183 90.7585  
2019_10_24_12_11_13_475 1571937073475 18866 18831 169 83.9894  
2019_10_24_12_11_13_531 1571937073531 18922 18887 2881 1503.44  
2019_10_24_12_11_13_562 1571937073562 18953 18918 324 159.256  
2019_10_24_12_11_13_604 1571937073604 18995 18960 709 349.282  
2019_10_24_12_11_13_692 1571937073692 19083 19048 670 329.833  
2019_10_24_12_11_13_802 1571937073802 19193 19158 4095 2209.31  
2019_10_24_12_11_13_841 1571937073841 19232 19197 3335 1762.31  
2019_10_24_12_11_13_846 1571937073846 19237 19202 407 199.852  
2019_10_24_12_11_13_864 1571937073864 19255 19220 412 202.304  
2019_10_24_12_11_13_874 1571937073874 19265 19230 340 167.066  
2019_10_24_12_11_13_907 1571937073907 19298 19263 151 75.2949  
2019_10_24_12_11_13_917 1571937073917 19308 19273 166 82.5397  
2019_10_24_12_11_13_941 1571937073941 19332 19297 773 381.295  
2019_10_24_12_11_14_001 1571937074001 19392 19357 212 104.799  
2019_10_24_12_11_14_025 1571937074025 19416 19381 505 248.047  
2019_10_24_12_11_14_032 1571937074032 19423 19388 115 57.9345  
2019_10_24_12_11_14_044 1571937074044 19435 19400 4095 2209.31  
2019_10_24_12_11_14_096 1571937074096 19487 19452 433 212.611  
2019_10_24_12_11_14_100 1571937074100 19491 19455 165 82.0565  
2019_10_24_12_11_14_166 1571937074166 19557 19521 2338 1201.82  
2019_10_24_12_11_14_233 1571937074233 19624 19588 315 154.866  
2019_10_24_12_11_14_248 1571937074248 19639 19603 206 101.892  
2019_10_24_12_11_14_305 1571937074305 19696 19660 886 438.115  
2019_10_24_12_11_14_361 1571937074361 19752 19716 184 91.2422  
2019_10_24_12_11_14_366 1571937074366 19757 19721 115 57.9345  
2019_10_24_12_11_14_368 1571937074368 19759 19723 128 64.1991  
2019_10_24_12_11_14_386 1571937074386 19777 19741 93 47.3442  
2019_10_24_12_11_14_448 1571937074448 19839 19803 327 160.72  
2019_10_24_12_11_14_468 1571937074468 19859 19823 186 92.2098  
2019_10_24_12_11_14_482 1571937074482 19873 19837 297 146.094  
2019_10_24_12_11_14_504 1571937074504 19895 19859 92 46.8632  
2019_10_24_12_11_14_581 1571937074581 19972 19936 1000 495.82  
2019_10_24_12_11_14_599 1571937074599 19990 19954 204 100.923  
2019_10_24_12_11_14_610 1571937074610 20001 19965 225 111.1  
2019_10_24_12_11_14_611 1571937074611 20002 19966 215 106.252  
2019_10_24_12_11_14_684 1571937074684 20075 20038 211 104.314  
2019_10_24_12_11_14_689 1571937074689 20080 20043 162 80.6071  
2019_10_24_12_11_14_731 1571937074731 20122 20085 311 152.916  
2019_10_24_12_11_14_733 1571937074733 20124 20087 178 88.3403  
2019_10_24_12_11_14_747 1571937074747 20138 20101 190 94.1452  
2019_10_24_12_11_14_773 1571937074773 20164 20127 443 217.523  
2019_10_24_12_11_14_775 1571937074775 20166 20129 124 62.271  
2019_10_24_12_11_14_815 1571937074815 20206 20169 287 141.224  
2019_10_24_12_11_14_839 1571937074839 20230 20193 162 80.6071  
2019_10_24_12_11_14_844 1571937074844 20235 20198 116 58.4162  
2019_10_24_12_11_14_884 1571937074884 20275 20238 86 43.9776  
2019_10_24_12_11_14_929 1571937074929 20320 20283 89 45.4203  
2019_10_24_12_11_14_959 1571937074959 20350 20313 202 99.9544  
2019_10_24_12_11_14_977 1571937074977 20368 20331 285 140.251  
2019_10_24_12_11_15_007 1571937075007 20398 20361 282 138.791  
2019_10_24_12_11_15_010 1571937075010 20401 20364 494 242.623  
2019_10_24_12_11_15_063 1571937075063 20454 20417 186 92.2098  
2019_10_24_12_11_15_081 1571937075081 20472 20434 179 88.8239  
2019_10_24_12_11_15_139 1571937075139 20530 20492 77 39.6512  
2019_10_24_12_11_15_296 1571937075296 20687 20649 220 108.676  
2019_10_24_12_11_15_308 1571937075308 20699 20661 179 88.8239  
2019_10_24_12_11_15_321 1571937075321 20712 20674 222 109.646  
2019_10_24_12_11_15_330 1571937075330 20721 20683 159 79.1579  
2019_10_24_12_11_15_338 1571937075338 20729 20691 216 106.737  
2019_10_24_12_11_15_341 1571937075341 20732 20694 204 100.923  
2019_10_24_12_11_15_452 1571937075452 20843 20805 156 77.7091  
2019_10_24_12_11_15_478 1571937075478 20869 20831 412 202.304  
2019_10_24_12_11_15_489 1571937075489 20880 20842 178 88.3403  
2019_10_24_12_11_15_508 1571937075508 20899 20861 255 125.662  
2019_10_24_12_11_15_623 1571937075623 21014 20976 826 407.898  
2019_10_24_12_11_15_637 1571937075637 21028 20990 184 91.2422  
2019_10_24_12_11_15_672 1571937075672 21063 21025 89 45.4203  
2019_10_24_12_11_15_797 1571937075797 21188 21150 92 46.8632  
2019_10_24_12_11_15_804 1571937075804 21195 21157 66 34.3667  
2019_10_24_12_11_15_805 1571937075805 21196 21157 186 92.2098  
2019_10_24_12_11_15_902 1571937075902 21293 21254 540 265.328  
2019_10_24_12_11_15_952 1571937075952 21343 21304 442 217.032  
2019_10_24_12_11_15_973 1571937075973 21364 21325 404 198.381  
2019_10_24_12_11_15_978 1571937075978 21369 21330 299 147.068  
2019_10_24_12_11_16_061 1571937076061 21452 21413 422 207.21  
2019_10_24_12_11_16_098 1571937076098 21489 21450 161 80.124  
2019_10_24_12_11_16_128 1571937076128 21519 21480 220 108.676  
2019_10_24_12_11_16_134 1571937076134 21525 21486 1168 581.56  
2019_10_24_12_11_16_150 1571937076150 21541 21502 622 305.957  
2019_10_24_12_11_16_157 1571937076157 21548 21509 302 148.53  
2019_10_24_12_11_16_186 1571937076186 21577 21538 99 50.2311  
2019_10_24_12_11_16_212 1571937076212 21603 21564 286 140.738  
2019_10_24_12_11_16_249 1571937076249 21640 21601 2069 1055.63  
2019_10_24_12_11_16_258 1571937076258 21649 21610 311 152.916  
2019_10_24_12_11_16_261 1571937076261 21652 21613 784 386.81  
2019_10_24_12_11_16_290 1571937076290 21681 21642 297 146.094  
2019_10_24_12_11_16_292 1571937076292 21683 21643 866 428.031  
2019_10_24_12_11_16_300 1571937076300 21691 21651 92 46.8632  
2019_10_24_12_11_16_318 1571937076318 21709 21669 180 89.3075  
2019_10_24_12_11_16_325 1571937076325 21716 21676 1660 837.456  
2019_10_24_12_11_16_358 1571937076358 21749 21709 241 118.864  
2019_10_24_12_11_16_390 1571937076390 21781 21741 106 53.6004  
2019_10_24_12_11_16_467 1571937076467 21858 21818 1855 940.859  
2019_10_24_12_11_16_471 1571937076471 21862 21822 419 205.738  
2019_10_24_12_11_16_539 1571937076539 21930 21890 552 271.261  
2019_10_24_12_11_16_644 1571937076644 22035 21995 1521 764.435  
2019_10_24_12_11_16_661 1571937076661 22052 22012 320 157.305  
2019_10_24_12_11_16_751 1571937076751 22142 22102 481 236.218  
2019_10_24_12_11_16_826 1571937076826 22217 22177 261 128.578  
2019_10_24_12_11_16_829 1571937076829 22220 22180 151 75.2949  
2019_10_24_12_11_16_901 1571937076901 22292 22252 564 277.199  
2019_10_24_12_11_16_922 1571937076922 22313 22273 342 168.042  
2019_10_24_12_11_16_975 1571937076975 22366 22326 576 283.141  
2019_10_24_12_11_17_011 1571937077011 22402 22362 848 418.965  
2019_10_24_12_11_17_051 1571937077051 22442 22401 428 210.155  
2019_10_24_12_11_17_112 1571937077112 22503 22462 2658 1378.52  
2019_10_24_12_11_17_137 1571937077137 22528 22487 170 84.4728  
2019_10_24_12_11_17_143 1571937077143 22534 22493 305 149.991  
2019_10_24_12_11_17_163 1571937077163 22554 22513 783 386.308  
2019_10_24_12_11_17_183 1571937077183 22574 22533 521 255.942  
2019_10_24_12_11_17_232 1571937077232 22623 22582 352 172.928  
2019_10_24_12_11_17_244 1571937077244 22635 22594 429 210.646  
2019_10_24_12_11_17_248 1571937077248 22639 22598 210 103.829  
2019_10_24_12_11_17_319 1571937077319 22710 22669 407 199.852  
2019_10_24_12_11_17_357 1571937077357 22748 22707 891 440.638  
2019_10_24_12_11_17_363 1571937077363 22754 22713 560 275.219  
2019_10_24_12_11_17_415 1571937077415 22806 22765 401 196.91  
2019_10_24_12_11_17_419 1571937077419 22810 22769 1088 540.627  
2019_10_24_12_11_17_427 1571937077427 22818 22777 397 194.95  
2019_10_24_12_11_17_428 1571937077428 22819 22778 277 136.358  
2019_10_24_12_11_17_456 1571937077456 22847 22806 207 102.376  
2019_10_24_12_11_17_476 1571937077476 22867 22825 443 217.523  
2019_10_24_12_11_17_486 1571937077486 22877 22835 251 123.719  
2019_10_24_12_11_17_500 1571937077500 22891 22849 169 83.9894  
2019_10_24_12_11_17_531 1571937077531 22922 22880 236 116.437  
2019_10_24_12_11_17_539 1571937077539 22930 22888 227 112.07  
2019_10_24_12_11_17_542 1571937077542 22933 22891 246 121.291  
2019_10_24_12_11_17_546 1571937077546 22937 22895 329 161.696  
2019_10_24_12_11_17_561 1571937077561 22952 22910 265 130.522  
2019_10_24_12_11_17_629 1571937077629 23020 22978 552 271.261  
2019_10_24_12_11_17_679 1571937077679 23070 23028 89 45.4203  
2019_10_24_12_11_17_721 1571937077721 23112 23070 163 81.0902  
2019_10_24_12_11_17_798 1571937077798 23189 23147 340 167.066  
2019_10_24_12_11_17_866 1571937077866 23257 23215 394 193.48  
2019_10_24_12_11_17_889 1571937077889 23280 23238 301 148.042  
2019_10_24_12_11_17_922 1571937077922 23313 23271 289 142.198  
2019_10_24_12_11_17_928 1571937077928 23319 23277 490 240.651  
2019_10_24_12_11_17_931 1571937077931 23322 23280 146 72.8814  
2019_10_24_12_11_17_944 1571937077944 23335 23292 159 79.1579  
2019_10_24_12_11_17_961 1571937077961 23352 23309 293 144.146  
2019_10_24_12_11_18_007 1571937078007 23398 23355 192 95.1131  
2019_10_24_12_11_18_009 1571937078009 23400 23357 331 162.672  
2019_10_24_12_11_18_073 1571937078073 23464 23421 140 69.9862  
2019_10_24_12_11_18_099 1571937078099 23490 23447 386 189.561  
2019_10_24_12_11_18_119 1571937078119 23510 23467 178 88.3403  
2019_10_24_12_11_18_153 1571937078153 23544 23501 321 157.792  
2019_10_24_12_11_18_158 1571937078158 23549 23506 159 79.1579  
2019_10_24_12_11_18_210 1571937078210 23601 23558 215 106.252  
2019_10_24_12_11_18_223 1571937078223 23614 23571 134 67.0921  
2019_10_24_12_11_18_255 1571937078255 23646 23603 220 108.676  
2019_10_24_12_11_18_262 1571937078262 23653 23610 278 136.845  
2019_10_24_12_11_18_288 1571937078288 23679 23636 347 170.485  
2019_10_24_12_11_18_328 1571937078328 23719 23676 304 149.504  
2019_10_24_12_11_18_372 1571937078372 23763 23720 71 36.7683  
2019_10_24_12_11_18_425 1571937078425 23816 23773 186 92.2098  
2019_10_24_12_11_18_456 1571937078456 23847 23803 441 216.54  
2019_10_24_12_11_18_464 1571937078464 23855 23811 223 110.131  
2019_10_24_12_11_18_466 1571937078466 23857 23813 204 100.923  
2019_10_24_12_11_18_475 1571937078475 23866 23822 100 50.7123  
2019_10_24_12_11_18_747 1571937078747 24138 24094 1791 906.798  
2019_10_24_12_11_18_748 1571937078748 24139 24095 102 51.6749  
2019_10_24_12_11_18_749 1571937078749 24140 24096 308 151.453  
2019_10_24_12_11_18_749 1571937078749 24140 24096 361 177.328  
2019_10_24_12_11_18_749 1571937078749 24140 24096 652 320.872  
2019_10_24_12_11_18_749 1571937078749 24140 24096 3850 2063.35  
2019_10_24_12_11_18_749 1571937078749 24140 24096 203 100.439  
2019_10_24_12_11_18_749 1571937078749 24140 24096 277 136.358  
2019_10_24_12_11_18_749 1571937078749 24140 24096 172 85.4395  
2019_10_24_12_11_18_750 1571937078750 24141 24097 147 73.3641  
2019_10_24_12_11_18_815 1571937078815 24206 24162 247 121.777  
2019_10_24_12_11_18_826 1571937078826 24217 24173 190 94.1452  
2019_10_24_12_11_18_888 1571937078888 24279 24235 192 95.1131  
2019_10_24_12_11_18_904 1571937078904 24295 24250 250 123.234  
2019_10_24_12_11_18_950 1571937078950 24341 24296 388 190.541  
2019_10_24_12_11_18_963 1571937078963 24354 24309 828 408.904  
2019_10_24_12_11_18_997 1571937078997 24388 24343 891 440.638  
2019_10_24_12_11_19_045 1571937079045 24436 24391 76 39.1707  
2019_10_24_12_11_19_104 1571937079104 24495 24450 220 108.676  
2019_10_24_12_11_19_105 1571937079105 24496 24451 253 124.691  
2019_10_24_12_11_19_122 1571937079122 24513 24468 141 70.4687  
2019_10_24_12_11_19_193 1571937079193 24584 24539 1411 707.053  
2019_10_24_12_11_19_204 1571937079204 24595 24550 244 120.32  
2019_10_24_12_11_19_214 1571937079214 24605 24560 1022 507  
2019_10_24_12_11_19_257 1571937079257 24648 24603 135 67.5744  
2019_10_24_12_11_19_284 1571937079284 24675 24630 4095 2209.31  
2019_10_24_12_11_19_291 1571937079291 24682 24637 3003 1572.41  
2019_10_24_12_11_19_410 1571937079410 24801 24756 2601 1346.82  
2019_10_24_12_11_19_413 1571937079413 24804 24759 580 285.122  
2019_10_24_12_11_19_420 1571937079420 24811 24766 502 246.567  
2019_10_24_12_11_19_436 1571937079436 24827 24782 594 292.062  
2019_10_24_12_11_19_482 1571937079482 24873 24827 258 127.12  
2019_10_24_12_11_19_485 1571937079485 24876 24830 359 176.35  
2019_10_24_12_11_19_490 1571937079490 24881 24835 196 97.0493  
2019_10_24_12_11_19_515 1571937079515 24906 24860 1587 799.035  
2019_10_24_12_11_19_567 1571937079567 24958 24912 2142 1095.09  
2019_10_24_12_11_19_602 1571937079602 24993 24947 91 46.3822  
2019_10_24_12_11_19_656 1571937079656 25047 25001 295 145.12  
2019_10_24_12_11_19_699 1571937079699 25090 25044 359 176.35  
2019_10_24_12_11_19_708 1571937079708 25099 25053 157 78.192  
2019_10_24_12_11_19_746 1571937079746 25137 25091 191 94.6291  
2019_10_24_12_11_19_758 1571937079758 25149 25103 123 61.789  
2019_10_24_12_11_19_808 1571937079808 25199 25153 257 126.634  
2019_10_24_12_11_19_819 1571937079819 25210 25164 143 71.4337  
2019_10_24_12_11_19_834 1571937079834 25225 25179 207 102.376  
2019_10_24_12_11_19_842 1571937079842 25233 25187 110 55.5264  
2019_10_24_12_11_19_894 1571937079894 25285 25239 222 109.646  
2019_10_24_12_11_19_912 1571937079912 25303 25257 527 258.905  
2019_10_24_12_11_19_929 1571937079929 25320 25273 4095 2209.31  
2019_10_24_12_11_19_949 1571937079949 25340 25293 2165 1107.56  
2019_10_24_12_11_19_951 1571937079951 25342 25295 242 119.349  
2019_10_24_12_11_19_979 1571937079979 25370 25323 2238 1147.23  
2019_10_24_12_11_19_988 1571937079988 25379 25332 520 255.449  
2019_10_24_12_11_20_030 1571937080030 25421 25374 72 37.2487  
2019_10_24_12_11_20_063 1571937080063 25454 25407 217 107.222  
2019_10_24_12_11_20_076 1571937080076 25467 25420 641 315.4  
2019_10_24_12_11_20_143 1571937080143 25534 25487 312 153.403  
2019_10_24_12_11_20_155 1571937080155 25546 25499 162 80.6071  
2019_10_24_12_11_20_247 1571937080247 25638 25591 94 47.8253  
2019_10_24_12_11_20_323 1571937080323 25714 25667 295 145.12  
2019_10_24_12_11_20_334 1571937080334 25725 25678 425 208.683  
2019_10_24_12_11_20_369 1571937080369 25760 25713 912 451.242  
2019_10_24_12_11_20_376 1571937080376 25767 25720 724 356.774  
2019_10_24_12_11_20_407 1571937080407 25798 25751 88 44.9393  
2019_10_24_12_11_20_413 1571937080413 25804 25757 627 308.441  
2019_10_24_12_11_20_477 1571937080477 25868 25820 335 164.624  
2019_10_24_12_11_20_795 1571937080795 26186 26138 142 70.9512  
2019_10_24_12_11_20_796 1571937080796 26187 26139 867 428.535  
2019_10_24_12_11_20_797 1571937080797 26188 26140 392 192.5  
2019_10_24_12_11_20_797 1571937080797 26188 26140 2488 1284.27  
2019_10_24_12_11_20_824 1571937080824 26215 26167 326 160.232  
2019_10_24_12_11_20_866 1571937080866 26257 26209 164 81.5733  
2019_10_24_12_11_20_889 1571937080889 26280 26232 167 83.0229  
2019_10_24_12_11_20_905 1571937080905 26296 26248 159 79.1579  
2019_10_24_12_11_21_012 1571937081012 26403 26355 396 194.46  
2019_10_24_12_11_21_016 1571937081016 26407 26359 227 112.07  
2019_10_24_12_11_21_020 1571937081020 26411 26363 151 75.2949  
2019_10_24_12_11_21_036 1571937081036 26427 26379 191 94.6291  
2019_10_24_12_11_21_060 1571937081060 26451 26403 1681 848.538  
2019_10_24_12_11_21_212 1571937081212 26603 26555 616 302.978  
2019_10_24_12_11_21_216 1571937081216 26607 26559 1707 862.276  
2019_10_24_12_11_21_257 1571937081257 26648 26600 129 64.6812  
2019_10_24_12_11_21_262 1571937081262 26653 26604 179 88.8239  
2019_10_24_12_11_21_265 1571937081265 26656 26607 436 214.084  
2019_10_24_12_11_21_271 1571937081271 26662 26613 319 156.817  
2019_10_24_12_11_21_312 1571937081312 26703 26654 202 99.9544  
2019_10_24_12_11_21_362 1571937081362 26753 26704 273 134.412  
2019_10_24_12_11_21_367 1571937081367 26758 26709 418 205.247  
2019_10_24_12_11_21_374 1571937081374 26765 26716 246 121.291  
2019_10_24_12_11_21_421 1571937081421 26812 26763 423 207.701  
2019_10_24_12_11_21_504 1571937081504 26895 26846 104 52.6376  
2019_10_24_12_11_21_505 1571937081505 26896 26847 307 150.966  
2019_10_24_12_11_21_507 1571937081507 26898 26849 346 169.996  
2019_10_24_12_11_21_543 1571937081543 26934 26885 359 176.35  
2019_10_24_12_11_21_624 1571937081624 27015 26966 177 87.8568  
2019_10_24_12_11_21_630 1571937081630 27021 26972 171 84.9561  
2019_10_24_12_11_21_718 1571937081718 27109 27060 353 173.417  
2019_10_24_12_11_21_768 1571937081768 27159 27110 192 95.1131  
2019_10_24_12_11_21_786 1571937081786 27177 27128 358 175.861  
2019_10_24_12_11_21_830 1571937081830 27221 27171 202 99.9544  
2019_10_24_12_11_21_847 1571937081847 27238 27188 128 64.1991  
2019_10_24_12_11_21_892 1571937081892 27283 27233 323 158.768  
2019_10_24_12_11_21_911 1571937081911 27302 27252 943 466.92  
2019_10_24_12_11_21_958 1571937081958 27349 27299 467 229.325  
2019_10_24_12_11_21_965 1571937081965 27356 27306 218 107.707  
2019_10_24_12_11_21_969 1571937081969 27360 27310 472 231.786  
2019_10_24_12_11_21_975 1571937081975 27366 27316 813 401.365  
2019_10_24_12_11_22_080 1571937082080 27471 27421 313 153.891  
2019_10_24_12_11_22_110 1571937082110 27501 27451 310 152.428  
2019_10_24_12_11_22_180 1571937082180 27571 27521 272 133.926  
2019_10_24_12_11_22_269 1571937082269 27660 27610 4095 2209.31  
2019_10_24_12_11_22_302 1571937082302 27693 27643 1543 775.954  
2019_10_24_12_11_22_363 1571937082363 27754 27704 343 168.531  
2019_10_24_12_11_22_431 1571937082431 27822 27772 251 123.719  
2019_10_24_12_11_22_448 1571937082448 27839 27789 219 108.191  
2019_10_24_12_11_22_534 1571937082534 27925 27875 247 121.777  
2019_10_24_12_11_22_565 1571937082565 27956 27906 92 46.8632  
2019_10_24_12_11_22_566 1571937082566 27957 27906 206 101.892  
2019_10_24_12_11_22_579 1571937082579 27970 27919 206 101.892  
2019_10_24_12_11_22_843 1571937082843 28234 28183 423 207.701  
2019_10_24_12_11_22_844 1571937082844 28235 28184 1149 571.821  
2019_10_24_12_11_22_845 1571937082845 28236 28185 339 166.577  
2019_10_24_12_11_22_845 1571937082845 28236 28185 429 210.646  
2019_10_24_12_11_22_845 1571937082845 28236 28185 195 96.5652  
2019_10_24_12_11_22_845 1571937082845 28236 28185 134 67.0921  
2019_10_24_12_11_22_851 1571937082851 28242 28191 561 275.714  
2019_10_24_12_11_22_885 1571937082885 28276 28225 103 52.1562  
2019_10_24_12_11_22_906 1571937082906 28297 28246 926 458.319  
2019_10_24_12_11_22_934 1571937082934 28325 28274 171 84.9561  
2019_10_24_12_11_22_958 1571937082958 28349 28298 258 127.12  
2019_10_24_12_11_22_966 1571937082966 28357 28306 293 144.146  
2019_10_24_12_11_22_980 1571937082980 28371 28320 313 153.891  
2019_10_24_12_11_23_001 1571937083001 28392 28341 2458 1267.73  
2019_10_24_12_11_23_051 1571937083051 28442 28391 91 46.3822  
2019_10_24_12_11_23_122 1571937083122 28513 28461 107 54.0818  
2019_10_24_12_11_23_143 1571937083143 28534 28482 164 81.5733  
2019_10_24_12_11_23_225 1571937083225 28616 28564 333 163.648  
2019_10_24_12_11_23_232 1571937083232 28623 28571 1980 1007.73  
2019_10_24_12_11_23_246 1571937083246 28637 28585 151 75.2949  
2019_10_24_12_11_23_276 1571937083276 28667 28615 105 53.119  
2019_10_24_12_11_23_282 1571937083282 28673 28621 327 160.72  
2019_10_24_12_11_23_303 1571937083303 28694 28642 186 92.2098  
2019_10_24_12_11_23_354 1571937083354 28745 28693 1846 936.062  
2019_10_24_12_11_23_464 1571937083464 28855 28803 81 41.5738  
2019_10_24_12_11_23_482 1571937083482 28873 28821 165 82.0565  
2019_10_24_12_11_23_520 1571937083520 28911 28859 148 73.8467  
2019_10_24_12_11_23_536 1571937083536 28927 28875 984 487.698  
2019_10_24_12_11_23_581 1571937083581 28972 28920 461 226.373  
2019_10_24_12_11_23_700 1571937083700 29091 29039 136 68.0567  
2019_10_24_12_11_23_716 1571937083716 29107 29055 535 262.857  
2019_10_24_12_11_23_737 1571937083737 29128 29076 290 142.685  
2019_10_24_12_11_23_806 1571937083806 29197 29144 114 57.4528  
2019_10_24_12_11_23_808 1571937083808 29199 29146 369 181.24  
2019_10_24_12_11_23_870 1571937083870 29261 29208 384 188.582  
2019_10_24_12_11_23_888 1571937083888 29279 29226 183 90.7585  
2019_10_24_12_11_23_901 1571937083901 29292 29239 745 367.274  
2019_10_24_12_11_23_903 1571937083903 29294 29241 87 44.4585  
2019_10_24_12_11_23_942 1571937083942 29333 29280 204 100.923  
2019_10_24_12_11_23_952 1571937083952 29343 29290 170 84.4728  
2019_10_24_12_11_24_016 1571937084016 29407 29354 578 284.132  
2019_10_24_12_11_24_045 1571937084045 29436 29383 699 344.29  
2019_10_24_12_11_24_103 1571937084103 29494 29441 2425 1249.56  
2019_10_24_12_11_24_131 1571937084131 29522 29469 221 109.161  
2019_10_24_12_11_24_134 1571937084134 29525 29472 236 116.437  
2019_10_24_12_11_24_136 1571937084136 29527 29474 232 114.496  
2019_10_24_12_11_24_201 1571937084201 29592 29539 231 114.011  
2019_10_24_12_11_24_214 1571937084214 29605 29552 208 102.861  
2019_10_24_12_11_24_219 1571937084219 29610 29557 1027 509.543  
2019_10_24_12_11_24_227 1571937084227 29618 29564 151 75.2949  
2019_10_24_12_11_24_235 1571937084235 29626 29572 154 76.7433  
2019_10_24_12_11_24_259 1571937084259 29650 29596 219 108.191  
2019_10_24_12_11_24_345 1571937084345 29736 29682 189 93.6613  
2019_10_24_12_11_24_355 1571937084355 29746 29692 83 42.5352  
2019_10_24_12_11_24_365 1571937084365 29756 29702 238 117.407  
2019_10_24_12_11_24_388 1571937084388 29779 29725 248 122.262  
2019_10_24_12_11_24_405 1571937084405 29796 29742 101 51.1936  
2019_10_24_12_11_24_406 1571937084406 29797 29743 138 69.0214  
2019_10_24_12_11_24_424 1571937084424 29815 29761 661 325.351  
2019_10_24_12_11_24_576 1571937084576 29967 29913 267 131.495  
