1571936377213 2019_10_24_11_59_37_213 2.734449 0.478300  0.000014786
2019_10_24_11_59_37_304 1571936377304 91 90 278 136.845  
2019_10_24_11_59_37_305 1571936377305 92 91 90 45.9012  
2019_10_24_11_59_37_306 1571936377306 93 92 133 66.6099  
2019_10_24_11_59_37_306 1571936377306 93 92 541 265.822  
2019_10_24_11_59_37_306 1571936377306 93 92 254 125.177  
2019_10_24_11_59_37_306 1571936377306 93 92 622 305.957  
2019_10_24_11_59_37_306 1571936377306 93 92 226 111.585  
2019_10_24_11_59_37_306 1571936377306 93 92 350 171.951  
2019_10_24_11_59_37_307 1571936377307 94 93 140 69.9862  
2019_10_24_11_59_37_307 1571936377307 94 93 204 100.923  
2019_10_24_11_59_37_307 1571936377307 94 93 739 364.273  
2019_10_24_11_59_37_307 1571936377307 94 93 191 94.6291  
2019_10_24_11_59_37_307 1571936377307 94 93 185 91.726  
2019_10_24_11_59_37_307 1571936377307 94 93 99 50.2311  
2019_10_24_11_59_37_307 1571936377307 94 93 116 58.4162  
2019_10_24_11_59_37_307 1571936377307 94 93 685 337.308  
2019_10_24_11_59_37_307 1571936377307 94 93 288 141.711  
2019_10_24_11_59_37_308 1571936377308 95 93 482 236.71  
2019_10_24_11_59_37_308 1571936377308 95 93 189 93.6613  
2019_10_24_11_59_37_308 1571936377308 95 93 180 89.3075  
2019_10_24_11_59_37_308 1571936377308 95 93 3244 1709.94  
2019_10_24_11_59_37_308 1571936377308 95 93 174 86.4063  
2019_10_24_11_59_37_308 1571936377308 95 93 202 99.9544  
2019_10_24_11_59_37_308 1571936377308 95 93 183 90.7585  
2019_10_24_11_59_37_308 1571936377308 95 93 245 120.805  
2019_10_24_11_59_37_308 1571936377308 95 93 161 80.124  
2019_10_24_11_59_37_309 1571936377309 96 94 574 282.15  
2019_10_24_11_59_37_309 1571936377309 96 94 171 84.9561  
2019_10_24_11_59_37_309 1571936377309 96 94 150 74.8121  
2019_10_24_11_59_37_309 1571936377309 96 94 195 96.5652  
2019_10_24_11_59_37_309 1571936377309 96 94 215 106.252  
2019_10_24_11_59_37_309 1571936377309 96 94 382 187.603  
2019_10_24_11_59_37_309 1571936377309 96 94 1457 731.005  
2019_10_24_11_59_37_309 1571936377309 96 94 439 215.558  
2019_10_24_11_59_37_325 1571936377325 112 109 321 157.792  
2019_10_24_11_59_37_347 1571936377347 134 131 229 113.041  
2019_10_24_11_59_37_396 1571936377396 183 180 345 169.508  
2019_10_24_11_59_37_400 1571936377400 187 184 122 61.3071  
2019_10_24_11_59_37_413 1571936377413 200 197 129 64.6812  
2019_10_24_11_59_37_433 1571936377433 220 217 343 168.531  
2019_10_24_11_59_37_443 1571936377443 230 227 450 220.964  
2019_10_24_11_59_37_459 1571936377459 246 243 263 129.55  
2019_10_24_11_59_37_500 1571936377500 287 284 237 116.922  
2019_10_24_11_59_37_504 1571936377504 291 288 191 94.6291  
2019_10_24_11_59_37_599 1571936377599 386 383 236 116.437  
2019_10_24_11_59_37_611 1571936377611 398 395 289 142.198  
2019_10_24_11_59_37_612 1571936377612 399 396 468 229.817  
2019_10_24_11_59_37_694 1571936377694 481 478 585 287.6  
2019_10_24_11_59_37_712 1571936377712 499 496 459 225.389  
2019_10_24_11_59_37_759 1571936377759 546 543 296 145.607  
2019_10_24_11_59_37_764 1571936377764 551 548 1851 938.727  
2019_10_24_11_59_37_810 1571936377810 597 593 176 87.3733  
2019_10_24_11_59_37_831 1571936377831 618 614 145 72.3988  
2019_10_24_11_59_37_870 1571936377870 657 653 212 104.799  
2019_10_24_11_59_37_898 1571936377898 685 681 165 82.0565  
2019_10_24_11_59_37_921 1571936377921 708 704 614 301.985  
2019_10_24_11_59_37_925 1571936377925 712 708 4095 2209.31  
2019_10_24_11_59_38_026 1571936378026 813 809 981 486.176  
2019_10_24_11_59_38_042 1571936378042 829 825 168 83.5062  
2019_10_24_11_59_38_094 1571936378094 881 877 171 84.9561  
2019_10_24_11_59_38_149 1571936378149 936 932 123 61.789  
2019_10_24_11_59_38_151 1571936378151 938 934 201 99.4701  
2019_10_24_11_59_38_157 1571936378157 944 940 340 167.066  
2019_10_24_11_59_38_208 1571936378208 995 991 95 48.3064  
2019_10_24_11_59_38_239 1571936378239 1026 1022 314 154.378  
2019_10_24_11_59_38_426 1571936378426 1213 1209 4095 2209.31  
2019_10_24_11_59_38_437 1571936378437 1224 1220 2220 1137.43  
2019_10_24_11_59_38_453 1571936378453 1240 1236 151 75.2949  
2019_10_24_11_59_38_469 1571936378469 1256 1251 452 221.947  
2019_10_24_11_59_38_519 1571936378519 1306 1301 2411 1241.86  
2019_10_24_11_59_38_528 1571936378528 1315 1310 291 143.172  
2019_10_24_11_59_38_543 1571936378543 1330 1325 223 110.131  
2019_10_24_11_59_38_552 1571936378552 1339 1334 165 82.0565  
2019_10_24_11_59_38_560 1571936378560 1347 1342 238 117.407  
2019_10_24_11_59_38_586 1571936378586 1373 1368 1892 960.606  
2019_10_24_11_59_38_590 1571936378590 1377 1372 261 128.578  
2019_10_24_11_59_38_624 1571936378624 1411 1406 250 123.234  
2019_10_24_11_59_38_657 1571936378657 1444 1439 278 136.845  
2019_10_24_11_59_38_692 1571936378692 1479 1474 185 91.726  
2019_10_24_11_59_38_710 1571936378710 1497 1492 912 451.242  
2019_10_24_11_59_38_729 1571936378729 1516 1511 228 112.555  
2019_10_24_11_59_38_731 1571936378731 1518 1513 2327 1195.8  
2019_10_24_11_59_38_740 1571936378740 1527 1522 191 94.6291  
2019_10_24_11_59_38_791 1571936378791 1578 1573 231 114.011  
2019_10_24_11_59_38_821 1571936378821 1608 1603 142 70.9512  
2019_10_24_11_59_38_848 1571936378848 1635 1630 1443 723.709  
2019_10_24_11_59_38_861 1571936378861 1648 1642 196 97.0493  
2019_10_24_11_59_38_884 1571936378884 1671 1665 141 70.4687  
2019_10_24_11_59_38_937 1571936378937 1724 1718 421 206.719  
2019_10_24_11_59_38_955 1571936378955 1742 1736 725 357.274  
2019_10_24_11_59_38_978 1571936378978 1765 1759 380 186.624  
2019_10_24_11_59_39_000 1571936379000 1787 1781 515 252.98  
2019_10_24_11_59_39_021 1571936379021 1808 1802 108 54.5633  
2019_10_24_11_59_39_027 1571936379027 1814 1808 798 393.833  
2019_10_24_11_59_39_092 1571936379092 1879 1873 291 143.172  
2019_10_24_11_59_39_106 1571936379106 1893 1887 261 128.578  
2019_10_24_11_59_39_113 1571936379113 1900 1894 358 175.861  
2019_10_24_11_59_39_189 1571936379189 1976 1970 328 161.208  
2019_10_24_11_59_39_282 1571936379282 2069 2063 203 100.439  
2019_10_24_11_59_39_303 1571936379303 2090 2084 90 45.9012  
2019_10_24_11_59_39_329 1571936379329 2116 2110 1084 538.586  
2019_10_24_11_59_39_330 1571936379330 2117 2111 146 72.8814  
2019_10_24_11_59_39_344 1571936379344 2131 2125 234 115.466  
2019_10_24_11_59_39_352 1571936379352 2139 2132 286 140.738  
2019_10_24_11_59_39_365 1571936379365 2152 2145 145 72.3988  
2019_10_24_11_59_39_370 1571936379370 2157 2150 750 369.776  
2019_10_24_11_59_39_416 1571936379416 2203 2196 731 360.273  
2019_10_24_11_59_39_452 1571936379452 2239 2232 1020 505.983  
2019_10_24_11_59_39_501 1571936379501 2288 2281 439 215.558  
2019_10_24_11_59_39_502 1571936379502 2289 2282 160 79.641  
2019_10_24_11_59_39_523 1571936379523 2310 2303 135 67.5744  
2019_10_24_11_59_39_527 1571936379527 2314 2307 228 112.555  
2019_10_24_11_59_39_534 1571936379534 2321 2314 95 48.3064  
2019_10_24_11_59_39_592 1571936379592 2379 2372 549 269.778  
2019_10_24_11_59_39_618 1571936379618 2405 2398 296 145.607  
2019_10_24_11_59_39_642 1571936379642 2429 2422 100 50.7123  
2019_10_24_11_59_39_647 1571936379647 2434 2427 4095 2209.31  
2019_10_24_11_59_39_675 1571936379675 2462 2455 687 338.305  
2019_10_24_11_59_39_676 1571936379676 2463 2456 244 120.32  
2019_10_24_11_59_39_677 1571936379677 2464 2457 1004 497.852  
2019_10_24_11_59_39_793 1571936379793 2580 2572 563 276.704  
2019_10_24_11_59_39_890 1571936379890 2677 2669 102 51.6749  
2019_10_24_11_59_39_904 1571936379904 2691 2683 181 89.7911  
2019_10_24_11_59_39_968 1571936379968 2755 2747 891 440.638  
2019_10_24_11_59_40_004 1571936380004 2791 2783 251 123.719  
2019_10_24_11_59_40_005 1571936380005 2792 2784 148 73.8467  
2019_10_24_11_59_40_019 1571936380019 2806 2798 343 168.531  
2019_10_24_11_59_40_028 1571936380028 2815 2807 451 221.455  
2019_10_24_11_59_40_036 1571936380036 2823 2815 103 52.1562  
2019_10_24_11_59_40_107 1571936380107 2894 2886 576 283.141  
2019_10_24_11_59_40_257 1571936380257 3044 3036 81 41.5738  
2019_10_24_11_59_40_262 1571936380262 3049 3041 91 46.3822  
2019_10_24_11_59_40_270 1571936380270 3057 3049 87 44.4585  
2019_10_24_11_59_40_277 1571936380277 3064 3056 445 218.506  
2019_10_24_11_59_40_311 1571936380311 3098 3090 480 235.725  
2019_10_24_11_59_40_324 1571936380324 3111 3103 264 130.036  
2019_10_24_11_59_40_332 1571936380332 3119 3111 680 334.815  
2019_10_24_11_59_40_369 1571936380369 3156 3147 565 277.694  
2019_10_24_11_59_40_384 1571936380384 3171 3162 728 358.773  
2019_10_24_11_59_40_404 1571936380404 3191 3182 236 116.437  
2019_10_24_11_59_40_436 1571936380436 3223 3214 259 127.606  
2019_10_24_11_59_40_441 1571936380441 3228 3219 153 76.2605  
2019_10_24_11_59_40_547 1571936380547 3334 3325 356 174.883  
2019_10_24_11_59_40_552 1571936380552 3339 3330 136 68.0567  
2019_10_24_11_59_40_554 1571936380554 3341 3332 361 177.328  
2019_10_24_11_59_40_569 1571936380569 3356 3347 162 80.6071  
2019_10_24_11_59_40_596 1571936380596 3383 3374 3740 1998.39  
2019_10_24_11_59_40_637 1571936380637 3424 3415 298 146.581  
2019_10_24_11_59_40_681 1571936380681 3468 3459 1492 749.272  
2019_10_24_11_59_40_697 1571936380697 3484 3475 116 58.4162  
2019_10_24_11_59_40_721 1571936380721 3508 3499 117 58.898  
2019_10_24_11_59_40_744 1571936380744 3531 3522 417 204.757  
2019_10_24_11_59_40_778 1571936380778 3565 3556 299 147.068  
2019_10_24_11_59_40_823 1571936380823 3610 3601 565 277.694  
2019_10_24_11_59_40_850 1571936380850 3637 3627 146 72.8814  
2019_10_24_11_59_40_856 1571936380856 3643 3633 157 78.192  
2019_10_24_11_59_40_876 1571936380876 3663 3653 91 46.3822  
2019_10_24_11_59_40_878 1571936380878 3665 3655 687 338.305  
2019_10_24_11_59_40_912 1571936380912 3699 3689 146 72.8814  
2019_10_24_11_59_40_949 1571936380949 3736 3726 279 137.331  
2019_10_24_11_59_40_953 1571936380953 3740 3730 96 48.7875  
2019_10_24_11_59_40_986 1571936380986 3773 3763 256 126.148  
2019_10_24_11_59_40_990 1571936380990 3777 3767 125 62.753  
2019_10_24_11_59_41_008 1571936381008 3795 3785 246 121.291  
2019_10_24_11_59_41_059 1571936381059 3846 3836 472 231.786  
2019_10_24_11_59_41_091 1571936381091 3878 3868 136 68.0567  
2019_10_24_11_59_41_120 1571936381120 3907 3897 503 247.06  
2019_10_24_11_59_41_150 1571936381150 3937 3927 202 99.9544  
2019_10_24_11_59_41_159 1571936381159 3946 3936 203 100.439  
2019_10_24_11_59_41_160 1571936381160 3947 3937 2999 1570.14  
2019_10_24_11_59_41_173 1571936381173 3960 3950 197 97.5334  
2019_10_24_11_59_41_202 1571936381202 3989 3979 188 93.1774  
2019_10_24_11_59_41_211 1571936381211 3998 3987 1334 667.099  
2019_10_24_11_59_41_213 1571936381213 4000 3989 396 194.46  
2019_10_24_11_59_41_232 1571936381232 4019 4008 180 89.3075  
2019_10_24_11_59_41_260 1571936381260 4047 4036 251 123.719  
2019_10_24_11_59_41_265 1571936381265 4052 4041 641 315.4  
2019_10_24_11_59_41_470 1571936381470 4257 4246 662 325.849  
2019_10_24_11_59_41_482 1571936381482 4269 4258 184 91.2422  
2019_10_24_11_59_41_550 1571936381550 4337 4326 283 139.278  
2019_10_24_11_59_41_558 1571936381558 4345 4334 296 145.607  
2019_10_24_11_59_41_560 1571936381560 4347 4336 166 82.5397  
2019_10_24_11_59_41_565 1571936381565 4352 4341 588 289.087  
2019_10_24_11_59_41_691 1571936381691 4478 4467 226 111.585  
2019_10_24_11_59_41_716 1571936381716 4503 4492 123 61.789  
2019_10_24_11_59_41_753 1571936381753 4540 4529 197 97.5334  
2019_10_24_11_59_41_767 1571936381767 4554 4543 184 91.2422  
2019_10_24_11_59_41_780 1571936381780 4567 4556 239 117.893  
2019_10_24_11_59_41_785 1571936381785 4572 4561 2335 1200.18  
2019_10_24_11_59_41_844 1571936381844 4631 4619 212 104.799  
2019_10_24_11_59_41_907 1571936381907 4694 4682 316 155.354  
2019_10_24_11_59_41_950 1571936381950 4737 4725 257 126.634  
2019_10_24_11_59_41_951 1571936381951 4738 4726 844 416.952  
2019_10_24_11_59_41_968 1571936381968 4755 4743 66 34.3667  
2019_10_24_11_59_41_997 1571936381997 4784 4772 165 82.0565  
2019_10_24_11_59_42_017 1571936382017 4804 4792 155 77.2262  
2019_10_24_11_59_42_021 1571936382021 4808 4796 141 70.4687  
2019_10_24_11_59_42_028 1571936382028 4815 4803 260 128.092  
2019_10_24_11_59_42_061 1571936382061 4848 4836 957 474.009  
2019_10_24_11_59_42_106 1571936382106 4893 4881 290 142.685  
2019_10_24_11_59_42_144 1571936382144 4931 4919 704 346.786  
2019_10_24_11_59_42_202 1571936382202 4989 4977 204 100.923  
2019_10_24_11_59_42_205 1571936382205 4992 4980 119 59.8615  
2019_10_24_11_59_42_217 1571936382217 5004 4992 157 78.192  
2019_10_24_11_59_42_237 1571936382237 5024 5012 423 207.701  
2019_10_24_11_59_42_288 1571936382288 5075 5063 349 171.462  
2019_10_24_11_59_42_309 1571936382309 5096 5083 255 125.662  
2019_10_24_11_59_42_319 1571936382319 5106 5093 312 153.403  
2019_10_24_11_59_42_338 1571936382338 5125 5112 468 229.817  
2019_10_24_11_59_42_339 1571936382339 5126 5113 708 348.782  
2019_10_24_11_59_42_357 1571936382357 5144 5131 2874 1499.5  
2019_10_24_11_59_42_361 1571936382361 5148 5135 230 113.526  
2019_10_24_11_59_42_374 1571936382374 5161 5148 165 82.0565  
2019_10_24_11_59_42_422 1571936382422 5209 5196 2733 1420.37  
2019_10_24_11_59_42_430 1571936382430 5217 5204 338 166.089  
2019_10_24_11_59_42_472 1571936382472 5259 5246 1410 706.533  
2019_10_24_11_59_42_484 1571936382484 5271 5258 349 171.462  
2019_10_24_11_59_42_504 1571936382504 5291 5278 193 95.5971  
2019_10_24_11_59_42_505 1571936382505 5292 5279 1058 525.326  
2019_10_24_11_59_42_531 1571936382531 5318 5305 223 110.131  
2019_10_24_11_59_42_568 1571936382568 5355 5342 424 208.192  
2019_10_24_11_59_42_604 1571936382604 5391 5378 238 117.407  
2019_10_24_11_59_42_610 1571936382610 5397 5384 252 124.205  
2019_10_24_11_59_42_615 1571936382615 5402 5388 231 114.011  
2019_10_24_11_59_42_661 1571936382661 5448 5434 1786 904.142  
2019_10_24_11_59_42_690 1571936382690 5477 5463 211 104.314  
2019_10_24_11_59_42_711 1571936382711 5498 5484 179 88.8239  
2019_10_24_11_59_42_726 1571936382726 5513 5499 820 404.882  
2019_10_24_11_59_42_762 1571936382762 5549 5535 686 337.806  
2019_10_24_11_59_42_787 1571936382787 5574 5560 554 272.251  
2019_10_24_11_59_42_808 1571936382808 5595 5581 94 47.8253  
2019_10_24_11_59_42_842 1571936382842 5629 5615 336 165.112  
2019_10_24_11_59_42_849 1571936382849 5636 5622 426 209.173  
2019_10_24_11_59_42_865 1571936382865 5652 5638 209 103.345  
2019_10_24_11_59_42_923 1571936382923 5710 5696 399 195.93  
2019_10_24_11_59_42_945 1571936382945 5732 5718 359 176.35  
2019_10_24_11_59_42_948 1571936382948 5735 5721 119 59.8615  
2019_10_24_11_59_42_978 1571936382978 5765 5751 212 104.799  
2019_10_24_11_59_42_990 1571936382990 5777 5763 445 218.506  
2019_10_24_11_59_42_994 1571936382994 5781 5767 400 196.42  
2019_10_24_11_59_43_052 1571936383052 5839 5824 324 159.256  
2019_10_24_11_59_43_107 1571936383107 5894 5879 234 115.466  
2019_10_24_11_59_43_117 1571936383117 5904 5889 2186 1118.95  
2019_10_24_11_59_43_175 1571936383175 5962 5947 754 371.779  
2019_10_24_11_59_43_220 1571936383220 6007 5992 342 168.042  
2019_10_24_11_59_43_221 1571936383221 6008 5993 398 195.44  
2019_10_24_11_59_43_264 1571936383264 6051 6036 295 145.12  
2019_10_24_11_59_43_278 1571936383278 6065 6050 480 235.725  
2019_10_24_11_59_43_299 1571936383299 6086 6071 286 140.738  
2019_10_24_11_59_43_307 1571936383307 6094 6079 148 73.8467  
2019_10_24_11_59_43_331 1571936383331 6118 6103 649 319.379  
2019_10_24_11_59_43_348 1571936383348 6135 6120 444 218.014  
2019_10_24_11_59_43_377 1571936383377 6164 6149 383 188.092  
2019_10_24_11_59_43_418 1571936383418 6205 6190 236 116.437  
2019_10_24_11_59_43_433 1571936383433 6220 6205 921 455.791  
2019_10_24_11_59_43_468 1571936383468 6255 6240 1048 520.232  
2019_10_24_11_59_43_495 1571936383495 6282 6267 476 233.755  
2019_10_24_11_59_43_539 1571936383539 6326 6311 188 93.1774  
2019_10_24_11_59_43_631 1571936383631 6418 6402 144 71.9162  
2019_10_24_11_59_43_649 1571936383649 6436 6420 128 64.1991  
2019_10_24_11_59_43_658 1571936383658 6445 6429 152 75.7777  
2019_10_24_11_59_43_665 1571936383665 6452 6436 299 147.068  
2019_10_24_11_59_43_666 1571936383666 6453 6437 407 199.852  
2019_10_24_11_59_43_805 1571936383805 6592 6576 370 181.73  
2019_10_24_11_59_43_864 1571936383864 6651 6635 939 464.895  
2019_10_24_11_59_43_942 1571936383942 6729 6713 416 204.266  
2019_10_24_11_59_43_958 1571936383958 6745 6729 297 146.094  
2019_10_24_11_59_43_973 1571936383973 6760 6744 421 206.719  
2019_10_24_11_59_43_974 1571936383974 6761 6745 419 205.738  
2019_10_24_11_59_44_000 1571936384000 6787 6771 3559 1892.29  
2019_10_24_11_59_44_007 1571936384007 6794 6778 165 82.0565  
2019_10_24_11_59_44_013 1571936384013 6800 6784 221 109.161  
2019_10_24_11_59_44_034 1571936384034 6821 6805 1198 596.958  
2019_10_24_11_59_44_047 1571936384047 6834 6818 785 387.311  
2019_10_24_11_59_44_061 1571936384061 6848 6832 129 64.6812  
2019_10_24_11_59_44_079 1571936384079 6866 6849 220 108.676  
2019_10_24_11_59_44_142 1571936384142 6929 6912 350 171.951  
2019_10_24_11_59_44_146 1571936384146 6933 6916 317 155.841  
2019_10_24_11_59_44_148 1571936384148 6935 6918 1317 658.301  
2019_10_24_11_59_44_171 1571936384171 6958 6941 473 232.278  
2019_10_24_11_59_44_199 1571936384199 6986 6969 401 196.91  
2019_10_24_11_59_44_219 1571936384219 7006 6989 1119 556.466  
2019_10_24_11_59_44_234 1571936384234 7021 7004 275 135.385  
2019_10_24_11_59_44_321 1571936384321 7108 7091 676 332.822  
2019_10_24_11_59_44_322 1571936384322 7109 7092 503 247.06  
2019_10_24_11_59_44_350 1571936384350 7137 7120 1853 939.793  
2019_10_24_11_59_44_353 1571936384353 7140 7123 86 43.9776  
2019_10_24_11_59_44_355 1571936384355 7142 7125 192 95.1131  
2019_10_24_11_59_44_383 1571936384383 7170 7153 1026 509.035  
2019_10_24_11_59_44_384 1571936384384 7171 7154 183 90.7585  
2019_10_24_11_59_44_393 1571936384393 7180 7163 113 56.9711  
2019_10_24_11_59_44_424 1571936384424 7211 7194 745 367.274  
2019_10_24_11_59_44_456 1571936384456 7243 7225 231 114.011  
2019_10_24_11_59_44_472 1571936384472 7259 7241 1132 563.117  
2019_10_24_11_59_44_503 1571936384503 7290 7272 236 116.437  
2019_10_24_11_59_44_525 1571936384525 7312 7294 169 83.9894  
2019_10_24_11_59_44_542 1571936384542 7329 7311 241 118.864  
2019_10_24_11_59_44_551 1571936384551 7338 7320 380 186.624  
2019_10_24_11_59_44_595 1571936384595 7382 7364 668 328.837  
2019_10_24_11_59_44_599 1571936384599 7386 7368 255 125.662  
2019_10_24_11_59_44_632 1571936384632 7419 7401 137 68.5391  
2019_10_24_11_59_44_670 1571936384670 7457 7439 232 114.496  
2019_10_24_11_59_44_676 1571936384676 7463 7445 510 250.513  
2019_10_24_11_59_44_685 1571936384685 7472 7454 282 138.791  
2019_10_24_11_59_44_715 1571936384715 7502 7484 230 113.526  
2019_10_24_11_59_44_720 1571936384720 7507 7489 282 138.791  
2019_10_24_11_59_44_734 1571936384734 7521 7503 236 116.437  
2019_10_24_11_59_44_781 1571936384781 7568 7550 461 226.373  
2019_10_24_11_59_44_803 1571936384803 7590 7572 1443 723.709  
2019_10_24_11_59_44_850 1571936384850 7637 7618 1236 616.501  
2019_10_24_11_59_44_884 1571936384884 7671 7652 202 99.9544  
2019_10_24_11_59_44_913 1571936384913 7700 7681 671 330.331  
2019_10_24_11_59_44_925 1571936384925 7712 7693 125 62.753  
2019_10_24_11_59_44_962 1571936384962 7749 7730 550 270.272  
2019_10_24_11_59_44_979 1571936384979 7766 7747 159 79.1579  
2019_10_24_11_59_44_981 1571936384981 7768 7749 124 62.271  
2019_10_24_11_59_44_986 1571936384986 7773 7754 683 336.311  
2019_10_24_11_59_45_031 1571936385031 7818 7799 192 95.1131  
2019_10_24_11_59_45_033 1571936385033 7820 7801 184 91.2422  
2019_10_24_11_59_45_055 1571936385055 7842 7823 209 103.345  
2019_10_24_11_59_45_101 1571936385101 7888 7869 379 186.134  
2019_10_24_11_59_45_104 1571936385104 7891 7872 359 176.35  
2019_10_24_11_59_45_118 1571936385118 7905 7886 828 408.904  
2019_10_24_11_59_45_119 1571936385119 7906 7887 75 38.6901  
2019_10_24_11_59_45_120 1571936385120 7907 7888 403 197.891  
2019_10_24_11_59_45_143 1571936385143 7930 7911 237 116.922  
2019_10_24_11_59_45_192 1571936385192 7979 7959 145 72.3988  
2019_10_24_11_59_45_206 1571936385206 7993 7973 481 236.218  
2019_10_24_11_59_45_210 1571936385210 7997 7977 270 132.953  
2019_10_24_11_59_45_211 1571936385211 7998 7978 873 431.559  
2019_10_24_11_59_45_224 1571936385224 8011 7991 117 58.898  
2019_10_24_11_59_45_226 1571936385226 8013 7993 301 148.042  
2019_10_24_11_59_45_228 1571936385228 8015 7995 1315 657.267  
2019_10_24_11_59_45_237 1571936385237 8024 8004 928 459.33  
2019_10_24_11_59_45_240 1571936385240 8027 8007 396 194.46  
2019_10_24_11_59_45_265 1571936385265 8052 8032 292 143.659  
2019_10_24_11_59_45_279 1571936385279 8066 8046 492 241.637  
2019_10_24_11_59_45_292 1571936385292 8079 8059 367 180.262  
2019_10_24_11_59_45_572 1571936385572 8359 8339 438 215.066  
2019_10_24_11_59_45_573 1571936385573 8360 8340 4018 2163.25  
2019_10_24_11_59_45_574 1571936385574 8361 8341 208 102.861  
2019_10_24_11_59_45_574 1571936385574 8361 8341 409 200.833  
2019_10_24_11_59_45_574 1571936385574 8361 8341 419 205.738  
2019_10_24_11_59_45_574 1571936385574 8361 8341 295 145.12  
2019_10_24_11_59_45_574 1571936385574 8361 8340 147 73.3641  
2019_10_24_11_59_45_574 1571936385574 8361 8340 919 454.78  
2019_10_24_11_59_45_574 1571936385574 8361 8340 405 198.871  
2019_10_24_11_59_45_574 1571936385574 8361 8340 2825 1471.93  
2019_10_24_11_59_45_575 1571936385575 8362 8341 2204 1128.73  
2019_10_24_11_59_45_575 1571936385575 8362 8341 286 140.738  
2019_10_24_11_59_45_575 1571936385575 8362 8341 428 210.155  
2019_10_24_11_59_45_575 1571936385575 8362 8341 161 80.124  
2019_10_24_11_59_45_575 1571936385575 8362 8341 131 65.6455  
2019_10_24_11_59_45_575 1571936385575 8362 8341 170 84.4728  
2019_10_24_11_59_45_575 1571936385575 8362 8341 163 81.0902  
2019_10_24_11_59_45_575 1571936385575 8362 8341 1308 653.647  
2019_10_24_11_59_45_610 1571936385610 8397 8376 222 109.646  
2019_10_24_11_59_45_611 1571936385611 8398 8377 4095 2209.31  
2019_10_24_11_59_45_614 1571936385614 8401 8380 1397 699.775  
2019_10_24_11_59_45_623 1571936385623 8410 8389 735 362.273  
2019_10_24_11_59_45_662 1571936385662 8449 8428 446 218.997  
2019_10_24_11_59_45_671 1571936385671 8458 8436 395 193.97  
2019_10_24_11_59_45_685 1571936385685 8472 8450 288 141.711  
2019_10_24_11_59_45_694 1571936385694 8481 8459 432 212.119  
2019_10_24_11_59_45_701 1571936385701 8488 8466 294 144.633  
2019_10_24_11_59_45_712 1571936385712 8499 8477 424 208.192  
2019_10_24_11_59_45_725 1571936385725 8512 8490 950 470.464  
2019_10_24_11_59_45_738 1571936385738 8525 8503 913 451.747  
2019_10_24_11_59_45_747 1571936385747 8534 8512 301 148.042  
2019_10_24_11_59_45_748 1571936385748 8535 8513 229 113.041  
2019_10_24_11_59_45_755 1571936385755 8542 8520 1373 687.313  
2019_10_24_11_59_45_795 1571936385795 8582 8560 336 165.112  
2019_10_24_11_59_45_800 1571936385800 8587 8565 252 124.205  
2019_10_24_11_59_45_803 1571936385803 8590 8568 784 386.81  
2019_10_24_11_59_45_813 1571936385813 8600 8578 536 263.351  
2019_10_24_11_59_45_814 1571936385814 8601 8579 510 250.513  
2019_10_24_11_59_45_815 1571936385815 8602 8580 467 229.325  
2019_10_24_11_59_45_823 1571936385823 8610 8588 344 169.019  
2019_10_24_11_59_45_832 1571936385832 8619 8596 199 98.5017  
2019_10_24_11_59_45_837 1571936385837 8624 8601 4095 2209.31  
2019_10_24_11_59_45_868 1571936385868 8655 8632 1282 640.216  
2019_10_24_11_59_45_869 1571936385869 8656 8633 143 71.4337  
2019_10_24_11_59_45_876 1571936385876 8663 8640 327 160.72  
2019_10_24_11_59_45_904 1571936385904 8691 8668 169 83.9894  
2019_10_24_11_59_45_916 1571936385916 8703 8680 991 491.251  
2019_10_24_11_59_45_919 1571936385919 8706 8683 611 300.496  
2019_10_24_11_59_45_920 1571936385920 8707 8684 184 91.2422  
2019_10_24_11_59_45_925 1571936385925 8712 8689 357 175.372  
2019_10_24_11_59_45_928 1571936385928 8715 8692 115 57.9345  
2019_10_24_11_59_45_948 1571936385948 8735 8712 232 114.496  
2019_10_24_11_59_45_952 1571936385952 8739 8716 643 316.394  
2019_10_24_11_59_45_953 1571936385953 8740 8717 1267 632.476  
2019_10_24_11_59_45_965 1571936385965 8752 8729 157 78.192  
2019_10_24_11_59_45_971 1571936385971 8758 8735 1313 656.232  
2019_10_24_11_59_45_983 1571936385983 8770 8747 109 55.0448  
2019_10_24_11_59_45_984 1571936385984 8771 8747 193 95.5971  
2019_10_24_11_59_45_992 1571936385992 8779 8755 364 178.795  
2019_10_24_11_59_46_004 1571936386004 8791 8767 476 233.755  
2019_10_24_11_59_46_027 1571936386027 8814 8790 240 118.378  
2019_10_24_11_59_46_037 1571936386037 8824 8800 526 258.411  
2019_10_24_11_59_46_062 1571936386062 8849 8825 285 140.251  
2019_10_24_11_59_46_074 1571936386074 8861 8837 483 237.203  
2019_10_24_11_59_46_077 1571936386077 8864 8840 1140 567.212  
2019_10_24_11_59_46_088 1571936386088 8875 8851 333 163.648  
2019_10_24_11_59_46_089 1571936386089 8876 8852 1485 745.616  
2019_10_24_11_59_46_094 1571936386094 8881 8857 265 130.522  
2019_10_24_11_59_46_097 1571936386097 8884 8860 269 132.467  
2019_10_24_11_59_46_123 1571936386123 8910 8886 162 80.6071  
2019_10_24_11_59_46_137 1571936386137 8924 8900 1266 631.96  
2019_10_24_11_59_46_150 1571936386150 8937 8913 422 207.21  
2019_10_24_11_59_46_152 1571936386152 8939 8915 92 46.8632  
2019_10_24_11_59_46_155 1571936386155 8942 8918 149 74.3294  
2019_10_24_11_59_46_171 1571936386171 8958 8933 269 132.467  
2019_10_24_11_59_46_175 1571936386175 8962 8937 210 103.829  
2019_10_24_11_59_46_178 1571936386178 8965 8940 842 415.946  
2019_10_24_11_59_46_223 1571936386223 9010 8985 1965 999.685  
2019_10_24_11_59_46_228 1571936386228 9015 8990 1137 565.676  
2019_10_24_11_59_46_231 1571936386231 9018 8993 393 192.99  
2019_10_24_11_59_46_255 1571936386255 9042 9017 561 275.714  
2019_10_24_11_59_46_281 1571936386281 9068 9043 161 80.124  
2019_10_24_11_59_46_291 1571936386291 9078 9053 234 115.466  
2019_10_24_11_59_46_292 1571936386292 9079 9054 152 75.7777  
2019_10_24_11_59_46_328 1571936386328 9115 9090 621 305.461  
2019_10_24_11_59_46_330 1571936386330 9117 9092 136 68.0567  
2019_10_24_11_59_46_331 1571936386331 9118 9093 488 239.666  
2019_10_24_11_59_46_332 1571936386332 9119 9094 227 112.07  
2019_10_24_11_59_46_337 1571936386337 9124 9099 145 72.3988  
2019_10_24_11_59_46_339 1571936386339 9126 9101 1322 660.888  
2019_10_24_11_59_46_341 1571936386341 9128 9103 1259 628.351  
2019_10_24_11_59_46_350 1571936386350 9137 9112 387 190.051  
2019_10_24_11_59_46_357 1571936386357 9144 9118 301 148.042  
2019_10_24_11_59_46_375 1571936386375 9162 9136 394 193.48  
2019_10_24_11_59_46_379 1571936386379 9166 9140 1400 701.334  
2019_10_24_11_59_46_386 1571936386386 9173 9147 495 243.116  
2019_10_24_11_59_46_388 1571936386388 9175 9149 140 69.9862  
2019_10_24_11_59_46_395 1571936386395 9182 9156 169 83.9894  
2019_10_24_11_59_46_399 1571936386399 9186 9160 438 215.066  
2019_10_24_11_59_46_411 1571936386411 9198 9172 334 164.136  
2019_10_24_11_59_46_422 1571936386422 9209 9183 1381 691.465  
2019_10_24_11_59_46_430 1571936386430 9217 9191 98 49.7499  
2019_10_24_11_59_46_435 1571936386435 9222 9196 94 47.8253  
2019_10_24_11_59_46_440 1571936386440 9227 9201 538 264.339  
2019_10_24_11_59_46_446 1571936386446 9233 9207 1424 713.816  
2019_10_24_11_59_46_448 1571936386448 9235 9209 4095 2209.31  
2019_10_24_11_59_46_449 1571936386449 9236 9210 272 133.926  
2019_10_24_11_59_46_472 1571936386472 9259 9233 197 97.5334  
2019_10_24_11_59_46_473 1571936386473 9260 9234 426 209.173  
2019_10_24_11_59_46_482 1571936386482 9269 9242 386 189.561  
2019_10_24_11_59_46_506 1571936386506 9293 9266 1327 663.475  
2019_10_24_11_59_46_517 1571936386517 9304 9277 1314 656.75  
2019_10_24_11_59_46_521 1571936386521 9308 9281 66 34.3667  
2019_10_24_11_59_46_522 1571936386522 9309 9282 158 78.675  
2019_10_24_11_59_46_528 1571936386528 9315 9288 435 213.593  
2019_10_24_11_59_46_542 1571936386542 9329 9302 584 287.104  
2019_10_24_11_59_46_553 1571936386553 9340 9313 1396 699.256  
2019_10_24_11_59_46_579 1571936386579 9366 9339 1316 657.784  
2019_10_24_11_59_46_640 1571936386640 9427 9400 669 329.335  
2019_10_24_11_59_46_664 1571936386664 9451 9424 240 118.378  
2019_10_24_11_59_46_672 1571936386672 9459 9432 417 204.757  
2019_10_24_11_59_46_678 1571936386678 9465 9438 361 177.328  
2019_10_24_11_59_46_680 1571936386680 9467 9440 433 212.611  
2019_10_24_11_59_46_681 1571936386681 9468 9441 592 291.07  
2019_10_24_11_59_46_682 1571936386682 9469 9442 703 346.287  
2019_10_24_11_59_46_692 1571936386692 9479 9452 1267 632.476  
2019_10_24_11_59_46_699 1571936386699 9486 9458 1311 655.198  
2019_10_24_11_59_46_702 1571936386702 9489 9461 671 330.331  
2019_10_24_11_59_46_713 1571936386713 9500 9472 322 158.28  
2019_10_24_11_59_46_718 1571936386718 9505 9477 81 41.5738  
2019_10_24_11_59_46_720 1571936386720 9507 9479 519 254.955  
2019_10_24_11_59_46_721 1571936386721 9508 9480 325 159.744  
2019_10_24_11_59_46_724 1571936386724 9511 9483 1293 645.896  
2019_10_24_11_59_46_727 1571936386727 9514 9486 632 310.926  
2019_10_24_11_59_46_746 1571936386746 9533 9505 777 383.3  
2019_10_24_11_59_46_748 1571936386748 9535 9507 346 169.996  
2019_10_24_11_59_46_774 1571936386774 9561 9533 262 129.064  
2019_10_24_11_59_46_778 1571936386778 9565 9537 223 110.131  
2019_10_24_11_59_46_779 1571936386779 9566 9538 471 231.294  
2019_10_24_11_59_46_786 1571936386786 9573 9545 264 130.036  
2019_10_24_11_59_46_791 1571936386791 9578 9550 1375 688.351  
2019_10_24_11_59_46_793 1571936386793 9580 9552 140 69.9862  
2019_10_24_11_59_46_819 1571936386819 9606 9578 750 369.776  
2019_10_24_11_59_46_822 1571936386822 9609 9580 236 116.437  
2019_10_24_11_59_46_840 1571936386840 9627 9598 98 49.7499  
2019_10_24_11_59_46_845 1571936386845 9632 9603 171 84.9561  
2019_10_24_11_59_46_848 1571936386848 9635 9606 470 230.802  
2019_10_24_11_59_46_850 1571936386850 9637 9608 122 61.3071  
2019_10_24_11_59_46_853 1571936386853 9640 9611 196 97.0493  
2019_10_24_11_59_46_859 1571936386859 9646 9617 711 350.28  
2019_10_24_11_59_46_860 1571936386860 9647 9618 73 37.7291  
2019_10_24_11_59_46_865 1571936386865 9652 9623 120 60.3434  
2019_10_24_11_59_46_866 1571936386866 9653 9624 613 301.488  
2019_10_24_11_59_46_876 1571936386876 9663 9634 86 43.9776  
2019_10_24_11_59_46_900 1571936386900 9687 9658 327 160.72  
2019_10_24_11_59_46_901 1571936386901 9688 9659 284 139.764  
2019_10_24_11_59_46_902 1571936386902 9689 9660 358 175.861  
2019_10_24_11_59_46_934 1571936386934 9721 9692 342 168.042  
2019_10_24_11_59_46_939 1571936386939 9726 9697 1331 665.546  
2019_10_24_11_59_46_944 1571936386944 9731 9702 416 204.266  
2019_10_24_11_59_46_947 1571936386947 9734 9704 1334 667.099  
2019_10_24_11_59_46_988 1571936386988 9775 9745 363 178.306  
2019_10_24_11_59_46_999 1571936386999 9786 9756 1330 665.028  
2019_10_24_11_59_47_006 1571936387006 9793 9763 1058 525.326  
2019_10_24_11_59_47_019 1571936387019 9806 9776 144 71.9162  
2019_10_24_11_59_47_021 1571936387021 9808 9778 1343 671.76  
2019_10_24_11_59_47_047 1571936387047 9834 9804 4095 2209.31  
2019_10_24_11_59_47_049 1571936387049 9836 9806 1345 672.796  
2019_10_24_11_59_47_058 1571936387058 9845 9815 317 155.841  
2019_10_24_11_59_47_087 1571936387087 9874 9844 176 87.3733  
2019_10_24_11_59_47_098 1571936387098 9885 9855 615 302.481  
2019_10_24_11_59_47_130 1571936387130 9917 9887 670 329.833  
2019_10_24_11_59_47_177 1571936387177 9964 9934 623 306.454  
2019_10_24_11_59_47_182 1571936387182 9969 9939 391 192.01  
2019_10_24_11_59_47_191 1571936387191 9978 9948 451 221.455  
2019_10_24_11_59_47_197 1571936387197 9984 9954 127 63.717  
2019_10_24_11_59_47_211 1571936387211 9998 9968 927 458.824  
2019_10_24_11_59_47_212 1571936387212 9999 9969 364 178.795  
2019_10_24_11_59_47_222 1571936387222 10009 9978 170 84.4728  
2019_10_24_11_59_47_239 1571936387239 10026 9995 1382 691.985  
2019_10_24_11_59_47_246 1571936387246 10033 10002 96 48.7875  
2019_10_24_11_59_47_249 1571936387249 10036 10005 1399 700.815  
2019_10_24_11_59_47_251 1571936387251 10038 10007 1132 563.117  
2019_10_24_11_59_47_268 1571936387268 10055 10024 502 246.567  
2019_10_24_11_59_47_274 1571936387274 10061 10030 1330 665.028  
2019_10_24_11_59_47_277 1571936387277 10064 10033 422 207.21  
2019_10_24_11_59_47_287 1571936387287 10074 10043 303 149.017  
2019_10_24_11_59_47_296 1571936387296 10083 10052 321 157.792  
2019_10_24_11_59_47_327 1571936387327 10114 10083 222 109.646  
2019_10_24_11_59_47_328 1571936387328 10115 10084 339 166.577  
2019_10_24_11_59_47_334 1571936387334 10121 10090 1784 903.079  
2019_10_24_11_59_47_335 1571936387335 10122 10091 1206 601.069  
2019_10_24_11_59_47_337 1571936387337 10124 10093 697 343.293  
2019_10_24_11_59_47_355 1571936387355 10142 10111 172 85.4395  
2019_10_24_11_59_47_367 1571936387367 10154 10123 763 376.285  
2019_10_24_11_59_47_368 1571936387368 10155 10123 4095 2209.31  
2019_10_24_11_59_47_395 1571936387395 10182 10150 503 247.06  
2019_10_24_11_59_47_397 1571936387397 10184 10152 174 86.4063  
2019_10_24_11_59_47_404 1571936387404 10191 10159 139 69.5038  
2019_10_24_11_59_47_410 1571936387410 10197 10165 327 160.72  
2019_10_24_11_59_47_499 1571936387499 10286 10254 1307 653.13  
2019_10_24_11_59_47_501 1571936387501 10288 10256 114 57.4528  
2019_10_24_11_59_47_522 1571936387522 10309 10277 277 136.358  
2019_10_24_11_59_47_530 1571936387530 10317 10285 461 226.373  
2019_10_24_11_59_47_535 1571936387535 10322 10290 1320 659.853  
2019_10_24_11_59_47_559 1571936387559 10346 10314 434 213.102  
2019_10_24_11_59_47_584 1571936387584 10371 10339 331 162.672  
2019_10_24_11_59_47_596 1571936387596 10383 10351 522 256.436  
2019_10_24_11_59_47_600 1571936387600 10387 10355 460 225.881  
2019_10_24_11_59_47_604 1571936387604 10391 10359 1317 658.301  
2019_10_24_11_59_47_605 1571936387605 10392 10360 229 113.041  
2019_10_24_11_59_47_616 1571936387616 10403 10371 204 100.923  
2019_10_24_11_59_47_630 1571936387630 10417 10384 455 223.422  
2019_10_24_11_59_47_634 1571936387634 10421 10388 399 195.93  
2019_10_24_11_59_47_653 1571936387653 10440 10407 1294 646.412  
2019_10_24_11_59_47_670 1571936387670 10457 10424 486 238.681  
2019_10_24_11_59_47_697 1571936387697 10484 10451 279 137.331  
2019_10_24_11_59_47_712 1571936387712 10499 10466 610 299.999  
2019_10_24_11_59_47_736 1571936387736 10523 10490 4063 2190.15  
2019_10_24_11_59_47_737 1571936387737 10524 10491 947 468.944  
2019_10_24_11_59_47_741 1571936387741 10528 10495 194 96.0811  
2019_10_24_11_59_47_749 1571936387749 10536 10503 662 325.849  
2019_10_24_11_59_47_757 1571936387757 10544 10511 610 299.999  
2019_10_24_11_59_47_775 1571936387775 10562 10529 171 84.9561  
2019_10_24_11_59_47_812 1571936387812 10599 10566 588 289.087  
2019_10_24_11_59_47_836 1571936387836 10623 10590 1305 652.096  
2019_10_24_11_59_47_850 1571936387850 10637 10604 291 143.172  
2019_10_24_11_59_47_852 1571936387852 10639 10606 93 47.3442  
2019_10_24_11_59_47_855 1571936387855 10642 10609 495 243.116  
2019_10_24_11_59_47_872 1571936387872 10659 10625 1339 669.688  
2019_10_24_11_59_47_876 1571936387876 10663 10629 4095 2209.31  
2019_10_24_11_59_47_906 1571936387906 10693 10659 1036 514.123  
2019_10_24_11_59_47_910 1571936387910 10697 10663 606 298.014  
2019_10_24_11_59_47_944 1571936387944 10731 10697 70 36.2879  
2019_10_24_11_59_47_975 1571936387975 10762 10728 821 405.385  
2019_10_24_11_59_47_998 1571936387998 10785 10751 252 124.205  
2019_10_24_11_59_47_999 1571936387999 10786 10752 238 117.407  
2019_10_24_11_59_48_015 1571936388015 10802 10768 262 129.064  
2019_10_24_11_59_48_042 1571936388042 10829 10795 540 265.328  
2019_10_24_11_59_48_081 1571936388081 10868 10834 531 260.881  
2019_10_24_11_59_48_110 1571936388110 10897 10863 148 73.8467  
2019_10_24_11_59_48_127 1571936388127 10914 10880 589 289.583  
2019_10_24_11_59_48_136 1571936388136 10923 10889 183 90.7585  
2019_10_24_11_59_48_146 1571936388146 10933 10899 201 99.4701  
2019_10_24_11_59_48_166 1571936388166 10953 10919 920 455.285  
2019_10_24_11_59_48_193 1571936388193 10980 10946 477 234.248  
2019_10_24_11_59_48_235 1571936388235 11022 10987 4095 2209.31  
2019_10_24_11_59_48_242 1571936388242 11029 10994 2566 1327.41  
2019_10_24_11_59_48_249 1571936388249 11036 11001 864 427.023  
2019_10_24_11_59_48_272 1571936388272 11059 11024 409 200.833  
2019_10_24_11_59_48_288 1571936388288 11075 11040 1679 847.482  
2019_10_24_11_59_48_296 1571936388296 11083 11048 518 254.461  
2019_10_24_11_59_48_304 1571936388304 11091 11056 422 207.21  
2019_10_24_11_59_48_382 1571936388382 11169 11134 333 163.648  
2019_10_24_11_59_48_415 1571936388415 11202 11167 184 91.2422  
2019_10_24_11_59_48_416 1571936388416 11203 11168 168 83.5062  
2019_10_24_11_59_48_475 1571936388475 11262 11227 76 39.1707  
2019_10_24_11_59_48_493 1571936388493 11280 11245 438 215.066  
2019_10_24_11_59_48_499 1571936388499 11286 11251 309 151.941  
2019_10_24_11_59_48_505 1571936388505 11292 11257 430 211.137  
2019_10_24_11_59_48_510 1571936388510 11297 11262 234 115.466  
2019_10_24_11_59_48_512 1571936388512 11299 11264 1397 699.775  
2019_10_24_11_59_48_543 1571936388543 11330 11295 311 152.916  
2019_10_24_11_59_48_554 1571936388554 11341 11306 1193 594.39  
2019_10_24_11_59_48_646 1571936388646 11433 11397 1322 660.888  
2019_10_24_11_59_48_662 1571936388662 11449 11413 776 382.799  
2019_10_24_11_59_48_688 1571936388688 11475 11439 309 151.941  
2019_10_24_11_59_48_695 1571936388695 11482 11446 301 148.042  
2019_10_24_11_59_48_707 1571936388707 11494 11458 770 379.792  
2019_10_24_11_59_48_714 1571936388714 11501 11465 293 144.146  
2019_10_24_11_59_48_750 1571936388750 11537 11501 532 261.375  
2019_10_24_11_59_48_753 1571936388753 11540 11504 149 74.3294  
2019_10_24_11_59_48_756 1571936388756 11543 11507 376 184.666  
2019_10_24_11_59_48_771 1571936388771 11558 11522 173 85.9229  
2019_10_24_11_59_48_804 1571936388804 11591 11555 430 211.137  
2019_10_24_11_59_48_857 1571936388857 11644 11608 249 122.748  
2019_10_24_11_59_48_859 1571936388859 11646 11610 328 161.208  
2019_10_24_11_59_48_870 1571936388870 11657 11621 683 336.311  
2019_10_24_11_59_48_877 1571936388877 11664 11628 320 157.305  
2019_10_24_11_59_48_975 1571936388975 11762 11726 621 305.461  
2019_10_24_11_59_49_003 1571936389003 11790 11754 257 126.634  
2019_10_24_11_59_49_042 1571936389042 11829 11792 177 87.8568  
2019_10_24_11_59_49_047 1571936389047 11834 11797 510 250.513  
2019_10_24_11_59_49_069 1571936389069 11856 11819 160 79.641  
2019_10_24_11_59_49_089 1571936389089 11876 11839 333 163.648  
2019_10_24_11_59_49_102 1571936389102 11889 11852 409 200.833  
2019_10_24_11_59_49_109 1571936389109 11896 11859 639 314.405  
2019_10_24_11_59_49_147 1571936389147 11934 11897 197 97.5334  
2019_10_24_11_59_49_149 1571936389149 11936 11899 503 247.06  
2019_10_24_11_59_49_163 1571936389163 11950 11913 168 83.5062  
2019_10_24_11_59_49_204 1571936389204 11991 11954 218 107.707  
2019_10_24_11_59_49_257 1571936389257 12044 12007 130 65.1633  
2019_10_24_11_59_49_273 1571936389273 12060 12023 837 413.43  
2019_10_24_11_59_49_299 1571936389299 12086 12049 176 87.3733  
2019_10_24_11_59_49_310 1571936389310 12097 12060 499 245.088  
2019_10_24_11_59_49_342 1571936389342 12129 12092 224 110.616  
2019_10_24_11_59_49_355 1571936389355 12142 12105 284 139.764  
2019_10_24_11_59_49_358 1571936389358 12145 12108 137 68.5391  
2019_10_24_11_59_49_406 1571936389406 12193 12155 417 204.757  
2019_10_24_11_59_49_427 1571936389427 12214 12176 466 228.833  
2019_10_24_11_59_49_438 1571936389438 12225 12187 161 80.124  
2019_10_24_11_59_49_439 1571936389439 12226 12188 468 229.817  
2019_10_24_11_59_49_440 1571936389440 12227 12189 240 118.378  
2019_10_24_11_59_49_518 1571936389518 12305 12267 4095 2209.31  
2019_10_24_11_59_49_548 1571936389548 12335 12297 1635 824.28  
2019_10_24_11_59_49_597 1571936389597 12384 12346 278 136.845  
2019_10_24_11_59_49_641 1571936389641 12428 12390 144 71.9162  
2019_10_24_11_59_49_647 1571936389647 12434 12396 113 56.9711  
2019_10_24_11_59_49_693 1571936389693 12480 12442 1213 604.668  
2019_10_24_11_59_49_697 1571936389697 12484 12446 162 80.6071  
2019_10_24_11_59_49_698 1571936389698 12485 12447 346 169.996  
2019_10_24_11_59_49_714 1571936389714 12501 12463 1067 529.914  
2019_10_24_11_59_49_715 1571936389715 12502 12464 234 115.466  
2019_10_24_11_59_49_759 1571936389759 12546 12508 185 91.726  
2019_10_24_11_59_49_832 1571936389832 12619 12581 198 98.0175  
2019_10_24_11_59_49_841 1571936389841 12628 12589 94 47.8253  
2019_10_24_11_59_49_853 1571936389853 12640 12601 222 109.646  
2019_10_24_11_59_49_868 1571936389868 12655 12616 458 224.897  
2019_10_24_11_59_49_877 1571936389877 12664 12625 277 136.358  
2019_10_24_11_59_49_964 1571936389964 12751 12712 170 84.4728  
2019_10_24_11_59_49_970 1571936389970 12757 12718 269 132.467  
2019_10_24_11_59_49_977 1571936389977 12764 12725 405 198.871  
2019_10_24_11_59_50_001 1571936390001 12788 12749 201 99.4701  
2019_10_24_11_59_50_010 1571936390010 12797 12758 370 181.73  
2019_10_24_11_59_50_038 1571936390038 12825 12786 178 88.3403  
2019_10_24_11_59_50_050 1571936390050 12837 12798 207 102.376  
2019_10_24_11_59_50_173 1571936390173 12960 12921 266 131.008  
2019_10_24_11_59_50_177 1571936390177 12964 12925 212 104.799  
2019_10_24_11_59_50_201 1571936390201 12988 12949 116 58.4162  
2019_10_24_11_59_50_304 1571936390304 13091 13052 249 122.748  
2019_10_24_11_59_50_344 1571936390344 13131 13092 3054 1601.37  
2019_10_24_11_59_50_398 1571936390398 13185 13146 231 114.011  
2019_10_24_11_59_50_400 1571936390400 13187 13147 297 146.094  
2019_10_24_11_59_50_428 1571936390428 13215 13175 210 103.829  
2019_10_24_11_59_50_431 1571936390431 13218 13178 1051 521.76  
2019_10_24_11_59_50_492 1571936390492 13279 13239 1335 667.616  
2019_10_24_11_59_50_532 1571936390532 13319 13279 263 129.55  
2019_10_24_11_59_50_592 1571936390592 13379 13339 321 157.792  
2019_10_24_11_59_50_609 1571936390609 13396 13356 337 165.601  
2019_10_24_11_59_50_683 1571936390683 13470 13430 458 224.897  
2019_10_24_11_59_50_718 1571936390718 13505 13465 201 99.4701  
2019_10_24_11_59_50_750 1571936390750 13537 13497 522 256.436  
2019_10_24_11_59_50_753 1571936390753 13540 13500 150 74.8121  
2019_10_24_11_59_50_791 1571936390791 13578 13538 101 51.1936  
2019_10_24_11_59_50_823 1571936390823 13610 13570 153 76.2605  
2019_10_24_11_59_50_866 1571936390866 13653 13613 182 90.2748  
2019_10_24_11_59_50_874 1571936390874 13661 13621 85 43.4968  
2019_10_24_11_59_50_896 1571936390896 13683 13643 429 210.646  
2019_10_24_11_59_50_903 1571936390903 13690 13650 181 89.7911  
2019_10_24_11_59_50_905 1571936390905 13692 13652 218 107.707  
2019_10_24_11_59_50_907 1571936390907 13694 13653 477 234.248  
2019_10_24_11_59_50_961 1571936390961 13748 13707 324 159.256  
2019_10_24_11_59_51_015 1571936391015 13802 13761 151 75.2949  
2019_10_24_11_59_51_030 1571936391030 13817 13776 183 90.7585  
2019_10_24_11_59_51_044 1571936391044 13831 13790 849 419.469  
2019_10_24_11_59_51_066 1571936391066 13853 13812 324 159.256  
2019_10_24_11_59_51_091 1571936391091 13878 13837 82 42.0545  
2019_10_24_11_59_51_096 1571936391096 13883 13842 495 243.116  
2019_10_24_11_59_51_109 1571936391109 13896 13855 310 152.428  
2019_10_24_11_59_51_122 1571936391122 13909 13868 294 144.633  
2019_10_24_11_59_51_167 1571936391167 13954 13913 306 150.479  
2019_10_24_11_59_51_170 1571936391170 13957 13916 274 134.899  
2019_10_24_11_59_51_178 1571936391178 13965 13924 2128 1087.51  
2019_10_24_11_59_51_239 1571936391239 14026 13985 190 94.1452  
2019_10_24_11_59_51_250 1571936391250 14037 13996 184 91.2422  
2019_10_24_11_59_51_279 1571936391279 14066 14025 204 100.923  
2019_10_24_11_59_51_280 1571936391280 14067 14026 302 148.53  
2019_10_24_11_59_51_287 1571936391287 14074 14032 191 94.6291  
2019_10_24_11_59_51_288 1571936391288 14075 14033 1770 895.648  
2019_10_24_11_59_51_289 1571936391289 14076 14034 794 391.826  
2019_10_24_11_59_51_301 1571936391301 14088 14046 945 467.932  
2019_10_24_11_59_51_326 1571936391326 14113 14071 594 292.062  
2019_10_24_11_59_51_327 1571936391327 14114 14072 77 39.6512  
2019_10_24_11_59_51_361 1571936391361 14148 14106 463 227.357  
2019_10_24_11_59_51_369 1571936391369 14156 14114 96 48.7875  
2019_10_24_11_59_51_388 1571936391388 14175 14133 435 213.593  
2019_10_24_11_59_51_403 1571936391403 14190 14148 258 127.12  
2019_10_24_11_59_51_453 1571936391453 14240 14198 178 88.3403  
2019_10_24_11_59_51_462 1571936391462 14249 14207 180 89.3075  
2019_10_24_11_59_51_547 1571936391547 14334 14292 1231 613.927  
2019_10_24_11_59_51_559 1571936391559 14346 14304 148 73.8467  
2019_10_24_11_59_51_583 1571936391583 14370 14328 118 59.3797  
2019_10_24_11_59_51_638 1571936391638 14425 14383 151 75.2949  
2019_10_24_11_59_51_640 1571936391640 14427 14385 259 127.606  
2019_10_24_11_59_51_644 1571936391644 14431 14388 242 119.349  
2019_10_24_11_59_51_649 1571936391649 14436 14393 1320 659.853  
2019_10_24_11_59_51_759 1571936391759 14546 14503 162 80.6071  
2019_10_24_11_59_51_789 1571936391789 14576 14533 101 51.1936  
2019_10_24_11_59_51_817 1571936391817 14604 14561 444 218.014  
2019_10_24_11_59_51_832 1571936391832 14619 14576 199 98.5017  
2019_10_24_11_59_51_856 1571936391856 14643 14600 326 160.232  
2019_10_24_11_59_51_860 1571936391860 14647 14604 457 224.406  
2019_10_24_11_59_51_891 1571936391891 14678 14635 460 225.881  
2019_10_24_11_59_51_979 1571936391979 14766 14723 490 240.651  
2019_10_24_11_59_52_002 1571936392002 14789 14746 422 207.21  
2019_10_24_11_59_52_039 1571936392039 14826 14783 156 77.7091  
2019_10_24_11_59_52_094 1571936392094 14881 14838 147 73.3641  
2019_10_24_11_59_52_096 1571936392096 14883 14840 1314 656.75  
2019_10_24_11_59_52_098 1571936392098 14885 14842 348 170.973  
2019_10_24_11_59_52_153 1571936392153 14940 14897 84 43.016  
2019_10_24_11_59_52_195 1571936392195 14982 14939 308 151.453  
2019_10_24_11_59_52_265 1571936392265 15052 15008 534 262.363  
2019_10_24_11_59_52_297 1571936392297 15084 15040 158 78.675  
2019_10_24_11_59_52_327 1571936392327 15114 15070 267 131.495  
2019_10_24_11_59_52_329 1571936392329 15116 15072 338 166.089  
2019_10_24_11_59_52_337 1571936392337 15124 15080 483 237.203  
2019_10_24_11_59_52_346 1571936392346 15133 15089 226 111.585  
2019_10_24_11_59_52_389 1571936392389 15176 15132 845 417.455  
2019_10_24_11_59_52_482 1571936392482 15269 15225 231 114.011  
2019_10_24_11_59_52_512 1571936392512 15299 15255 88 44.9393  
2019_10_24_11_59_52_516 1571936392516 15303 15259 116 58.4162  
2019_10_24_11_59_52_553 1571936392553 15340 15296 4095 2209.31  
2019_10_24_11_59_52_572 1571936392572 15359 15315 1386 694.062  
2019_10_24_11_59_52_587 1571936392587 15374 15330 433 212.611  
2019_10_24_11_59_52_618 1571936392618 15405 15361 2200 1126.56  
2019_10_24_11_59_52_620 1571936392620 15407 15363 107 54.0818  
2019_10_24_11_59_52_639 1571936392639 15426 15382 1293 645.896  
2019_10_24_11_59_52_654 1571936392654 15441 15397 259 127.606  
2019_10_24_11_59_52_655 1571936392655 15442 15397 593 291.566  
2019_10_24_11_59_52_743 1571936392743 15530 15485 168 83.5062  
2019_10_24_11_59_52_859 1571936392859 15646 15601 150 74.8121  
2019_10_24_11_59_52_882 1571936392882 15669 15624 267 131.495  
2019_10_24_11_59_52_897 1571936392897 15684 15639 1169 582.073  
2019_10_24_11_59_52_907 1571936392907 15694 15649 176 87.3733  
2019_10_24_11_59_52_931 1571936392931 15718 15673 817 403.375  
2019_10_24_11_59_52_962 1571936392962 15749 15704 307 150.966  
2019_10_24_11_59_52_974 1571936392974 15761 15716 1189 592.336  
2019_10_24_11_59_53_044 1571936393044 15831 15786 198 98.0175  
2019_10_24_11_59_53_107 1571936393107 15894 15849 1066 529.404  
2019_10_24_11_59_53_123 1571936393123 15910 15865 184 91.2422  
2019_10_24_11_59_53_140 1571936393140 15927 15882 133 66.6099  
2019_10_24_11_59_53_154 1571936393154 15941 15896 473 232.278  
2019_10_24_11_59_53_156 1571936393156 15943 15898 136 68.0567  
2019_10_24_11_59_53_178 1571936393178 15965 15920 236 116.437  
2019_10_24_11_59_53_184 1571936393184 15971 15926 87 44.4585  
2019_10_24_11_59_53_212 1571936393212 15999 15954 1078 535.524  
2019_10_24_11_59_53_214 1571936393214 16001 15955 302 148.53  
2019_10_24_11_59_53_218 1571936393218 16005 15959 1172 583.611  
2019_10_24_11_59_53_224 1571936393224 16011 15965 144 71.9162  
2019_10_24_11_59_53_342 1571936393342 16129 16083 218 107.707  
2019_10_24_11_59_53_401 1571936393401 16188 16142 204 100.923  
2019_10_24_11_59_53_432 1571936393432 16219 16173 385 189.072  
2019_10_24_11_59_53_534 1571936393534 16321 16275 767 378.289  
2019_10_24_11_59_53_555 1571936393555 16342 16296 2309 1185.96  
2019_10_24_11_59_53_567 1571936393567 16354 16308 282 138.791  
2019_10_24_11_59_53_585 1571936393585 16372 16326 254 125.177  
2019_10_24_11_59_53_609 1571936393609 16396 16350 210 103.829  
2019_10_24_11_59_53_623 1571936393623 16410 16364 196 97.0493  
2019_10_24_11_59_53_646 1571936393646 16433 16387 216 106.737  
2019_10_24_11_59_53_684 1571936393684 16471 16425 93 47.3442  
2019_10_24_11_59_53_736 1571936393736 16523 16477 295 145.12  
2019_10_24_11_59_53_748 1571936393748 16535 16489 448 219.98  
2019_10_24_11_59_53_786 1571936393786 16573 16527 217 107.222  
2019_10_24_11_59_53_808 1571936393808 16595 16548 110 55.5264  
2019_10_24_11_59_53_839 1571936393839 16626 16579 580 285.122  
2019_10_24_11_59_53_880 1571936393880 16667 16620 181 89.7911  
2019_10_24_11_59_53_901 1571936393901 16688 16641 210 103.829  
2019_10_24_11_59_53_964 1571936393964 16751 16704 118 59.3797  
2019_10_24_11_59_53_966 1571936393966 16753 16706 190 94.1452  
2019_10_24_11_59_54_000 1571936394000 16787 16740 246 121.291  
2019_10_24_11_59_54_015 1571936394015 16802 16755 186 92.2098  
2019_10_24_11_59_54_028 1571936394028 16815 16768 207 102.376  
2019_10_24_11_59_54_047 1571936394047 16834 16787 430 211.137  
2019_10_24_11_59_54_140 1571936394140 16927 16880 230 113.526  
2019_10_24_11_59_54_154 1571936394154 16941 16894 226 111.585  
2019_10_24_11_59_54_188 1571936394188 16975 16928 151 75.2949  
2019_10_24_11_59_54_265 1571936394265 17052 17005 747 368.275  
2019_10_24_11_59_54_333 1571936394333 17120 17073 190 94.1452  
2019_10_24_11_59_54_343 1571936394343 17130 17083 360 176.839  
2019_10_24_11_59_54_360 1571936394360 17147 17100 164 81.5733  
2019_10_24_11_59_54_405 1571936394405 17192 17144 489 240.159  
2019_10_24_11_59_54_411 1571936394411 17198 17150 113 56.9711  
2019_10_24_11_59_54_415 1571936394415 17202 17154 353 173.417  
2019_10_24_11_59_54_454 1571936394454 17241 17193 240 118.378  
2019_10_24_11_59_54_526 1571936394526 17313 17265 187 92.6936  
2019_10_24_11_59_54_531 1571936394531 17318 17270 98 49.7499  
2019_10_24_11_59_54_560 1571936394560 17347 17299 893 441.647  
2019_10_24_11_59_54_582 1571936394582 17369 17321 195 96.5652  
2019_10_24_11_59_54_602 1571936394602 17389 17341 1783 902.548  
2019_10_24_11_59_54_680 1571936394680 17467 17419 892 441.142  
2019_10_24_11_59_54_742 1571936394742 17529 17481 185 91.726  
2019_10_24_11_59_54_756 1571936394756 17543 17495 889 439.629  
2019_10_24_11_59_54_792 1571936394792 17579 17531 677 333.32  
2019_10_24_11_59_54_817 1571936394817 17604 17556 443 217.523  
2019_10_24_11_59_54_831 1571936394831 17618 17570 66 34.3667  
2019_10_24_11_59_54_832 1571936394832 17619 17571 246 121.291  
2019_10_24_11_59_54_849 1571936394849 17636 17588 444 218.014  
2019_10_24_11_59_54_869 1571936394869 17656 17607 93 47.3442  
2019_10_24_11_59_54_892 1571936394892 17679 17630 156 77.7091  
2019_10_24_11_59_54_944 1571936394944 17731 17682 210 103.829  
2019_10_24_11_59_54_990 1571936394990 17777 17728 2229 1142.33  
2019_10_24_11_59_55_021 1571936395021 17808 17759 610 299.999  
2019_10_24_11_59_55_099 1571936395099 17886 17837 162 80.6071  
2019_10_24_11_59_55_152 1571936395152 17939 17890 317 155.841  
2019_10_24_11_59_55_179 1571936395179 17966 17917 100 50.7123  
2019_10_24_11_59_55_199 1571936395199 17986 17937 1307 653.13  
2019_10_24_11_59_55_219 1571936395219 18006 17957 137 68.5391  
2019_10_24_11_59_55_242 1571936395242 18029 17980 579 284.627  
2019_10_24_11_59_55_270 1571936395270 18057 18008 1068 530.424  
2019_10_24_11_59_55_291 1571936395291 18078 18029 119 59.8615  
2019_10_24_11_59_55_310 1571936395310 18097 18048 205 101.407  
2019_10_24_11_59_55_318 1571936395318 18105 18056 136 68.0567  
2019_10_24_11_59_55_328 1571936395328 18115 18066 268 131.981  
2019_10_24_11_59_55_394 1571936395394 18181 18132 289 142.198  
2019_10_24_11_59_55_438 1571936395438 18225 18175 758 373.781  
2019_10_24_11_59_55_439 1571936395439 18226 18176 335 164.624  
2019_10_24_11_59_55_469 1571936395469 18256 18206 334 164.136  
2019_10_24_11_59_55_528 1571936395528 18315 18265 178 88.3403  
2019_10_24_11_59_55_567 1571936395567 18354 18304 101 51.1936  
2019_10_24_11_59_55_573 1571936395573 18360 18310 514 252.487  
2019_10_24_11_59_55_600 1571936395600 18387 18337 923 456.802  
2019_10_24_11_59_55_607 1571936395607 18394 18344 2287 1173.94  
2019_10_24_11_59_55_624 1571936395624 18411 18361 178 88.3403  
2019_10_24_11_59_55_625 1571936395625 18412 18362 244 120.32  
2019_10_24_11_59_55_680 1571936395680 18467 18417 308 151.453  
2019_10_24_11_59_55_757 1571936395757 18544 18494 485 238.188  
2019_10_24_11_59_55_793 1571936395793 18580 18530 227 112.07  
2019_10_24_11_59_55_815 1571936395815 18602 18552 164 81.5733  
2019_10_24_11_59_55_819 1571936395819 18606 18556 212 104.799  
2019_10_24_11_59_55_826 1571936395826 18613 18563 276 135.872  
2019_10_24_11_59_55_842 1571936395842 18629 18579 4095 2209.31  
2019_10_24_11_59_55_857 1571936395857 18644 18594 274 134.899  
2019_10_24_11_59_55_887 1571936395887 18674 18623 280 137.818  
2019_10_24_11_59_55_973 1571936395973 18760 18709 90 45.9012  
2019_10_24_11_59_56_033 1571936396033 18820 18769 803 396.343  
2019_10_24_11_59_56_046 1571936396046 18833 18782 189 93.6613  
2019_10_24_11_59_56_052 1571936396052 18839 18788 734 361.773  
2019_10_24_11_59_56_066 1571936396066 18853 18802 205 101.407  
2019_10_24_11_59_56_086 1571936396086 18873 18822 306 150.479  
2019_10_24_11_59_56_118 1571936396118 18905 18854 808 398.854  
2019_10_24_11_59_56_121 1571936396121 18908 18857 722 355.775  
2019_10_24_11_59_56_137 1571936396137 18924 18873 190 94.1452  
2019_10_24_11_59_56_150 1571936396150 18937 18886 222 109.646  
2019_10_24_11_59_56_162 1571936396162 18949 18898 87 44.4585  
2019_10_24_11_59_56_179 1571936396179 18966 18915 492 241.637  
2019_10_24_11_59_56_183 1571936396183 18970 18919 198 98.0175  
2019_10_24_11_59_56_190 1571936396190 18977 18926 150 74.8121  
2019_10_24_11_59_56_234 1571936396234 19021 18970 127 63.717  
2019_10_24_11_59_56_248 1571936396248 19035 18984 4095 2209.31  
2019_10_24_11_59_56_250 1571936396250 19037 18985 2184 1117.87  
2019_10_24_11_59_56_276 1571936396276 19063 19011 396 194.46  
2019_10_24_11_59_56_316 1571936396316 19103 19051 96 48.7875  
2019_10_24_11_59_56_349 1571936396349 19136 19084 182 90.2748  
2019_10_24_11_59_56_415 1571936396415 19202 19150 1528 768.098  
2019_10_24_11_59_56_448 1571936396448 19235 19183 304 149.504  
2019_10_24_11_59_56_479 1571936396479 19266 19214 105 53.119  
2019_10_24_11_59_56_503 1571936396503 19290 19238 384 188.582  
2019_10_24_11_59_56_507 1571936396507 19294 19242 924 457.307  
2019_10_24_11_59_56_560 1571936396560 19347 19295 186 92.2098  
2019_10_24_11_59_56_595 1571936396595 19382 19330 686 337.806  
2019_10_24_11_59_56_607 1571936396607 19394 19342 163 81.0902  
2019_10_24_11_59_56_659 1571936396659 19446 19394 145 72.3988  
2019_10_24_11_59_56_703 1571936396703 19490 19438 188 93.1774  
2019_10_24_11_59_56_731 1571936396731 19518 19466 268 131.981  
2019_10_24_11_59_56_805 1571936396805 19592 19540 217 107.222  
2019_10_24_11_59_56_828 1571936396828 19615 19563 256 126.148  
2019_10_24_11_59_56_831 1571936396831 19618 19565 581 285.618  
2019_10_24_11_59_56_882 1571936396882 19669 19616 239 117.893  
2019_10_24_11_59_56_902 1571936396902 19689 19636 653 321.369  
2019_10_24_11_59_56_905 1571936396905 19692 19639 3132 1645.81  
2019_10_24_11_59_56_948 1571936396948 19735 19682 174 86.4063  
2019_10_24_11_59_56_956 1571936396956 19743 19690 94 47.8253  
2019_10_24_11_59_56_974 1571936396974 19761 19708 1351 675.905  
2019_10_24_11_59_56_989 1571936396989 19776 19723 520 255.449  
2019_10_24_11_59_56_995 1571936396995 19782 19729 130 65.1633  
2019_10_24_11_59_57_057 1571936397057 19844 19791 249 122.748  
2019_10_24_11_59_57_101 1571936397101 19888 19835 160 79.641  
2019_10_24_11_59_57_117 1571936397117 19904 19851 415 203.775  
2019_10_24_11_59_57_150 1571936397150 19937 19884 85 43.4968  
2019_10_24_11_59_57_156 1571936397156 19943 19890 633 311.423  
2019_10_24_11_59_57_170 1571936397170 19957 19904 245 120.805  
2019_10_24_11_59_57_197 1571936397197 19984 19931 280 137.818  
2019_10_24_11_59_57_207 1571936397207 19994 19941 282 138.791  
2019_10_24_11_59_57_222 1571936397222 20009 19955 176 87.3733  
2019_10_24_11_59_57_263 1571936397263 20050 19996 153 76.2605  
2019_10_24_11_59_57_306 1571936397306 20093 20039 257 126.634  
2019_10_24_11_59_57_341 1571936397341 20128 20074 673 331.327  
2019_10_24_11_59_57_342 1571936397342 20129 20075 426 209.173  
2019_10_24_11_59_57_352 1571936397352 20139 20085 295 145.12  
2019_10_24_11_59_57_358 1571936397358 20145 20091 305 149.991  
2019_10_24_11_59_57_381 1571936397381 20168 20114 430 211.137  
2019_10_24_11_59_57_398 1571936397398 20185 20131 185 91.726  
2019_10_24_11_59_57_407 1571936397407 20194 20140 569 279.674  
2019_10_24_11_59_57_420 1571936397420 20207 20153 126 63.235  
2019_10_24_11_59_57_434 1571936397434 20221 20167 1017 504.458  
2019_10_24_11_59_57_465 1571936397465 20252 20198 152 75.7777  
2019_10_24_11_59_57_475 1571936397475 20262 20208 295 145.12  
2019_10_24_11_59_57_475 1571936397475 20262 20208 577 283.636  
2019_10_24_11_59_57_485 1571936397485 20272 20218 417 204.757  
2019_10_24_11_59_57_522 1571936397522 20309 20255 198 98.0175  
2019_10_24_11_59_57_531 1571936397531 20318 20263 267 131.495  
2019_10_24_11_59_57_579 1571936397579 20366 20311 565 277.694  
2019_10_24_11_59_57_592 1571936397592 20379 20324 1313 656.232  
2019_10_24_11_59_57_622 1571936397622 20409 20354 197 97.5334  
2019_10_24_11_59_57_628 1571936397628 20415 20360 238 117.407  
2019_10_24_11_59_57_631 1571936397631 20418 20363 1358 679.533  
2019_10_24_11_59_57_666 1571936397666 20453 20398 1849 937.661  
2019_10_24_11_59_57_724 1571936397724 20511 20456 106 53.6004  
2019_10_24_11_59_57_747 1571936397747 20534 20479 501 246.074  
2019_10_24_11_59_57_803 1571936397803 20590 20535 643 316.394  
2019_10_24_11_59_57_850 1571936397850 20637 20582 416 204.266  
2019_10_24_11_59_57_852 1571936397852 20639 20584 737 363.273  
2019_10_24_11_59_57_864 1571936397864 20651 20596 179 88.8239  
2019_10_24_11_59_57_872 1571936397872 20659 20604 424 208.192  
2019_10_24_11_59_57_885 1571936397885 20672 20617 125 62.753  
2019_10_24_11_59_57_901 1571936397901 20688 20633 158 78.675  
2019_10_24_11_59_57_903 1571936397903 20690 20635 156 77.7091  
2019_10_24_11_59_57_908 1571936397908 20695 20640 4095 2209.31  
2019_10_24_11_59_57_992 1571936397992 20779 20723 213 105.283  
2019_10_24_11_59_57_995 1571936397995 20782 20726 309 151.941  
2019_10_24_11_59_58_024 1571936398024 20811 20755 145 72.3988  
2019_10_24_11_59_58_044 1571936398044 20831 20775 1416 709.653  
2019_10_24_11_59_58_051 1571936398051 20838 20782 273 134.412  
2019_10_24_11_59_58_066 1571936398066 20853 20797 495 243.116  
2019_10_24_11_59_58_091 1571936398091 20878 20822 204 100.923  
2019_10_24_11_59_58_111 1571936398111 20898 20842 164 81.5733  
2019_10_24_11_59_58_147 1571936398147 20934 20878 328 161.208  
2019_10_24_11_59_58_169 1571936398169 20956 20900 435 213.593  
2019_10_24_11_59_58_191 1571936398191 20978 20922 183 90.7585  
2019_10_24_11_59_58_195 1571936398195 20982 20926 174 86.4063  
2019_10_24_11_59_58_281 1571936398281 21068 21012 123 61.789  
2019_10_24_11_59_58_286 1571936398286 21073 21017 853 421.483  
2019_10_24_11_59_58_376 1571936398376 21163 21107 831 410.412  
2019_10_24_11_59_58_391 1571936398391 21178 21122 287 141.224  
2019_10_24_11_59_58_408 1571936398408 21195 21139 155 77.2262  
2019_10_24_11_59_58_412 1571936398412 21199 21142 301 148.042  
2019_10_24_11_59_58_419 1571936398419 21206 21149 191 94.6291  
2019_10_24_11_59_58_506 1571936398506 21293 21236 772 380.794  
2019_10_24_11_59_58_530 1571936398530 21317 21260 1118 555.955  
2019_10_24_11_59_58_552 1571936398552 21339 21282 523 256.93  
2019_10_24_11_59_58_579 1571936398579 21366 21309 212 104.799  
2019_10_24_11_59_58_653 1571936398653 21440 21383 65 33.8864  
2019_10_24_11_59_58_665 1571936398665 21452 21395 170 84.4728  
2019_10_24_11_59_58_672 1571936398672 21459 21402 403 197.891  
2019_10_24_11_59_58_726 1571936398726 21513 21456 171 84.9561  
2019_10_24_11_59_58_748 1571936398748 21535 21478 97 49.2687  
2019_10_24_11_59_58_764 1571936398764 21551 21494 1956 994.858  
2019_10_24_11_59_58_769 1571936398769 21556 21499 567 278.684  
2019_10_24_11_59_58_810 1571936398810 21597 21540 187 92.6936  
2019_10_24_11_59_58_859 1571936398859 21646 21589 164 81.5733  
2019_10_24_11_59_58_914 1571936398914 21701 21644 168 83.5062  
2019_10_24_11_59_58_943 1571936398943 21730 21673 223 110.131  
2019_10_24_11_59_58_948 1571936398948 21735 21677 259 127.606  
2019_10_24_11_59_58_957 1571936398957 21744 21686 197 97.5334  
2019_10_24_11_59_58_977 1571936398977 21764 21706 236 116.437  
2019_10_24_11_59_58_983 1571936398983 21770 21712 257 126.634  
2019_10_24_11_59_59_001 1571936399001 21788 21730 2025 1031.92  
2019_10_24_11_59_59_007 1571936399007 21794 21736 1906 968.088  
2019_10_24_11_59_59_089 1571936399089 21876 21818 80 41.0931  
2019_10_24_11_59_59_116 1571936399116 21903 21845 530 260.387  
2019_10_24_11_59_59_123 1571936399123 21910 21852 291 143.172  
2019_10_24_11_59_59_158 1571936399158 21945 21887 209 103.345  
2019_10_24_11_59_59_197 1571936399197 21984 21926 245 120.805  
2019_10_24_11_59_59_258 1571936399258 22045 21987 305 149.991  
2019_10_24_11_59_59_294 1571936399294 22081 22023 189 93.6613  
2019_10_24_11_59_59_307 1571936399307 22094 22036 66 34.3667  
2019_10_24_11_59_59_321 1571936399321 22108 22050 73 37.7291  
2019_10_24_11_59_59_358 1571936399358 22145 22087 500 245.581  
2019_10_24_11_59_59_362 1571936399362 22149 22091 4095 2209.31  
2019_10_24_11_59_59_374 1571936399374 22161 22102 263 129.55  
2019_10_24_11_59_59_473 1571936399473 22260 22201 147 73.3641  
2019_10_24_11_59_59_506 1571936399506 22293 22234 93 47.3442  
2019_10_24_11_59_59_546 1571936399546 22333 22274 838 413.933  
2019_10_24_11_59_59_560 1571936399560 22347 22288 260 128.092  
2019_10_24_11_59_59_569 1571936399569 22356 22297 138 69.0214  
2019_10_24_11_59_59_610 1571936399610 22397 22338 183 90.7585  
2019_10_24_11_59_59_613 1571936399613 22400 22341 525 257.917  
2019_10_24_11_59_59_645 1571936399645 22432 22373 217 107.222  
2019_10_24_11_59_59_649 1571936399649 22436 22377 268 131.981  
2019_10_24_11_59_59_664 1571936399664 22451 22392 202 99.9544  
2019_10_24_11_59_59_695 1571936399695 22482 22423 346 169.996  
2019_10_24_11_59_59_697 1571936399697 22484 22425 211 104.314  
2019_10_24_11_59_59_714 1571936399714 22501 22442 285 140.251  
2019_10_24_11_59_59_724 1571936399724 22511 22452 415 203.775  
2019_10_24_11_59_59_756 1571936399756 22543 22484 266 131.008  
2019_10_24_11_59_59_803 1571936399803 22590 22531 175 86.8898  
2019_10_24_11_59_59_813 1571936399813 22600 22540 146 72.8814  
2019_10_24_11_59_59_864 1571936399864 22651 22591 460 225.881  
2019_10_24_11_59_59_864 1571936399864 22651 22591 680 334.815  
2019_10_24_11_59_59_896 1571936399896 22683 22623 419 205.738  
2019_10_24_12_00_00_132 1571936400132 22919 22859 185 91.726  
2019_10_24_12_00_00_152 1571936400152 22939 22879 341 167.554  
2019_10_24_12_00_00_160 1571936400160 22947 22887 328 161.208  
2019_10_24_12_00_00_249 1571936400249 23036 22976 311 152.916  
2019_10_24_12_00_00_263 1571936400263 23050 22990 402 197.4  
2019_10_24_12_00_00_365 1571936400365 23152 23092 161 80.124  
2019_10_24_12_00_00_436 1571936400436 23223 23163 847 418.462  
2019_10_24_12_00_00_515 1571936400515 23302 23242 477 234.248  
2019_10_24_12_00_00_537 1571936400537 23324 23264 277 136.358  
2019_10_24_12_00_00_573 1571936400573 23360 23300 511 251.007  
2019_10_24_12_00_00_575 1571936400575 23362 23302 612 300.992  
2019_10_24_12_00_00_591 1571936400591 23378 23318 221 109.161  
2019_10_24_12_00_00_602 1571936400602 23389 23329 380 186.624  
2019_10_24_12_00_00_616 1571936400616 23403 23343 381 187.113  
2019_10_24_12_00_00_622 1571936400622 23409 23348 209 103.345  
2019_10_24_12_00_00_635 1571936400635 23422 23361 177 87.8568  
2019_10_24_12_00_00_658 1571936400658 23445 23384 200 98.9859  
2019_10_24_12_00_00_663 1571936400663 23450 23389 177 87.8568  
2019_10_24_12_00_00_723 1571936400723 23510 23449 1671 843.259  
2019_10_24_12_00_00_730 1571936400730 23517 23456 343 168.531  
2019_10_24_12_00_00_742 1571936400742 23529 23468 171 84.9561  
2019_10_24_12_00_00_748 1571936400748 23535 23474 773 381.295  
2019_10_24_12_00_00_751 1571936400751 23538 23477 2115 1080.48  
2019_10_24_12_00_00_885 1571936400885 23672 23611 112 56.4895  
2019_10_24_12_00_00_885 1571936400885 23672 23611 241 118.864  
2019_10_24_12_00_00_915 1571936400915 23702 23641 117 58.898  
2019_10_24_12_00_00_926 1571936400926 23713 23652 227 112.07  
2019_10_24_12_00_00_979 1571936400979 23766 23705 398 195.44  
2019_10_24_12_00_01_124 1571936401124 23911 23850 528 259.399  
2019_10_24_12_00_01_165 1571936401165 23952 23891 1545 777.002  
2019_10_24_12_00_01_177 1571936401177 23964 23903 247 121.777  
2019_10_24_12_00_01_228 1571936401228 24015 23953 143 71.4337  
2019_10_24_12_00_01_262 1571936401262 24049 23987 161 80.124  
2019_10_24_12_00_01_274 1571936401274 24061 23999 208 102.861  
2019_10_24_12_00_01_277 1571936401277 24064 24002 513 251.993  
2019_10_24_12_00_01_316 1571936401316 24103 24041 200 98.9859  
2019_10_24_12_00_01_319 1571936401319 24106 24044 438 215.066  
2019_10_24_12_00_01_327 1571936401327 24114 24052 265 130.522  
2019_10_24_12_00_01_347 1571936401347 24134 24072 110 55.5264  
2019_10_24_12_00_01_434 1571936401434 24221 24159 188 93.1774  
2019_10_24_12_00_01_456 1571936401456 24243 24181 188 93.1774  
2019_10_24_12_00_01_482 1571936401482 24269 24207 347 170.485  
2019_10_24_12_00_01_487 1571936401487 24274 24212 276 135.872  
2019_10_24_12_00_01_506 1571936401506 24293 24231 240 118.378  
2019_10_24_12_00_01_543 1571936401543 24330 24268 695 342.295  
2019_10_24_12_00_01_582 1571936401582 24369 24307 177 87.8568  
2019_10_24_12_00_01_632 1571936401632 24419 24357 226 111.585  
2019_10_24_12_00_01_636 1571936401636 24423 24361 2143 1095.63  
2019_10_24_12_00_01_644 1571936401644 24431 24368 177 87.8568  
2019_10_24_12_00_01_675 1571936401675 24462 24399 219 108.191  
2019_10_24_12_00_01_696 1571936401696 24483 24420 82 42.0545  
2019_10_24_12_00_01_735 1571936401735 24522 24459 119 59.8615  
2019_10_24_12_00_01_776 1571936401776 24563 24500 2491 1285.93  
2019_10_24_12_00_01_780 1571936401780 24567 24504 146 72.8814  
2019_10_24_12_00_01_786 1571936401786 24573 24510 2196 1124.38  
2019_10_24_12_00_01_793 1571936401793 24580 24517 1275 636.603  
2019_10_24_12_00_01_835 1571936401835 24622 24559 457 224.406  
2019_10_24_12_00_01_948 1571936401948 24735 24672 223 110.131  
2019_10_24_12_00_01_991 1571936401991 24778 24715 234 115.466  
2019_10_24_12_00_02_009 1571936402009 24796 24733 616 302.978  
2019_10_24_12_00_02_019 1571936402019 24806 24743 285 140.251  
2019_10_24_12_00_02_087 1571936402087 24874 24811 189 93.6613  
2019_10_24_12_00_02_093 1571936402093 24880 24817 163 81.0902  
2019_10_24_12_00_02_115 1571936402115 24902 24839 746 367.775  
2019_10_24_12_00_02_229 1571936402229 25016 24953 966 478.57  
2019_10_24_12_00_02_267 1571936402267 25054 24990 234 115.466  
2019_10_24_12_00_02_276 1571936402276 25063 24999 334 164.136  
2019_10_24_12_00_02_311 1571936402311 25098 25034 75 38.6901  
2019_10_24_12_00_02_357 1571936402357 25144 25080 271 133.44  
2019_10_24_12_00_02_359 1571936402359 25146 25082 782 385.807  
2019_10_24_12_00_02_415 1571936402415 25202 25138 174 86.4063  
2019_10_24_12_00_02_425 1571936402425 25212 25148 352 172.928  
2019_10_24_12_00_02_516 1571936402516 25303 25239 1280 639.183  
2019_10_24_12_00_02_517 1571936402517 25304 25240 426 209.173  
2019_10_24_12_00_02_665 1571936402665 25452 25388 127 63.717  
2019_10_24_12_00_02_666 1571936402666 25453 25389 213 105.283  
2019_10_24_12_00_02_703 1571936402703 25490 25426 308 151.453  
2019_10_24_12_00_02_707 1571936402707 25494 25430 617 303.474  
2019_10_24_12_00_02_717 1571936402717 25504 25440 423 207.701  
2019_10_24_12_00_02_754 1571936402754 25541 25477 728 358.773  
2019_10_24_12_00_02_759 1571936402759 25546 25482 116 58.4162  
2019_10_24_12_00_02_760 1571936402760 25547 25483 389 191.031  
2019_10_24_12_00_02_819 1571936402819 25606 25541 235 115.951  
2019_10_24_12_00_02_820 1571936402820 25607 25542 149 74.3294  
2019_10_24_12_00_02_895 1571936402895 25682 25617 163 81.0902  
2019_10_24_12_00_02_909 1571936402909 25696 25631 223 110.131  
2019_10_24_12_00_02_911 1571936402911 25698 25633 45 24.2879  
2019_10_24_12_00_02_923 1571936402923 25710 25645 178 88.3403  
2019_10_24_12_00_02_945 1571936402945 25732 25667 724 356.774  
2019_10_24_12_00_03_075 1571936403075 25862 25797 283 139.278  
2019_10_24_12_00_03_104 1571936403104 25891 25826 218 107.707  
2019_10_24_12_00_03_118 1571936403118 25905 25840 142 70.9512  
2019_10_24_12_00_03_150 1571936403150 25937 25872 121 60.8252  
2019_10_24_12_00_03_253 1571936403253 26040 25975 192 95.1131  
2019_10_24_12_00_03_278 1571936403278 26065 26000 1148 571.309  
2019_10_24_12_00_03_330 1571936403330 26117 26052 170 84.4728  
2019_10_24_12_00_03_334 1571936403334 26121 26056 120 60.3434  
2019_10_24_12_00_03_336 1571936403336 26123 26058 341 167.554  
2019_10_24_12_00_03_339 1571936403339 26126 26061 242 119.349  
2019_10_24_12_00_03_361 1571936403361 26148 26083 296 145.607  
2019_10_24_12_00_03_379 1571936403379 26166 26100 124 62.271  
2019_10_24_12_00_03_431 1571936403431 26218 26152 120 60.3434  
2019_10_24_12_00_03_453 1571936403453 26240 26174 85 43.4968  
2019_10_24_12_00_03_590 1571936403590 26377 26311 660 324.853  
2019_10_24_12_00_03_626 1571936403626 26413 26347 269 132.467  
2019_10_24_12_00_03_644 1571936403644 26431 26365 174 86.4063  
2019_10_24_12_00_03_668 1571936403668 26455 26389 163 81.0902  
2019_10_24_12_00_03_703 1571936403703 26490 26424 254 125.177  
2019_10_24_12_00_03_755 1571936403755 26542 26476 214 105.768  
2019_10_24_12_00_03_787 1571936403787 26574 26508 350 171.951  
2019_10_24_12_00_03_788 1571936403788 26575 26509 332 163.16  
2019_10_24_12_00_03_798 1571936403798 26585 26519 1416 709.653  
2019_10_24_12_00_03_831 1571936403831 26618 26552 1269 633.507  
2019_10_24_12_00_03_836 1571936403836 26623 26557 146 72.8814  
2019_10_24_12_00_03_846 1571936403846 26633 26567 489 240.159  
2019_10_24_12_00_03_901 1571936403901 26688 26622 524 257.423  
2019_10_24_12_00_03_916 1571936403916 26703 26637 451 221.455  
2019_10_24_12_00_03_965 1571936403965 26752 26685 371 182.219  
2019_10_24_12_00_03_976 1571936403976 26763 26696 290 142.685  
2019_10_24_12_00_04_019 1571936404019 26806 26739 283 139.278  
2019_10_24_12_00_04_023 1571936404023 26810 26743 110 55.5264  
2019_10_24_12_00_04_025 1571936404025 26812 26745 39 21.4106  
2019_10_24_12_00_04_036 1571936404036 26823 26756 732 360.773  
2019_10_24_12_00_04_080 1571936404080 26867 26800 187 92.6936  
2019_10_24_12_00_04_121 1571936404121 26908 26841 169 83.9894  
2019_10_24_12_00_04_127 1571936404127 26914 26847 556 273.24  
2019_10_24_12_00_04_149 1571936404149 26936 26869 312 153.403  
2019_10_24_12_00_04_150 1571936404150 26937 26870 857 423.497  
2019_10_24_12_00_04_153 1571936404153 26940 26873 129 64.6812  
2019_10_24_12_00_04_191 1571936404191 26978 26911 277 136.358  
2019_10_24_12_00_04_293 1571936404293 27080 27013 200 98.9859  
2019_10_24_12_00_04_434 1571936404434 27221 27154 555 272.745  
2019_10_24_12_00_04_471 1571936404471 27258 27191 330 162.184  
2019_10_24_12_00_04_494 1571936404494 27281 27214 211 104.314  
2019_10_24_12_00_04_573 1571936404573 27360 27292 339 166.577  
2019_10_24_12_00_04_585 1571936404585 27372 27304 92 46.8632  
2019_10_24_12_00_04_601 1571936404601 27388 27320 165 82.0565  
2019_10_24_12_00_04_649 1571936404649 27436 27368 1494 750.317  
2019_10_24_12_00_04_670 1571936404670 27457 27389 501 246.074  
2019_10_24_12_00_04_688 1571936404688 27475 27407 167 83.0229  
2019_10_24_12_00_04_702 1571936404702 27489 27421 1923 977.182  
2019_10_24_12_00_04_763 1571936404763 27550 27482 250 123.234  
2019_10_24_12_00_04_814 1571936404814 27601 27533 743 366.274  
2019_10_24_12_00_04_872 1571936404872 27659 27591 165 82.0565  
2019_10_24_12_00_04_879 1571936404879 27666 27598 1737 878.153  
2019_10_24_12_00_04_932 1571936404932 27719 27651 540 265.328  
2019_10_24_12_00_04_939 1571936404939 27726 27658 122 61.3071  
2019_10_24_12_00_04_973 1571936404973 27760 27692 157 78.192  
2019_10_24_12_00_05_017 1571936405017 27804 27736 424 208.192  
2019_10_24_12_00_05_078 1571936405078 27865 27797 351 172.439  
2019_10_24_12_00_05_094 1571936405094 27881 27813 149 74.3294  
2019_10_24_12_00_05_140 1571936405140 27927 27858 4095 2209.31  
2019_10_24_12_00_05_244 1571936405244 28031 27962 372 182.708  
2019_10_24_12_00_05_256 1571936405256 28043 27974 192 95.1131  
2019_10_24_12_00_05_307 1571936405307 28094 28025 1864 945.659  
2019_10_24_12_00_05_310 1571936405310 28097 28028 387 190.051  
2019_10_24_12_00_05_325 1571936405325 28112 28043 99 50.2311  
2019_10_24_12_00_05_376 1571936405376 28163 28094 111 56.0079  
2019_10_24_12_00_05_402 1571936405402 28189 28120 448 219.98  
2019_10_24_12_00_05_469 1571936405469 28256 28187 1052 522.269  
2019_10_24_12_00_05_500 1571936405500 28287 28218 321 157.792  
2019_10_24_12_00_05_515 1571936405515 28302 28233 237 116.922  
2019_10_24_12_00_05_530 1571936405530 28317 28248 450 220.964  
2019_10_24_12_00_05_575 1571936405575 28362 28293 508 249.527  
2019_10_24_12_00_05_591 1571936405591 28378 28309 502 246.567  
2019_10_24_12_00_05_626 1571936405626 28413 28344 241 118.864  
2019_10_24_12_00_05_636 1571936405636 28423 28354 904 447.201  
2019_10_24_12_00_05_640 1571936405640 28427 28358 293 144.146  
2019_10_24_12_00_05_704 1571936405704 28491 28421 443 217.523  
2019_10_24_12_00_05_705 1571936405705 28492 28422 545 267.8  
2019_10_24_12_00_05_775 1571936405775 28562 28492 2487 1283.72  
2019_10_24_12_00_05_784 1571936405784 28571 28501 983 487.191  
2019_10_24_12_00_05_819 1571936405819 28606 28536 167 83.0229  
2019_10_24_12_00_05_829 1571936405829 28616 28546 620 304.964  
2019_10_24_12_00_05_889 1571936405889 28676 28606 167 83.0229  
2019_10_24_12_00_05_903 1571936405903 28690 28620 1229 612.898  
2019_10_24_12_00_05_910 1571936405910 28697 28627 1275 636.603  
2019_10_24_12_00_06_070 1571936406070 28857 28787 285 140.251  
2019_10_24_12_00_06_088 1571936406088 28875 28805 91 46.3822  
2019_10_24_12_00_06_184 1571936406184 28971 28901 358 175.861  
2019_10_24_12_00_06_210 1571936406210 28997 28927 295 145.12  
2019_10_24_12_00_06_260 1571936406260 29047 28977 1660 837.456  
2019_10_24_12_00_06_265 1571936406265 29052 28982 628 308.938  
2019_10_24_12_00_06_289 1571936406289 29076 29006 292 143.659  
2019_10_24_12_00_06_357 1571936406357 29144 29074 440 216.049  
2019_10_24_12_00_06_357 1571936406357 29144 29074 241 118.864  
2019_10_24_12_00_06_385 1571936406385 29172 29101 514 252.487  
2019_10_24_12_00_06_391 1571936406391 29178 29107 241 118.864  
2019_10_24_12_00_06_401 1571936406401 29188 29117 595 292.557  
2019_10_24_12_00_06_403 1571936406403 29190 29119 148 73.8467  
2019_10_24_12_00_06_455 1571936406455 29242 29171 461 226.373  
2019_10_24_12_00_06_463 1571936406463 29250 29179 230 113.526  
2019_10_24_12_00_06_506 1571936406506 29293 29222 161 80.124  
2019_10_24_12_00_06_507 1571936406507 29294 29223 391 192.01  
2019_10_24_12_00_06_627 1571936406627 29414 29343 364 178.795  
2019_10_24_12_00_06_829 1571936406829 29616 29545 344 169.019  
2019_10_24_12_00_06_871 1571936406871 29658 29587 173 85.9229  
2019_10_24_12_00_06_885 1571936406885 29672 29601 279 137.331  
2019_10_24_12_00_06_896 1571936406896 29683 29612 1826 925.41  
2019_10_24_12_00_06_921 1571936406921 29708 29637 439 215.558  
2019_10_24_12_00_06_936 1571936406936 29723 29652 139 69.5038  
2019_10_24_12_00_06_944 1571936406944 29731 29660 337 165.601  
2019_10_24_12_00_07_043 1571936407043 29830 29759 659 324.355  
2019_10_24_12_00_07_050 1571936407050 29837 29765 353 173.417  
2019_10_24_12_00_07_061 1571936407061 29848 29776 546 268.294  
2019_10_24_12_00_07_078 1571936407078 29865 29793 225 111.1  
2019_10_24_12_00_07_082 1571936407082 29869 29797 1062 527.365  
2019_10_24_12_00_07_114 1571936407114 29901 29829 188 93.1774  
2019_10_24_12_00_07_127 1571936407127 29914 29842 393 192.99  
2019_10_24_12_00_07_183 1571936407183 29970 29898 315 154.866  
2019_10_24_12_00_07_209 1571936407209 29996 29924 639 314.405  
2019_10_24_12_00_07_214 1571936407214 30001 29929 2751 1430.44  
