1571935432748 2019_10_24_11_43_52_748 2.734449 0.478300  0.000014786
2019_10_24_11_43_52_827 1571935432827 79 78 174 86.4063  
2019_10_24_11_43_52_886 1571935432886 138 137 91 46.3822  
2019_10_24_11_43_52_893 1571935432893 145 144 272 133.926  
2019_10_24_11_43_53_003 1571935433003 255 254 110 55.5264  
2019_10_24_11_43_53_015 1571935433015 267 266 1326 662.958  
2019_10_24_11_43_53_020 1571935433020 272 271 414 203.285  
2019_10_24_11_43_53_066 1571935433066 318 317 91 46.3822  
2019_10_24_11_43_53_095 1571935433095 347 346 694 341.796  
2019_10_24_11_43_53_125 1571935433125 377 376 405 198.871  
2019_10_24_11_43_53_209 1571935433209 461 460 176 87.3733  
2019_10_24_11_43_53_215 1571935433215 467 466 186 92.2098  
2019_10_24_11_43_53_232 1571935433232 484 483 270 132.953  
2019_10_24_11_43_53_250 1571935433250 502 501 570 280.169  
2019_10_24_11_43_53_262 1571935433262 514 513 420 206.229  
2019_10_24_11_43_53_270 1571935433270 522 521 1197 596.445  
2019_10_24_11_43_53_291 1571935433291 543 542 290 142.685  
2019_10_24_11_43_53_332 1571935433332 584 583 115 57.9345  
2019_10_24_11_43_53_352 1571935433352 604 602 170 84.4728  
2019_10_24_11_43_53_449 1571935433449 701 699 136 68.0567  
2019_10_24_11_43_53_452 1571935433452 704 702 521 255.942  
2019_10_24_11_43_53_496 1571935433496 748 746 235 115.951  
2019_10_24_11_43_53_502 1571935433502 754 752 342 168.042  
2019_10_24_11_43_53_519 1571935433519 771 769 226 111.585  
2019_10_24_11_43_53_559 1571935433559 811 809 640 314.903  
2019_10_24_11_43_53_582 1571935433582 834 832 918 454.274  
2019_10_24_11_43_53_608 1571935433608 860 858 173 85.9229  
2019_10_24_11_43_53_792 1571935433792 1044 1042 482 236.71  
2019_10_24_11_43_53_821 1571935433821 1073 1071 282 138.791  
2019_10_24_11_43_53_837 1571935433837 1089 1087 337 165.601  
2019_10_24_11_43_53_887 1571935433887 1139 1137 1069 530.934  
2019_10_24_11_43_53_893 1571935433893 1145 1143 146 72.8814  
2019_10_24_11_43_54_002 1571935434002 1254 1252 160 79.641  
2019_10_24_11_43_54_019 1571935434019 1271 1269 446 218.997  
2019_10_24_11_43_54_111 1571935434111 1363 1361 547 268.789  
2019_10_24_11_43_54_112 1571935434112 1364 1361 1111 552.376  
2019_10_24_11_43_54_142 1571935434142 1394 1391 271 133.44  
2019_10_24_11_43_54_159 1571935434159 1411 1408 209 103.345  
2019_10_24_11_43_54_184 1571935434184 1436 1433 191 94.6291  
2019_10_24_11_43_54_186 1571935434186 1438 1435 144 71.9162  
2019_10_24_11_43_54_201 1571935434201 1453 1450 747 368.275  
2019_10_24_11_43_54_222 1571935434222 1474 1471 467 229.325  
2019_10_24_11_43_54_233 1571935434233 1485 1482 256 126.148  
2019_10_24_11_43_54_250 1571935434250 1502 1499 496 243.609  
2019_10_24_11_43_54_259 1571935434259 1511 1508 729 359.273  
2019_10_24_11_43_54_313 1571935434313 1565 1562 284 139.764  
2019_10_24_11_43_54_381 1571935434381 1633 1630 179 88.8239  
2019_10_24_11_43_54_382 1571935434382 1634 1631 2214 1134.17  
2019_10_24_11_43_54_453 1571935434453 1705 1702 186 92.2098  
2019_10_24_11_43_54_487 1571935434487 1739 1736 366 179.773  
2019_10_24_11_43_54_578 1571935434578 1830 1827 277 136.358  
2019_10_24_11_43_54_582 1571935434582 1834 1831 4095 2209.31  
2019_10_24_11_43_54_601 1571935434601 1853 1849 408 200.342  
2019_10_24_11_43_54_604 1571935434604 1856 1852 805 397.347  
2019_10_24_11_43_54_610 1571935434610 1862 1858 278 136.845  
2019_10_24_11_43_54_631 1571935434631 1883 1879 293 144.146  
2019_10_24_11_43_54_706 1571935434706 1958 1954 797 393.332  
2019_10_24_11_43_54_746 1571935434746 1998 1994 170 84.4728  
2019_10_24_11_43_54_798 1571935434798 2050 2046 508 249.527  
2019_10_24_11_43_54_808 1571935434808 2060 2056 1253 625.258  
2019_10_24_11_43_54_811 1571935434811 2063 2059 1498 752.407  
2019_10_24_11_43_54_847 1571935434847 2099 2095 626 307.944  
2019_10_24_11_43_54_863 1571935434863 2115 2111 182 90.2748  
2019_10_24_11_43_54_876 1571935434876 2128 2124 187 92.6936  
2019_10_24_11_43_55_107 1571935435107 2359 2355 2044 1042.15  
2019_10_24_11_43_55_117 1571935435117 2369 2365 267 131.495  
2019_10_24_11_43_55_437 1571935435437 2689 2685 371 182.219  
2019_10_24_11_43_55_438 1571935435438 2690 2686 216 106.737  
2019_10_24_11_43_55_439 1571935435439 2691 2687 139 69.5038  
2019_10_24_11_43_55_439 1571935435439 2691 2686 311 152.916  
2019_10_24_11_43_55_439 1571935435439 2691 2686 135 67.5744  
2019_10_24_11_43_55_439 1571935435439 2691 2686 645 317.389  
2019_10_24_11_43_55_439 1571935435439 2691 2686 344 169.019  
2019_10_24_11_43_55_439 1571935435439 2691 2686 147 73.3641  
2019_10_24_11_43_55_458 1571935435458 2710 2705 126 63.235  
2019_10_24_11_43_55_469 1571935435469 2721 2716 409 200.833  
2019_10_24_11_43_55_486 1571935435486 2738 2733 545 267.8  
2019_10_24_11_43_55_492 1571935435492 2744 2739 1137 565.676  
2019_10_24_11_43_55_540 1571935435540 2792 2787 1514 760.772  
2019_10_24_11_43_55_565 1571935435565 2817 2812 305 149.991  
2019_10_24_11_43_55_578 1571935435578 2830 2825 120 60.3434  
2019_10_24_11_43_55_591 1571935435591 2843 2838 197 97.5334  
2019_10_24_11_43_55_632 1571935435632 2884 2879 310 152.428  
2019_10_24_11_43_55_653 1571935435653 2905 2900 216 106.737  
2019_10_24_11_43_55_691 1571935435691 2943 2938 1720 869.152  
2019_10_24_11_43_55_728 1571935435728 2980 2975 345 169.508  
2019_10_24_11_43_55_758 1571935435758 3010 3005 725 357.274  
2019_10_24_11_43_55_763 1571935435763 3015 3009 300 147.555  
2019_10_24_11_43_55_833 1571935435833 3085 3079 89 45.4203  
2019_10_24_11_43_55_927 1571935435927 3179 3173 3872 2076.38  
2019_10_24_11_43_56_094 1571935436094 3346 3340 1082 537.565  
2019_10_24_11_43_56_121 1571935436121 3373 3367 164 81.5733  
2019_10_24_11_43_56_137 1571935436137 3389 3383 204 100.923  
2019_10_24_11_43_56_145 1571935436145 3397 3391 102 51.6749  
2019_10_24_11_43_56_151 1571935436151 3403 3397 618 303.971  
2019_10_24_11_43_56_155 1571935436155 3407 3401 228 112.555  
2019_10_24_11_43_56_158 1571935436158 3410 3404 249 122.748  
2019_10_24_11_43_56_190 1571935436190 3442 3436 61 31.9658  
2019_10_24_11_43_56_206 1571935436206 3458 3452 276 135.872  
2019_10_24_11_43_56_228 1571935436228 3480 3474 154 76.7433  
2019_10_24_11_43_56_247 1571935436247 3499 3493 253 124.691  
2019_10_24_11_43_56_257 1571935436257 3509 3503 215 106.252  
2019_10_24_11_43_56_292 1571935436292 3544 3538 221 109.161  
2019_10_24_11_43_56_306 1571935436306 3558 3552 845 417.455  
2019_10_24_11_43_56_317 1571935436317 3569 3562 349 171.462  
2019_10_24_11_43_56_331 1571935436331 3583 3576 204 100.923  
2019_10_24_11_43_56_335 1571935436335 3587 3580 267 131.495  
2019_10_24_11_43_56_343 1571935436343 3595 3588 819 404.38  
2019_10_24_11_43_56_351 1571935436351 3603 3596 321 157.792  
2019_10_24_11_43_56_373 1571935436373 3625 3618 2741 1424.84  
2019_10_24_11_43_56_442 1571935436442 3694 3687 386 189.561  
2019_10_24_11_43_56_464 1571935436464 3716 3709 796 392.83  
2019_10_24_11_43_56_472 1571935436472 3724 3717 614 301.985  
2019_10_24_11_43_56_502 1571935436502 3754 3747 606 298.014  
2019_10_24_11_43_56_508 1571935436508 3760 3753 209 103.345  
2019_10_24_11_43_56_579 1571935436579 3831 3824 364 178.795  
2019_10_24_11_43_56_584 1571935436584 3836 3829 283 139.278  
2019_10_24_11_43_56_592 1571935436592 3844 3837 329 161.696  
2019_10_24_11_43_56_642 1571935436642 3894 3887 556 273.24  
2019_10_24_11_43_56_643 1571935436643 3895 3888 273 134.412  
2019_10_24_11_43_56_646 1571935436646 3898 3891 350 171.951  
2019_10_24_11_43_56_733 1571935436733 3985 3977 167 83.0229  
2019_10_24_11_43_56_764 1571935436764 4016 4008 261 128.578  
2019_10_24_11_43_56_870 1571935436870 4122 4114 210 103.829  
2019_10_24_11_43_56_874 1571935436874 4126 4118 1781 901.486  
2019_10_24_11_43_56_894 1571935436894 4146 4138 180 89.3075  
2019_10_24_11_43_56_907 1571935436907 4159 4151 240 118.378  
2019_10_24_11_43_57_057 1571935437057 4309 4301 470 230.802  
2019_10_24_11_43_57_086 1571935437086 4338 4330 183 90.7585  
2019_10_24_11_43_57_104 1571935437104 4356 4348 387 190.051  
2019_10_24_11_43_57_105 1571935437105 4357 4349 584 287.104  
2019_10_24_11_43_57_111 1571935437111 4363 4355 157 78.192  
2019_10_24_11_43_57_116 1571935437116 4368 4360 504 247.553  
2019_10_24_11_43_57_122 1571935437122 4374 4366 481 236.218  
2019_10_24_11_43_57_130 1571935437130 4382 4374 134 67.0921  
2019_10_24_11_43_57_485 1571935437485 4737 4729 426 209.173  
2019_10_24_11_43_57_486 1571935437486 4738 4730 467 229.325  
2019_10_24_11_43_57_487 1571935437487 4739 4731 223 110.131  
2019_10_24_11_43_57_487 1571935437487 4739 4730 235 115.951  
2019_10_24_11_43_57_487 1571935437487 4739 4730 409 200.833  
2019_10_24_11_43_57_487 1571935437487 4739 4730 1939 985.748  
2019_10_24_11_43_57_487 1571935437487 4739 4730 97 49.2687  
2019_10_24_11_43_57_487 1571935437487 4739 4730 126 63.235  
2019_10_24_11_43_57_497 1571935437497 4749 4740 2781 1447.24  
2019_10_24_11_43_57_509 1571935437509 4761 4752 4095 2209.31  
2019_10_24_11_43_57_623 1571935437623 4875 4866 220 108.676  
2019_10_24_11_43_57_630 1571935437630 4882 4873 108 54.5633  
2019_10_24_11_43_57_653 1571935437653 4905 4896 436 214.084  
2019_10_24_11_43_57_660 1571935437660 4912 4903 965 478.063  
2019_10_24_11_43_57_700 1571935437700 4952 4943 213 105.283  
2019_10_24_11_43_57_754 1571935437754 5006 4997 120 60.3434  
2019_10_24_11_43_57_769 1571935437769 5021 5012 204 100.923  
2019_10_24_11_43_57_812 1571935437812 5064 5055 134 67.0921  
2019_10_24_11_43_57_855 1571935437855 5107 5098 222 109.646  
2019_10_24_11_43_57_873 1571935437873 5125 5116 446 218.997  
2019_10_24_11_43_57_885 1571935437885 5137 5127 1464 734.656  
2019_10_24_11_43_57_968 1571935437968 5220 5210 106 53.6004  
2019_10_24_11_43_58_069 1571935438069 5321 5311 136 68.0567  
2019_10_24_11_43_58_077 1571935438077 5329 5319 100 50.7123  
2019_10_24_11_43_58_123 1571935438123 5375 5365 158 78.675  
2019_10_24_11_43_58_150 1571935438150 5402 5392 406 199.361  
2019_10_24_11_43_58_214 1571935438214 5466 5456 480 235.725  
2019_10_24_11_43_58_220 1571935438220 5472 5462 93 47.3442  
2019_10_24_11_43_58_262 1571935438262 5514 5504 233 114.981  
2019_10_24_11_43_58_266 1571935438266 5518 5508 1324 661.923  
2019_10_24_11_43_58_273 1571935438273 5525 5515 246 121.291  
2019_10_24_11_43_58_290 1571935438290 5542 5532 347 170.485  
2019_10_24_11_43_58_293 1571935438293 5545 5535 411 201.813  
2019_10_24_11_43_58_298 1571935438298 5550 5540 202 99.9544  
2019_10_24_11_43_58_330 1571935438330 5582 5572 273 134.412  
2019_10_24_11_43_58_345 1571935438345 5597 5587 163 81.0902  
2019_10_24_11_43_58_386 1571935438386 5638 5628 128 64.1991  
2019_10_24_11_43_58_423 1571935438423 5675 5665 347 170.485  
2019_10_24_11_43_58_428 1571935438428 5680 5669 301 148.042  
2019_10_24_11_43_58_453 1571935438453 5705 5694 468 229.817  
2019_10_24_11_43_58_479 1571935438479 5731 5720 1732 875.505  
2019_10_24_11_43_58_483 1571935438483 5735 5724 176 87.3733  
2019_10_24_11_43_58_487 1571935438487 5739 5728 397 194.95  
2019_10_24_11_43_58_497 1571935438497 5749 5738 149 74.3294  
2019_10_24_11_43_58_548 1571935438548 5800 5789 70 36.2879  
2019_10_24_11_43_58_565 1571935438565 5817 5806 602 296.029  
2019_10_24_11_43_58_606 1571935438606 5858 5847 395 193.97  
2019_10_24_11_43_58_633 1571935438633 5885 5874 675 332.324  
2019_10_24_11_43_58_641 1571935438641 5893 5882 372 182.708  
2019_10_24_11_43_58_647 1571935438647 5899 5888 932 461.353  
2019_10_24_11_43_58_718 1571935438718 5970 5959 419 205.738  
2019_10_24_11_43_58_735 1571935438735 5987 5976 485 238.188  
2019_10_24_11_43_58_783 1571935438783 6035 6024 93 47.3442  
2019_10_24_11_43_58_808 1571935438808 6060 6049 173 85.9229  
2019_10_24_11_43_58_817 1571935438817 6069 6058 94 47.8253  
2019_10_24_11_43_58_825 1571935438825 6077 6065 1599 805.34  
2019_10_24_11_43_58_895 1571935438895 6147 6135 647 318.384  
2019_10_24_11_43_58_964 1571935438964 6216 6204 239 117.893  
2019_10_24_11_43_58_975 1571935438975 6227 6215 213 105.283  
2019_10_24_11_43_59_008 1571935439008 6260 6248 107 54.0818  
2019_10_24_11_43_59_010 1571935439010 6262 6250 101 51.1936  
2019_10_24_11_43_59_061 1571935439061 6313 6301 211 104.314  
2019_10_24_11_43_59_070 1571935439070 6322 6310 187 92.6936  
2019_10_24_11_43_59_112 1571935439112 6364 6352 117 58.898  
2019_10_24_11_43_59_124 1571935439124 6376 6364 412 202.304  
2019_10_24_11_43_59_138 1571935439138 6390 6378 3561 1893.45  
2019_10_24_11_43_59_157 1571935439157 6409 6397 175 86.8898  
2019_10_24_11_43_59_164 1571935439164 6416 6404 205 101.407  
2019_10_24_11_43_59_201 1571935439201 6453 6441 365 179.284  
2019_10_24_11_43_59_269 1571935439269 6521 6509 287 141.224  
2019_10_24_11_43_59_532 1571935439532 6784 6772 1464 734.656  
2019_10_24_11_43_59_533 1571935439533 6785 6773 333 163.648  
2019_10_24_11_43_59_534 1571935439534 6786 6773 106 53.6004  
2019_10_24_11_43_59_534 1571935439534 6786 6773 373 183.197  
2019_10_24_11_43_59_534 1571935439534 6786 6773 90 45.9012  
2019_10_24_11_43_59_535 1571935439535 6787 6774 522 256.436  
2019_10_24_11_43_59_535 1571935439535 6787 6774 504 247.553  
2019_10_24_11_43_59_535 1571935439535 6787 6774 2013 1025.47  
2019_10_24_11_43_59_535 1571935439535 6787 6774 207 102.376  
2019_10_24_11_43_59_535 1571935439535 6787 6774 161 80.124  
2019_10_24_11_43_59_550 1571935439550 6802 6789 91 46.3822  
2019_10_24_11_43_59_593 1571935439593 6845 6832 1003 497.344  
2019_10_24_11_43_59_608 1571935439608 6860 6847 424 208.192  
2019_10_24_11_43_59_642 1571935439642 6894 6881 1002 496.836  
2019_10_24_11_43_59_662 1571935439662 6914 6901 995 493.281  
2019_10_24_11_43_59_692 1571935439692 6944 6931 179 88.8239  
2019_10_24_11_43_59_700 1571935439700 6952 6939 350 171.951  
2019_10_24_11_43_59_711 1571935439711 6963 6950 462 226.865  
2019_10_24_11_43_59_715 1571935439715 6967 6954 216 106.737  
2019_10_24_11_43_59_749 1571935439749 7001 6987 197 97.5334  
2019_10_24_11_43_59_769 1571935439769 7021 7007 302 148.53  
2019_10_24_11_43_59_777 1571935439777 7029 7015 345 169.508  
2019_10_24_11_43_59_777 1571935439777 7029 7015 535 262.857  
2019_10_24_11_43_59_856 1571935439856 7108 7094 85 43.4968  
2019_10_24_11_43_59_915 1571935439915 7167 7153 245 120.805  
2019_10_24_11_43_59_933 1571935439933 7185 7171 3043 1595.11  
2019_10_24_11_43_59_999 1571935439999 7251 7237 189 93.6613  
2019_10_24_11_44_00_020 1571935440020 7272 7258 329 161.696  
2019_10_24_11_44_00_052 1571935440052 7304 7290 338 166.089  
2019_10_24_11_44_00_071 1571935440071 7323 7309 483 237.203  
2019_10_24_11_44_00_101 1571935440101 7353 7339 312 153.403  
2019_10_24_11_44_00_137 1571935440137 7389 7375 180 89.3075  
2019_10_24_11_44_00_202 1571935440202 7454 7440 402 197.4  
2019_10_24_11_44_00_207 1571935440207 7459 7445 331 162.672  
2019_10_24_11_44_00_211 1571935440211 7463 7449 180 89.3075  
2019_10_24_11_44_00_249 1571935440249 7501 7487 222 109.646  
2019_10_24_11_44_00_285 1571935440285 7537 7522 375 184.176  
2019_10_24_11_44_00_336 1571935440336 7588 7573 135 67.5744  
2019_10_24_11_44_00_339 1571935440339 7591 7576 432 212.119  
2019_10_24_11_44_00_371 1571935440371 7623 7608 283 139.278  
2019_10_24_11_44_00_413 1571935440413 7665 7650 409 200.833  
2019_10_24_11_44_00_465 1571935440465 7717 7702 236 116.437  
2019_10_24_11_44_00_470 1571935440470 7722 7707 438 215.066  
2019_10_24_11_44_00_479 1571935440479 7731 7716 270 132.953  
2019_10_24_11_44_00_483 1571935440483 7735 7720 340 167.066  
2019_10_24_11_44_00_494 1571935440494 7746 7731 356 174.883  
2019_10_24_11_44_00_526 1571935440526 7778 7763 143 71.4337  
2019_10_24_11_44_00_594 1571935440594 7846 7831 201 99.4701  
2019_10_24_11_44_00_597 1571935440597 7849 7834 1048 520.232  
2019_10_24_11_44_00_600 1571935440600 7852 7837 407 199.852  
2019_10_24_11_44_00_613 1571935440613 7865 7850 314 154.378  
2019_10_24_11_44_00_631 1571935440631 7883 7868 292 143.659  
2019_10_24_11_44_00_660 1571935440660 7912 7897 1018 504.967  
2019_10_24_11_44_00_668 1571935440668 7920 7905 266 131.008  
2019_10_24_11_44_00_709 1571935440709 7961 7945 188 93.1774  
2019_10_24_11_44_00_720 1571935440720 7972 7956 615 302.481  
2019_10_24_11_44_00_779 1571935440779 8031 8015 271 133.44  
2019_10_24_11_44_00_821 1571935440821 8073 8057 475 233.263  
2019_10_24_11_44_00_830 1571935440830 8082 8066 2723 1414.78  
2019_10_24_11_44_00_848 1571935440848 8100 8084 147 73.3641  
2019_10_24_11_44_00_851 1571935440851 8103 8087 658 323.858  
2019_10_24_11_44_00_853 1571935440853 8105 8089 346 169.996  
2019_10_24_11_44_00_860 1571935440860 8112 8096 651 320.374  
2019_10_24_11_44_00_884 1571935440884 8136 8120 424 208.192  
2019_10_24_11_44_00_978 1571935440978 8230 8214 346 169.996  
2019_10_24_11_44_01_002 1571935441002 8254 8238 516 253.474  
2019_10_24_11_44_01_051 1571935441051 8303 8287 787 388.314  
2019_10_24_11_44_01_072 1571935441072 8324 8308 355 174.394  
2019_10_24_11_44_01_076 1571935441076 8328 8312 204 100.923  
2019_10_24_11_44_01_126 1571935441126 8378 8362 90 45.9012  
2019_10_24_11_44_01_143 1571935441143 8395 8379 91 46.3822  
2019_10_24_11_44_01_243 1571935441243 8495 8478 1917 973.971  
2019_10_24_11_44_01_306 1571935441306 8558 8541 164 81.5733  
2019_10_24_11_44_01_580 1571935441580 8832 8815 310 152.428  
2019_10_24_11_44_01_581 1571935441581 8833 8816 249 122.748  
2019_10_24_11_44_01_582 1571935441582 8834 8817 1091 542.159  
2019_10_24_11_44_01_582 1571935441582 8834 8817 633 311.423  
2019_10_24_11_44_01_582 1571935441582 8834 8817 117 58.898  
2019_10_24_11_44_01_582 1571935441582 8834 8817 299 147.068  
2019_10_24_11_44_01_582 1571935441582 8834 8817 434 213.102  
2019_10_24_11_44_01_587 1571935441587 8839 8822 132 66.1277  
2019_10_24_11_44_01_591 1571935441591 8843 8826 106 53.6004  
2019_10_24_11_44_01_594 1571935441594 8846 8829 127 63.717  
2019_10_24_11_44_01_660 1571935441660 8912 8895 651 320.374  
2019_10_24_11_44_01_692 1571935441692 8944 8927 501 246.074  
2019_10_24_11_44_01_816 1571935441816 9068 9051 418 205.247  
2019_10_24_11_44_01_817 1571935441817 9069 9052 1185 590.282  
2019_10_24_11_44_01_904 1571935441904 9156 9139 227 112.07  
2019_10_24_11_44_01_952 1571935441952 9204 9186 1289 643.83  
2019_10_24_11_44_01_973 1571935441973 9225 9207 343 168.531  
2019_10_24_11_44_02_041 1571935442041 9293 9275 368 180.751  
2019_10_24_11_44_02_064 1571935442064 9316 9298 313 153.891  
2019_10_24_11_44_02_106 1571935442106 9358 9340 204 100.923  
2019_10_24_11_44_02_119 1571935442119 9371 9353 127 63.717  
2019_10_24_11_44_02_133 1571935442133 9385 9367 228 112.555  
2019_10_24_11_44_02_214 1571935442214 9466 9448 311 152.916  
2019_10_24_11_44_02_227 1571935442227 9479 9461 163 81.0902  
2019_10_24_11_44_02_247 1571935442247 9499 9481 654 321.867  
2019_10_24_11_44_02_268 1571935442268 9520 9502 186 92.2098  
2019_10_24_11_44_02_269 1571935442269 9521 9503 355 174.394  
2019_10_24_11_44_02_277 1571935442277 9529 9511 565 277.694  
2019_10_24_11_44_02_289 1571935442289 9541 9523 2577 1333.5  
2019_10_24_11_44_02_298 1571935442298 9550 9532 547 268.789  
2019_10_24_11_44_02_303 1571935442303 9555 9537 150 74.8121  
2019_10_24_11_44_02_353 1571935442353 9605 9587 1303 651.063  
2019_10_24_11_44_02_378 1571935442378 9630 9611 613 301.488  
2019_10_24_11_44_02_385 1571935442385 9637 9618 612 300.992  
2019_10_24_11_44_02_436 1571935442436 9688 9669 81 41.5738  
2019_10_24_11_44_02_438 1571935442438 9690 9671 210 103.829  
2019_10_24_11_44_02_454 1571935442454 9706 9687 421 206.719  
2019_10_24_11_44_02_460 1571935442460 9712 9693 252 124.205  
2019_10_24_11_44_02_496 1571935442496 9748 9729 550 270.272  
2019_10_24_11_44_02_500 1571935442500 9752 9733 4095 2209.31  
2019_10_24_11_44_02_533 1571935442533 9785 9766 183 90.7585  
2019_10_24_11_44_02_540 1571935442540 9792 9773 234 115.466  
2019_10_24_11_44_02_565 1571935442565 9817 9798 268 131.981  
2019_10_24_11_44_02_566 1571935442566 9818 9799 1230 613.413  
2019_10_24_11_44_02_583 1571935442583 9835 9816 263 129.55  
2019_10_24_11_44_02_607 1571935442607 9859 9840 249 122.748  
2019_10_24_11_44_02_626 1571935442626 9878 9859 191 94.6291  
2019_10_24_11_44_02_657 1571935442657 9909 9890 198 98.0175  
2019_10_24_11_44_02_704 1571935442704 9956 9937 369 181.24  
2019_10_24_11_44_02_708 1571935442708 9960 9940 356 174.883  
2019_10_24_11_44_02_726 1571935442726 9978 9958 520 255.449  
2019_10_24_11_44_02_735 1571935442735 9987 9967 308 151.453  
2019_10_24_11_44_02_743 1571935442743 9995 9975 850 419.972  
2019_10_24_11_44_02_775 1571935442775 10027 10007 577 283.636  
2019_10_24_11_44_02_800 1571935442800 10052 10032 1278 638.151  
2019_10_24_11_44_02_802 1571935442802 10054 10034 910 450.231  
2019_10_24_11_44_02_819 1571935442819 10071 10051 352 172.928  
2019_10_24_11_44_02_851 1571935442851 10103 10083 249 122.748  
2019_10_24_11_44_02_852 1571935442852 10104 10084 395 193.97  
2019_10_24_11_44_02_912 1571935442912 10164 10144 521 255.942  
2019_10_24_11_44_02_933 1571935442933 10185 10165 291 143.172  
2019_10_24_11_44_02_936 1571935442936 10188 10168 493 242.13  
2019_10_24_11_44_02_941 1571935442941 10193 10173 342 168.042  
2019_10_24_11_44_02_951 1571935442951 10203 10183 254 125.177  
2019_10_24_11_44_02_965 1571935442965 10217 10197 777 383.3  
2019_10_24_11_44_03_002 1571935443002 10254 10234 455 223.422  
2019_10_24_11_44_03_007 1571935443007 10259 10239 355 174.394  
2019_10_24_11_44_03_019 1571935443019 10271 10250 154 76.7433  
2019_10_24_11_44_03_020 1571935443020 10272 10251 403 197.891  
2019_10_24_11_44_03_022 1571935443022 10274 10253 441 216.54  
2019_10_24_11_44_03_048 1571935443048 10300 10279 924 457.307  
2019_10_24_11_44_03_061 1571935443061 10313 10292 277 136.358  
2019_10_24_11_44_03_066 1571935443066 10318 10297 1279 638.667  
2019_10_24_11_44_03_086 1571935443086 10338 10317 579 284.627  
2019_10_24_11_44_03_113 1571935443113 10365 10344 679 334.317  
2019_10_24_11_44_03_127 1571935443127 10379 10358 555 272.745  
2019_10_24_11_44_03_140 1571935443140 10392 10371 684 336.809  
2019_10_24_11_44_03_143 1571935443143 10395 10374 540 265.328  
2019_10_24_11_44_03_159 1571935443159 10411 10390 109 55.0448  
2019_10_24_11_44_03_183 1571935443183 10435 10414 293 144.146  
2019_10_24_11_44_03_189 1571935443189 10441 10420 1294 646.412  
2019_10_24_11_44_03_192 1571935443192 10444 10423 134 67.0921  
2019_10_24_11_44_03_224 1571935443224 10476 10455 846 417.959  
2019_10_24_11_44_03_229 1571935443229 10481 10460 452 221.947  
2019_10_24_11_44_03_239 1571935443239 10491 10469 152 75.7777  
2019_10_24_11_44_03_255 1571935443255 10507 10485 188 93.1774  
2019_10_24_11_44_03_274 1571935443274 10526 10504 1253 625.258  
2019_10_24_11_44_03_279 1571935443279 10531 10509 160 79.641  
2019_10_24_11_44_03_292 1571935443292 10544 10522 160 79.641  
2019_10_24_11_44_03_323 1571935443323 10575 10553 622 305.957  
2019_10_24_11_44_03_337 1571935443337 10589 10567 188 93.1774  
2019_10_24_11_44_03_343 1571935443343 10595 10573 327 160.72  
2019_10_24_11_44_03_349 1571935443349 10601 10579 797 393.332  
2019_10_24_11_44_03_361 1571935443361 10613 10591 182 90.2748  
2019_10_24_11_44_03_610 1571935443610 10862 10840 171 84.9561  
2019_10_24_11_44_03_611 1571935443611 10863 10841 108 54.5633  
2019_10_24_11_44_03_612 1571935443612 10864 10842 390 191.52  
2019_10_24_11_44_03_612 1571935443612 10864 10842 518 254.461  
2019_10_24_11_44_03_612 1571935443612 10864 10842 145 72.3988  
2019_10_24_11_44_03_612 1571935443612 10864 10842 1374 687.832  
2019_10_24_11_44_03_612 1571935443612 10864 10842 116 58.4162  
2019_10_24_11_44_03_612 1571935443612 10864 10841 216 106.737  
2019_10_24_11_44_03_612 1571935443612 10864 10841 113 56.9711  
2019_10_24_11_44_03_613 1571935443613 10865 10842 419 205.738  
2019_10_24_11_44_03_613 1571935443613 10865 10842 1311 655.198  
2019_10_24_11_44_03_613 1571935443613 10865 10842 791 390.321  
2019_10_24_11_44_03_613 1571935443613 10865 10842 501 246.074  
2019_10_24_11_44_03_613 1571935443613 10865 10842 1204 600.041  
2019_10_24_11_44_03_613 1571935443613 10865 10842 686 337.806  
2019_10_24_11_44_03_613 1571935443613 10865 10842 234 115.466  
2019_10_24_11_44_03_613 1571935443613 10865 10842 55 29.0857  
2019_10_24_11_44_03_613 1571935443613 10865 10842 281 138.304  
2019_10_24_11_44_03_614 1571935443614 10866 10843 214 105.768  
2019_10_24_11_44_03_614 1571935443614 10866 10843 590 290.078  
2019_10_24_11_44_03_614 1571935443614 10866 10843 275 135.385  
2019_10_24_11_44_03_614 1571935443614 10866 10843 1350 675.386  
2019_10_24_11_44_03_614 1571935443614 10866 10843 171 84.9561  
2019_10_24_11_44_03_614 1571935443614 10866 10843 623 306.454  
2019_10_24_11_44_03_614 1571935443614 10866 10842 1157 575.92  
2019_10_24_11_44_03_614 1571935443614 10866 10842 1323 661.405  
2019_10_24_11_44_03_615 1571935443615 10867 10843 180 89.3075  
2019_10_24_11_44_03_615 1571935443615 10867 10843 344 169.019  
2019_10_24_11_44_03_615 1571935443615 10867 10843 669 329.335  
2019_10_24_11_44_03_640 1571935443640 10892 10868 174 86.4063  
2019_10_24_11_44_03_670 1571935443670 10922 10898 370 181.73  
2019_10_24_11_44_03_724 1571935443724 10976 10952 1260 628.866  
2019_10_24_11_44_03_727 1571935443727 10979 10955 408 200.342  
2019_10_24_11_44_03_735 1571935443735 10987 10963 103 52.1562  
2019_10_24_11_44_03_764 1571935443764 11016 10992 323 158.768  
2019_10_24_11_44_03_787 1571935443787 11039 11015 387 190.051  
2019_10_24_11_44_03_827 1571935443827 11079 11055 121 60.8252  
2019_10_24_11_44_03_844 1571935443844 11096 11072 177 87.8568  
2019_10_24_11_44_03_846 1571935443846 11098 11074 466 228.833  
2019_10_24_11_44_03_867 1571935443867 11119 11095 363 178.306  
2019_10_24_11_44_03_878 1571935443878 11130 11106 411 201.813  
2019_10_24_11_44_03_890 1571935443890 11142 11117 1357 679.015  
2019_10_24_11_44_03_896 1571935443896 11148 11123 260 128.092  
2019_10_24_11_44_03_900 1571935443900 11152 11127 234 115.466  
2019_10_24_11_44_03_909 1571935443909 11161 11136 286 140.738  
2019_10_24_11_44_03_961 1571935443961 11213 11188 576 283.141  
2019_10_24_11_44_03_962 1571935443962 11214 11189 149 74.3294  
2019_10_24_11_44_03_986 1571935443986 11238 11213 117 58.898  
2019_10_24_11_44_04_002 1571935444002 11254 11229 847 418.462  
2019_10_24_11_44_04_006 1571935444006 11258 11233 1295 646.929  
2019_10_24_11_44_04_015 1571935444015 11267 11242 394 193.48  
2019_10_24_11_44_04_016 1571935444016 11268 11243 749 369.276  
2019_10_24_11_44_04_029 1571935444029 11281 11256 405 198.871  
2019_10_24_11_44_04_030 1571935444030 11282 11257 463 227.357  
2019_10_24_11_44_04_059 1571935444059 11311 11286 843 416.449  
2019_10_24_11_44_04_060 1571935444060 11312 11287 4095 2209.31  
2019_10_24_11_44_04_090 1571935444090 11342 11317 1310 654.681  
2019_10_24_11_44_04_091 1571935444091 11343 11318 1307 653.13  
2019_10_24_11_44_04_092 1571935444092 11344 11319 1311 655.198  
2019_10_24_11_44_04_114 1571935444114 11366 11340 939 464.895  
2019_10_24_11_44_04_131 1571935444131 11383 11357 1323 661.405  
2019_10_24_11_44_04_144 1571935444144 11396 11370 625 307.448  
2019_10_24_11_44_04_149 1571935444149 11401 11375 4095 2209.31  
2019_10_24_11_44_04_165 1571935444165 11417 11391 2279 1169.57  
2019_10_24_11_44_04_185 1571935444185 11437 11411 309 151.941  
2019_10_24_11_44_04_206 1571935444206 11458 11432 607 298.51  
2019_10_24_11_44_04_212 1571935444212 11464 11438 223 110.131  
2019_10_24_11_44_04_225 1571935444225 11477 11451 209 103.345  
2019_10_24_11_44_04_265 1571935444265 11517 11491 393 192.99  
2019_10_24_11_44_04_276 1571935444276 11528 11502 539 264.834  
2019_10_24_11_44_04_277 1571935444277 11529 11503 268 131.981  
2019_10_24_11_44_04_298 1571935444298 11550 11524 554 272.251  
2019_10_24_11_44_04_308 1571935444308 11560 11534 888 439.124  
2019_10_24_11_44_04_327 1571935444327 11579 11553 323 158.768  
2019_10_24_11_44_04_370 1571935444370 11622 11596 218 107.707  
2019_10_24_11_44_04_383 1571935444383 11635 11609 1329 664.51  
2019_10_24_11_44_04_392 1571935444392 11644 11617 1349 674.868  
2019_10_24_11_44_04_398 1571935444398 11650 11623 585 287.6  
2019_10_24_11_44_04_410 1571935444410 11662 11635 472 231.786  
2019_10_24_11_44_04_437 1571935444437 11689 11662 884 437.106  
2019_10_24_11_44_04_440 1571935444440 11692 11665 470 230.802  
2019_10_24_11_44_04_441 1571935444441 11693 11666 132 66.1277  
2019_10_24_11_44_04_449 1571935444449 11701 11674 170 84.4728  
2019_10_24_11_44_04_481 1571935444481 11733 11706 315 154.866  
2019_10_24_11_44_04_499 1571935444499 11751 11724 1207 601.583  
2019_10_24_11_44_04_530 1571935444530 11782 11755 278 136.845  
2019_10_24_11_44_04_535 1571935444535 11787 11760 538 264.339  
2019_10_24_11_44_04_546 1571935444546 11798 11771 1329 664.51  
2019_10_24_11_44_04_550 1571935444550 11802 11775 660 324.853  
2019_10_24_11_44_04_580 1571935444580 11832 11805 3818 2044.42  
2019_10_24_11_44_04_585 1571935444585 11837 11810 164 81.5733  
2019_10_24_11_44_04_603 1571935444603 11855 11828 569 279.674  
2019_10_24_11_44_04_614 1571935444614 11866 11839 1360 680.57  
2019_10_24_11_44_04_616 1571935444616 11868 11840 586 288.096  
2019_10_24_11_44_04_620 1571935444620 11872 11844 311 152.916  
2019_10_24_11_44_04_684 1571935444684 11936 11908 523 256.93  
2019_10_24_11_44_04_693 1571935444693 11945 11917 313 153.891  
2019_10_24_11_44_04_748 1571935444748 12000 11972 708 348.782  
2019_10_24_11_44_04_794 1571935444794 12046 12018 918 454.274  
2019_10_24_11_44_04_824 1571935444824 12076 12048 299 147.068  
2019_10_24_11_44_04_825 1571935444825 12077 12049 290 142.685  
2019_10_24_11_44_04_834 1571935444834 12086 12058 486 238.681  
2019_10_24_11_44_04_867 1571935444867 12119 12091 202 99.9544  
2019_10_24_11_44_04_898 1571935444898 12150 12122 262 129.064  
2019_10_24_11_44_04_961 1571935444961 12213 12185 1207 601.583  
2019_10_24_11_44_05_030 1571935445030 12282 12254 959 475.022  
2019_10_24_11_44_05_039 1571935445039 12291 12263 4095 2209.31  
2019_10_24_11_44_05_126 1571935445126 12378 12350 443 217.523  
2019_10_24_11_44_05_157 1571935445157 12409 12381 219 108.191  
2019_10_24_11_44_05_205 1571935445205 12457 12429 615 302.481  
2019_10_24_11_44_05_229 1571935445229 12481 12452 511 251.007  
2019_10_24_11_44_05_231 1571935445231 12483 12454 155 77.2262  
2019_10_24_11_44_05_236 1571935445236 12488 12459 526 258.411  
2019_10_24_11_44_05_262 1571935445262 12514 12485 192 95.1131  
2019_10_24_11_44_05_265 1571935445265 12517 12488 239 117.893  
2019_10_24_11_44_05_315 1571935445315 12567 12538 771 380.293  
2019_10_24_11_44_05_331 1571935445331 12583 12554 234 115.466  
2019_10_24_11_44_05_341 1571935445341 12593 12564 332 163.16  
2019_10_24_11_44_05_344 1571935445344 12596 12567 1311 655.198  
2019_10_24_11_44_05_346 1571935445346 12598 12569 1293 645.896  
2019_10_24_11_44_05_347 1571935445347 12599 12570 317 155.841  
2019_10_24_11_44_05_365 1571935445365 12617 12588 221 109.161  
2019_10_24_11_44_05_382 1571935445382 12634 12605 78 40.1318  
2019_10_24_11_44_05_403 1571935445403 12655 12626 1274 636.087  
2019_10_24_11_44_05_420 1571935445420 12672 12643 207 102.376  
2019_10_24_11_44_05_626 1571935445626 12878 12849 237 116.922  
2019_10_24_11_44_05_626 1571935445626 12878 12849 393 192.99  
2019_10_24_11_44_05_627 1571935445627 12879 12849 603 296.526  
2019_10_24_11_44_05_628 1571935445628 12880 12850 1311 655.198  
2019_10_24_11_44_05_628 1571935445628 12880 12850 896 443.161  
2019_10_24_11_44_05_628 1571935445628 12880 12850 636 312.914  
2019_10_24_11_44_05_636 1571935445636 12888 12858 218 107.707  
2019_10_24_11_44_05_660 1571935445660 12912 12882 137 68.5391  
2019_10_24_11_44_05_679 1571935445679 12931 12901 229 113.041  
2019_10_24_11_44_05_691 1571935445691 12943 12913 2565 1326.85  
2019_10_24_11_44_05_735 1571935445735 12987 12957 1165 580.021  
2019_10_24_11_44_05_750 1571935445750 13002 12972 95 48.3064  
2019_10_24_11_44_05_753 1571935445753 13005 12975 344 169.019  
2019_10_24_11_44_05_769 1571935445769 13021 12991 202 99.9544  
2019_10_24_11_44_05_790 1571935445790 13042 13012 705 347.285  
2019_10_24_11_44_05_816 1571935445816 13068 13038 142 70.9512  
2019_10_24_11_44_05_869 1571935445869 13121 13091 299 147.068  
2019_10_24_11_44_05_879 1571935445879 13131 13101 203 100.439  
2019_10_24_11_44_05_901 1571935445901 13153 13123 228 112.555  
2019_10_24_11_44_06_075 1571935446075 13327 13297 1388 695.1  
2019_10_24_11_44_06_109 1571935446109 13361 13330 100 50.7123  
2019_10_24_11_44_06_115 1571935446115 13367 13336 435 213.593  
2019_10_24_11_44_06_117 1571935446117 13369 13338 333 163.648  
2019_10_24_11_44_06_140 1571935446140 13392 13361 234 115.466  
2019_10_24_11_44_06_156 1571935446156 13408 13377 302 148.53  
2019_10_24_11_44_06_187 1571935446187 13439 13408 593 291.566  
2019_10_24_11_44_06_220 1571935446220 13472 13441 175 86.8898  
2019_10_24_11_44_06_223 1571935446223 13475 13444 1832 928.604  
2019_10_24_11_44_06_236 1571935446236 13488 13457 281 138.304  
2019_10_24_11_44_06_332 1571935446332 13584 13553 241 118.864  
2019_10_24_11_44_06_335 1571935446335 13587 13556 355 174.394  
2019_10_24_11_44_06_347 1571935446347 13599 13568 806 397.85  
2019_10_24_11_44_06_351 1571935446351 13603 13572 2679 1390.22  
2019_10_24_11_44_06_372 1571935446372 13624 13593 720 354.775  
2019_10_24_11_44_06_391 1571935446391 13643 13612 2546 1316.33  
2019_10_24_11_44_06_454 1571935446454 13706 13675 294 144.633  
2019_10_24_11_44_06_466 1571935446466 13718 13687 163 81.0902  
2019_10_24_11_44_06_484 1571935446484 13736 13704 251 123.719  
2019_10_24_11_44_06_510 1571935446510 13762 13730 179 88.8239  
2019_10_24_11_44_06_515 1571935446515 13767 13735 220 108.676  
2019_10_24_11_44_06_548 1571935446548 13800 13768 78 40.1318  
2019_10_24_11_44_06_566 1571935446566 13818 13786 624 306.951  
2019_10_24_11_44_06_598 1571935446598 13850 13818 648 318.881  
2019_10_24_11_44_06_600 1571935446600 13852 13820 509 250.02  
2019_10_24_11_44_06_670 1571935446670 13922 13890 226 111.585  
2019_10_24_11_44_06_682 1571935446682 13934 13902 115 57.9345  
2019_10_24_11_44_06_786 1571935446786 14038 14006 425 208.683  
2019_10_24_11_44_06_799 1571935446799 14051 14019 231 114.011  
2019_10_24_11_44_06_868 1571935446868 14120 14088 2455 1266.07  
2019_10_24_11_44_06_879 1571935446879 14131 14099 2572 1330.73  
2019_10_24_11_44_06_896 1571935446896 14148 14116 298 146.581  
2019_10_24_11_44_07_007 1571935447007 14259 14227 183 90.7585  
2019_10_24_11_44_07_017 1571935447017 14269 14237 212 104.799  
2019_10_24_11_44_07_023 1571935447023 14275 14243 371 182.219  
2019_10_24_11_44_07_041 1571935447041 14293 14260 167 83.0229  
2019_10_24_11_44_07_048 1571935447048 14300 14267 183 90.7585  
2019_10_24_11_44_07_063 1571935447063 14315 14282 273 134.412  
2019_10_24_11_44_07_088 1571935447088 14340 14307 338 166.089  
2019_10_24_11_44_07_117 1571935447117 14369 14336 91 46.3822  
2019_10_24_11_44_07_218 1571935447218 14470 14437 1523 765.481  
2019_10_24_11_44_07_253 1571935447253 14505 14472 186 92.2098  
2019_10_24_11_44_07_258 1571935447258 14510 14477 1870 948.86  
2019_10_24_11_44_07_336 1571935447336 14588 14555 869 429.543  
2019_10_24_11_44_07_344 1571935447344 14596 14563 1235 615.986  
2019_10_24_11_44_07_419 1571935447419 14671 14638 177 87.8568  
2019_10_24_11_44_07_437 1571935447437 14689 14656 290 142.685  
2019_10_24_11_44_07_448 1571935447448 14700 14667 747 368.275  
2019_10_24_11_44_07_642 1571935447642 14894 14861 3167 1665.81  
2019_10_24_11_44_07_642 1571935447642 14894 14861 354 173.906  
2019_10_24_11_44_07_643 1571935447643 14895 14862 115 57.9345  
2019_10_24_11_44_07_643 1571935447643 14895 14862 158 78.675  
2019_10_24_11_44_07_644 1571935447644 14896 14862 203 100.439  
2019_10_24_11_44_07_650 1571935447650 14902 14868 313 153.891  
2019_10_24_11_44_07_691 1571935447691 14943 14909 387 190.051  
2019_10_24_11_44_07_697 1571935447697 14949 14915 293 144.146  
2019_10_24_11_44_07_711 1571935447711 14963 14929 175 86.8898  
2019_10_24_11_44_07_726 1571935447726 14978 14944 496 243.609  
2019_10_24_11_44_07_734 1571935447734 14986 14952 4095 2209.31  
2019_10_24_11_44_07_774 1571935447774 15026 14992 1085 539.096  
2019_10_24_11_44_07_898 1571935447898 15150 15116 182 90.2748  
2019_10_24_11_44_07_977 1571935447977 15229 15195 87 44.4585  
2019_10_24_11_44_08_009 1571935448009 15261 15227 436 214.084  
2019_10_24_11_44_08_010 1571935448010 15262 15228 209 103.345  
2019_10_24_11_44_08_024 1571935448024 15276 15242 372 182.708  
2019_10_24_11_44_08_028 1571935448028 15280 15246 643 316.394  
2019_10_24_11_44_08_034 1571935448034 15286 15252 654 321.867  
2019_10_24_11_44_08_072 1571935448072 15324 15290 186 92.2098  
2019_10_24_11_44_08_135 1571935448135 15387 15353 274 134.899  
2019_10_24_11_44_08_162 1571935448162 15414 15379 221 109.161  
2019_10_24_11_44_08_171 1571935448171 15423 15388 255 125.662  
2019_10_24_11_44_08_184 1571935448184 15436 15401 134 67.0921  
2019_10_24_11_44_08_217 1571935448217 15469 15434 325 159.744  
2019_10_24_11_44_08_230 1571935448230 15482 15447 438 215.066  
2019_10_24_11_44_08_243 1571935448243 15495 15460 545 267.8  
2019_10_24_11_44_08_296 1571935448296 15548 15513 659 324.355  
2019_10_24_11_44_08_327 1571935448327 15579 15544 643 316.394  
2019_10_24_11_44_08_365 1571935448365 15617 15582 274 134.899  
2019_10_24_11_44_08_408 1571935448408 15660 15625 4055 2185.36  
2019_10_24_11_44_08_420 1571935448420 15672 15637 490 240.651  
2019_10_24_11_44_08_421 1571935448421 15673 15638 363 178.306  
2019_10_24_11_44_08_427 1571935448427 15679 15644 109 55.0448  
2019_10_24_11_44_08_430 1571935448430 15682 15647 359 176.35  
2019_10_24_11_44_08_432 1571935448432 15684 15649 331 162.672  
2019_10_24_11_44_08_576 1571935448576 15828 15793 234 115.466  
2019_10_24_11_44_08_587 1571935448587 15839 15804 643 316.394  
2019_10_24_11_44_08_589 1571935448589 15841 15806 1315 657.267  
2019_10_24_11_44_08_607 1571935448607 15859 15823 123 61.789  
2019_10_24_11_44_08_611 1571935448611 15863 15827 273 134.412  
2019_10_24_11_44_08_643 1571935448643 15895 15859 203 100.439  
2019_10_24_11_44_08_668 1571935448668 15920 15884 194 96.0811  
2019_10_24_11_44_08_690 1571935448690 15942 15906 297 146.094  
2019_10_24_11_44_08_708 1571935448708 15960 15924 295 145.12  
2019_10_24_11_44_08_758 1571935448758 16010 15974 288 141.711  
2019_10_24_11_44_08_760 1571935448760 16012 15976 2395 1233.07  
2019_10_24_11_44_08_785 1571935448785 16037 16001 355 174.394  
2019_10_24_11_44_08_840 1571935448840 16092 16056 295 145.12  
2019_10_24_11_44_08_859 1571935448859 16111 16075 302 148.53  
2019_10_24_11_44_08_927 1571935448927 16179 16143 499 245.088  
2019_10_24_11_44_08_947 1571935448947 16199 16163 2158 1103.76  
2019_10_24_11_44_08_960 1571935448960 16212 16176 373 183.197  
2019_10_24_11_44_08_963 1571935448963 16215 16179 108 54.5633  
