1571934768052 2019_10_24_11_32_48_052 2.734449 0.478300  0.000014786
2019_10_24_11_32_48_088 1571934768088 36 35 227 112.07  
2019_10_24_11_32_48_136 1571934768136 84 83 200 98.9859  
2019_10_24_11_32_48_154 1571934768154 102 101 110 55.5264  
2019_10_24_11_32_48_169 1571934768169 117 116 295 145.12  
2019_10_24_11_32_48_185 1571934768185 133 132 931 460.847  
2019_10_24_11_32_48_186 1571934768186 134 133 249 122.748  
2019_10_24_11_32_48_187 1571934768187 135 134 309 151.941  
2019_10_24_11_32_48_201 1571934768201 149 148 179 88.8239  
2019_10_24_11_32_48_211 1571934768211 159 158 188 93.1774  
2019_10_24_11_32_48_218 1571934768218 166 165 1849 937.661  
2019_10_24_11_32_48_245 1571934768245 193 192 951 470.97  
2019_10_24_11_32_48_252 1571934768252 200 199 419 205.738  
2019_10_24_11_32_48_262 1571934768262 210 209 395 193.97  
2019_10_24_11_32_48_387 1571934768387 335 334 80 41.0931  
2019_10_24_11_32_48_425 1571934768425 373 372 210 103.829  
2019_10_24_11_32_48_471 1571934768471 419 418 701 345.288  
2019_10_24_11_32_48_495 1571934768495 443 442 933 461.859  
2019_10_24_11_32_48_502 1571934768502 450 448 423 207.701  
2019_10_24_11_32_48_519 1571934768519 467 465 1318 658.818  
2019_10_24_11_32_48_582 1571934768582 530 528 181 89.7911  
2019_10_24_11_32_48_649 1571934768649 597 595 287 141.224  
2019_10_24_11_32_48_669 1571934768669 617 615 1317 658.301  
2019_10_24_11_32_48_674 1571934768674 622 620 173 85.9229  
2019_10_24_11_32_48_677 1571934768677 625 623 458 224.897  
2019_10_24_11_32_48_686 1571934768686 634 632 210 103.829  
2019_10_24_11_32_48_694 1571934768694 642 640 296 145.607  
2019_10_24_11_32_48_710 1571934768710 658 656 66 34.3667  
2019_10_24_11_32_48_714 1571934768714 662 660 212 104.799  
2019_10_24_11_32_48_730 1571934768730 678 676 419 205.738  
2019_10_24_11_32_48_732 1571934768732 680 678 382 187.603  
2019_10_24_11_32_48_762 1571934768762 710 708 454 222.93  
2019_10_24_11_32_48_801 1571934768801 749 747 1264 630.929  
2019_10_24_11_32_48_802 1571934768802 750 748 234 115.466  
2019_10_24_11_32_48_848 1571934768848 796 794 322 158.28  
2019_10_24_11_32_48_854 1571934768854 802 799 99 50.2311  
2019_10_24_11_32_48_881 1571934768881 829 826 253 124.691  
2019_10_24_11_32_48_915 1571934768915 863 860 237 116.922  
2019_10_24_11_32_48_928 1571934768928 876 873 979 485.161  
2019_10_24_11_32_48_942 1571934768942 890 887 442 217.032  
2019_10_24_11_32_48_974 1571934768974 922 919 274 134.899  
2019_10_24_11_32_48_985 1571934768985 933 930 474 232.771  
2019_10_24_11_32_48_995 1571934768995 943 940 253 124.691  
2019_10_24_11_32_49_051 1571934769051 999 996 336 165.112  
2019_10_24_11_32_49_097 1571934769097 1045 1042 345 169.508  
2019_10_24_11_32_49_102 1571934769102 1050 1047 631 310.429  
2019_10_24_11_32_49_162 1571934769162 1110 1107 551 270.767  
2019_10_24_11_32_49_238 1571934769238 1186 1183 605 297.518  
2019_10_24_11_32_49_254 1571934769254 1202 1199 305 149.991  
2019_10_24_11_32_49_276 1571934769276 1224 1221 237 116.922  
2019_10_24_11_32_49_279 1571934769279 1227 1224 395 193.97  
2019_10_24_11_32_49_314 1571934769314 1262 1259 637 313.411  
2019_10_24_11_32_49_329 1571934769329 1277 1273 594 292.062  
2019_10_24_11_32_49_332 1571934769332 1280 1276 361 177.328  
2019_10_24_11_32_49_335 1571934769335 1283 1279 230 113.526  
2019_10_24_11_32_49_355 1571934769355 1303 1299 387 190.051  
2019_10_24_11_32_49_385 1571934769385 1333 1329 398 195.44  
2019_10_24_11_32_49_387 1571934769387 1335 1331 748 368.776  
2019_10_24_11_32_49_392 1571934769392 1340 1336 214 105.768  
2019_10_24_11_32_49_416 1571934769416 1364 1360 431 211.628  
2019_10_24_11_32_49_417 1571934769417 1365 1361 1557 783.292  
2019_10_24_11_32_49_443 1571934769443 1391 1387 181 89.7911  
2019_10_24_11_32_49_451 1571934769451 1399 1395 473 232.278  
2019_10_24_11_32_49_593 1571934769593 1541 1537 371 182.219  
2019_10_24_11_32_49_622 1571934769622 1570 1566 991 491.251  
2019_10_24_11_32_49_623 1571934769623 1571 1567 447 219.489  
2019_10_24_11_32_49_662 1571934769662 1610 1606 362 177.817  
2019_10_24_11_32_49_670 1571934769670 1618 1614 273 134.412  
2019_10_24_11_32_49_699 1571934769699 1647 1643 84 43.016  
2019_10_24_11_32_49_703 1571934769703 1651 1646 170 84.4728  
2019_10_24_11_32_49_706 1571934769706 1654 1649 345 169.508  
2019_10_24_11_32_49_708 1571934769708 1656 1651 711 350.28  
2019_10_24_11_32_49_727 1571934769727 1675 1670 497 244.102  
2019_10_24_11_32_49_742 1571934769742 1690 1685 323 158.768  
2019_10_24_11_32_49_762 1571934769762 1710 1705 259 127.606  
2019_10_24_11_32_49_785 1571934769785 1733 1728 281 138.304  
2019_10_24_11_32_49_820 1571934769820 1768 1763 280 137.818  
2019_10_24_11_32_49_842 1571934769842 1790 1785 1024 508.018  
2019_10_24_11_32_49_845 1571934769845 1793 1788 172 85.4395  
2019_10_24_11_32_49_856 1571934769856 1804 1799 197 97.5334  
2019_10_24_11_32_49_863 1571934769863 1811 1806 214 105.768  
2019_10_24_11_32_49_931 1571934769931 1879 1874 3380 1788.31  
2019_10_24_11_32_49_938 1571934769938 1886 1881 472 231.786  
2019_10_24_11_32_49_949 1571934769949 1897 1892 1197 596.445  
2019_10_24_11_32_49_951 1571934769951 1899 1894 408 200.342  
2019_10_24_11_32_50_007 1571934770007 1955 1950 1232 614.442  
2019_10_24_11_32_50_017 1571934770017 1965 1960 138 69.0214  
2019_10_24_11_32_50_096 1571934770096 2044 2038 301 148.042  
2019_10_24_11_32_50_098 1571934770098 2046 2040 510 250.513  
2019_10_24_11_32_50_154 1571934770154 2102 2096 345 169.508  
2019_10_24_11_32_50_209 1571934770209 2157 2151 429 210.646  
2019_10_24_11_32_50_219 1571934770219 2167 2161 853 421.483  
2019_10_24_11_32_50_239 1571934770239 2187 2181 88 44.9393  
2019_10_24_11_32_50_260 1571934770260 2208 2202 383 188.092  
2019_10_24_11_32_50_286 1571934770286 2234 2228 423 207.701  
2019_10_24_11_32_50_311 1571934770311 2259 2253 693 341.297  
2019_10_24_11_32_50_348 1571934770348 2296 2290 598 294.045  
2019_10_24_11_32_50_361 1571934770361 2309 2303 185 91.726  
2019_10_24_11_32_50_385 1571934770385 2333 2327 1722 870.211  
2019_10_24_11_32_50_393 1571934770393 2341 2335 963 477.049  
2019_10_24_11_32_50_421 1571934770421 2369 2363 652 320.872  
2019_10_24_11_32_50_443 1571934770443 2391 2385 265 130.522  
2019_10_24_11_32_50_499 1571934770499 2447 2441 627 308.441  
2019_10_24_11_32_50_504 1571934770504 2452 2446 574 282.15  
2019_10_24_11_32_50_533 1571934770533 2481 2474 1726 872.328  
2019_10_24_11_32_50_561 1571934770561 2509 2502 256 126.148  
2019_10_24_11_32_50_578 1571934770578 2526 2519 417 204.757  
2019_10_24_11_32_50_592 1571934770592 2540 2533 162 80.6071  
2019_10_24_11_32_50_621 1571934770621 2569 2562 1207 601.583  
2019_10_24_11_32_50_631 1571934770631 2579 2572 237 116.922  
2019_10_24_11_32_50_640 1571934770640 2588 2581 988 489.728  
2019_10_24_11_32_50_641 1571934770641 2589 2582 82 42.0545  
2019_10_24_11_32_50_660 1571934770660 2608 2601 211 104.314  
2019_10_24_11_32_50_664 1571934770664 2612 2605 792 390.823  
2019_10_24_11_32_50_675 1571934770675 2623 2616 145 72.3988  
2019_10_24_11_32_50_686 1571934770686 2634 2627 343 168.531  
2019_10_24_11_32_50_693 1571934770693 2641 2634 95 48.3064  
2019_10_24_11_32_50_701 1571934770701 2649 2642 1326 662.958  
2019_10_24_11_32_50_723 1571934770723 2671 2664 186 92.2098  
2019_10_24_11_32_50_726 1571934770726 2674 2667 383 188.092  
2019_10_24_11_32_50_731 1571934770731 2679 2672 1284 641.248  
2019_10_24_11_32_50_738 1571934770738 2686 2678 735 362.273  
2019_10_24_11_32_50_755 1571934770755 2703 2695 799 394.335  
2019_10_24_11_32_50_756 1571934770756 2704 2696 69 35.8075  
2019_10_24_11_32_50_776 1571934770776 2724 2716 509 250.02  
2019_10_24_11_32_50_832 1571934770832 2780 2772 702 345.788  
2019_10_24_11_32_50_850 1571934770850 2798 2790 87 44.4585  
2019_10_24_11_32_50_852 1571934770852 2800 2792 1323 661.405  
2019_10_24_11_32_50_861 1571934770861 2809 2801 135 67.5744  
2019_10_24_11_32_50_879 1571934770879 2827 2819 1313 656.232  
2019_10_24_11_32_50_894 1571934770894 2842 2834 706 347.784  
2019_10_24_11_32_50_901 1571934770901 2849 2841 665 327.343  
2019_10_24_11_32_50_913 1571934770913 2861 2853 574 282.15  
2019_10_24_11_32_50_917 1571934770917 2865 2857 1077 535.014  
2019_10_24_11_32_50_987 1571934770987 2935 2927 646 317.887  
2019_10_24_11_32_50_988 1571934770988 2936 2928 914 452.253  
2019_10_24_11_32_50_997 1571934770997 2945 2937 218 107.707  
2019_10_24_11_32_51_007 1571934771007 2955 2947 327 160.72  
2019_10_24_11_32_51_014 1571934771014 2962 2953 175 86.8898  
2019_10_24_11_32_51_016 1571934771016 2964 2955 448 219.98  
2019_10_24_11_32_51_042 1571934771042 2990 2981 321 157.792  
2019_10_24_11_32_51_049 1571934771049 2997 2988 128 64.1991  
2019_10_24_11_32_51_064 1571934771064 3012 3003 916 453.263  
2019_10_24_11_32_51_109 1571934771109 3057 3048 842 415.946  
2019_10_24_11_32_51_112 1571934771112 3060 3051 292 143.659  
2019_10_24_11_32_51_132 1571934771132 3080 3071 353 173.417  
2019_10_24_11_32_51_136 1571934771136 3084 3075 896 443.161  
2019_10_24_11_32_51_164 1571934771164 3112 3103 631 310.429  
2019_10_24_11_32_51_183 1571934771183 3131 3122 390 191.52  
2019_10_24_11_32_51_184 1571934771184 3132 3123 366 179.773  
2019_10_24_11_32_51_185 1571934771185 3133 3124 1268 632.992  
2019_10_24_11_32_51_210 1571934771210 3158 3149 151 75.2949  
2019_10_24_11_32_51_212 1571934771212 3160 3151 1314 656.75  
2019_10_24_11_32_51_213 1571934771213 3161 3152 92 46.8632  
2019_10_24_11_32_51_223 1571934771223 3171 3162 402 197.4  
2019_10_24_11_32_51_248 1571934771248 3196 3186 1711 864.391  
2019_10_24_11_32_51_261 1571934771261 3209 3199 159 79.1579  
2019_10_24_11_32_51_277 1571934771277 3225 3215 280 137.818  
2019_10_24_11_32_51_282 1571934771282 3230 3220 115 57.9345  
2019_10_24_11_32_51_288 1571934771288 3236 3226 1290 644.346  
2019_10_24_11_32_51_289 1571934771289 3237 3227 518 254.461  
2019_10_24_11_32_51_310 1571934771310 3258 3248 577 283.636  
2019_10_24_11_32_51_311 1571934771311 3259 3249 507 249.033  
2019_10_24_11_32_51_316 1571934771316 3264 3254 575 282.645  
2019_10_24_11_32_51_321 1571934771321 3269 3259 177 87.8568  
2019_10_24_11_32_51_322 1571934771322 3270 3260 404 198.381  
2019_10_24_11_32_51_323 1571934771323 3271 3261 76 39.1707  
2019_10_24_11_32_51_324 1571934771324 3272 3262 949 469.957  
2019_10_24_11_32_51_326 1571934771326 3274 3264 1244 620.621  
2019_10_24_11_32_51_334 1571934771334 3282 3272 1288 643.313  
2019_10_24_11_32_51_353 1571934771353 3301 3291 299 147.068  
2019_10_24_11_32_51_366 1571934771366 3314 3304 4036 2174  
2019_10_24_11_32_51_371 1571934771371 3319 3309 904 447.201  
2019_10_24_11_32_51_375 1571934771375 3323 3312 1349 674.868  
2019_10_24_11_32_51_390 1571934771390 3338 3327 249 122.748  
2019_10_24_11_32_51_395 1571934771395 3343 3332 349 171.462  
2019_10_24_11_32_51_396 1571934771396 3344 3333 77 39.6512  
2019_10_24_11_32_51_407 1571934771407 3355 3344 325 159.744  
2019_10_24_11_32_51_426 1571934771426 3374 3363 404 198.381  
2019_10_24_11_32_51_439 1571934771439 3387 3376 712 350.78  
2019_10_24_11_32_51_441 1571934771441 3389 3378 258 127.12  
2019_10_24_11_32_51_451 1571934771451 3399 3388 680 334.815  
2019_10_24_11_32_51_452 1571934771452 3400 3389 1455 729.963  
2019_10_24_11_32_51_457 1571934771457 3405 3394 893 441.647  
2019_10_24_11_32_51_464 1571934771464 3412 3401 512 251.5  
2019_10_24_11_32_51_471 1571934771471 3419 3408 658 323.858  
2019_10_24_11_32_51_476 1571934771476 3424 3413 157 78.192  
2019_10_24_11_32_51_482 1571934771482 3430 3419 768 378.79  
2019_10_24_11_32_51_486 1571934771486 3434 3423 272 133.926  
2019_10_24_11_32_51_501 1571934771501 3449 3438 167 83.0229  
2019_10_24_11_32_51_520 1571934771520 3468 3456 126 63.235  
2019_10_24_11_32_51_543 1571934771543 3491 3479 88 44.9393  
2019_10_24_11_32_51_548 1571934771548 3496 3484 972 481.611  
2019_10_24_11_32_51_550 1571934771550 3498 3486 1316 657.784  
2019_10_24_11_32_51_560 1571934771560 3508 3496 736 362.773  
2019_10_24_11_32_51_561 1571934771561 3509 3497 1048 520.232  
2019_10_24_11_32_51_572 1571934771572 3520 3508 809 399.356  
2019_10_24_11_32_51_573 1571934771573 3521 3509 70 36.2879  
2019_10_24_11_32_51_584 1571934771584 3532 3520 1365 683.163  
2019_10_24_11_32_51_586 1571934771586 3534 3522 189 93.6613  
2019_10_24_11_32_51_591 1571934771591 3539 3527 1311 655.198  
2019_10_24_11_32_51_597 1571934771597 3545 3533 504 247.553  
2019_10_24_11_32_51_612 1571934771612 3560 3548 1182 588.743  
2019_10_24_11_32_51_625 1571934771625 3573 3561 334 164.136  
2019_10_24_11_32_51_626 1571934771626 3574 3562 161 80.124  
2019_10_24_11_32_51_633 1571934771633 3581 3569 141 70.4687  
2019_10_24_11_32_51_652 1571934771652 3600 3588 273 134.412  
2019_10_24_11_32_51_656 1571934771656 3604 3591 173 85.9229  
2019_10_24_11_32_51_679 1571934771679 3627 3614 577 283.636  
2019_10_24_11_32_51_680 1571934771680 3628 3615 1337 668.652  
2019_10_24_11_32_51_682 1571934771682 3630 3617 648 318.881  
2019_10_24_11_32_51_689 1571934771689 3637 3624 376 184.666  
2019_10_24_11_32_51_711 1571934771711 3659 3646 206 101.892  
2019_10_24_11_32_51_717 1571934771717 3665 3652 381 187.113  
2019_10_24_11_32_51_718 1571934771718 3666 3653 801 395.339  
2019_10_24_11_32_51_722 1571934771722 3670 3657 515 252.98  
2019_10_24_11_32_51_724 1571934771724 3672 3659 61 31.9658  
2019_10_24_11_32_51_728 1571934771728 3676 3663 1305 652.096  
2019_10_24_11_32_51_734 1571934771734 3682 3669 574 282.15  
2019_10_24_11_32_51_736 1571934771736 3684 3671 880 435.088  
2019_10_24_11_32_51_744 1571934771744 3692 3679 225 111.1  
2019_10_24_11_32_51_754 1571934771754 3702 3689 461 226.373  
2019_10_24_11_32_51_755 1571934771755 3703 3690 1295 646.929  
2019_10_24_11_32_51_766 1571934771766 3714 3701 713 351.279  
2019_10_24_11_32_51_773 1571934771773 3721 3707 1286 642.281  
2019_10_24_11_32_51_780 1571934771780 3728 3714 1230 613.413  
2019_10_24_11_32_51_782 1571934771782 3730 3716 394 193.48  
2019_10_24_11_32_51_791 1571934771791 3739 3725 773 381.295  
2019_10_24_11_32_51_811 1571934771811 3759 3745 1403 702.894  
2019_10_24_11_32_51_826 1571934771826 3774 3760 203 100.439  
2019_10_24_11_32_51_846 1571934771846 3794 3780 1321 660.37  
2019_10_24_11_32_51_848 1571934771848 3796 3782 391 192.01  
2019_10_24_11_32_51_849 1571934771849 3797 3783 1358 679.533  
2019_10_24_11_32_51_851 1571934771851 3799 3785 360 176.839  
2019_10_24_11_32_51_853 1571934771853 3801 3787 63 32.926  
2019_10_24_11_32_51_859 1571934771859 3807 3793 736 362.773  
2019_10_24_11_32_51_872 1571934771872 3820 3806 407 199.852  
2019_10_24_11_32_52_156 1571934772156 4104 4090 727 358.273  
2019_10_24_11_32_52_157 1571934772157 4105 4091 1378 689.908  
2019_10_24_11_32_52_158 1571934772158 4106 4092 1329 664.51  
2019_10_24_11_32_52_158 1571934772158 4106 4092 808 398.854  
2019_10_24_11_32_52_158 1571934772158 4106 4091 396 194.46  
2019_10_24_11_32_52_158 1571934772158 4106 4091 98 49.7499  
2019_10_24_11_32_52_159 1571934772159 4107 4092 354 173.906  
2019_10_24_11_32_52_159 1571934772159 4107 4092 96 48.7875  
2019_10_24_11_32_52_159 1571934772159 4107 4092 462 226.865  
2019_10_24_11_32_52_159 1571934772159 4107 4092 1282 640.216  
2019_10_24_11_32_52_159 1571934772159 4107 4092 1337 668.652  
2019_10_24_11_32_52_159 1571934772159 4107 4092 81 41.5738  
2019_10_24_11_32_52_159 1571934772159 4107 4092 832 410.915  
2019_10_24_11_32_52_159 1571934772159 4107 4092 875 432.567  
2019_10_24_11_32_52_159 1571934772159 4107 4092 177 87.8568  
2019_10_24_11_32_52_160 1571934772160 4108 4093 608 299.007  
2019_10_24_11_32_52_160 1571934772160 4108 4093 125 62.753  
2019_10_24_11_32_52_160 1571934772160 4108 4093 1138 566.188  
2019_10_24_11_32_52_160 1571934772160 4108 4093 403 197.891  
2019_10_24_11_32_52_160 1571934772160 4108 4093 700 344.789  
2019_10_24_11_32_52_160 1571934772160 4108 4093 1302 650.546  
2019_10_24_11_32_52_160 1571934772160 4108 4093 1352 676.423  
2019_10_24_11_32_52_160 1571934772160 4108 4092 1609 810.598  
2019_10_24_11_32_52_161 1571934772161 4109 4093 460 225.881  
2019_10_24_11_32_52_161 1571934772161 4109 4093 1310 654.681  
2019_10_24_11_32_52_161 1571934772161 4109 4093 1447 725.793  
2019_10_24_11_32_52_161 1571934772161 4109 4093 276 135.872  
2019_10_24_11_32_52_161 1571934772161 4109 4093 1181 588.229  
2019_10_24_11_32_52_161 1571934772161 4109 4093 846 417.959  
2019_10_24_11_32_52_161 1571934772161 4109 4093 407 199.852  
2019_10_24_11_32_52_169 1571934772169 4117 4101 1247 622.166  
2019_10_24_11_32_52_173 1571934772173 4121 4105 529 259.893  
2019_10_24_11_32_52_180 1571934772180 4128 4112 425 208.683  
2019_10_24_11_32_52_189 1571934772189 4137 4121 1035 513.614  
2019_10_24_11_32_52_192 1571934772192 4140 4124 445 218.506  
2019_10_24_11_32_52_193 1571934772193 4141 4125 265 130.522  
2019_10_24_11_32_52_197 1571934772197 4145 4129 1527 767.575  
2019_10_24_11_32_52_214 1571934772214 4162 4146 703 346.287  
2019_10_24_11_32_52_247 1571934772247 4195 4179 627 308.441  
2019_10_24_11_32_52_258 1571934772258 4206 4189 1245 621.136  
2019_10_24_11_32_52_262 1571934772262 4210 4193 1274 636.087  
2019_10_24_11_32_52_265 1571934772265 4213 4196 169 83.9894  
2019_10_24_11_32_52_273 1571934772273 4221 4204 1282 640.216  
2019_10_24_11_32_52_278 1571934772278 4226 4209 465 228.341  
2019_10_24_11_32_52_284 1571934772284 4232 4215 1293 645.896  
2019_10_24_11_32_52_291 1571934772291 4239 4222 1161 577.971  
2019_10_24_11_32_52_292 1571934772292 4240 4223 166 82.5397  
2019_10_24_11_32_52_295 1571934772295 4243 4226 360 176.839  
2019_10_24_11_32_52_309 1571934772309 4257 4240 265 130.522  
2019_10_24_11_32_52_311 1571934772311 4259 4242 1000 495.82  
2019_10_24_11_32_52_312 1571934772312 4260 4243 1302 650.546  
2019_10_24_11_32_52_316 1571934772316 4264 4247 1398 700.295  
2019_10_24_11_32_52_318 1571934772318 4266 4249 1269 633.507  
2019_10_24_11_32_52_320 1571934772320 4268 4251 1268 632.992  
2019_10_24_11_32_52_327 1571934772327 4275 4258 887 438.619  
2019_10_24_11_32_52_331 1571934772331 4279 4262 634 311.92  
2019_10_24_11_32_52_332 1571934772332 4280 4262 389 191.031  
2019_10_24_11_32_52_344 1571934772344 4292 4274 868 429.039  
2019_10_24_11_32_52_345 1571934772345 4293 4275 978 484.654  
2019_10_24_11_32_52_348 1571934772348 4296 4278 463 227.357  
2019_10_24_11_32_52_355 1571934772355 4303 4285 443 217.523  
2019_10_24_11_32_52_361 1571934772361 4309 4291 1339 669.688  
2019_10_24_11_32_52_363 1571934772363 4311 4293 181 89.7911  
2019_10_24_11_32_52_367 1571934772367 4315 4297 488 239.666  
2019_10_24_11_32_52_369 1571934772369 4317 4299 348 170.973  
2019_10_24_11_32_52_370 1571934772370 4318 4300 264 130.036  
2019_10_24_11_32_52_394 1571934772394 4342 4324 625 307.448  
2019_10_24_11_32_52_401 1571934772401 4349 4331 208 102.861  
2019_10_24_11_32_52_405 1571934772405 4353 4335 275 135.385  
2019_10_24_11_32_52_411 1571934772411 4359 4341 538 264.339  
2019_10_24_11_32_52_412 1571934772412 4360 4342 1010 500.9  
2019_10_24_11_32_52_415 1571934772415 4363 4345 357 175.372  
2019_10_24_11_32_52_416 1571934772416 4364 4346 369 181.24  
2019_10_24_11_32_52_417 1571934772417 4365 4346 406 199.361  
2019_10_24_11_32_52_421 1571934772421 4369 4350 200 98.9859  
2019_10_24_11_32_52_435 1571934772435 4383 4364 312 153.403  
2019_10_24_11_32_52_437 1571934772437 4385 4366 204 100.923  
2019_10_24_11_32_52_445 1571934772445 4393 4374 795 392.328  
2019_10_24_11_32_52_447 1571934772447 4395 4376 355 174.394  
2019_10_24_11_32_52_449 1571934772449 4397 4378 633 311.423  
2019_10_24_11_32_52_451 1571934772451 4399 4380 448 219.98  
2019_10_24_11_32_52_453 1571934772453 4401 4382 1290 644.346  
2019_10_24_11_32_52_456 1571934772456 4404 4385 1550 779.622  
2019_10_24_11_32_52_474 1571934772474 4422 4403 177 87.8568  
2019_10_24_11_32_52_478 1571934772478 4426 4407 321 157.792  
2019_10_24_11_32_52_480 1571934772480 4428 4409 216 106.737  
2019_10_24_11_32_52_482 1571934772482 4430 4411 400 196.42  
2019_10_24_11_32_52_485 1571934772485 4433 4414 1313 656.232  
2019_10_24_11_32_52_486 1571934772486 4434 4415 1101 547.266  
2019_10_24_11_32_52_489 1571934772489 4437 4418 1291 644.863  
2019_10_24_11_32_52_493 1571934772493 4441 4421 839 414.436  
2019_10_24_11_32_52_494 1571934772494 4442 4422 184 91.2422  
2019_10_24_11_32_52_512 1571934772512 4460 4440 940 465.401  
2019_10_24_11_32_52_513 1571934772513 4461 4441 397 194.95  
2019_10_24_11_32_52_536 1571934772536 4484 4464 355 174.394  
2019_10_24_11_32_52_545 1571934772545 4493 4473 432 212.119  
2019_10_24_11_32_52_552 1571934772552 4500 4480 1339 669.688  
2019_10_24_11_32_52_573 1571934772573 4521 4501 520 255.449  
2019_10_24_11_32_52_579 1571934772579 4527 4507 955 472.996  
2019_10_24_11_32_52_596 1571934772596 4544 4524 1297 647.962  
2019_10_24_11_32_52_605 1571934772605 4553 4533 585 287.6  
2019_10_24_11_32_52_613 1571934772613 4561 4541 1395 698.736  
2019_10_24_11_32_52_614 1571934772614 4562 4542 314 154.378  
2019_10_24_11_32_52_616 1571934772616 4564 4544 540 265.328  
2019_10_24_11_32_52_617 1571934772617 4565 4545 250 123.234  
2019_10_24_11_32_52_618 1571934772618 4566 4546 1341 670.724  
2019_10_24_11_32_52_627 1571934772627 4575 4555 477 234.248  
2019_10_24_11_32_52_628 1571934772628 4576 4556 714 351.778  
2019_10_24_11_32_52_649 1571934772649 4597 4576 923 456.802  
2019_10_24_11_32_52_651 1571934772651 4599 4578 1338 669.17  
2019_10_24_11_32_52_653 1571934772653 4601 4580 218 107.707  
2019_10_24_11_32_52_661 1571934772661 4609 4588 1325 662.44  
2019_10_24_11_32_52_664 1571934772664 4612 4591 473 232.278  
2019_10_24_11_32_52_666 1571934772666 4614 4593 412 202.304  
2019_10_24_11_32_52_673 1571934772673 4621 4600 1294 646.412  
2019_10_24_11_32_52_689 1571934772689 4637 4616 414 203.285  
2019_10_24_11_32_52_695 1571934772695 4643 4622 224 110.616  
2019_10_24_11_32_52_696 1571934772696 4644 4623 228 112.555  
2019_10_24_11_32_52_706 1571934772706 4654 4633 146 72.8814  
2019_10_24_11_32_52_748 1571934772748 4696 4675 156 77.7091  
2019_10_24_11_32_52_757 1571934772757 4705 4684 280 137.818  
2019_10_24_11_32_52_774 1571934772774 4722 4701 238 117.407  
2019_10_24_11_32_52_775 1571934772775 4723 4702 409 200.833  
2019_10_24_11_32_52_786 1571934772786 4734 4713 306 150.479  
2019_10_24_11_32_52_808 1571934772808 4756 4735 450 220.964  
2019_10_24_11_32_52_810 1571934772810 4758 4736 245 120.805  
2019_10_24_11_32_52_812 1571934772812 4760 4738 1296 647.446  
2019_10_24_11_32_52_816 1571934772816 4764 4742 505 248.047  
2019_10_24_11_32_52_817 1571934772817 4765 4743 516 253.474  
2019_10_24_11_32_52_826 1571934772826 4774 4752 327 160.72  
2019_10_24_11_32_52_853 1571934772853 4801 4779 151 75.2949  
2019_10_24_11_32_52_854 1571934772854 4802 4780 1284 641.248  
2019_10_24_11_32_52_880 1571934772880 4828 4806 449 220.472  
2019_10_24_11_32_52_906 1571934772906 4854 4832 698 343.792  
2019_10_24_11_32_52_913 1571934772913 4861 4839 242 119.349  
2019_10_24_11_32_52_937 1571934772937 4885 4863 543 266.811  
2019_10_24_11_32_52_958 1571934772958 4906 4884 308 151.453  
2019_10_24_11_32_52_967 1571934772967 4915 4893 242 119.349  
2019_10_24_11_32_52_997 1571934772997 4945 4923 1327 663.475  
2019_10_24_11_32_53_039 1571934773039 4987 4965 453 222.439  
2019_10_24_11_32_53_041 1571934773041 4989 4967 1272 635.055  
2019_10_24_11_32_53_048 1571934773048 4996 4974 1045 518.704  
2019_10_24_11_32_53_061 1571934773061 5009 4986 328 161.208  
2019_10_24_11_32_53_062 1571934773062 5010 4987 1065 528.894  
2019_10_24_11_32_53_070 1571934773070 5018 4995 1389 695.62  
2019_10_24_11_32_53_078 1571934773078 5026 5003 285 140.251  
2019_10_24_11_32_53_116 1571934773116 5064 5041 1373 687.313  
2019_10_24_11_32_53_127 1571934773127 5075 5052 769 379.291  
2019_10_24_11_32_53_163 1571934773163 5111 5088 532 261.375  
2019_10_24_11_32_53_169 1571934773169 5117 5094 942 466.413  
2019_10_24_11_32_53_178 1571934773178 5126 5103 107 54.0818  
2019_10_24_11_32_53_195 1571934773195 5143 5120 653 321.369  
2019_10_24_11_32_53_209 1571934773209 5157 5134 399 195.93  
2019_10_24_11_32_53_210 1571934773210 5158 5135 90 45.9012  
2019_10_24_11_32_53_271 1571934773271 5219 5196 513 251.993  
2019_10_24_11_32_53_296 1571934773296 5244 5221 1307 653.13  
2019_10_24_11_32_53_318 1571934773318 5266 5243 1283 640.732  
2019_10_24_11_32_53_332 1571934773332 5280 5257 388 190.541  
2019_10_24_11_32_53_354 1571934773354 5302 5279 208 102.861  
2019_10_24_11_32_53_380 1571934773380 5328 5304 1300 649.512  
2019_10_24_11_32_53_390 1571934773390 5338 5314 522 256.436  
2019_10_24_11_32_53_399 1571934773399 5347 5323 4095 2209.31  
2019_10_24_11_32_53_407 1571934773407 5355 5331 373 183.197  
2019_10_24_11_32_53_410 1571934773410 5358 5334 1158 576.433  
2019_10_24_11_32_53_462 1571934773462 5410 5386 637 313.411  
2019_10_24_11_32_53_485 1571934773485 5433 5409 478 234.74  
2019_10_24_11_32_53_504 1571934773504 5452 5428 693 341.297  
2019_10_24_11_32_53_506 1571934773506 5454 5430 351 172.439  
2019_10_24_11_32_53_511 1571934773511 5459 5435 407 199.852  
2019_10_24_11_32_53_526 1571934773526 5474 5450 184 91.2422  
2019_10_24_11_32_53_526 1571934773526 5474 5450 232 114.496  
2019_10_24_11_32_53_529 1571934773529 5477 5453 1416 709.653  
2019_10_24_11_32_53_538 1571934773538 5486 5462 265 130.522  
2019_10_24_11_32_53_545 1571934773545 5493 5469 577 283.636  
2019_10_24_11_32_53_550 1571934773550 5498 5474 54 28.6058  
2019_10_24_11_32_53_554 1571934773554 5502 5478 515 252.98  
2019_10_24_11_32_53_557 1571934773557 5505 5480 234 115.466  
2019_10_24_11_32_53_582 1571934773582 5530 5505 195 96.5652  
2019_10_24_11_32_53_619 1571934773619 5567 5542 382 187.603  
2019_10_24_11_32_53_641 1571934773641 5589 5564 948 469.451  
2019_10_24_11_32_53_643 1571934773643 5591 5566 376 184.666  
2019_10_24_11_32_53_662 1571934773662 5610 5585 1310 654.681  
2019_10_24_11_32_53_668 1571934773668 5616 5591 217 107.222  
2019_10_24_11_32_53_755 1571934773755 5703 5678 150 74.8121  
2019_10_24_11_32_53_759 1571934773759 5707 5682 478 234.74  
2019_10_24_11_32_53_783 1571934773783 5731 5706 448 219.98  
2019_10_24_11_32_53_810 1571934773810 5758 5733 262 129.064  
2019_10_24_11_32_53_843 1571934773843 5791 5766 253 124.691  
2019_10_24_11_32_53_844 1571934773844 5792 5767 245 120.805  
2019_10_24_11_32_53_845 1571934773845 5793 5768 403 197.891  
2019_10_24_11_32_53_879 1571934773879 5827 5802 476 233.755  
2019_10_24_11_32_53_882 1571934773882 5830 5805 216 106.737  
2019_10_24_11_32_54_204 1571934774204 6152 6127 289 142.198  
2019_10_24_11_32_54_205 1571934774205 6153 6128 345 169.508  
2019_10_24_11_32_54_206 1571934774206 6154 6128 616 302.978  
2019_10_24_11_32_54_206 1571934774206 6154 6128 713 351.279  
2019_10_24_11_32_54_206 1571934774206 6154 6128 690 339.801  
2019_10_24_11_32_54_206 1571934774206 6154 6128 1233 614.957  
2019_10_24_11_32_54_207 1571934774207 6155 6129 440 216.049  
2019_10_24_11_32_54_207 1571934774207 6155 6129 332 163.16  
2019_10_24_11_32_54_207 1571934774207 6155 6129 319 156.817  
2019_10_24_11_32_54_207 1571934774207 6155 6129 2281 1170.67  
2019_10_24_11_32_54_207 1571934774207 6155 6129 117 58.898  
2019_10_24_11_32_54_214 1571934774214 6162 6136 1449 726.835  
2019_10_24_11_32_54_228 1571934774228 6176 6150 510 250.513  
2019_10_24_11_32_54_238 1571934774238 6186 6160 601 295.533  
2019_10_24_11_32_54_269 1571934774269 6217 6191 367 180.262  
2019_10_24_11_32_54_273 1571934774273 6221 6195 1079 536.034  
2019_10_24_11_32_54_326 1571934774326 6274 6248 1398 700.295  
2019_10_24_11_32_54_330 1571934774330 6278 6252 443 217.523  
2019_10_24_11_32_54_421 1571934774421 6369 6343 1316 657.784  
2019_10_24_11_32_54_431 1571934774431 6379 6352 463 227.357  
2019_10_24_11_32_54_434 1571934774434 6382 6355 162 80.6071  
2019_10_24_11_32_54_489 1571934774489 6437 6410 816 402.872  
2019_10_24_11_32_54_504 1571934774504 6452 6425 322 158.28  
2019_10_24_11_32_54_506 1571934774506 6454 6427 339 166.577  
2019_10_24_11_32_54_508 1571934774508 6456 6429 473 232.278  
2019_10_24_11_32_54_520 1571934774520 6468 6441 359 176.35  
2019_10_24_11_32_54_521 1571934774521 6469 6442 1324 661.923  
2019_10_24_11_32_54_523 1571934774523 6471 6444 397 194.95  
2019_10_24_11_32_54_535 1571934774535 6483 6456 494 242.623  
2019_10_24_11_32_54_543 1571934774543 6491 6464 537 263.845  
2019_10_24_11_32_54_562 1571934774562 6510 6483 420 206.229  
2019_10_24_11_32_54_566 1571934774566 6514 6487 405 198.871  
2019_10_24_11_32_54_580 1571934774580 6528 6501 366 179.773  
2019_10_24_11_32_54_610 1571934774610 6558 6531 407 199.852  
2019_10_24_11_32_54_701 1571934774701 6649 6622 273 134.412  
2019_10_24_11_32_54_745 1571934774745 6693 6666 70 36.2879  
2019_10_24_11_32_54_795 1571934774795 6743 6715 74 38.2096  
2019_10_24_11_32_54_806 1571934774806 6754 6726 309 151.941  
2019_10_24_11_32_54_833 1571934774833 6781 6753 171 84.9561  
2019_10_24_11_32_54_858 1571934774858 6806 6778 4095 2209.31  
2019_10_24_11_32_54_931 1571934774931 6879 6851 1153 573.871  
2019_10_24_11_32_54_935 1571934774935 6883 6855 4095 2209.31  
2019_10_24_11_32_54_971 1571934774971 6919 6891 2931 1531.65  
2019_10_24_11_32_55_032 1571934775032 6980 6952 1033 512.596  
2019_10_24_11_32_55_058 1571934775058 7006 6978 486 238.681  
2019_10_24_11_32_55_069 1571934775069 7017 6989 98 49.7499  
2019_10_24_11_32_55_076 1571934775076 7024 6996 314 154.378  
2019_10_24_11_32_55_123 1571934775123 7071 7043 420 206.229  
2019_10_24_11_32_55_197 1571934775197 7145 7117 1412 707.573  
2019_10_24_11_32_55_225 1571934775225 7173 7145 650 319.876  
2019_10_24_11_32_55_229 1571934775229 7177 7149 155 77.2262  
2019_10_24_11_32_55_257 1571934775257 7205 7177 654 321.867  
2019_10_24_11_32_55_263 1571934775263 7211 7183 191 94.6291  
2019_10_24_11_32_55_264 1571934775264 7212 7183 444 218.014  
2019_10_24_11_32_55_279 1571934775279 7227 7198 224 110.616  
2019_10_24_11_32_55_325 1571934775325 7273 7244 307 150.966  
2019_10_24_11_32_55_438 1571934775438 7386 7357 1293 645.896  
2019_10_24_11_32_55_442 1571934775442 7390 7361 2643 1370.17  
2019_10_24_11_32_55_455 1571934775455 7403 7374 236 116.437  
2019_10_24_11_32_55_465 1571934775465 7413 7384 1108 550.843  
2019_10_24_11_32_55_484 1571934775484 7432 7403 147 73.3641  
2019_10_24_11_32_55_525 1571934775525 7473 7444 131 65.6455  
2019_10_24_11_32_55_531 1571934775531 7479 7450 123 61.789  
2019_10_24_11_32_55_535 1571934775535 7483 7454 197 97.5334  
2019_10_24_11_32_55_554 1571934775554 7502 7473 575 282.645  
2019_10_24_11_32_55_569 1571934775569 7517 7488 162 80.6071  
2019_10_24_11_32_55_572 1571934775572 7520 7491 196 97.0493  
2019_10_24_11_32_55_578 1571934775578 7526 7497 266 131.008  
2019_10_24_11_32_55_603 1571934775603 7551 7522 179 88.8239  
2019_10_24_11_32_55_606 1571934775606 7554 7525 285 140.251  
2019_10_24_11_32_55_618 1571934775618 7566 7536 1129 561.582  
2019_10_24_11_32_55_737 1571934775737 7685 7655 802 395.841  
2019_10_24_11_32_55_772 1571934775772 7720 7690 421 206.719  
2019_10_24_11_32_55_810 1571934775810 7758 7728 241 118.864  
2019_10_24_11_32_55_813 1571934775813 7761 7731 253 124.691  
2019_10_24_11_32_55_814 1571934775814 7762 7732 329 161.696  
2019_10_24_11_32_55_825 1571934775825 7773 7743 292 143.659  
2019_10_24_11_32_55_843 1571934775843 7791 7761 273 134.412  
2019_10_24_11_32_55_884 1571934775884 7832 7802 230 113.526  
2019_10_24_11_32_55_886 1571934775886 7834 7804 606 298.014  
2019_10_24_11_32_55_896 1571934775896 7844 7814 1945 988.963  
2019_10_24_11_32_55_898 1571934775898 7846 7816 657 323.36  
2019_10_24_11_32_55_917 1571934775917 7865 7835 453 222.439  
2019_10_24_11_32_55_920 1571934775920 7868 7838 265 130.522  
2019_10_24_11_32_55_952 1571934775952 7900 7870 458 224.897  
2019_10_24_11_32_55_961 1571934775961 7909 7879 559 274.724  
2019_10_24_11_32_55_967 1571934775967 7915 7885 157 78.192  
2019_10_24_11_32_55_978 1571934775978 7926 7896 78 40.1318  
2019_10_24_11_32_56_039 1571934776039 7987 7956 533 261.869  
2019_10_24_11_32_56_058 1571934776058 8006 7975 212 104.799  
2019_10_24_11_32_56_083 1571934776083 8031 8000 141 70.4687  
2019_10_24_11_32_56_088 1571934776088 8036 8005 135 67.5744  
2019_10_24_11_32_56_162 1571934776162 8110 8079 235 115.951  
2019_10_24_11_32_56_197 1571934776197 8145 8114 600 295.037  
2019_10_24_11_32_56_255 1571934776255 8203 8172 207 102.376  
2019_10_24_11_32_56_257 1571934776257 8205 8174 420 206.229  
2019_10_24_11_32_56_266 1571934776266 8214 8183 81 41.5738  
2019_10_24_11_32_56_272 1571934776272 8220 8189 772 380.794  
2019_10_24_11_32_56_287 1571934776287 8235 8204 496 243.609  
2019_10_24_11_32_56_297 1571934776297 8245 8214 610 299.999  
2019_10_24_11_32_56_351 1571934776351 8299 8268 120 60.3434  
2019_10_24_11_32_56_425 1571934776425 8373 8342 1293 645.896  
2019_10_24_11_32_56_441 1571934776441 8389 8358 941 465.907  
2019_10_24_11_32_56_527 1571934776527 8475 8444 725 357.274  
2019_10_24_11_32_56_561 1571934776561 8509 8478 304 149.504  
2019_10_24_11_32_56_586 1571934776586 8534 8502 291 143.172  
2019_10_24_11_32_56_596 1571934776596 8544 8512 166 82.5397  
2019_10_24_11_32_56_620 1571934776620 8568 8536 665 327.343  
2019_10_24_11_32_56_668 1571934776668 8616 8584 361 177.328  
2019_10_24_11_32_56_739 1571934776739 8687 8655 187 92.6936  
2019_10_24_11_32_56_742 1571934776742 8690 8658 442 217.032  
2019_10_24_11_32_56_750 1571934776750 8698 8666 208 102.861  
2019_10_24_11_32_56_809 1571934776809 8757 8725 302 148.53  
2019_10_24_11_32_56_899 1571934776899 8847 8815 224 110.616  
2019_10_24_11_32_56_911 1571934776911 8859 8827 255 125.662  
2019_10_24_11_32_56_936 1571934776936 8884 8852 211 104.314  
2019_10_24_11_32_56_940 1571934776940 8888 8856 250 123.234  
2019_10_24_11_32_56_981 1571934776981 8929 8897 277 136.358  
2019_10_24_11_32_56_997 1571934776997 8945 8913 534 262.363  
2019_10_24_11_32_57_056 1571934777056 9004 8972 177 87.8568  
2019_10_24_11_32_57_114 1571934777114 9062 9030 92 46.8632  
2019_10_24_11_32_57_153 1571934777153 9101 9069 283 139.278  
2019_10_24_11_32_57_206 1571934777206 9154 9121 235 115.951  
2019_10_24_11_32_57_234 1571934777234 9182 9149 217 107.222  
2019_10_24_11_32_57_247 1571934777247 9195 9162 174 86.4063  
2019_10_24_11_32_57_253 1571934777253 9201 9168 458 224.897  
2019_10_24_11_32_57_266 1571934777266 9214 9181 315 154.866  
2019_10_24_11_32_57_304 1571934777304 9252 9219 275 135.385  
2019_10_24_11_32_57_321 1571934777321 9269 9236 213 105.283  
2019_10_24_11_32_57_362 1571934777362 9310 9277 173 85.9229  
2019_10_24_11_32_57_390 1571934777390 9338 9305 474 232.771  
2019_10_24_11_32_57_396 1571934777396 9344 9311 208 102.861  
2019_10_24_11_32_57_402 1571934777402 9350 9317 279 137.331  
2019_10_24_11_32_57_416 1571934777416 9364 9331 411 201.813  
2019_10_24_11_32_57_430 1571934777430 9378 9345 793 391.324  
2019_10_24_11_32_57_447 1571934777447 9395 9362 240 118.378  
2019_10_24_11_32_57_481 1571934777481 9429 9396 852 420.979  
2019_10_24_11_32_57_531 1571934777531 9479 9446 224 110.616  
2019_10_24_11_32_57_632 1571934777632 9580 9547 1198 596.958  
2019_10_24_11_32_57_661 1571934777661 9609 9575 449 220.472  
2019_10_24_11_32_57_713 1571934777713 9661 9627 207 102.376  
2019_10_24_11_32_57_755 1571934777755 9703 9669 512 251.5  
2019_10_24_11_32_57_850 1571934777850 9798 9764 153 76.2605  
2019_10_24_11_32_57_857 1571934777857 9805 9771 162 80.6071  
2019_10_24_11_32_57_874 1571934777874 9822 9788 256 126.148  
2019_10_24_11_32_57_896 1571934777896 9844 9810 147 73.3641  
2019_10_24_11_32_57_909 1571934777909 9857 9823 103 52.1562  
2019_10_24_11_32_57_937 1571934777937 9885 9851 221 109.161  
2019_10_24_11_32_57_945 1571934777945 9893 9859 232 114.496  
2019_10_24_11_32_58_017 1571934778017 9965 9931 391 192.01  
2019_10_24_11_32_58_300 1571934778300 10248 10214 1319 659.336  
2019_10_24_11_32_58_301 1571934778301 10249 10215 2458 1267.73  
2019_10_24_11_32_58_302 1571934778302 10250 10216 202 99.9544  
2019_10_24_11_32_58_302 1571934778302 10250 10216 1104 548.799  
2019_10_24_11_32_58_302 1571934778302 10250 10216 1294 646.412  
2019_10_24_11_32_58_302 1571934778302 10250 10216 174 86.4063  
2019_10_24_11_32_58_303 1571934778303 10251 10216 173 85.9229  
2019_10_24_11_32_58_318 1571934778318 10266 10231 888 439.124  
2019_10_24_11_32_58_412 1571934778412 10360 10325 115 57.9345  
2019_10_24_11_32_58_427 1571934778427 10375 10340 948 469.451  
2019_10_24_11_32_58_436 1571934778436 10384 10349 1258 627.835  
2019_10_24_11_32_58_534 1571934778534 10482 10447 1625 819.015  
2019_10_24_11_32_58_550 1571934778550 10498 10463 224 110.616  
2019_10_24_11_32_58_615 1571934778615 10563 10528 312 153.403  
2019_10_24_11_32_58_644 1571934778644 10592 10557 169 83.9894  
2019_10_24_11_32_58_673 1571934778673 10621 10586 2103 1073.99  
2019_10_24_11_32_58_680 1571934778680 10628 10593 242 119.349  
2019_10_24_11_32_58_716 1571934778716 10664 10629 112 56.4895  
2019_10_24_11_32_58_747 1571934778747 10695 10660 697 343.293  
2019_10_24_11_32_58_768 1571934778768 10716 10681 443 217.523  
2019_10_24_11_32_58_770 1571934778770 10718 10683 104 52.6376  
2019_10_24_11_32_58_788 1571934778788 10736 10701 295 145.12  
2019_10_24_11_32_58_820 1571934778820 10768 10733 394 193.48  
2019_10_24_11_32_58_822 1571934778822 10770 10735 1774 897.77  
2019_10_24_11_32_58_827 1571934778827 10775 10739 603 296.526  
2019_10_24_11_32_58_896 1571934778896 10844 10808 959 475.022  
2019_10_24_11_32_58_941 1571934778941 10889 10853 181 89.7911  
2019_10_24_11_32_58_977 1571934778977 10925 10889 292 143.659  
2019_10_24_11_32_59_015 1571934779015 10963 10927 725 357.274  
2019_10_24_11_32_59_031 1571934779031 10979 10943 720 354.775  
2019_10_24_11_32_59_049 1571934779049 10997 10961 166 82.5397  
2019_10_24_11_32_59_081 1571934779081 11029 10993 93 47.3442  
2019_10_24_11_32_59_106 1571934779106 11054 11018 381 187.113  
2019_10_24_11_32_59_124 1571934779124 11072 11036 123 61.789  
2019_10_24_11_32_59_154 1571934779154 11102 11066 429 210.646  
2019_10_24_11_32_59_155 1571934779155 11103 11067 512 251.5  
2019_10_24_11_32_59_174 1571934779174 11122 11086 3137 1648.66  
2019_10_24_11_32_59_196 1571934779196 11144 11108 275 135.385  
2019_10_24_11_32_59_243 1571934779243 11191 11155 610 299.999  
2019_10_24_11_32_59_250 1571934779250 11198 11162 485 238.188  
2019_10_24_11_32_59_253 1571934779253 11201 11165 57 30.0456  
2019_10_24_11_32_59_280 1571934779280 11228 11191 298 146.581  
2019_10_24_11_32_59_320 1571934779320 11268 11231 85 43.4968  
2019_10_24_11_32_59_344 1571934779344 11292 11255 225 111.1  
2019_10_24_11_32_59_353 1571934779353 11301 11264 186 92.2098  
2019_10_24_11_32_59_381 1571934779381 11329 11292 296 145.607  
2019_10_24_11_32_59_383 1571934779383 11331 11294 422 207.21  
2019_10_24_11_32_59_405 1571934779405 11353 11316 312 153.403  
2019_10_24_11_32_59_406 1571934779406 11354 11317 118 59.3797  
2019_10_24_11_32_59_408 1571934779408 11356 11319 142 70.9512  
2019_10_24_11_32_59_409 1571934779409 11357 11320 509 250.02  
2019_10_24_11_32_59_474 1571934779474 11422 11385 246 121.291  
2019_10_24_11_32_59_548 1571934779548 11496 11459 188 93.1774  
2019_10_24_11_32_59_563 1571934779563 11511 11474 155 77.2262  
2019_10_24_11_32_59_597 1571934779597 11545 11508 2060 1050.78  
2019_10_24_11_32_59_611 1571934779611 11559 11522 373 183.197  
2019_10_24_11_32_59_646 1571934779646 11594 11557 997 494.297  
2019_10_24_11_32_59_650 1571934779650 11598 11561 114 57.4528  
2019_10_24_11_32_59_730 1571934779730 11678 11640 102 51.6749  
2019_10_24_11_32_59_773 1571934779773 11721 11683 272 133.926  
2019_10_24_11_32_59_805 1571934779805 11753 11715 169 83.9894  
2019_10_24_11_32_59_963 1571934779963 11911 11873 1238 617.531  
2019_10_24_11_32_59_964 1571934779964 11912 11874 184 91.2422  
2019_10_24_11_32_59_980 1571934779980 11928 11890 323 158.768  
2019_10_24_11_32_59_995 1571934779995 11943 11905 381 187.113  
2019_10_24_11_33_00_000 1571934780000 11948 11910 210 103.829  
2019_10_24_11_33_00_023 1571934780023 11971 11933 268 131.981  
2019_10_24_11_33_00_024 1571934780024 11972 11934 662 325.849  
2019_10_24_11_33_00_084 1571934780084 12032 11994 158 78.675  
2019_10_24_11_33_00_348 1571934780348 12296 12258 598 294.045  
2019_10_24_11_33_00_349 1571934780349 12297 12259 177 87.8568  
2019_10_24_11_33_00_350 1571934780350 12298 12260 293 144.146  
2019_10_24_11_33_00_350 1571934780350 12298 12260 382 187.603  
2019_10_24_11_33_00_350 1571934780350 12298 12260 1934 983.07  
2019_10_24_11_33_00_350 1571934780350 12298 12260 1368 684.719  
2019_10_24_11_33_00_351 1571934780351 12299 12260 236 116.437  
2019_10_24_11_33_00_351 1571934780351 12299 12260 183 90.7585  
2019_10_24_11_33_00_365 1571934780365 12313 12274 211 104.314  
2019_10_24_11_33_00_407 1571934780407 12355 12316 318 156.329  
2019_10_24_11_33_00_469 1571934780469 12417 12378 183 90.7585  
2019_10_24_11_33_00_513 1571934780513 12461 12422 244 120.32  
2019_10_24_11_33_00_514 1571934780514 12462 12423 510 250.513  
2019_10_24_11_33_00_518 1571934780518 12466 12427 190 94.1452  
2019_10_24_11_33_00_558 1571934780558 12506 12467 832 410.915  
2019_10_24_11_33_00_559 1571934780559 12507 12468 460 225.881  
2019_10_24_11_33_00_562 1571934780562 12510 12471 94 47.8253  
2019_10_24_11_33_00_594 1571934780594 12542 12503 350 171.951  
2019_10_24_11_33_00_608 1571934780608 12556 12517 178 88.3403  
2019_10_24_11_33_00_610 1571934780610 12558 12519 144 71.9162  
2019_10_24_11_33_00_611 1571934780611 12559 12520 246 121.291  
2019_10_24_11_33_00_619 1571934780619 12567 12528 2237 1146.68  
2019_10_24_11_33_00_683 1571934780683 12631 12592 87 44.4585  
2019_10_24_11_33_00_717 1571934780717 12665 12625 193 95.5971  
2019_10_24_11_33_00_721 1571934780721 12669 12629 293 144.146  
2019_10_24_11_33_00_724 1571934780724 12672 12632 925 457.813  
2019_10_24_11_33_00_727 1571934780727 12675 12635 164 81.5733  
2019_10_24_11_33_00_737 1571934780737 12685 12645 2335 1200.18  
2019_10_24_11_33_00_786 1571934780786 12734 12694 81 41.5738  
2019_10_24_11_33_00_789 1571934780789 12737 12697 369 181.24  
2019_10_24_11_33_00_794 1571934780794 12742 12702 166 82.5397  
2019_10_24_11_33_00_815 1571934780815 12763 12723 1637 825.334  
2019_10_24_11_33_00_844 1571934780844 12792 12752 177 87.8568  
2019_10_24_11_33_00_983 1571934780983 12931 12891 766 377.788  
2019_10_24_11_33_01_012 1571934781012 12960 12920 207 102.376  
2019_10_24_11_33_01_062 1571934781062 13010 12970 201 99.4701  
2019_10_24_11_33_01_071 1571934781071 13019 12979 174 86.4063  
2019_10_24_11_33_01_112 1571934781112 13060 13020 294 144.633  
2019_10_24_11_33_01_121 1571934781121 13069 13029 594 292.062  
2019_10_24_11_33_01_207 1571934781207 13155 13115 168 83.5062  
2019_10_24_11_33_01_221 1571934781221 13169 13129 269 132.467  
2019_10_24_11_33_01_225 1571934781225 13173 13132 466 228.833  
2019_10_24_11_33_01_240 1571934781240 13188 13147 187 92.6936  
2019_10_24_11_33_01_241 1571934781241 13189 13148 283 139.278  
2019_10_24_11_33_01_249 1571934781249 13197 13156 164 81.5733  
2019_10_24_11_33_01_257 1571934781257 13205 13164 98 49.7499  
2019_10_24_11_33_01_262 1571934781262 13210 13169 326 160.232  
2019_10_24_11_33_01_275 1571934781275 13223 13182 136 68.0567  
2019_10_24_11_33_01_337 1571934781337 13285 13244 361 177.328  
2019_10_24_11_33_01_359 1571934781359 13307 13266 3538 1880.04  
2019_10_24_11_33_01_384 1571934781384 13332 13291 172 85.4395  
2019_10_24_11_33_01_386 1571934781386 13334 13293 220 108.676  
2019_10_24_11_33_01_431 1571934781431 13379 13338 643 316.394  
2019_10_24_11_33_01_438 1571934781438 13386 13345 4095 2209.31  
2019_10_24_11_33_01_497 1571934781497 13445 13404 2457 1267.18  
2019_10_24_11_33_01_521 1571934781521 13469 13428 175 86.8898  
2019_10_24_11_33_01_568 1571934781568 13516 13475 497 244.102  
2019_10_24_11_33_01_583 1571934781583 13531 13490 98 49.7499  
2019_10_24_11_33_01_598 1571934781598 13546 13504 772 380.794  
2019_10_24_11_33_01_619 1571934781619 13567 13525 150 74.8121  
2019_10_24_11_33_01_634 1571934781634 13582 13540 513 251.993  
2019_10_24_11_33_01_635 1571934781635 13583 13541 601 295.533  
2019_10_24_11_33_01_641 1571934781641 13589 13547 190 94.1452  
2019_10_24_11_33_01_645 1571934781645 13593 13551 132 66.1277  
2019_10_24_11_33_01_646 1571934781646 13594 13552 136 68.0567  
2019_10_24_11_33_01_674 1571934781674 13622 13580 2202 1127.64  
2019_10_24_11_33_01_681 1571934781681 13629 13587 632 310.926  
2019_10_24_11_33_01_739 1571934781739 13687 13645 4095 2209.31  
2019_10_24_11_33_01_829 1571934781829 13777 13735 311 152.916  
2019_10_24_11_33_01_851 1571934781851 13799 13757 137 68.5391  
2019_10_24_11_33_01_879 1571934781879 13827 13785 456 223.914  
2019_10_24_11_33_01_949 1571934781949 13897 13855 292 143.659  
2019_10_24_11_33_01_958 1571934781958 13906 13864 272 133.926  
2019_10_24_11_33_02_041 1571934782041 13989 13947 1318 658.818  
2019_10_24_11_33_02_057 1571934782057 14005 13963 122 61.3071  
2019_10_24_11_33_02_063 1571934782063 14011 13968 175 86.8898  
2019_10_24_11_33_02_080 1571934782080 14028 13985 188 93.1774  
2019_10_24_11_33_02_082 1571934782082 14030 13987 210 103.829  
2019_10_24_11_33_02_108 1571934782108 14056 14013 178 88.3403  
2019_10_24_11_33_02_129 1571934782129 14077 14034 83 42.5352  
2019_10_24_11_33_02_396 1571934782396 14344 14301 90 45.9012  
2019_10_24_11_33_02_397 1571934782397 14345 14302 173 85.9229  
2019_10_24_11_33_02_398 1571934782398 14346 14303 280 137.818  
2019_10_24_11_33_02_415 1571934782415 14363 14320 187 92.6936  
2019_10_24_11_33_02_443 1571934782443 14391 14348 323 158.768  
2019_10_24_11_33_02_471 1571934782471 14419 14376 438 215.066  
2019_10_24_11_33_02_500 1571934782500 14448 14405 159 79.1579  
2019_10_24_11_33_02_573 1571934782573 14521 14478 422 207.21  
2019_10_24_11_33_02_578 1571934782578 14526 14483 348 170.973  
2019_10_24_11_33_02_590 1571934782590 14538 14495 1249 623.197  
2019_10_24_11_33_02_629 1571934782629 14577 14534 614 301.985  
2019_10_24_11_33_02_638 1571934782638 14586 14543 115 57.9345  
2019_10_24_11_33_02_654 1571934782654 14602 14558 783 386.308  
2019_10_24_11_33_02_725 1571934782725 14673 14629 456 223.914  
2019_10_24_11_33_02_736 1571934782736 14684 14640 229 113.041  
2019_10_24_11_33_02_748 1571934782748 14696 14652 983 487.191  
2019_10_24_11_33_02_788 1571934782788 14736 14692 332 163.16  
2019_10_24_11_33_02_879 1571934782879 14827 14783 143 71.4337  
2019_10_24_11_33_02_922 1571934782922 14870 14826 166 82.5397  
2019_10_24_11_33_02_935 1571934782935 14883 14839 166 82.5397  
2019_10_24_11_33_02_969 1571934782969 14917 14873 329 161.696  
2019_10_24_11_33_02_970 1571934782970 14918 14874 229 113.041  
2019_10_24_11_33_02_989 1571934782989 14937 14893 433 212.611  
2019_10_24_11_33_03_056 1571934783056 15004 14960 117 58.898  
2019_10_24_11_33_03_076 1571934783076 15024 14980 618 303.971  
2019_10_24_11_33_03_086 1571934783086 15034 14990 185 91.726  
2019_10_24_11_33_03_094 1571934783094 15042 14998 92 46.8632  
2019_10_24_11_33_03_104 1571934783104 15052 15008 305 149.991  
2019_10_24_11_33_03_119 1571934783119 15067 15023 415 203.775  
2019_10_24_11_33_03_154 1571934783154 15102 15057 234 115.466  
2019_10_24_11_33_03_189 1571934783189 15137 15092 93 47.3442  
2019_10_24_11_33_03_258 1571934783258 15206 15161 292 143.659  
2019_10_24_11_33_03_285 1571934783285 15233 15188 314 154.378  
2019_10_24_11_33_03_289 1571934783289 15237 15192 158 78.675  
2019_10_24_11_33_03_299 1571934783299 15247 15202 412 202.304  
2019_10_24_11_33_03_302 1571934783302 15250 15205 119 59.8615  
2019_10_24_11_33_03_323 1571934783323 15271 15226 111 56.0079  
2019_10_24_11_33_03_334 1571934783334 15282 15237 167 83.0229  
2019_10_24_11_33_03_348 1571934783348 15296 15251 1695 855.933  
2019_10_24_11_33_03_351 1571934783351 15299 15254 108 54.5633  
2019_10_24_11_33_03_357 1571934783357 15305 15260 223 110.131  
2019_10_24_11_33_03_390 1571934783390 15338 15293 1890 959.537  
2019_10_24_11_33_03_427 1571934783427 15375 15330 795 392.328  
2019_10_24_11_33_03_428 1571934783428 15376 15331 611 300.496  
2019_10_24_11_33_03_429 1571934783429 15377 15332 362 177.817  
2019_10_24_11_33_03_521 1571934783521 15469 15424 336 165.112  
2019_10_24_11_33_03_546 1571934783546 15494 15449 109 55.0448  
2019_10_24_11_33_03_568 1571934783568 15516 15470 163 81.0902  
2019_10_24_11_33_03_574 1571934783574 15522 15476 292 143.659  
2019_10_24_11_33_03_631 1571934783631 15579 15533 4095 2209.31  
2019_10_24_11_33_03_706 1571934783706 15654 15608 1765 892.995  
2019_10_24_11_33_03_710 1571934783710 15658 15612 184 91.2422  
2019_10_24_11_33_03_769 1571934783769 15717 15671 529 259.893  
2019_10_24_11_33_03_780 1571934783780 15728 15682 71 36.7683  
2019_10_24_11_33_03_795 1571934783795 15743 15697 170 84.4728  
2019_10_24_11_33_03_945 1571934783945 15893 15847 134 67.0921  
2019_10_24_11_33_03_972 1571934783972 15920 15874 130 65.1633  
2019_10_24_11_33_03_979 1571934783979 15927 15881 277 136.358  
2019_10_24_11_33_03_995 1571934783995 15943 15897 178 88.3403  
2019_10_24_11_33_04_015 1571934784015 15963 15917 117 58.898  
2019_10_24_11_33_04_068 1571934784068 16016 15970 200 98.9859  
2019_10_24_11_33_04_108 1571934784108 16056 16010 105 53.119  
2019_10_24_11_33_04_112 1571934784112 16060 16014 179 88.8239  
2019_10_24_11_33_04_160 1571934784160 16108 16062 148 73.8467  
2019_10_24_11_33_04_183 1571934784183 16131 16084 434 213.102  
2019_10_24_11_33_04_444 1571934784444 16392 16345 229 113.041  
2019_10_24_11_33_04_445 1571934784445 16393 16346 199 98.5017  
2019_10_24_11_33_04_446 1571934784446 16394 16347 72 37.2487  
2019_10_24_11_33_04_446 1571934784446 16394 16347 195 96.5652  
2019_10_24_11_33_04_446 1571934784446 16394 16347 188 93.1774  
2019_10_24_11_33_04_446 1571934784446 16394 16347 110 55.5264  
2019_10_24_11_33_04_446 1571934784446 16394 16347 130 65.1633  
2019_10_24_11_33_04_447 1571934784447 16395 16348 344 169.019  
2019_10_24_11_33_04_447 1571934784447 16395 16348 369 181.24  
2019_10_24_11_33_04_474 1571934784474 16422 16375 634 311.92  
2019_10_24_11_33_04_483 1571934784483 16431 16384 126 63.235  
2019_10_24_11_33_04_547 1571934784547 16495 16448 106 53.6004  
2019_10_24_11_33_04_548 1571934784548 16496 16449 209 103.345  
2019_10_24_11_33_04_566 1571934784566 16514 16467 200 98.9859  
2019_10_24_11_33_04_598 1571934784598 16546 16499 310 152.428  
2019_10_24_11_33_04_623 1571934784623 16571 16524 124 62.271  
2019_10_24_11_33_04_627 1571934784627 16575 16527 169 83.9894  
2019_10_24_11_33_04_628 1571934784628 16576 16528 107 54.0818  
2019_10_24_11_33_04_648 1571934784648 16596 16548 152 75.7777  
2019_10_24_11_33_04_669 1571934784669 16617 16569 191 94.6291  
2019_10_24_11_33_04_819 1571934784819 16767 16719 2153 1101.05  
2019_10_24_11_33_04_944 1571934784944 16892 16844 146 72.8814  
2019_10_24_11_33_04_974 1571934784974 16922 16874 138 69.0214  
2019_10_24_11_33_04_987 1571934784987 16935 16887 279 137.331  
2019_10_24_11_33_05_094 1571934785094 17042 16994 386 189.561  
2019_10_24_11_33_05_114 1571934785114 17062 17014 181 89.7911  
2019_10_24_11_33_05_118 1571934785118 17066 17018 270 132.953  
2019_10_24_11_33_05_119 1571934785119 17067 17019 423 207.701  
2019_10_24_11_33_05_124 1571934785124 17072 17024 365 179.284  
2019_10_24_11_33_05_142 1571934785142 17090 17042 149 74.3294  
2019_10_24_11_33_05_143 1571934785143 17091 17043 483 237.203  
2019_10_24_11_33_05_274 1571934785274 17222 17174 230 113.526  
2019_10_24_11_33_05_276 1571934785276 17224 17176 346 169.996  
2019_10_24_11_33_05_368 1571934785368 17316 17267 344 169.019  
2019_10_24_11_33_05_404 1571934785404 17352 17303 194 96.0811  
2019_10_24_11_33_05_431 1571934785431 17379 17330 390 191.52  
2019_10_24_11_33_05_452 1571934785452 17400 17351 128 64.1991  
2019_10_24_11_33_05_469 1571934785469 17417 17368 181 89.7911  
2019_10_24_11_33_05_484 1571934785484 17432 17383 154 76.7433  
2019_10_24_11_33_05_520 1571934785520 17468 17419 154 76.7433  
2019_10_24_11_33_05_541 1571934785541 17489 17440 153 76.2605  
2019_10_24_11_33_05_593 1571934785593 17541 17492 375 184.176  
2019_10_24_11_33_05_650 1571934785650 17598 17549 862 426.015  
2019_10_24_11_33_05_693 1571934785693 17641 17592 315 154.866  
2019_10_24_11_33_05_707 1571934785707 17655 17606 405 198.871  
2019_10_24_11_33_05_722 1571934785722 17670 17621 169 83.9894  
2019_10_24_11_33_05_723 1571934785723 17671 17622 110 55.5264  
2019_10_24_11_33_05_774 1571934785774 17722 17673 277 136.358  
2019_10_24_11_33_05_811 1571934785811 17759 17710 164 81.5733  
2019_10_24_11_33_05_910 1571934785910 17858 17809 91 46.3822  
2019_10_24_11_33_05_920 1571934785920 17868 17818 481 236.218  
2019_10_24_11_33_05_932 1571934785932 17880 17830 164 81.5733  
2019_10_24_11_33_05_970 1571934785970 17918 17868 735 362.273  
2019_10_24_11_33_05_990 1571934785990 17938 17888 703 346.287  
2019_10_24_11_33_06_006 1571934786006 17954 17904 174 86.4063  
2019_10_24_11_33_06_036 1571934786036 17984 17934 192 95.1131  
2019_10_24_11_33_06_087 1571934786087 18035 17985 169 83.9894  
2019_10_24_11_33_06_155 1571934786155 18103 18053 95 48.3064  
2019_10_24_11_33_06_157 1571934786157 18105 18055 866 428.031  
2019_10_24_11_33_06_159 1571934786159 18107 18057 295 145.12  
2019_10_24_11_33_06_179 1571934786179 18127 18077 1407 704.973  
2019_10_24_11_33_06_199 1571934786199 18147 18097 318 156.329  
2019_10_24_11_33_06_210 1571934786210 18158 18108 109 55.0448  
2019_10_24_11_33_06_222 1571934786222 18170 18120 239 117.893  
2019_10_24_11_33_06_492 1571934786492 18440 18390 224 110.616  
2019_10_24_11_33_06_493 1571934786493 18441 18391 169 83.9894  
2019_10_24_11_33_06_494 1571934786494 18442 18392 170 84.4728  
2019_10_24_11_33_06_494 1571934786494 18442 18392 221 109.161  
2019_10_24_11_33_06_494 1571934786494 18442 18391 156 77.7091  
2019_10_24_11_33_06_494 1571934786494 18442 18391 119 59.8615  
2019_10_24_11_33_06_558 1571934786558 18506 18455 1034 513.105  
2019_10_24_11_33_06_563 1571934786563 18511 18460 766 377.788  
2019_10_24_11_33_06_602 1571934786602 18550 18499 331 162.672  
2019_10_24_11_33_06_604 1571934786604 18552 18501 467 229.325  
2019_10_24_11_33_06_684 1571934786684 18632 18581 96 48.7875  
2019_10_24_11_33_06_698 1571934786698 18646 18595 580 285.122  
2019_10_24_11_33_06_775 1571934786775 18723 18672 123 61.789  
2019_10_24_11_33_06_793 1571934786793 18741 18690 299 147.068  
2019_10_24_11_33_06_831 1571934786831 18779 18728 576 283.141  
2019_10_24_11_33_06_846 1571934786846 18794 18743 945 467.932  
2019_10_24_11_33_06_968 1571934786968 18916 18865 94 47.8253  
2019_10_24_11_33_07_017 1571934787017 18965 18914 4095 2209.31  
2019_10_24_11_33_07_024 1571934787024 18972 18921 785 387.311  
2019_10_24_11_33_07_069 1571934787069 19017 18966 2097 1070.75  
2019_10_24_11_33_07_095 1571934787095 19043 18992 129 64.6812  
2019_10_24_11_33_07_117 1571934787117 19065 19013 535 262.857  
2019_10_24_11_33_07_179 1571934787179 19127 19075 189 93.6613  
2019_10_24_11_33_07_187 1571934787187 19135 19083 1259 628.351  
2019_10_24_11_33_07_336 1571934787336 19284 19232 1196 595.931  
2019_10_24_11_33_07_357 1571934787357 19305 19253 455 223.422  
2019_10_24_11_33_07_362 1571934787362 19310 19258 355 174.394  
2019_10_24_11_33_07_363 1571934787363 19311 19259 4095 2209.31  
2019_10_24_11_33_07_438 1571934787438 19386 19334 645 317.389  
2019_10_24_11_33_07_504 1571934787504 19452 19400 185 91.726  
2019_10_24_11_33_07_537 1571934787537 19485 19433 122 61.3071  
2019_10_24_11_33_07_560 1571934787560 19508 19456 165 82.0565  
2019_10_24_11_33_07_561 1571934787561 19509 19457 138 69.0214  
2019_10_24_11_33_07_578 1571934787578 19526 19474 161 80.124  
2019_10_24_11_33_07_609 1571934787609 19557 19505 808 398.854  
2019_10_24_11_33_07_612 1571934787612 19560 19508 611 300.496  
2019_10_24_11_33_07_625 1571934787625 19573 19521 162 80.6071  
2019_10_24_11_33_07_704 1571934787704 19652 19600 629 309.435  
2019_10_24_11_33_07_730 1571934787730 19678 19625 182 90.2748  
2019_10_24_11_33_07_754 1571934787754 19702 19649 515 252.98  
2019_10_24_11_33_07_798 1571934787798 19746 19693 363 178.306  
2019_10_24_11_33_07_842 1571934787842 19790 19737 298 146.581  
2019_10_24_11_33_07_848 1571934787848 19796 19743 489 240.159  
2019_10_24_11_33_07_884 1571934787884 19832 19779 229 113.041  
2019_10_24_11_33_07_898 1571934787898 19846 19793 408 200.342  
2019_10_24_11_33_07_902 1571934787902 19850 19797 293 144.146  
2019_10_24_11_33_07_930 1571934787930 19878 19825 165 82.0565  
2019_10_24_11_33_07_933 1571934787933 19881 19828 282 138.791  
2019_10_24_11_33_07_983 1571934787983 19931 19878 325 159.744  
2019_10_24_11_33_08_008 1571934788008 19956 19903 117 58.898  
2019_10_24_11_33_08_045 1571934788045 19993 19940 131 65.6455  
2019_10_24_11_33_08_053 1571934788053 20001 19948 333 163.648  
2019_10_24_11_33_08_054 1571934788054 20002 19949 284 139.764  
