1571936675378 2019_10_24_12_04_35_378 2.734449 0.478300  0.000014786
2019_10_24_12_04_35_403 1571936675403 25 24 309 151.941  
2019_10_24_12_04_35_431 1571936675431 53 52 1274 636.087  
2019_10_24_12_04_35_491 1571936675491 113 112 174 86.4063  
2019_10_24_12_04_35_536 1571936675536 158 157 310 152.428  
2019_10_24_12_04_35_539 1571936675539 161 160 2816 1466.88  
2019_10_24_12_04_35_615 1571936675615 237 236 521 255.942  
2019_10_24_12_04_35_634 1571936675634 256 255 225 111.1  
2019_10_24_12_04_35_677 1571936675677 299 298 412 202.304  
2019_10_24_12_04_35_732 1571936675732 354 353 628 308.938  
2019_10_24_12_04_35_742 1571936675742 364 363 218 107.707  
2019_10_24_12_04_35_752 1571936675752 374 373 130 65.1633  
2019_10_24_12_04_35_796 1571936675796 418 417 284 139.764  
2019_10_24_12_04_35_841 1571936675841 463 462 1028 510.052  
2019_10_24_12_04_35_853 1571936675853 475 474 197 97.5334  
2019_10_24_12_04_35_859 1571936675859 481 480 864 427.023  
2019_10_24_12_04_35_904 1571936675904 526 525 423 207.701  
2019_10_24_12_04_35_929 1571936675929 551 550 199 98.5017  
2019_10_24_12_04_35_937 1571936675937 559 557 1962 998.076  
2019_10_24_12_04_36_043 1571936676043 665 663 223 110.131  
2019_10_24_12_04_36_119 1571936676119 741 739 144 71.9162  
2019_10_24_12_04_36_156 1571936676156 778 776 247 121.777  
2019_10_24_12_04_36_159 1571936676159 781 779 832 410.915  
2019_10_24_12_04_36_259 1571936676259 881 879 613 301.488  
2019_10_24_12_04_36_287 1571936676287 909 907 908 449.221  
2019_10_24_12_04_36_298 1571936676298 920 918 80 41.0931  
2019_10_24_12_04_36_334 1571936676334 956 954 188 93.1774  
2019_10_24_12_04_36_338 1571936676338 960 958 379 186.134  
2019_10_24_12_04_36_346 1571936676346 968 966 188 93.1774  
2019_10_24_12_04_36_375 1571936676375 997 995 113 56.9711  
2019_10_24_12_04_36_400 1571936676400 1022 1020 152 75.7777  
2019_10_24_12_04_36_429 1571936676429 1051 1049 160 79.641  
2019_10_24_12_04_36_539 1571936676539 1161 1159 240 118.378  
2019_10_24_12_04_36_575 1571936676575 1197 1195 512 251.5  
2019_10_24_12_04_36_624 1571936676624 1246 1244 127 63.717  
2019_10_24_12_04_36_673 1571936676673 1295 1292 95 48.3064  
2019_10_24_12_04_36_711 1571936676711 1333 1330 99 50.2311  
2019_10_24_12_04_36_737 1571936676737 1359 1356 424 208.192  
2019_10_24_12_04_36_743 1571936676743 1365 1362 261 128.578  
2019_10_24_12_04_36_803 1571936676803 1425 1422 165 82.0565  
2019_10_24_12_04_36_840 1571936676840 1462 1459 205 101.407  
2019_10_24_12_04_36_928 1571936676928 1550 1547 1665 840.093  
2019_10_24_12_04_37_027 1571936677027 1649 1646 193 95.5971  
2019_10_24_12_04_37_046 1571936677046 1668 1665 483 237.203  
2019_10_24_12_04_37_049 1571936677049 1671 1668 42 22.8491  
2019_10_24_12_04_37_058 1571936677058 1680 1677 305 149.991  
2019_10_24_12_04_37_065 1571936677065 1687 1684 165 82.0565  
2019_10_24_12_04_37_346 1571936677346 1968 1965 403 197.891  
2019_10_24_12_04_37_347 1571936677347 1969 1966 260 128.092  
2019_10_24_12_04_37_348 1571936677348 1970 1967 193 95.5971  
2019_10_24_12_04_37_349 1571936677349 1971 1968 229 113.041  
2019_10_24_12_04_37_349 1571936677349 1971 1968 199 98.5017  
2019_10_24_12_04_37_349 1571936677349 1971 1967 746 367.775  
2019_10_24_12_04_37_349 1571936677349 1971 1967 85 43.4968  
2019_10_24_12_04_37_349 1571936677349 1971 1967 4095 2209.31  
2019_10_24_12_04_37_349 1571936677349 1971 1967 2834 1476.99  
2019_10_24_12_04_37_349 1571936677349 1971 1967 100 50.7123  
2019_10_24_12_04_37_349 1571936677349 1971 1967 256 126.148  
2019_10_24_12_04_37_368 1571936677368 1990 1986 265 130.522  
2019_10_24_12_04_37_434 1571936677434 2056 2052 308 151.453  
2019_10_24_12_04_37_485 1571936677485 2107 2103 605 297.518  
2019_10_24_12_04_37_523 1571936677523 2145 2141 315 154.866  
2019_10_24_12_04_37_555 1571936677555 2177 2173 152 75.7777  
2019_10_24_12_04_37_557 1571936677557 2179 2175 232 114.496  
2019_10_24_12_04_37_603 1571936677603 2225 2221 234 115.466  
2019_10_24_12_04_37_650 1571936677650 2272 2268 127 63.717  
2019_10_24_12_04_37_672 1571936677672 2294 2290 669 329.335  
2019_10_24_12_04_37_739 1571936677739 2361 2357 415 203.775  
2019_10_24_12_04_37_742 1571936677742 2364 2360 131 65.6455  
2019_10_24_12_04_37_796 1571936677796 2418 2413 324 159.256  
2019_10_24_12_04_37_827 1571936677827 2449 2444 438 215.066  
2019_10_24_12_04_37_836 1571936677836 2458 2453 79 40.6124  
2019_10_24_12_04_37_877 1571936677877 2499 2494 1079 536.034  
2019_10_24_12_04_37_878 1571936677878 2500 2495 201 99.4701  
2019_10_24_12_04_37_882 1571936677882 2504 2499 369 181.24  
2019_10_24_12_04_37_987 1571936677987 2609 2604 1288 643.313  
2019_10_24_12_04_37_988 1571936677988 2610 2605 425 208.683  
2019_10_24_12_04_37_999 1571936677999 2621 2616 149 74.3294  
2019_10_24_12_04_38_131 1571936678131 2753 2748 108 54.5633  
2019_10_24_12_04_38_159 1571936678159 2781 2776 255 125.662  
2019_10_24_12_04_38_168 1571936678168 2790 2785 116 58.4162  
2019_10_24_12_04_38_170 1571936678170 2792 2787 306 150.479  
2019_10_24_12_04_38_183 1571936678183 2805 2800 489 240.159  
2019_10_24_12_04_38_242 1571936678242 2864 2859 205 101.407  
2019_10_24_12_04_38_251 1571936678251 2873 2868 147 73.3641  
2019_10_24_12_04_38_289 1571936678289 2911 2906 180 89.3075  
2019_10_24_12_04_38_324 1571936678324 2946 2941 415 203.775  
2019_10_24_12_04_38_345 1571936678345 2967 2961 641 315.4  
2019_10_24_12_04_38_356 1571936678356 2978 2972 89 45.4203  
2019_10_24_12_04_38_361 1571936678361 2983 2977 969 480.09  
2019_10_24_12_04_38_374 1571936678374 2996 2990 322 158.28  
2019_10_24_12_04_38_408 1571936678408 3030 3024 569 279.674  
2019_10_24_12_04_38_412 1571936678412 3034 3028 463 227.357  
2019_10_24_12_04_38_420 1571936678420 3042 3036 1190 592.849  
2019_10_24_12_04_38_428 1571936678428 3050 3044 589 289.583  
2019_10_24_12_04_38_445 1571936678445 3067 3061 183 90.7585  
2019_10_24_12_04_38_481 1571936678481 3103 3097 94 47.8253  
2019_10_24_12_04_38_496 1571936678496 3118 3112 191 94.6291  
2019_10_24_12_04_38_506 1571936678506 3128 3122 144 71.9162  
2019_10_24_12_04_38_508 1571936678508 3130 3124 343 168.531  
2019_10_24_12_04_38_536 1571936678536 3158 3152 327 160.72  
2019_10_24_12_04_38_537 1571936678537 3159 3153 869 429.543  
2019_10_24_12_04_38_540 1571936678540 3162 3156 156 77.7091  
2019_10_24_12_04_38_548 1571936678548 3170 3164 204 100.923  
2019_10_24_12_04_38_553 1571936678553 3175 3168 379 186.134  
2019_10_24_12_04_38_621 1571936678621 3243 3236 424 208.192  
2019_10_24_12_04_38_622 1571936678622 3244 3237 521 255.942  
2019_10_24_12_04_38_637 1571936678637 3259 3252 214 105.768  
2019_10_24_12_04_38_653 1571936678653 3275 3268 327 160.72  
2019_10_24_12_04_38_659 1571936678659 3281 3274 434 213.102  
2019_10_24_12_04_38_661 1571936678661 3283 3276 216 106.737  
2019_10_24_12_04_38_672 1571936678672 3294 3287 1266 631.96  
2019_10_24_12_04_38_830 1571936678830 3452 3445 1636 824.807  
2019_10_24_12_04_38_836 1571936678836 3458 3451 283 139.278  
2019_10_24_12_04_38_915 1571936678915 3537 3530 171 84.9561  
2019_10_24_12_04_38_958 1571936678958 3580 3573 598 294.045  
2019_10_24_12_04_38_972 1571936678972 3594 3587 73 37.7291  
2019_10_24_12_04_38_998 1571936678998 3620 3613 123 61.789  
2019_10_24_12_04_39_047 1571936679047 3669 3662 272 133.926  
2019_10_24_12_04_39_066 1571936679066 3688 3681 147 73.3641  
2019_10_24_12_04_39_067 1571936679067 3689 3682 247 121.777  
2019_10_24_12_04_39_113 1571936679113 3735 3727 282 138.791  
2019_10_24_12_04_39_394 1571936679394 4016 4008 238 117.407  
2019_10_24_12_04_39_395 1571936679395 4017 4009 163 81.0902  
2019_10_24_12_04_39_396 1571936679396 4018 4010 147 73.3641  
2019_10_24_12_04_39_398 1571936679398 4020 4012 322 158.28  
2019_10_24_12_04_39_424 1571936679424 4046 4038 1555 782.243  
2019_10_24_12_04_39_541 1571936679541 4163 4155 216 106.737  
2019_10_24_12_04_39_639 1571936679639 4261 4253 733 361.273  
2019_10_24_12_04_39_711 1571936679711 4333 4325 155 77.2262  
2019_10_24_12_04_39_712 1571936679712 4334 4326 173 85.9229  
2019_10_24_12_04_39_789 1571936679789 4411 4403 181 89.7911  
2019_10_24_12_04_39_812 1571936679812 4434 4426 274 134.899  
2019_10_24_12_04_39_814 1571936679814 4436 4428 1202 599.013  
2019_10_24_12_04_39_833 1571936679833 4455 4447 1272 635.055  
2019_10_24_12_04_39_835 1571936679835 4457 4449 2709 1406.96  
2019_10_24_12_04_39_862 1571936679862 4484 4476 348 170.973  
2019_10_24_12_04_39_908 1571936679908 4530 4522 124 62.271  
2019_10_24_12_04_39_943 1571936679943 4565 4556 4095 2209.31  
2019_10_24_12_04_39_982 1571936679982 4604 4595 2928 1529.96  
2019_10_24_12_04_40_000 1571936680000 4622 4613 1557 783.292  
2019_10_24_12_04_40_039 1571936680039 4661 4652 126 63.235  
2019_10_24_12_04_40_101 1571936680101 4723 4714 163 81.0902  
2019_10_24_12_04_40_131 1571936680131 4753 4744 145 72.3988  
2019_10_24_12_04_40_140 1571936680140 4762 4753 550 270.272  
2019_10_24_12_04_40_167 1571936680167 4789 4780 104 52.6376  
2019_10_24_12_04_40_205 1571936680205 4827 4818 87 44.4585  
2019_10_24_12_04_40_227 1571936680227 4849 4840 285 140.251  
2019_10_24_12_04_40_243 1571936680243 4865 4856 511 251.007  
2019_10_24_12_04_40_291 1571936680291 4913 4904 501 246.074  
2019_10_24_12_04_40_315 1571936680315 4937 4928 211 104.314  
2019_10_24_12_04_40_333 1571936680333 4955 4946 206 101.892  
2019_10_24_12_04_40_335 1571936680335 4957 4948 444 218.014  
2019_10_24_12_04_40_362 1571936680362 4984 4975 316 155.354  
2019_10_24_12_04_40_377 1571936680377 4999 4990 364 178.795  
2019_10_24_12_04_40_419 1571936680419 5041 5031 267 131.495  
2019_10_24_12_04_40_422 1571936680422 5044 5034 333 163.648  
2019_10_24_12_04_40_434 1571936680434 5056 5046 265 130.522  
2019_10_24_12_04_40_450 1571936680450 5072 5062 302 148.53  
2019_10_24_12_04_40_485 1571936680485 5107 5097 254 125.177  
2019_10_24_12_04_40_487 1571936680487 5109 5099 261 128.578  
2019_10_24_12_04_40_707 1571936680707 5329 5319 174 86.4063  
2019_10_24_12_04_40_728 1571936680728 5350 5340 137 68.5391  
2019_10_24_12_04_40_762 1571936680762 5384 5374 88 44.9393  
2019_10_24_12_04_40_766 1571936680766 5388 5378 338 166.089  
2019_10_24_12_04_40_807 1571936680807 5429 5419 280 137.818  
2019_10_24_12_04_40_822 1571936680822 5444 5434 176 87.3733  
2019_10_24_12_04_40_851 1571936680851 5473 5463 257 126.634  
2019_10_24_12_04_40_852 1571936680852 5474 5464 256 126.148  
2019_10_24_12_04_40_867 1571936680867 5489 5479 213 105.283  
2019_10_24_12_04_40_932 1571936680932 5554 5544 85 43.4968  
2019_10_24_12_04_40_957 1571936680957 5579 5569 411 201.813  
2019_10_24_12_04_40_970 1571936680970 5592 5582 536 263.351  
2019_10_24_12_04_40_993 1571936680993 5615 5604 139 69.5038  
2019_10_24_12_04_41_062 1571936681062 5684 5673 162 80.6071  
2019_10_24_12_04_41_114 1571936681114 5736 5725 321 157.792  
2019_10_24_12_04_41_120 1571936681120 5742 5731 447 219.489  
2019_10_24_12_04_41_171 1571936681171 5793 5782 208 102.861  
2019_10_24_12_04_41_442 1571936681442 6064 6053 532 261.375  
2019_10_24_12_04_41_443 1571936681443 6065 6054 120 60.3434  
2019_10_24_12_04_41_444 1571936681444 6066 6055 583 286.609  
2019_10_24_12_04_41_444 1571936681444 6066 6055 158 78.675  
2019_10_24_12_04_41_444 1571936681444 6066 6055 391 192.01  
2019_10_24_12_04_41_444 1571936681444 6066 6055 448 219.98  
2019_10_24_12_04_41_444 1571936681444 6066 6055 338 166.089  
2019_10_24_12_04_41_445 1571936681445 6067 6056 347 170.485  
2019_10_24_12_04_41_445 1571936681445 6067 6056 1296 647.446  
2019_10_24_12_04_41_445 1571936681445 6067 6056 1139 566.7  
2019_10_24_12_04_41_445 1571936681445 6067 6056 290 142.685  
2019_10_24_12_04_41_445 1571936681445 6067 6056 589 289.583  
2019_10_24_12_04_41_456 1571936681456 6078 6066 534 262.363  
2019_10_24_12_04_41_483 1571936681483 6105 6093 363 178.306  
2019_10_24_12_04_41_527 1571936681527 6149 6137 143 71.4337  
2019_10_24_12_04_41_539 1571936681539 6161 6149 476 233.755  
2019_10_24_12_04_41_540 1571936681540 6162 6150 158 78.675  
2019_10_24_12_04_41_543 1571936681543 6165 6153 550 270.272  
2019_10_24_12_04_41_559 1571936681559 6181 6169 881 435.593  
2019_10_24_12_04_41_576 1571936681576 6198 6186 108 54.5633  
2019_10_24_12_04_41_650 1571936681650 6272 6260 287 141.224  
2019_10_24_12_04_41_655 1571936681655 6277 6265 155 77.2262  
2019_10_24_12_04_41_694 1571936681694 6316 6304 141 70.4687  
2019_10_24_12_04_41_698 1571936681698 6320 6308 140 69.9862  
2019_10_24_12_04_41_703 1571936681703 6325 6313 210 103.829  
2019_10_24_12_04_41_727 1571936681727 6349 6337 345 169.508  
2019_10_24_12_04_41_747 1571936681747 6369 6357 379 186.134  
2019_10_24_12_04_41_770 1571936681770 6392 6380 443 217.523  
2019_10_24_12_04_41_773 1571936681773 6395 6383 388 190.541  
2019_10_24_12_04_41_784 1571936681784 6406 6393 116 58.4162  
2019_10_24_12_04_41_785 1571936681785 6407 6394 542 266.317  
2019_10_24_12_04_41_803 1571936681803 6425 6412 152 75.7777  
2019_10_24_12_04_41_804 1571936681804 6426 6413 434 213.102  
2019_10_24_12_04_41_839 1571936681839 6461 6448 347 170.485  
2019_10_24_12_04_41_883 1571936681883 6505 6492 237 116.922  
2019_10_24_12_04_41_941 1571936681941 6563 6550 246 121.291  
2019_10_24_12_04_42_026 1571936682026 6648 6635 325 159.744  
2019_10_24_12_04_42_040 1571936682040 6662 6649 247 121.777  
2019_10_24_12_04_42_050 1571936682050 6672 6659 405 198.871  
2019_10_24_12_04_42_060 1571936682060 6682 6669 142 70.9512  
2019_10_24_12_04_42_128 1571936682128 6750 6737 526 258.411  
2019_10_24_12_04_42_155 1571936682155 6777 6764 209 103.345  
2019_10_24_12_04_42_195 1571936682195 6817 6804 248 122.262  
2019_10_24_12_04_42_213 1571936682213 6835 6822 417 204.757  
2019_10_24_12_04_42_222 1571936682222 6844 6831 658 323.858  
2019_10_24_12_04_42_238 1571936682238 6860 6847 425 208.683  
2019_10_24_12_04_42_281 1571936682281 6903 6889 511 251.007  
2019_10_24_12_04_42_288 1571936682288 6910 6896 1330 665.028  
2019_10_24_12_04_42_339 1571936682339 6961 6947 200 98.9859  
2019_10_24_12_04_42_366 1571936682366 6988 6974 1381 691.465  
2019_10_24_12_04_42_412 1571936682412 7034 7020 489 240.159  
2019_10_24_12_04_42_455 1571936682455 7077 7063 155 77.2262  
2019_10_24_12_04_42_466 1571936682466 7088 7074 556 273.24  
2019_10_24_12_04_42_484 1571936682484 7106 7092 166 82.5397  
2019_10_24_12_04_42_492 1571936682492 7114 7100 704 346.786  
2019_10_24_12_04_42_536 1571936682536 7158 7144 289 142.198  
2019_10_24_12_04_42_539 1571936682539 7161 7147 369 181.24  
2019_10_24_12_04_42_644 1571936682644 7266 7252 205 101.407  
2019_10_24_12_04_42_673 1571936682673 7295 7281 1349 674.868  
2019_10_24_12_04_42_674 1571936682674 7296 7282 209 103.345  
2019_10_24_12_04_42_685 1571936682685 7307 7293 268 131.981  
2019_10_24_12_04_42_757 1571936682757 7379 7365 229 113.041  
2019_10_24_12_04_42_758 1571936682758 7380 7366 407 199.852  
2019_10_24_12_04_42_771 1571936682771 7393 7378 184 91.2422  
2019_10_24_12_04_42_776 1571936682776 7398 7383 343 168.531  
2019_10_24_12_04_42_777 1571936682777 7399 7384 211 104.314  
2019_10_24_12_04_42_785 1571936682785 7407 7392 400 196.42  
2019_10_24_12_04_42_788 1571936682788 7410 7395 328 161.208  
2019_10_24_12_04_42_803 1571936682803 7425 7410 178 88.3403  
2019_10_24_12_04_42_807 1571936682807 7429 7414 342 168.042  
2019_10_24_12_04_42_813 1571936682813 7435 7420 973 482.118  
2019_10_24_12_04_42_851 1571936682851 7473 7458 2767 1439.39  
2019_10_24_12_04_42_864 1571936682864 7486 7471 259 127.606  
2019_10_24_12_04_42_894 1571936682894 7516 7501 139 69.5038  
2019_10_24_12_04_42_930 1571936682930 7552 7537 178 88.3403  
2019_10_24_12_04_42_942 1571936682942 7564 7549 338 166.089  
2019_10_24_12_04_42_976 1571936682976 7598 7583 1352 676.423  
2019_10_24_12_04_42_983 1571936682983 7605 7590 541 265.822  
2019_10_24_12_04_43_008 1571936683008 7630 7615 148 73.8467  
2019_10_24_12_04_43_019 1571936683019 7641 7626 239 117.893  
2019_10_24_12_04_43_042 1571936683042 7664 7649 225 111.1  
2019_10_24_12_04_43_094 1571936683094 7716 7700 164 81.5733  
2019_10_24_12_04_43_153 1571936683153 7775 7759 313 153.891  
2019_10_24_12_04_43_160 1571936683160 7782 7766 402 197.4  
2019_10_24_12_04_43_176 1571936683176 7798 7782 821 405.385  
2019_10_24_12_04_43_203 1571936683203 7825 7809 160 79.641  
2019_10_24_12_04_43_238 1571936683238 7860 7844 542 266.317  
2019_10_24_12_04_43_277 1571936683277 7899 7883 448 219.98  
2019_10_24_12_04_43_286 1571936683286 7908 7892 223 110.131  
2019_10_24_12_04_43_316 1571936683316 7938 7922 148 73.8467  
2019_10_24_12_04_43_334 1571936683334 7956 7940 544 267.305  
2019_10_24_12_04_43_382 1571936683382 8004 7988 594 292.062  
2019_10_24_12_04_43_447 1571936683447 8069 8053 261 128.578  
2019_10_24_12_04_43_468 1571936683468 8090 8074 168 83.5062  
2019_10_24_12_04_43_475 1571936683475 8097 8081 845 417.455  
2019_10_24_12_04_43_498 1571936683498 8120 8104 148 73.8467  
2019_10_24_12_04_43_542 1571936683542 8164 8148 146 72.8814  
2019_10_24_12_04_43_565 1571936683565 8187 8171 1323 661.405  
2019_10_24_12_04_43_612 1571936683612 8234 8217 131 65.6455  
2019_10_24_12_04_43_617 1571936683617 8239 8222 1088 540.627  
2019_10_24_12_04_43_655 1571936683655 8277 8260 233 114.981  
2019_10_24_12_04_43_658 1571936683658 8280 8263 125 62.753  
2019_10_24_12_04_43_709 1571936683709 8331 8314 976 483.64  
2019_10_24_12_04_43_735 1571936683735 8357 8340 165 82.0565  
2019_10_24_12_04_43_736 1571936683736 8358 8341 344 169.019  
2019_10_24_12_04_43_768 1571936683768 8390 8373 242 119.349  
2019_10_24_12_04_43_800 1571936683800 8422 8405 224 110.616  
2019_10_24_12_04_43_808 1571936683808 8430 8413 84 43.016  
2019_10_24_12_04_43_812 1571936683812 8434 8417 1329 664.51  
2019_10_24_12_04_43_857 1571936683857 8479 8462 1357 679.015  
2019_10_24_12_04_43_864 1571936683864 8486 8469 896 443.161  
2019_10_24_12_04_43_884 1571936683884 8506 8489 300 147.555  
2019_10_24_12_04_43_897 1571936683897 8519 8502 427 209.664  
2019_10_24_12_04_43_899 1571936683899 8521 8504 1642 827.968  
2019_10_24_12_04_43_912 1571936683912 8534 8517 340 167.066  
2019_10_24_12_04_43_916 1571936683916 8538 8520 873 431.559  
2019_10_24_12_04_43_917 1571936683917 8539 8521 288 141.711  
2019_10_24_12_04_43_922 1571936683922 8544 8526 1330 665.028  
2019_10_24_12_04_43_935 1571936683935 8557 8539 217 107.222  
2019_10_24_12_04_43_957 1571936683957 8579 8561 160 79.641  
2019_10_24_12_04_43_977 1571936683977 8599 8581 1245 621.136  
2019_10_24_12_04_43_983 1571936683983 8605 8587 144 71.9162  
2019_10_24_12_04_43_984 1571936683984 8606 8588 567 278.684  
2019_10_24_12_04_44_001 1571936684001 8623 8605 307 150.966  
2019_10_24_12_04_44_013 1571936684013 8635 8617 232 114.496  
2019_10_24_12_04_44_040 1571936684040 8662 8644 474 232.771  
2019_10_24_12_04_44_044 1571936684044 8666 8648 1882 955.265  
2019_10_24_12_04_44_072 1571936684072 8694 8676 1317 658.301  
2019_10_24_12_04_44_075 1571936684075 8697 8679 714 351.778  
2019_10_24_12_04_44_078 1571936684078 8700 8682 1342 671.242  
2019_10_24_12_04_44_093 1571936684093 8715 8697 437 214.575  
2019_10_24_12_04_44_096 1571936684096 8718 8700 209 103.345  
2019_10_24_12_04_44_129 1571936684129 8751 8732 1265 631.444  
2019_10_24_12_04_44_153 1571936684153 8775 8756 418 205.247  
2019_10_24_12_04_44_162 1571936684162 8784 8765 211 104.314  
2019_10_24_12_04_44_163 1571936684163 8785 8766 403 197.891  
2019_10_24_12_04_44_164 1571936684164 8786 8767 381 187.113  
2019_10_24_12_04_44_170 1571936684170 8792 8773 259 127.606  
2019_10_24_12_04_44_198 1571936684198 8820 8801 425 208.683  
2019_10_24_12_04_44_258 1571936684258 8880 8861 177 87.8568  
2019_10_24_12_04_44_293 1571936684293 8915 8896 252 124.205  
2019_10_24_12_04_44_314 1571936684314 8936 8917 451 221.455  
2019_10_24_12_04_44_318 1571936684318 8940 8921 461 226.373  
2019_10_24_12_04_44_375 1571936684375 8997 8978 602 296.029  
2019_10_24_12_04_44_376 1571936684376 8998 8979 153 76.2605  
2019_10_24_12_04_44_381 1571936684381 9003 8984 201 99.4701  
2019_10_24_12_04_44_396 1571936684396 9018 8999 367 180.262  
2019_10_24_12_04_44_490 1571936684490 9112 9093 497 244.102  
2019_10_24_12_04_44_499 1571936684499 9121 9102 67 34.8469  
2019_10_24_12_04_44_524 1571936684524 9146 9126 588 289.087  
2019_10_24_12_04_44_546 1571936684546 9168 9148 1321 660.37  
2019_10_24_12_04_44_547 1571936684547 9169 9149 403 197.891  
2019_10_24_12_04_44_548 1571936684548 9170 9150 461 226.373  
2019_10_24_12_04_44_551 1571936684551 9173 9153 451 221.455  
2019_10_24_12_04_44_572 1571936684572 9194 9174 746 367.775  
2019_10_24_12_04_44_583 1571936684583 9205 9185 429 210.646  
2019_10_24_12_04_44_625 1571936684625 9247 9227 168 83.5062  
2019_10_24_12_04_44_641 1571936684641 9263 9243 1311 655.198  
2019_10_24_12_04_44_668 1571936684668 9290 9270 1281 639.7  
2019_10_24_12_04_44_702 1571936684702 9324 9304 126 63.235  
2019_10_24_12_04_44_707 1571936684707 9329 9309 1403 702.894  
2019_10_24_12_04_44_719 1571936684719 9341 9321 296 145.607  
2019_10_24_12_04_44_798 1571936684798 9420 9400 101 51.1936  
2019_10_24_12_04_44_884 1571936684884 9506 9486 247 121.777  
2019_10_24_12_04_44_907 1571936684907 9529 9509 741 365.273  
2019_10_24_12_04_44_915 1571936684915 9537 9517 2801 1458.46  
2019_10_24_12_04_44_980 1571936684980 9602 9582 175 86.8898  
2019_10_24_12_04_44_993 1571936684993 9615 9594 351 172.439  
2019_10_24_12_04_45_017 1571936685017 9639 9618 1228 612.383  
2019_10_24_12_04_45_021 1571936685021 9643 9622 340 167.066  
2019_10_24_12_04_45_038 1571936685038 9660 9639 397 194.95  
2019_10_24_12_04_45_046 1571936685046 9668 9647 288 141.711  
2019_10_24_12_04_45_063 1571936685063 9685 9664 169 83.9894  
2019_10_24_12_04_45_072 1571936685072 9694 9673 171 84.9561  
2019_10_24_12_04_45_080 1571936685080 9702 9681 323 158.768  
2019_10_24_12_04_45_082 1571936685082 9704 9683 249 122.748  
2019_10_24_12_04_45_086 1571936685086 9708 9687 280 137.818  
2019_10_24_12_04_45_109 1571936685109 9731 9710 277 136.358  
2019_10_24_12_04_45_161 1571936685161 9783 9762 421 206.719  
2019_10_24_12_04_45_164 1571936685164 9786 9765 77 39.6512  
2019_10_24_12_04_45_174 1571936685174 9796 9775 629 309.435  
2019_10_24_12_04_45_221 1571936685221 9843 9822 142 70.9512  
2019_10_24_12_04_45_265 1571936685265 9887 9866 584 287.104  
2019_10_24_12_04_45_282 1571936685282 9904 9883 156 77.7091  
2019_10_24_12_04_45_309 1571936685309 9931 9909 501 246.074  
2019_10_24_12_04_45_375 1571936685375 9997 9975 385 189.072  
2019_10_24_12_04_45_381 1571936685381 10003 9981 718 353.776  
2019_10_24_12_04_45_416 1571936685416 10038 10016 559 274.724  
2019_10_24_12_04_45_435 1571936685435 10057 10035 502 246.567  
2019_10_24_12_04_45_438 1571936685438 10060 10038 199 98.5017  
2019_10_24_12_04_45_445 1571936685445 10067 10045 171 84.9561  
2019_10_24_12_04_45_479 1571936685479 10101 10079 180 89.3075  
2019_10_24_12_04_45_483 1571936685483 10105 10083 162 80.6071  
2019_10_24_12_04_45_491 1571936685491 10113 10091 73 37.7291  
2019_10_24_12_04_45_499 1571936685499 10121 10099 270 132.953  
2019_10_24_12_04_45_511 1571936685511 10133 10111 82 42.0545  
2019_10_24_12_04_45_534 1571936685534 10156 10134 288 141.711  
2019_10_24_12_04_45_560 1571936685560 10182 10160 220 108.676  
2019_10_24_12_04_45_688 1571936685688 10310 10288 1139 566.7  
2019_10_24_12_04_45_722 1571936685722 10344 10322 273 134.412  
2019_10_24_12_04_45_754 1571936685754 10376 10354 341 167.554  
2019_10_24_12_04_45_769 1571936685769 10391 10368 145 72.3988  
2019_10_24_12_04_45_798 1571936685798 10420 10397 559 274.724  
2019_10_24_12_04_45_840 1571936685840 10462 10439 159 79.1579  
2019_10_24_12_04_45_866 1571936685866 10488 10465 274 134.899  
2019_10_24_12_04_45_867 1571936685867 10489 10466 644 316.892  
2019_10_24_12_04_45_878 1571936685878 10500 10477 173 85.9229  
2019_10_24_12_04_45_913 1571936685913 10535 10512 611 300.496  
2019_10_24_12_04_45_915 1571936685915 10537 10514 278 136.845  
2019_10_24_12_04_45_924 1571936685924 10546 10523 1489 747.705  
2019_10_24_12_04_45_931 1571936685931 10553 10530 170 84.4728  
2019_10_24_12_04_45_955 1571936685955 10577 10554 372 182.708  
2019_10_24_12_04_45_975 1571936685975 10597 10574 177 87.8568  
2019_10_24_12_04_45_999 1571936685999 10621 10598 403 197.891  
2019_10_24_12_04_46_003 1571936686003 10625 10602 621 305.461  
2019_10_24_12_04_46_037 1571936686037 10659 10636 442 217.032  
2019_10_24_12_04_46_092 1571936686092 10714 10691 229 113.041  
2019_10_24_12_04_46_197 1571936686197 10819 10796 320 157.305  
2019_10_24_12_04_46_210 1571936686210 10832 10808 177 87.8568  
2019_10_24_12_04_46_229 1571936686229 10851 10827 495 243.116  
2019_10_24_12_04_46_252 1571936686252 10874 10850 1340 670.206  
2019_10_24_12_04_46_296 1571936686296 10918 10894 172 85.4395  
2019_10_24_12_04_46_325 1571936686325 10947 10923 277 136.358  
2019_10_24_12_04_46_330 1571936686330 10952 10928 76 39.1707  
2019_10_24_12_04_46_332 1571936686332 10954 10930 893 441.647  
2019_10_24_12_04_46_336 1571936686336 10958 10934 417 204.757  
2019_10_24_12_04_46_356 1571936686356 10978 10954 261 128.578  
2019_10_24_12_04_46_375 1571936686375 10997 10973 1135 564.652  
2019_10_24_12_04_46_407 1571936686407 11029 11005 197 97.5334  
2019_10_24_12_04_46_432 1571936686432 11054 11030 397 194.95  
2019_10_24_12_04_46_440 1571936686440 11062 11038 414 203.285  
2019_10_24_12_04_46_486 1571936686486 11108 11084 129 64.6812  
2019_10_24_12_04_46_492 1571936686492 11114 11090 188 93.1774  
2019_10_24_12_04_46_493 1571936686493 11115 11091 126 63.235  
2019_10_24_12_04_46_536 1571936686536 11158 11134 733 361.273  
2019_10_24_12_04_46_565 1571936686565 11187 11162 146 72.8814  
2019_10_24_12_04_46_586 1571936686586 11208 11183 405 198.871  
2019_10_24_12_04_46_598 1571936686598 11220 11195 1182 588.743  
2019_10_24_12_04_46_605 1571936686605 11227 11202 324 159.256  
2019_10_24_12_04_46_668 1571936686668 11290 11265 238 117.407  
2019_10_24_12_04_46_674 1571936686674 11296 11271 216 106.737  
2019_10_24_12_04_46_691 1571936686691 11313 11288 106 53.6004  
2019_10_24_12_04_46_721 1571936686721 11343 11318 233 114.981  
2019_10_24_12_04_46_732 1571936686732 11354 11329 1180 587.716  
2019_10_24_12_04_46_753 1571936686753 11375 11350 700 344.789  
2019_10_24_12_04_46_776 1571936686776 11398 11373 229 113.041  
2019_10_24_12_04_46_800 1571936686800 11422 11397 165 82.0565  
2019_10_24_12_04_46_859 1571936686859 11481 11456 192 95.1131  
2019_10_24_12_04_46_871 1571936686871 11493 11468 158 78.675  
2019_10_24_12_04_46_872 1571936686872 11494 11469 862 426.015  
2019_10_24_12_04_46_882 1571936686882 11504 11479 2220 1137.43  
2019_10_24_12_04_46_893 1571936686893 11515 11490 313 153.891  
2019_10_24_12_04_46_925 1571936686925 11547 11522 196 97.0493  
2019_10_24_12_04_46_967 1571936686967 11589 11563 958 474.516  
2019_10_24_12_04_46_986 1571936686986 11608 11582 308 151.453  
2019_10_24_12_04_47_033 1571936687033 11655 11629 164 81.5733  
2019_10_24_12_04_47_091 1571936687091 11713 11687 212 104.799  
2019_10_24_12_04_47_107 1571936687107 11729 11703 956 473.502  
2019_10_24_12_04_47_110 1571936687110 11732 11706 263 129.55  
2019_10_24_12_04_47_118 1571936687118 11740 11714 179 88.8239  
2019_10_24_12_04_47_130 1571936687130 11752 11726 164 81.5733  
2019_10_24_12_04_47_183 1571936687183 11805 11779 380 186.624  
2019_10_24_12_04_47_199 1571936687199 11821 11795 96 48.7875  
2019_10_24_12_04_47_210 1571936687210 11832 11806 478 234.74  
2019_10_24_12_04_47_231 1571936687231 11853 11827 176 87.3733  
2019_10_24_12_04_47_239 1571936687239 11861 11835 167 83.0229  
2019_10_24_12_04_47_265 1571936687265 11887 11861 175 86.8898  
2019_10_24_12_04_47_333 1571936687333 11955 11929 239 117.893  
2019_10_24_12_04_47_378 1571936687378 12000 11974 216 106.737  
2019_10_24_12_04_47_397 1571936687397 12019 11993 157 78.192  
2019_10_24_12_04_47_446 1571936687446 12068 12041 216 106.737  
2019_10_24_12_04_47_459 1571936687459 12081 12054 386 189.561  
2019_10_24_12_04_47_468 1571936687468 12090 12063 678 333.819  
2019_10_24_12_04_47_535 1571936687535 12157 12130 152 75.7777  
2019_10_24_12_04_47_541 1571936687541 12163 12136 369 181.24  
2019_10_24_12_04_47_552 1571936687552 12174 12147 180 89.3075  
2019_10_24_12_04_47_603 1571936687603 12225 12198 132 66.1277  
2019_10_24_12_04_47_626 1571936687626 12248 12221 138 69.0214  
2019_10_24_12_04_47_627 1571936687627 12249 12222 314 154.378  
2019_10_24_12_04_47_658 1571936687658 12280 12253 114 57.4528  
2019_10_24_12_04_47_685 1571936687685 12307 12280 169 83.9894  
2019_10_24_12_04_47_736 1571936687736 12358 12331 364 178.795  
2019_10_24_12_04_47_737 1571936687737 12359 12332 1610 811.123  
2019_10_24_12_04_47_792 1571936687792 12414 12387 118 59.3797  
2019_10_24_12_04_47_796 1571936687796 12418 12391 344 169.019  
2019_10_24_12_04_47_807 1571936687807 12429 12402 1983 1009.34  
2019_10_24_12_04_47_820 1571936687820 12442 12415 104 52.6376  
2019_10_24_12_04_47_837 1571936687837 12459 12431 177 87.8568  
2019_10_24_12_04_47_909 1571936687909 12531 12503 293 144.146  
2019_10_24_12_04_47_916 1571936687916 12538 12510 222 109.646  
2019_10_24_12_04_47_979 1571936687979 12601 12573 164 81.5733  
2019_10_24_12_04_47_980 1571936687980 12602 12574 339 166.577  
2019_10_24_12_04_48_000 1571936688000 12622 12594 197 97.5334  
2019_10_24_12_04_48_021 1571936688021 12643 12615 76 39.1707  
2019_10_24_12_04_48_042 1571936688042 12664 12636 442 217.032  
2019_10_24_12_04_48_067 1571936688067 12689 12661 559 274.724  
2019_10_24_12_04_48_103 1571936688103 12725 12697 386 189.561  
2019_10_24_12_04_48_110 1571936688110 12732 12704 190 94.1452  
2019_10_24_12_04_48_116 1571936688116 12738 12710 625 307.448  
2019_10_24_12_04_48_139 1571936688139 12761 12733 1325 662.44  
2019_10_24_12_04_48_148 1571936688148 12770 12742 240 118.378  
2019_10_24_12_04_48_152 1571936688152 12774 12746 138 69.0214  
2019_10_24_12_04_48_158 1571936688158 12780 12752 540 265.328  
2019_10_24_12_04_48_165 1571936688165 12787 12759 298 146.581  
2019_10_24_12_04_48_171 1571936688171 12793 12764 144 71.9162  
2019_10_24_12_04_48_194 1571936688194 12816 12787 2480 1279.86  
2019_10_24_12_04_48_199 1571936688199 12821 12792 194 96.0811  
2019_10_24_12_04_48_203 1571936688203 12825 12796 410 201.323  
2019_10_24_12_04_48_224 1571936688224 12846 12817 90 45.9012  
2019_10_24_12_04_48_255 1571936688255 12877 12848 255 125.662  
2019_10_24_12_04_48_260 1571936688260 12882 12853 2084 1063.73  
2019_10_24_12_04_48_285 1571936688285 12907 12878 498 244.595  
2019_10_24_12_04_48_324 1571936688324 12946 12917 283 139.278  
2019_10_24_12_04_48_338 1571936688338 12960 12931 172 85.4395  
2019_10_24_12_04_48_346 1571936688346 12968 12939 2248 1152.67  
2019_10_24_12_04_48_352 1571936688352 12974 12945 177 87.8568  
2019_10_24_12_04_48_356 1571936688356 12978 12949 149 74.3294  
2019_10_24_12_04_48_366 1571936688366 12988 12959 359 176.35  
2019_10_24_12_04_48_386 1571936688386 13008 12979 1492 749.272  
2019_10_24_12_04_48_431 1571936688431 13053 13024 129 64.6812  
2019_10_24_12_04_48_440 1571936688440 13062 13033 1021 506.492  
2019_10_24_12_04_48_442 1571936688442 13064 13034 266 131.008  
2019_10_24_12_04_48_444 1571936688444 13066 13036 132 66.1277  
2019_10_24_12_04_48_462 1571936688462 13084 13054 3110 1633.26  
2019_10_24_12_04_48_487 1571936688487 13109 13079 3613 1923.84  
2019_10_24_12_04_48_567 1571936688567 13189 13159 212 104.799  
2019_10_24_12_04_48_568 1571936688568 13190 13160 1226 611.354  
2019_10_24_12_04_48_569 1571936688569 13191 13161 1150 572.334  
2019_10_24_12_04_48_582 1571936688582 13204 13174 569 279.674  
2019_10_24_12_04_48_587 1571936688587 13209 13179 1235 615.986  
2019_10_24_12_04_48_595 1571936688595 13217 13187 305 149.991  
2019_10_24_12_04_48_637 1571936688637 13259 13229 298 146.581  
2019_10_24_12_04_48_649 1571936688649 13271 13241 302 148.53  
2019_10_24_12_04_48_659 1571936688659 13281 13251 205 101.407  
2019_10_24_12_04_48_705 1571936688705 13327 13297 256 126.148  
2019_10_24_12_04_48_721 1571936688721 13343 13313 1034 513.105  
2019_10_24_12_04_48_728 1571936688728 13350 13320 536 263.351  
2019_10_24_12_04_48_736 1571936688736 13358 13328 559 274.724  
2019_10_24_12_04_48_765 1571936688765 13387 13357 273 134.412  
2019_10_24_12_04_48_768 1571936688768 13390 13359 533 261.869  
2019_10_24_12_04_48_813 1571936688813 13435 13404 492 241.637  
2019_10_24_12_04_48_851 1571936688851 13473 13442 627 308.441  
2019_10_24_12_04_48_859 1571936688859 13481 13450 591 290.574  
2019_10_24_12_04_48_875 1571936688875 13497 13466 527 258.905  
2019_10_24_12_04_48_916 1571936688916 13538 13507 618 303.971  
2019_10_24_12_04_48_943 1571936688943 13565 13534 214 105.768  
2019_10_24_12_04_48_979 1571936688979 13601 13570 96 48.7875  
2019_10_24_12_04_49_051 1571936689051 13673 13642 622 305.957  
2019_10_24_12_04_49_103 1571936689103 13725 13694 2094 1069.13  
2019_10_24_12_04_49_151 1571936689151 13773 13742 156 77.7091  
2019_10_24_12_04_49_166 1571936689166 13788 13757 155 77.2262  
2019_10_24_12_04_49_167 1571936689167 13789 13758 122 61.3071  
2019_10_24_12_04_49_182 1571936689182 13804 13773 260 128.092  
2019_10_24_12_04_49_189 1571936689189 13811 13780 253 124.691  
2019_10_24_12_04_49_243 1571936689243 13865 13834 977 484.147  
2019_10_24_12_04_49_248 1571936689248 13870 13839 912 451.242  
2019_10_24_12_04_49_295 1571936689295 13917 13885 226 111.585  
2019_10_24_12_04_49_348 1571936689348 13970 13938 422 207.21  
2019_10_24_12_04_49_350 1571936689350 13972 13940 237 116.922  
2019_10_24_12_04_49_362 1571936689362 13984 13952 201 99.4701  
2019_10_24_12_04_49_409 1571936689409 14031 13999 289 142.198  
2019_10_24_12_04_49_419 1571936689419 14041 14009 149 74.3294  
2019_10_24_12_04_49_430 1571936689430 14052 14020 2065 1053.47  
2019_10_24_12_04_49_431 1571936689431 14053 14021 125 62.753  
2019_10_24_12_04_49_514 1571936689514 14136 14104 1162 578.483  
2019_10_24_12_04_49_519 1571936689519 14141 14109 62 32.4459  
2019_10_24_12_04_49_530 1571936689530 14152 14120 357 175.372  
2019_10_24_12_04_49_547 1571936689547 14169 14137 154 76.7433  
2019_10_24_12_04_49_551 1571936689551 14173 14141 983 487.191  
2019_10_24_12_04_49_575 1571936689575 14197 14165 1203 599.527  
2019_10_24_12_04_49_589 1571936689589 14211 14179 376 184.666  
2019_10_24_12_04_49_619 1571936689619 14241 14209 210 103.829  
2019_10_24_12_04_49_647 1571936689647 14269 14237 486 238.681  
2019_10_24_12_04_49_658 1571936689658 14280 14247 165 82.0565  
2019_10_24_12_04_49_665 1571936689665 14287 14254 260 128.092  
2019_10_24_12_04_49_670 1571936689670 14292 14259 87 44.4585  
2019_10_24_12_04_49_717 1571936689717 14339 14306 627 308.441  
2019_10_24_12_04_49_744 1571936689744 14366 14333 575 282.645  
2019_10_24_12_04_49_745 1571936689745 14367 14334 394 193.48  
2019_10_24_12_04_49_771 1571936689771 14393 14360 1863 945.125  
2019_10_24_12_04_49_774 1571936689774 14396 14363 136 68.0567  
2019_10_24_12_04_49_792 1571936689792 14414 14381 498 244.595  
2019_10_24_12_04_49_795 1571936689795 14417 14384 2622 1358.49  
2019_10_24_12_04_49_813 1571936689813 14435 14402 346 169.996  
2019_10_24_12_04_49_818 1571936689818 14440 14407 253 124.691  
2019_10_24_12_04_49_836 1571936689836 14458 14425 296 145.607  
2019_10_24_12_04_49_847 1571936689847 14469 14436 457 224.406  
2019_10_24_12_04_49_854 1571936689854 14476 14443 666 327.841  
2019_10_24_12_04_49_859 1571936689859 14481 14448 134 67.0921  
2019_10_24_12_04_49_867 1571936689867 14489 14456 513 251.993  
2019_10_24_12_04_49_888 1571936689888 14510 14476 172 85.4395  
2019_10_24_12_04_49_899 1571936689899 14521 14487 470 230.802  
2019_10_24_12_04_49_908 1571936689908 14530 14496 137 68.5391  
2019_10_24_12_04_49_912 1571936689912 14534 14500 647 318.384  
2019_10_24_12_04_49_914 1571936689914 14536 14502 157 78.192  
2019_10_24_12_04_49_960 1571936689960 14582 14548 504 247.553  
2019_10_24_12_04_50_000 1571936690000 14622 14588 157 78.192  
2019_10_24_12_04_50_074 1571936690074 14696 14662 165 82.0565  
2019_10_24_12_04_50_076 1571936690076 14698 14664 132 66.1277  
2019_10_24_12_04_50_112 1571936690112 14734 14700 735 362.273  
2019_10_24_12_04_50_144 1571936690144 14766 14732 186 92.2098  
2019_10_24_12_04_50_145 1571936690145 14767 14733 261 128.578  
2019_10_24_12_04_50_147 1571936690147 14769 14735 253 124.691  
2019_10_24_12_04_50_156 1571936690156 14778 14744 354 173.906  
2019_10_24_12_04_50_248 1571936690248 14870 14836 408 200.342  
2019_10_24_12_04_50_249 1571936690249 14871 14837 496 243.609  
2019_10_24_12_04_50_317 1571936690317 14939 14905 316 155.354  
2019_10_24_12_04_50_328 1571936690328 14950 14915 157 78.192  
2019_10_24_12_04_50_338 1571936690338 14960 14925 96 48.7875  
2019_10_24_12_04_50_349 1571936690349 14971 14936 200 98.9859  
2019_10_24_12_04_50_406 1571936690406 15028 14993 424 208.192  
2019_10_24_12_04_50_409 1571936690409 15031 14996 194 96.0811  
2019_10_24_12_04_50_429 1571936690429 15051 15016 224 110.616  
2019_10_24_12_04_50_431 1571936690431 15053 15018 110 55.5264  
2019_10_24_12_04_50_432 1571936690432 15054 15019 631 310.429  
2019_10_24_12_04_50_439 1571936690439 15061 15026 619 304.467  
2019_10_24_12_04_50_452 1571936690452 15074 15039 157 78.192  
2019_10_24_12_04_50_497 1571936690497 15119 15084 386 189.561  
2019_10_24_12_04_50_512 1571936690512 15134 15099 392 192.5  
2019_10_24_12_04_50_539 1571936690539 15161 15126 185 91.726  
2019_10_24_12_04_50_541 1571936690541 15163 15128 376 184.666  
2019_10_24_12_04_50_583 1571936690583 15205 15170 1897 963.278  
2019_10_24_12_04_50_630 1571936690630 15252 15217 145 72.3988  
2019_10_24_12_04_50_654 1571936690654 15276 15241 2800 1457.89  
2019_10_24_12_04_50_702 1571936690702 15324 15289 288 141.711  
2019_10_24_12_04_50_703 1571936690703 15325 15289 64 33.4062  
2019_10_24_12_04_50_714 1571936690714 15336 15300 257 126.634  
2019_10_24_12_04_50_772 1571936690772 15394 15358 181 89.7911  
2019_10_24_12_04_50_807 1571936690807 15429 15393 486 238.681  
2019_10_24_12_04_50_821 1571936690821 15443 15407 441 216.54  
2019_10_24_12_04_50_836 1571936690836 15458 15422 303 149.017  
2019_10_24_12_04_50_843 1571936690843 15465 15429 1019 505.475  
2019_10_24_12_04_50_877 1571936690877 15499 15463 247 121.777  
2019_10_24_12_04_50_893 1571936690893 15515 15479 296 145.607  
2019_10_24_12_04_50_899 1571936690899 15521 15485 1161 577.971  
2019_10_24_12_04_50_900 1571936690900 15522 15486 552 271.261  
2019_10_24_12_04_50_939 1571936690939 15561 15525 126 63.235  
2019_10_24_12_04_51_050 1571936691050 15672 15636 163 81.0902  
2019_10_24_12_04_51_058 1571936691058 15680 15644 437 214.575  
2019_10_24_12_04_51_074 1571936691074 15696 15660 1105 549.31  
2019_10_24_12_04_51_080 1571936691080 15702 15666 495 243.116  
2019_10_24_12_04_51_092 1571936691092 15714 15678 319 156.817  
2019_10_24_12_04_51_100 1571936691100 15722 15685 369 181.24  
2019_10_24_12_04_51_117 1571936691117 15739 15702 1517 762.342  
2019_10_24_12_04_51_120 1571936691120 15742 15705 185 91.726  
2019_10_24_12_04_51_130 1571936691130 15752 15715 500 245.581  
2019_10_24_12_04_51_175 1571936691175 15797 15760 795 392.328  
2019_10_24_12_04_51_191 1571936691191 15813 15776 86 43.9776  
2019_10_24_12_04_51_193 1571936691193 15815 15778 189 93.6613  
2019_10_24_12_04_51_212 1571936691212 15834 15797 339 166.577  
2019_10_24_12_04_51_216 1571936691216 15838 15801 469 230.309  
2019_10_24_12_04_51_257 1571936691257 15879 15842 1227 611.869  
2019_10_24_12_04_51_261 1571936691261 15883 15846 318 156.329  
2019_10_24_12_04_51_270 1571936691270 15892 15855 198 98.0175  
2019_10_24_12_04_51_275 1571936691275 15897 15860 162 80.6071  
2019_10_24_12_04_51_298 1571936691298 15920 15883 193 95.5971  
2019_10_24_12_04_51_304 1571936691304 15926 15889 167 83.0229  
2019_10_24_12_04_51_347 1571936691347 15969 15932 145 72.3988  
2019_10_24_12_04_51_397 1571936691397 16019 15982 308 151.453  
2019_10_24_12_04_51_418 1571936691418 16040 16002 1978 1006.66  
2019_10_24_12_04_51_682 1571936691682 16304 16266 233 114.981  
2019_10_24_12_04_51_683 1571936691683 16305 16267 257 126.634  
2019_10_24_12_04_51_684 1571936691684 16306 16268 1203 599.527  
2019_10_24_12_04_51_684 1571936691684 16306 16268 471 231.294  
2019_10_24_12_04_51_684 1571936691684 16306 16268 1240 618.561  
2019_10_24_12_04_51_698 1571936691698 16320 16282 418 205.247  
2019_10_24_12_04_51_704 1571936691704 16326 16288 1580 795.359  
2019_10_24_12_04_51_713 1571936691713 16335 16297 536 263.351  
2019_10_24_12_04_51_790 1571936691790 16412 16374 183 90.7585  
2019_10_24_12_04_51_802 1571936691802 16424 16386 173 85.9229  
2019_10_24_12_04_51_804 1571936691804 16426 16388 500 245.581  
2019_10_24_12_04_51_830 1571936691830 16452 16414 624 306.951  
2019_10_24_12_04_51_840 1571936691840 16462 16424 587 288.591  
2019_10_24_12_04_51_848 1571936691848 16470 16432 205 101.407  
2019_10_24_12_04_51_850 1571936691850 16472 16434 188 93.1774  
2019_10_24_12_04_51_862 1571936691862 16484 16446 374 183.687  
2019_10_24_12_04_51_871 1571936691871 16493 16454 92 46.8632  
2019_10_24_12_04_51_873 1571936691873 16495 16456 361 177.328  
2019_10_24_12_04_51_874 1571936691874 16496 16457 278 136.845  
2019_10_24_12_04_51_932 1571936691932 16554 16515 183 90.7585  
2019_10_24_12_04_51_946 1571936691946 16568 16529 73 37.7291  
2019_10_24_12_04_51_963 1571936691963 16585 16546 157 78.192  
2019_10_24_12_04_51_977 1571936691977 16599 16560 155 77.2262  
2019_10_24_12_04_51_991 1571936691991 16613 16574 186 92.2098  
2019_10_24_12_04_52_060 1571936692060 16682 16643 399 195.93  
2019_10_24_12_04_52_072 1571936692072 16694 16655 1418 710.694  
2019_10_24_12_04_52_177 1571936692177 16799 16760 257 126.634  
2019_10_24_12_04_52_261 1571936692261 16883 16844 483 237.203  
2019_10_24_12_04_52_273 1571936692273 16895 16856 300 147.555  
2019_10_24_12_04_52_289 1571936692289 16911 16872 192 95.1131  
2019_10_24_12_04_52_296 1571936692296 16918 16879 177 87.8568  
2019_10_24_12_04_52_310 1571936692310 16932 16893 225 111.1  
2019_10_24_12_04_52_312 1571936692312 16934 16895 101 51.1936  
2019_10_24_12_04_52_320 1571936692320 16942 16902 334 164.136  
2019_10_24_12_04_52_351 1571936692351 16973 16933 393 192.99  
2019_10_24_12_04_52_367 1571936692367 16989 16949 1213 604.668  
2019_10_24_12_04_52_368 1571936692368 16990 16950 230 113.526  
2019_10_24_12_04_52_382 1571936692382 17004 16964 97 49.2687  
2019_10_24_12_04_52_383 1571936692383 17005 16965 4095 2209.31  
2019_10_24_12_04_52_391 1571936692391 17013 16973 2864 1493.87  
2019_10_24_12_04_52_436 1571936692436 17058 17018 490 240.651  
2019_10_24_12_04_52_462 1571936692462 17084 17044 289 142.198  
2019_10_24_12_04_52_471 1571936692471 17093 17053 249 122.748  
2019_10_24_12_04_52_487 1571936692487 17109 17069 278 136.845  
2019_10_24_12_04_52_498 1571936692498 17120 17080 312 153.403  
2019_10_24_12_04_52_500 1571936692500 17122 17082 207 102.376  
2019_10_24_12_04_52_501 1571936692501 17123 17083 191 94.6291  
2019_10_24_12_04_52_548 1571936692548 17170 17130 104 52.6376  
2019_10_24_12_04_52_561 1571936692561 17183 17143 325 159.744  
2019_10_24_12_04_52_595 1571936692595 17217 17177 226 111.585  
2019_10_24_12_04_52_614 1571936692614 17236 17196 332 163.16  
2019_10_24_12_04_52_617 1571936692617 17239 17198 427 209.664  
2019_10_24_12_04_52_649 1571936692649 17271 17230 190 94.1452  
2019_10_24_12_04_52_650 1571936692650 17272 17231 227 112.07  
2019_10_24_12_04_52_697 1571936692697 17319 17278 4095 2209.31  
2019_10_24_12_04_52_747 1571936692747 17369 17328 277 136.358  
2019_10_24_12_04_52_787 1571936692787 17409 17368 360 176.839  
2019_10_24_12_04_52_813 1571936692813 17435 17394 295 145.12  
2019_10_24_12_04_52_814 1571936692814 17436 17395 626 307.944  
2019_10_24_12_04_52_894 1571936692894 17516 17475 162 80.6071  
2019_10_24_12_04_52_916 1571936692916 17538 17497 327 160.72  
2019_10_24_12_04_52_930 1571936692930 17552 17511 174 86.4063  
2019_10_24_12_04_52_958 1571936692958 17580 17539 121 60.8252  
2019_10_24_12_04_53_004 1571936693004 17626 17585 205 101.407  
2019_10_24_12_04_53_009 1571936693009 17631 17590 181 89.7911  
2019_10_24_12_04_53_053 1571936693053 17675 17634 114 57.4528  
2019_10_24_12_04_53_076 1571936693076 17698 17657 185 91.726  
2019_10_24_12_04_53_106 1571936693106 17728 17687 825 407.395  
2019_10_24_12_04_53_109 1571936693109 17731 17689 153 76.2605  
2019_10_24_12_04_53_110 1571936693110 17732 17690 223 110.131  
2019_10_24_12_04_53_123 1571936693123 17745 17703 192 95.1131  
2019_10_24_12_04_53_127 1571936693127 17749 17707 183 90.7585  
2019_10_24_12_04_53_138 1571936693138 17760 17718 155 77.2262  
2019_10_24_12_04_53_143 1571936693143 17765 17723 2586 1338.5  
2019_10_24_12_04_53_165 1571936693165 17787 17745 175 86.8898  
2019_10_24_12_04_53_180 1571936693180 17802 17760 161 80.124  
2019_10_24_12_04_53_190 1571936693190 17812 17770 260 128.092  
2019_10_24_12_04_53_198 1571936693198 17820 17778 321 157.792  
2019_10_24_12_04_53_209 1571936693209 17831 17789 1253 625.258  
2019_10_24_12_04_53_237 1571936693237 17859 17817 327 160.72  
2019_10_24_12_04_53_239 1571936693239 17861 17819 58 30.5256  
2019_10_24_12_04_53_242 1571936693242 17864 17822 256 126.148  
2019_10_24_12_04_53_243 1571936693243 17865 17823 2777 1445  
2019_10_24_12_04_53_244 1571936693244 17866 17824 132 66.1277  
2019_10_24_12_04_53_252 1571936693252 17874 17832 286 140.738  
2019_10_24_12_04_53_255 1571936693255 17877 17834 320 157.305  
2019_10_24_12_04_53_264 1571936693264 17886 17843 541 265.822  
2019_10_24_12_04_53_395 1571936693395 18017 17974 387 190.051  
2019_10_24_12_04_53_439 1571936693439 18061 18018 1219 607.753  
2019_10_24_12_04_53_450 1571936693450 18072 18029 294 144.633  
2019_10_24_12_04_53_470 1571936693470 18092 18049 651 320.374  
2019_10_24_12_04_53_490 1571936693490 18112 18069 697 343.293  
2019_10_24_12_04_53_509 1571936693509 18131 18088 383 188.092  
2019_10_24_12_04_53_512 1571936693512 18134 18091 1357 679.015  
2019_10_24_12_04_53_574 1571936693574 18196 18153 306 150.479  
2019_10_24_12_04_53_594 1571936693594 18216 18173 231 114.011  
2019_10_24_12_04_53_621 1571936693621 18243 18200 345 169.508  
2019_10_24_12_04_53_633 1571936693633 18255 18212 197 97.5334  
2019_10_24_12_04_53_648 1571936693648 18270 18227 483 237.203  
2019_10_24_12_04_53_676 1571936693676 18298 18255 482 236.71  
2019_10_24_12_04_53_682 1571936693682 18304 18261 309 151.941  
2019_10_24_12_04_53_762 1571936693762 18384 18341 146 72.8814  
2019_10_24_12_04_53_773 1571936693773 18395 18351 1270 634.023  
2019_10_24_12_04_53_919 1571936693919 18541 18497 306 150.479  
2019_10_24_12_04_53_937 1571936693937 18559 18515 227 112.07  
2019_10_24_12_04_53_940 1571936693940 18562 18518 316 155.354  
2019_10_24_12_04_53_960 1571936693960 18582 18538 182 90.2748  
2019_10_24_12_04_54_012 1571936694012 18634 18590 409 200.833  
2019_10_24_12_04_54_022 1571936694022 18644 18600 293 144.146  
2019_10_24_12_04_54_022 1571936694022 18644 18600 440 216.049  
2019_10_24_12_04_54_065 1571936694065 18687 18643 258 127.12  
2019_10_24_12_04_54_121 1571936694121 18743 18699 1271 634.539  
2019_10_24_12_04_54_158 1571936694158 18780 18736 174 86.4063  
2019_10_24_12_04_54_175 1571936694175 18797 18753 825 407.395  
2019_10_24_12_04_54_178 1571936694178 18800 18756 276 135.872  
2019_10_24_12_04_54_196 1571936694196 18818 18774 153 76.2605  
2019_10_24_12_04_54_258 1571936694258 18880 18836 606 298.014  
2019_10_24_12_04_54_265 1571936694265 18887 18843 199 98.5017  
2019_10_24_12_04_54_306 1571936694306 18928 18884 416 204.266  
2019_10_24_12_04_54_337 1571936694337 18959 18914 231 114.011  
2019_10_24_12_04_54_337 1571936694337 18959 18914 295 145.12  
2019_10_24_12_04_54_361 1571936694361 18983 18938 909 449.726  
2019_10_24_12_04_54_374 1571936694374 18996 18951 220 108.676  
2019_10_24_12_04_54_406 1571936694406 19028 18983 371 182.219  
2019_10_24_12_04_54_418 1571936694418 19040 18995 286 140.738  
2019_10_24_12_04_54_455 1571936694455 19077 19032 316 155.354  
2019_10_24_12_04_54_455 1571936694455 19077 19032 276 135.872  
2019_10_24_12_04_54_482 1571936694482 19104 19059 2830 1474.74  
2019_10_24_12_04_54_495 1571936694495 19117 19072 391 192.01  
2019_10_24_12_04_54_498 1571936694498 19120 19075 200 98.9859  
2019_10_24_12_04_54_535 1571936694535 19157 19112 317 155.841  
2019_10_24_12_04_54_582 1571936694582 19204 19159 115 57.9345  
2019_10_24_12_04_54_593 1571936694593 19215 19170 509 250.02  
2019_10_24_12_04_54_594 1571936694594 19216 19171 258 127.12  
2019_10_24_12_04_54_596 1571936694596 19218 19173 120 60.3434  
2019_10_24_12_04_54_614 1571936694614 19236 19191 311 152.916  
2019_10_24_12_04_54_640 1571936694640 19262 19217 111 56.0079  
2019_10_24_12_04_54_658 1571936694658 19280 19234 239 117.893  
2019_10_24_12_04_54_667 1571936694667 19289 19243 397 194.95  
2019_10_24_12_04_54_731 1571936694731 19353 19307 78 40.1318  
2019_10_24_12_04_54_770 1571936694770 19392 19346 167 83.0229  
2019_10_24_12_04_54_777 1571936694777 19399 19353 471 231.294  
2019_10_24_12_04_54_793 1571936694793 19415 19369 324 159.256  
2019_10_24_12_04_54_805 1571936694805 19427 19381 2238 1147.23  
2019_10_24_12_04_54_830 1571936694830 19452 19406 181 89.7911  
2019_10_24_12_04_54_833 1571936694833 19455 19409 824 406.893  
2019_10_24_12_04_54_857 1571936694857 19479 19433 95 48.3064  
2019_10_24_12_04_54_877 1571936694877 19499 19453 1114 553.91  
2019_10_24_12_04_54_901 1571936694901 19523 19477 199 98.5017  
2019_10_24_12_04_54_932 1571936694932 19554 19508 182 90.2748  
2019_10_24_12_04_54_952 1571936694952 19574 19528 395 193.97  
2019_10_24_12_04_54_989 1571936694989 19611 19565 182 90.2748  
2019_10_24_12_04_54_996 1571936694996 19618 19572 213 105.283  
2019_10_24_12_04_55_015 1571936695015 19637 19591 1083 538.075  
2019_10_24_12_04_55_024 1571936695024 19646 19599 122 61.3071  
2019_10_24_12_04_55_031 1571936695031 19653 19606 177 87.8568  
2019_10_24_12_04_55_032 1571936695032 19654 19607 224 110.616  
2019_10_24_12_04_55_067 1571936695067 19689 19642 318 156.329  
2019_10_24_12_04_55_075 1571936695075 19697 19650 486 238.681  
2019_10_24_12_04_55_095 1571936695095 19717 19670 117 58.898  
2019_10_24_12_04_55_131 1571936695131 19753 19706 552 271.261  
2019_10_24_12_04_55_161 1571936695161 19783 19736 161 80.124  
2019_10_24_12_04_55_165 1571936695165 19787 19740 629 309.435  
2019_10_24_12_04_55_201 1571936695201 19823 19776 147 73.3641  
2019_10_24_12_04_55_226 1571936695226 19848 19801 171 84.9561  
2019_10_24_12_04_55_227 1571936695227 19849 19802 408 200.342  
2019_10_24_12_04_55_271 1571936695271 19893 19846 117 58.898  
2019_10_24_12_04_55_291 1571936695291 19913 19866 840 414.939  
2019_10_24_12_04_55_305 1571936695305 19927 19880 194 96.0811  
2019_10_24_12_04_55_339 1571936695339 19961 19914 177 87.8568  
2019_10_24_12_04_55_390 1571936695390 20012 19965 403 197.891  
2019_10_24_12_04_55_428 1571936695428 20050 20002 1000 495.82  
2019_10_24_12_04_55_463 1571936695463 20085 20037 305 149.991  
2019_10_24_12_04_55_778 1571936695778 20400 20352 177 87.8568  
2019_10_24_12_04_55_778 1571936695778 20400 20352 419 205.738  
2019_10_24_12_04_55_779 1571936695779 20401 20353 145 72.3988  
2019_10_24_12_04_55_780 1571936695780 20402 20354 812 400.863  
2019_10_24_12_04_55_780 1571936695780 20402 20354 492 241.637  
2019_10_24_12_04_55_780 1571936695780 20402 20354 612 300.992  
2019_10_24_12_04_55_780 1571936695780 20402 20354 574 282.15  
2019_10_24_12_04_55_780 1571936695780 20402 20354 250 123.234  
2019_10_24_12_04_55_780 1571936695780 20402 20354 623 306.454  
2019_10_24_12_04_55_780 1571936695780 20402 20354 194 96.0811  
2019_10_24_12_04_55_780 1571936695780 20402 20354 4095 2209.31  
2019_10_24_12_04_55_780 1571936695780 20402 20354 405 198.871  
2019_10_24_12_04_55_781 1571936695781 20403 20355 448 219.98  
2019_10_24_12_04_55_805 1571936695805 20427 20379 184 91.2422  
2019_10_24_12_04_55_811 1571936695811 20433 20385 128 64.1991  
2019_10_24_12_04_55_875 1571936695875 20497 20448 1231 613.927  
2019_10_24_12_04_55_903 1571936695903 20525 20476 217 107.222  
2019_10_24_12_04_55_922 1571936695922 20544 20495 269 132.467  
2019_10_24_12_04_55_926 1571936695926 20548 20499 427 209.664  
2019_10_24_12_04_55_929 1571936695929 20551 20502 984 487.698  
2019_10_24_12_04_55_934 1571936695934 20556 20507 150 74.8121  
2019_10_24_12_04_55_971 1571936695971 20593 20544 393 192.99  
2019_10_24_12_04_56_033 1571936696033 20655 20606 314 154.378  
2019_10_24_12_04_56_124 1571936696124 20746 20697 289 142.198  
2019_10_24_12_04_56_126 1571936696126 20748 20699 138 69.0214  
2019_10_24_12_04_56_138 1571936696138 20760 20711 172 85.4395  
2019_10_24_12_04_56_147 1571936696147 20769 20720 161 80.124  
2019_10_24_12_04_56_156 1571936696156 20778 20729 991 491.251  
2019_10_24_12_04_56_159 1571936696159 20781 20732 247 121.777  
2019_10_24_12_04_56_166 1571936696166 20788 20739 720 354.775  
2019_10_24_12_04_56_180 1571936696180 20802 20753 81 41.5738  
2019_10_24_12_04_56_197 1571936696197 20819 20770 1915 972.901  
2019_10_24_12_04_56_199 1571936696199 20821 20771 745 367.274  
2019_10_24_12_04_56_219 1571936696219 20841 20791 1812 917.961  
2019_10_24_12_04_56_237 1571936696237 20859 20809 258 127.12  
2019_10_24_12_04_56_249 1571936696249 20871 20821 184 91.2422  
2019_10_24_12_04_56_271 1571936696271 20893 20843 359 176.35  
2019_10_24_12_04_56_279 1571936696279 20901 20851 1266 631.96  
2019_10_24_12_04_56_280 1571936696280 20902 20852 338 166.089  
2019_10_24_12_04_56_317 1571936696317 20939 20889 216 106.737  
2019_10_24_12_04_56_319 1571936696319 20941 20891 204 100.923  
2019_10_24_12_04_56_324 1571936696324 20946 20896 619 304.467  
2019_10_24_12_04_56_347 1571936696347 20969 20919 497 244.102  
2019_10_24_12_04_56_376 1571936696376 20998 20948 1818 921.152  
2019_10_24_12_04_56_376 1571936696376 20998 20948 485 238.188  
2019_10_24_12_04_56_404 1571936696404 21026 20976 413 202.794  
2019_10_24_12_04_56_490 1571936696490 21112 21062 404 198.381  
2019_10_24_12_04_56_504 1571936696504 21126 21076 876 433.071  
2019_10_24_12_04_56_528 1571936696528 21150 21100 2902 1515.28  
2019_10_24_12_04_56_550 1571936696550 21172 21122 215 106.252  
2019_10_24_12_04_56_569 1571936696569 21191 21140 474 232.771  
2019_10_24_12_04_56_578 1571936696578 21200 21149 111 56.0079  
2019_10_24_12_04_56_590 1571936696590 21212 21161 1273 635.571  
2019_10_24_12_04_56_645 1571936696645 21267 21216 197 97.5334  
2019_10_24_12_04_56_666 1571936696666 21288 21237 312 153.403  
2019_10_24_12_04_56_670 1571936696670 21292 21241 98 49.7499  
2019_10_24_12_04_56_738 1571936696738 21360 21309 188 93.1774  
2019_10_24_12_04_56_753 1571936696753 21375 21324 485 238.188  
2019_10_24_12_04_56_759 1571936696759 21381 21330 312 153.403  
2019_10_24_12_04_56_784 1571936696784 21406 21355 205 101.407  
2019_10_24_12_04_56_801 1571936696801 21423 21372 325 159.744  
2019_10_24_12_04_56_826 1571936696826 21448 21397 814 401.868  
2019_10_24_12_04_56_868 1571936696868 21490 21439 342 168.042  
2019_10_24_12_04_56_897 1571936696897 21519 21468 356 174.883  
2019_10_24_12_04_56_909 1571936696909 21531 21480 188 93.1774  
2019_10_24_12_04_56_919 1571936696919 21541 21490 293 144.146  
2019_10_24_12_04_56_949 1571936696949 21571 21520 360 176.839  
2019_10_24_12_04_56_998 1571936696998 21620 21568 102 51.6749  
2019_10_24_12_04_57_004 1571936697004 21626 21574 466 228.833  
2019_10_24_12_04_57_082 1571936697082 21704 21652 616 302.978  
2019_10_24_12_04_57_106 1571936697106 21728 21676 251 123.719  
2019_10_24_12_04_57_116 1571936697116 21738 21686 983 487.191  
2019_10_24_12_04_57_130 1571936697130 21752 21700 85 43.4968  
2019_10_24_12_04_57_167 1571936697167 21789 21737 154 76.7433  
2019_10_24_12_04_57_183 1571936697183 21805 21753 285 140.251  
2019_10_24_12_04_57_189 1571936697189 21811 21759 204 100.923  
2019_10_24_12_04_57_217 1571936697217 21839 21787 536 263.351  
2019_10_24_12_04_57_271 1571936697271 21893 21841 102 51.6749  
2019_10_24_12_04_57_281 1571936697281 21903 21851 1184 589.769  
2019_10_24_12_04_57_288 1571936697288 21910 21858 407 199.852  
2019_10_24_12_04_57_311 1571936697311 21933 21881 439 215.558  
2019_10_24_12_04_57_352 1571936697352 21974 21922 262 129.064  
2019_10_24_12_04_57_371 1571936697371 21993 21941 915 452.758  
2019_10_24_12_04_57_383 1571936697383 22005 21953 197 97.5334  
2019_10_24_12_04_57_410 1571936697410 22032 21979 223 110.131  
2019_10_24_12_04_57_418 1571936697418 22040 21987 454 222.93  
2019_10_24_12_04_57_454 1571936697454 22076 22023 1072 532.464  
2019_10_24_12_04_57_456 1571936697456 22078 22025 1179 587.203  
2019_10_24_12_04_57_510 1571936697510 22132 22079 135 67.5744  
2019_10_24_12_04_57_825 1571936697825 22447 22394 210 103.829  
2019_10_24_12_04_57_826 1571936697826 22448 22395 172 85.4395  
2019_10_24_12_04_57_827 1571936697827 22449 22396 812 400.863  
2019_10_24_12_04_57_827 1571936697827 22449 22396 243 119.834  
2019_10_24_12_04_57_828 1571936697828 22450 22397 208 102.861  
2019_10_24_12_04_57_828 1571936697828 22450 22397 282 138.791  
2019_10_24_12_04_57_828 1571936697828 22450 22397 838 413.933  
2019_10_24_12_04_57_828 1571936697828 22450 22397 222 109.646  
2019_10_24_12_04_57_828 1571936697828 22450 22397 520 255.449  
2019_10_24_12_04_57_828 1571936697828 22450 22397 376 184.666  
2019_10_24_12_04_57_828 1571936697828 22450 22397 1573 791.685  
2019_10_24_12_04_57_829 1571936697829 22451 22398 691 340.3  
2019_10_24_12_04_57_829 1571936697829 22451 22397 477 234.248  
2019_10_24_12_04_57_850 1571936697850 22472 22418 103 52.1562  
2019_10_24_12_04_57_872 1571936697872 22494 22440 368 180.751  
2019_10_24_12_04_57_873 1571936697873 22495 22441 170 84.4728  
2019_10_24_12_04_57_892 1571936697892 22514 22460 1618 815.332  
2019_10_24_12_04_57_915 1571936697915 22537 22483 3577 1902.8  
2019_10_24_12_04_57_943 1571936697943 22565 22511 157 78.192  
2019_10_24_12_04_57_961 1571936697961 22583 22529 198 98.0175  
2019_10_24_12_04_57_974 1571936697974 22596 22542 308 151.453  
2019_10_24_12_04_57_980 1571936697980 22602 22548 199 98.5017  
2019_10_24_12_04_58_016 1571936698016 22638 22584 449 220.472  
2019_10_24_12_04_58_032 1571936698032 22654 22600 175 86.8898  
2019_10_24_12_04_58_045 1571936698045 22667 22613 220 108.676  
2019_10_24_12_04_58_046 1571936698046 22668 22614 140 69.9862  
2019_10_24_12_04_58_054 1571936698054 22676 22622 199 98.5017  
2019_10_24_12_04_58_058 1571936698058 22680 22626 791 390.321  
2019_10_24_12_04_58_063 1571936698063 22685 22631 215 106.252  
2019_10_24_12_04_58_067 1571936698067 22689 22634 2403 1237.47  
2019_10_24_12_04_58_080 1571936698080 22702 22647 194 96.0811  
2019_10_24_12_04_58_096 1571936698096 22718 22663 337 165.601  
2019_10_24_12_04_58_102 1571936698102 22724 22669 716 352.777  
2019_10_24_12_04_58_128 1571936698128 22750 22695 261 128.578  
2019_10_24_12_04_58_143 1571936698143 22765 22710 223 110.131  
2019_10_24_12_04_58_163 1571936698163 22785 22730 206 101.892  
2019_10_24_12_04_58_173 1571936698173 22795 22740 188 93.1774  
2019_10_24_12_04_58_194 1571936698194 22816 22761 698 343.792  
2019_10_24_12_04_58_210 1571936698210 22832 22777 341 167.554  
2019_10_24_12_04_58_213 1571936698213 22835 22780 1133 563.629  
2019_10_24_12_04_58_226 1571936698226 22848 22793 421 206.719  
2019_10_24_12_04_58_256 1571936698256 22878 22823 316 155.354  
2019_10_24_12_04_58_263 1571936698263 22885 22830 2344 1205.11  
2019_10_24_12_04_58_278 1571936698278 22900 22845 197 97.5334  
2019_10_24_12_04_58_279 1571936698279 22901 22846 171 84.9561  
2019_10_24_12_04_58_281 1571936698281 22903 22848 861 425.512  
2019_10_24_12_04_58_284 1571936698284 22906 22851 413 202.794  
2019_10_24_12_04_58_314 1571936698314 22936 22880 158 78.675  
2019_10_24_12_04_58_321 1571936698321 22943 22887 79 40.6124  
2019_10_24_12_04_58_324 1571936698324 22946 22890 103 52.1562  
2019_10_24_12_04_58_370 1571936698370 22992 22936 740 364.773  
2019_10_24_12_04_58_386 1571936698386 23008 22952 244 120.32  
2019_10_24_12_04_58_389 1571936698389 23011 22955 144 71.9162  
2019_10_24_12_04_58_407 1571936698407 23029 22973 505 248.047  
2019_10_24_12_04_58_425 1571936698425 23047 22991 914 452.253  
2019_10_24_12_04_58_428 1571936698428 23050 22994 500 245.581  
2019_10_24_12_04_58_442 1571936698442 23064 23008 1199 597.472  
2019_10_24_12_04_58_446 1571936698446 23068 23012 1273 635.571  
2019_10_24_12_04_58_459 1571936698459 23081 23025 1177 586.177  
2019_10_24_12_04_58_529 1571936698529 23151 23095 242 119.349  
2019_10_24_12_04_58_578 1571936698578 23200 23144 347 170.485  
2019_10_24_12_04_58_599 1571936698599 23221 23165 1722 870.211  
2019_10_24_12_04_58_601 1571936698601 23223 23167 316 155.354  
2019_10_24_12_04_58_625 1571936698625 23247 23191 255 125.662  
2019_10_24_12_04_58_635 1571936698635 23257 23200 172 85.4395  
2019_10_24_12_04_58_663 1571936698663 23285 23228 332 163.16  
2019_10_24_12_04_58_671 1571936698671 23293 23236 245 120.805  
2019_10_24_12_04_58_678 1571936698678 23300 23243 623 306.454  
2019_10_24_12_04_58_680 1571936698680 23302 23245 3376 1785.99  
2019_10_24_12_04_58_698 1571936698698 23320 23263 160 79.641  
2019_10_24_12_04_58_699 1571936698699 23321 23264 150 74.8121  
2019_10_24_12_04_58_700 1571936698700 23322 23265 309 151.941  
2019_10_24_12_04_58_710 1571936698710 23332 23275 294 144.633  
2019_10_24_12_04_58_743 1571936698743 23365 23308 1205 600.555  
2019_10_24_12_04_58_745 1571936698745 23367 23310 783 386.308  
2019_10_24_12_04_58_795 1571936698795 23417 23360 2255 1156.49  
2019_10_24_12_04_58_835 1571936698835 23457 23400 759 374.282  
2019_10_24_12_04_58_837 1571936698837 23459 23402 126 63.235  
2019_10_24_12_04_58_868 1571936698868 23490 23433 193 95.5971  
2019_10_24_12_04_58_923 1571936698923 23545 23488 283 139.278  
2019_10_24_12_04_58_942 1571936698942 23564 23507 135 67.5744  
2019_10_24_12_04_58_958 1571936698958 23580 23522 153 76.2605  
2019_10_24_12_04_59_042 1571936699042 23664 23606 183 90.7585  
2019_10_24_12_04_59_057 1571936699057 23679 23621 391 192.01  
2019_10_24_12_04_59_058 1571936699058 23680 23622 321 157.792  
2019_10_24_12_04_59_060 1571936699060 23682 23624 232 114.496  
2019_10_24_12_04_59_061 1571936699061 23683 23625 245 120.805  
2019_10_24_12_04_59_079 1571936699079 23701 23643 328 161.208  
2019_10_24_12_04_59_089 1571936699089 23711 23653 251 123.719  
2019_10_24_12_04_59_107 1571936699107 23729 23671 201 99.4701  
2019_10_24_12_04_59_108 1571936699108 23730 23672 258 127.12  
2019_10_24_12_04_59_109 1571936699109 23731 23673 157 78.192  
2019_10_24_12_04_59_119 1571936699119 23741 23683 2839 1479.8  
2019_10_24_12_04_59_168 1571936699168 23790 23732 208 102.861  
2019_10_24_12_04_59_182 1571936699182 23804 23746 276 135.872  
2019_10_24_12_04_59_201 1571936699201 23823 23765 213 105.283  
2019_10_24_12_04_59_205 1571936699205 23827 23769 440 216.049  
2019_10_24_12_04_59_209 1571936699209 23831 23773 273 134.412  
2019_10_24_12_04_59_222 1571936699222 23844 23785 732 360.773  
2019_10_24_12_04_59_229 1571936699229 23851 23792 212 104.799  
2019_10_24_12_04_59_336 1571936699336 23958 23899 348 170.973  
2019_10_24_12_04_59_337 1571936699337 23959 23900 203 100.439  
2019_10_24_12_04_59_359 1571936699359 23981 23922 141 70.4687  
2019_10_24_12_04_59_360 1571936699360 23982 23923 178 88.3403  
2019_10_24_12_04_59_361 1571936699361 23983 23924 131 65.6455  
2019_10_24_12_04_59_370 1571936699370 23992 23933 575 282.645  
2019_10_24_12_04_59_389 1571936699389 24011 23952 81 41.5738  
2019_10_24_12_04_59_411 1571936699411 24033 23974 180 89.3075  
2019_10_24_12_04_59_438 1571936699438 24060 24001 168 83.5062  
2019_10_24_12_04_59_466 1571936699466 24088 24029 204 100.923  
2019_10_24_12_04_59_473 1571936699473 24095 24036 740 364.773  
2019_10_24_12_04_59_482 1571936699482 24104 24045 106 53.6004  
2019_10_24_12_04_59_493 1571936699493 24115 24056 158 78.675  
2019_10_24_12_04_59_505 1571936699505 24127 24068 232 114.496  
2019_10_24_12_04_59_533 1571936699533 24155 24096 336 165.112  
2019_10_24_12_04_59_557 1571936699557 24179 24119 102 51.6749  
2019_10_24_12_04_59_568 1571936699568 24190 24130 161 80.124  
2019_10_24_12_04_59_873 1571936699873 24495 24435 469 230.309  
2019_10_24_12_04_59_874 1571936699874 24496 24436 124 62.271  
2019_10_24_12_04_59_875 1571936699875 24497 24437 126 63.235  
2019_10_24_12_04_59_875 1571936699875 24497 24437 300 147.555  
2019_10_24_12_04_59_875 1571936699875 24497 24437 309 151.941  
2019_10_24_12_04_59_876 1571936699876 24498 24438 1807 915.302  
2019_10_24_12_04_59_876 1571936699876 24498 24438 156 77.7091  
2019_10_24_12_04_59_876 1571936699876 24498 24438 261 128.578  
2019_10_24_12_04_59_878 1571936699878 24500 24440 471 231.294  
2019_10_24_12_04_59_879 1571936699879 24501 24441 1321 660.37  
2019_10_24_12_04_59_913 1571936699913 24535 24475 162 80.6071  
2019_10_24_12_04_59_934 1571936699934 24556 24496 1132 563.117  
2019_10_24_12_04_59_945 1571936699945 24567 24507 398 195.44  
2019_10_24_12_04_59_978 1571936699978 24600 24540 163 81.0902  
2019_10_24_12_04_59_990 1571936699990 24612 24552 262 129.064  
2019_10_24_12_05_00_003 1571936700003 24625 24565 817 403.375  
2019_10_24_12_05_00_006 1571936700006 24628 24567 393 192.99  
2019_10_24_12_05_00_057 1571936700057 24679 24618 159 79.1579  
2019_10_24_12_05_00_086 1571936700086 24708 24647 996 493.789  
2019_10_24_12_05_00_122 1571936700122 24744 24683 90 45.9012  
2019_10_24_12_05_00_134 1571936700134 24756 24695 347 170.485  
2019_10_24_12_05_00_147 1571936700147 24769 24708 118 59.3797  
2019_10_24_12_05_00_217 1571936700217 24839 24778 360 176.839  
2019_10_24_12_05_00_255 1571936700255 24877 24816 1278 638.151  
2019_10_24_12_05_00_266 1571936700266 24888 24827 507 249.033  
2019_10_24_12_05_00_291 1571936700291 24913 24852 2074 1058.33  
2019_10_24_12_05_00_292 1571936700292 24914 24853 89 45.4203  
2019_10_24_12_05_00_295 1571936700295 24917 24856 384 188.582  
2019_10_24_12_05_00_327 1571936700327 24949 24888 304 149.504  
2019_10_24_12_05_00_331 1571936700331 24953 24892 214 105.768  
2019_10_24_12_05_00_360 1571936700360 24982 24921 227 112.07  
2019_10_24_12_05_00_368 1571936700368 24990 24929 234 115.466  
2019_10_24_12_05_00_401 1571936700401 25023 24962 134 67.0921  
2019_10_24_12_05_00_434 1571936700434 25056 24994 426 209.173  
2019_10_24_12_05_00_450 1571936700450 25072 25010 150 74.8121  
2019_10_24_12_05_00_451 1571936700451 25073 25011 237 116.922  
2019_10_24_12_05_00_452 1571936700452 25074 25012 55 29.0857  
2019_10_24_12_05_00_459 1571936700459 25081 25019 279 137.331  
2019_10_24_12_05_00_508 1571936700508 25130 25068 103 52.1562  
2019_10_24_12_05_00_537 1571936700537 25159 25097 608 299.007  
2019_10_24_12_05_00_586 1571936700586 25208 25146 192 95.1131  
2019_10_24_12_05_00_591 1571936700591 25213 25151 158 78.675  
2019_10_24_12_05_00_627 1571936700627 25249 25187 151 75.2949  
2019_10_24_12_05_00_638 1571936700638 25260 25198 507 249.033  
2019_10_24_12_05_00_648 1571936700648 25270 25208 1750 885.041  
2019_10_24_12_05_00_656 1571936700656 25278 25216 268 131.981  
2019_10_24_12_05_00_710 1571936700710 25332 25270 275 135.385  
2019_10_24_12_05_00_774 1571936700774 25396 25334 269 132.467  
2019_10_24_12_05_00_780 1571936700780 25402 25340 578 284.132  
2019_10_24_12_05_00_781 1571936700781 25403 25341 237 116.922  
2019_10_24_12_05_00_831 1571936700831 25453 25390 1076 534.504  
2019_10_24_12_05_00_833 1571936700833 25455 25392 205 101.407  
2019_10_24_12_05_00_844 1571936700844 25466 25403 204 100.923  
2019_10_24_12_05_00_849 1571936700849 25471 25408 422 207.21  
2019_10_24_12_05_00_858 1571936700858 25480 25417 142 70.9512  
2019_10_24_12_05_00_879 1571936700879 25501 25438 562 276.209  
2019_10_24_12_05_00_882 1571936700882 25504 25441 2267 1163.03  
2019_10_24_12_05_00_885 1571936700885 25507 25444 490 240.651  
2019_10_24_12_05_00_928 1571936700928 25550 25487 214 105.768  
2019_10_24_12_05_00_935 1571936700935 25557 25494 330 162.184  
2019_10_24_12_05_00_955 1571936700955 25577 25514 242 119.349  
2019_10_24_12_05_00_984 1571936700984 25606 25543 504 247.553  
2019_10_24_12_05_01_000 1571936701000 25622 25559 140 69.9862  
2019_10_24_12_05_01_004 1571936701004 25626 25563 439 215.558  
2019_10_24_12_05_01_008 1571936701008 25630 25567 170 84.4728  
2019_10_24_12_05_01_050 1571936701050 25672 25609 206 101.892  
2019_10_24_12_05_01_094 1571936701094 25716 25653 461 226.373  
2019_10_24_12_05_01_103 1571936701103 25725 25661 4095 2209.31  
2019_10_24_12_05_01_142 1571936701142 25764 25700 427 209.664  
2019_10_24_12_05_01_145 1571936701145 25767 25703 172 85.4395  
2019_10_24_12_05_01_185 1571936701185 25807 25743 224 110.616  
2019_10_24_12_05_01_239 1571936701239 25861 25797 605 297.518  
2019_10_24_12_05_01_251 1571936701251 25873 25809 201 99.4701  
2019_10_24_12_05_01_297 1571936701297 25919 25855 973 482.118  
2019_10_24_12_05_01_343 1571936701343 25965 25901 385 189.072  
2019_10_24_12_05_01_364 1571936701364 25986 25922 1782 902.017  
2019_10_24_12_05_01_366 1571936701366 25988 25924 169 83.9894  
2019_10_24_12_05_01_410 1571936701410 26032 25968 76 39.1707  
2019_10_24_12_05_01_439 1571936701439 26061 25997 225 111.1  
2019_10_24_12_05_01_442 1571936701442 26064 26000 509 250.02  
2019_10_24_12_05_01_454 1571936701454 26076 26012 448 219.98  
2019_10_24_12_05_01_467 1571936701467 26089 26025 403 197.891  
2019_10_24_12_05_01_505 1571936701505 26127 26063 453 222.439  
2019_10_24_12_05_01_506 1571936701506 26128 26064 107 54.0818  
2019_10_24_12_05_01_549 1571936701549 26171 26106 1312 655.715  
2019_10_24_12_05_01_551 1571936701551 26173 26108 271 133.44  
2019_10_24_12_05_01_557 1571936701557 26179 26114 255 125.662  
2019_10_24_12_05_01_603 1571936701603 26225 26160 252 124.205  
2019_10_24_12_05_01_615 1571936701615 26237 26172 1410 706.533  
2019_10_24_12_05_01_616 1571936701616 26238 26173 88 44.9393  
2019_10_24_12_05_01_619 1571936701619 26241 26176 470 230.802  
2019_10_24_12_05_01_659 1571936701659 26281 26216 186 92.2098  
2019_10_24_12_05_01_921 1571936701921 26543 26478 416 204.266  
2019_10_24_12_05_01_922 1571936701922 26544 26479 371 182.219  
2019_10_24_12_05_01_923 1571936701923 26545 26480 206 101.892  
2019_10_24_12_05_01_923 1571936701923 26545 26480 292 143.659  
2019_10_24_12_05_01_924 1571936701924 26546 26481 168 83.5062  
2019_10_24_12_05_01_924 1571936701924 26546 26481 182 90.2748  
2019_10_24_12_05_01_924 1571936701924 26546 26481 4095 2209.31  
2019_10_24_12_05_01_924 1571936701924 26546 26481 1139 566.7  
2019_10_24_12_05_01_924 1571936701924 26546 26481 133 66.6099  
2019_10_24_12_05_01_924 1571936701924 26546 26481 169 83.9894  
2019_10_24_12_05_01_924 1571936701924 26546 26480 520 255.449  
2019_10_24_12_05_01_924 1571936701924 26546 26480 829 409.406  
2019_10_24_12_05_01_924 1571936701924 26546 26480 185 91.726  
2019_10_24_12_05_01_925 1571936701925 26547 26481 267 131.495  
2019_10_24_12_05_01_928 1571936701928 26550 26484 359 176.35  
2019_10_24_12_05_01_931 1571936701931 26553 26487 358 175.861  
2019_10_24_12_05_02_003 1571936702003 26625 26559 2480 1279.86  
2019_10_24_12_05_02_014 1571936702014 26636 26570 95 48.3064  
2019_10_24_12_05_02_027 1571936702027 26649 26583 475 233.263  
2019_10_24_12_05_02_035 1571936702035 26657 26591 2928 1529.96  
2019_10_24_12_05_02_044 1571936702044 26666 26600 2141 1094.55  
2019_10_24_12_05_02_066 1571936702066 26688 26622 2731 1419.25  
2019_10_24_12_05_02_107 1571936702107 26729 26663 635 312.417  
2019_10_24_12_05_02_156 1571936702156 26778 26712 357 175.372  
2019_10_24_12_05_02_182 1571936702182 26804 26738 279 137.331  
2019_10_24_12_05_02_196 1571936702196 26818 26752 93 47.3442  
2019_10_24_12_05_02_232 1571936702232 26854 26788 891 440.638  
2019_10_24_12_05_02_237 1571936702237 26859 26792 251 123.719  
2019_10_24_12_05_02_250 1571936702250 26872 26805 504 247.553  
2019_10_24_12_05_02_256 1571936702256 26878 26811 159 79.1579  
2019_10_24_12_05_02_265 1571936702265 26887 26820 158 78.675  
2019_10_24_12_05_02_284 1571936702284 26906 26839 147 73.3641  
2019_10_24_12_05_02_288 1571936702288 26910 26843 313 153.891  
2019_10_24_12_05_02_290 1571936702290 26912 26845 295 145.12  
2019_10_24_12_05_02_301 1571936702301 26923 26856 209 103.345  
2019_10_24_12_05_02_310 1571936702310 26932 26865 379 186.134  
2019_10_24_12_05_02_344 1571936702344 26966 26899 215 106.252  
2019_10_24_12_05_02_345 1571936702345 26967 26900 2245 1151.04  
2019_10_24_12_05_02_374 1571936702374 26996 26929 159 79.1579  
2019_10_24_12_05_02_397 1571936702397 27019 26952 2218 1136.34  
2019_10_24_12_05_02_480 1571936702480 27102 27035 113 56.9711  
2019_10_24_12_05_02_485 1571936702485 27107 27040 92 46.8632  
2019_10_24_12_05_02_503 1571936702503 27125 27058 193 95.5971  
2019_10_24_12_05_02_526 1571936702526 27148 27081 203 100.439  
2019_10_24_12_05_02_528 1571936702528 27150 27082 499 245.088  
2019_10_24_12_05_02_557 1571936702557 27179 27111 865 427.527  
2019_10_24_12_05_02_564 1571936702564 27186 27118 114 57.4528  
2019_10_24_12_05_02_606 1571936702606 27228 27160 1134 564.14  
2019_10_24_12_05_02_620 1571936702620 27242 27174 556 273.24  
2019_10_24_12_05_02_644 1571936702644 27266 27198 243 119.834  
2019_10_24_12_05_02_676 1571936702676 27298 27230 90 45.9012  
2019_10_24_12_05_02_718 1571936702718 27340 27272 114 57.4528  
2019_10_24_12_05_02_749 1571936702749 27371 27303 174 86.4063  
2019_10_24_12_05_02_758 1571936702758 27380 27312 262 129.064  
2019_10_24_12_05_02_789 1571936702789 27411 27343 190 94.1452  
2019_10_24_12_05_02_843 1571936702843 27465 27397 2770 1441.07  
2019_10_24_12_05_02_859 1571936702859 27481 27413 270 132.953  
2019_10_24_12_05_02_873 1571936702873 27495 27427 385 189.072  
2019_10_24_12_05_02_877 1571936702877 27499 27431 226 111.585  
2019_10_24_12_05_02_900 1571936702900 27522 27454 1336 668.134  
2019_10_24_12_05_02_928 1571936702928 27550 27482 432 212.119  
2019_10_24_12_05_02_948 1571936702948 27570 27501 87 44.4585  
2019_10_24_12_05_03_095 1571936703095 27717 27648 430 211.137  
2019_10_24_12_05_03_113 1571936703113 27735 27666 154 76.7433  
2019_10_24_12_05_03_123 1571936703123 27745 27676 176 87.3733  
2019_10_24_12_05_03_149 1571936703149 27771 27702 296 145.607  
2019_10_24_12_05_03_162 1571936703162 27784 27715 111 56.0079  
2019_10_24_12_05_03_202 1571936703202 27824 27755 369 181.24  
2019_10_24_12_05_03_207 1571936703207 27829 27760 344 169.019  
2019_10_24_12_05_03_208 1571936703208 27830 27761 175 86.8898  
2019_10_24_12_05_03_210 1571936703210 27832 27763 247 121.777  
2019_10_24_12_05_03_265 1571936703265 27887 27818 189 93.6613  
2019_10_24_12_05_03_289 1571936703289 27911 27842 525 257.917  
2019_10_24_12_05_03_353 1571936703353 27975 27906 649 319.379  
2019_10_24_12_05_03_359 1571936703359 27981 27912 2839 1479.8  
2019_10_24_12_05_03_360 1571936703360 27982 27913 257 126.634  
2019_10_24_12_05_03_403 1571936703403 28025 27956 262 129.064  
2019_10_24_12_05_03_411 1571936703411 28033 27964 626 307.944  
2019_10_24_12_05_03_416 1571936703416 28038 27968 134 67.0921  
2019_10_24_12_05_03_436 1571936703436 28058 27988 188 93.1774  
2019_10_24_12_05_03_440 1571936703440 28062 27992 205 101.407  
2019_10_24_12_05_03_459 1571936703459 28081 28011 192 95.1131  
2019_10_24_12_05_03_488 1571936703488 28110 28040 238 117.407  
2019_10_24_12_05_03_500 1571936703500 28122 28052 865 427.527  
2019_10_24_12_05_03_535 1571936703535 28157 28087 217 107.222  
2019_10_24_12_05_03_568 1571936703568 28190 28120 557 273.735  
2019_10_24_12_05_03_569 1571936703569 28191 28121 413 202.794  
2019_10_24_12_05_03_572 1571936703572 28194 28124 937 463.883  
2019_10_24_12_05_03_628 1571936703628 28250 28180 250 123.234  
2019_10_24_12_05_03_691 1571936703691 28313 28243 278 136.845  
2019_10_24_12_05_03_970 1571936703970 28592 28522 65 33.8864  
2019_10_24_12_05_03_970 1571936703970 28592 28522 419 205.738  
2019_10_24_12_05_03_971 1571936703971 28593 28523 585 287.6  
2019_10_24_12_05_03_971 1571936703971 28593 28523 292 143.659  
2019_10_24_12_05_03_972 1571936703972 28594 28524 293 144.146  
2019_10_24_12_05_03_972 1571936703972 28594 28524 277 136.358  
2019_10_24_12_05_03_972 1571936703972 28594 28523 380 186.624  
2019_10_24_12_05_03_972 1571936703972 28594 28523 170 84.4728  
2019_10_24_12_05_03_972 1571936703972 28594 28523 608 299.007  
2019_10_24_12_05_03_972 1571936703972 28594 28523 246 121.291  
2019_10_24_12_05_03_972 1571936703972 28594 28523 521 255.942  
2019_10_24_12_05_03_972 1571936703972 28594 28523 327 160.72  
2019_10_24_12_05_03_972 1571936703972 28594 28523 148 73.8467  
2019_10_24_12_05_03_985 1571936703985 28607 28536 168 83.5062  
2019_10_24_12_05_04_006 1571936704006 28628 28557 100 50.7123  
2019_10_24_12_05_04_079 1571936704079 28701 28630 61 31.9658  
2019_10_24_12_05_04_111 1571936704111 28733 28662 260 128.092  
2019_10_24_12_05_04_139 1571936704139 28761 28690 192 95.1131  
2019_10_24_12_05_04_148 1571936704148 28770 28699 228 112.555  
2019_10_24_12_05_04_169 1571936704169 28791 28720 233 114.981  
2019_10_24_12_05_04_183 1571936704183 28805 28734 399 195.93  
2019_10_24_12_05_04_283 1571936704283 28905 28834 337 165.601  
2019_10_24_12_05_04_350 1571936704350 28972 28901 172 85.4395  
2019_10_24_12_05_04_352 1571936704352 28974 28902 589 289.583  
2019_10_24_12_05_04_363 1571936704363 28985 28913 329 161.696  
2019_10_24_12_05_04_367 1571936704367 28989 28917 231 114.011  
2019_10_24_12_05_04_385 1571936704385 29007 28935 167 83.0229  
2019_10_24_12_05_04_408 1571936704408 29030 28958 307 150.966  
2019_10_24_12_05_04_420 1571936704420 29042 28970 292 143.659  
2019_10_24_12_05_04_446 1571936704446 29068 28996 1296 647.446  
2019_10_24_12_05_04_455 1571936704455 29077 29005 181 89.7911  
2019_10_24_12_05_04_519 1571936704519 29141 29069 371 182.219  
2019_10_24_12_05_04_543 1571936704543 29165 29093 258 127.12  
2019_10_24_12_05_04_545 1571936704545 29167 29095 467 229.325  
2019_10_24_12_05_04_558 1571936704558 29180 29108 311 152.916  
2019_10_24_12_05_04_575 1571936704575 29197 29125 1305 652.096  
2019_10_24_12_05_04_595 1571936704595 29217 29145 933 461.859  
2019_10_24_12_05_04_627 1571936704627 29249 29177 202 99.9544  
2019_10_24_12_05_04_657 1571936704657 29279 29207 743 366.274  
2019_10_24_12_05_04_712 1571936704712 29334 29262 199 98.5017  
2019_10_24_12_05_04_722 1571936704722 29344 29271 440 216.049  
2019_10_24_12_05_04_814 1571936704814 29436 29363 229 113.041  
2019_10_24_12_05_04_847 1571936704847 29469 29396 297 146.094  
2019_10_24_12_05_04_884 1571936704884 29506 29433 521 255.942  
2019_10_24_12_05_04_892 1571936704892 29514 29441 284 139.764  
2019_10_24_12_05_04_897 1571936704897 29519 29446 518 254.461  
2019_10_24_12_05_04_939 1571936704939 29561 29488 496 243.609  
2019_10_24_12_05_04_958 1571936704958 29580 29507 565 277.694  
2019_10_24_12_05_04_961 1571936704961 29583 29510 4095 2209.31  
2019_10_24_12_05_04_967 1571936704967 29589 29516 617 303.474  
2019_10_24_12_05_04_994 1571936704994 29616 29543 296 145.607  
2019_10_24_12_05_05_002 1571936705002 29624 29551 249 122.748  
2019_10_24_12_05_05_020 1571936705020 29642 29569 161 80.124  
2019_10_24_12_05_05_034 1571936705034 29656 29583 253 124.691  
2019_10_24_12_05_05_052 1571936705052 29674 29601 251 123.719  
2019_10_24_12_05_05_106 1571936705106 29728 29655 2778 1445.56  
2019_10_24_12_05_05_134 1571936705134 29756 29683 171 84.9561  
2019_10_24_12_05_05_146 1571936705146 29768 29694 128 64.1991  
2019_10_24_12_05_05_148 1571936705148 29770 29696 266 131.008  
2019_10_24_12_05_05_151 1571936705151 29773 29699 336 165.112  
2019_10_24_12_05_05_158 1571936705158 29780 29706 134 67.0921  
2019_10_24_12_05_05_159 1571936705159 29781 29707 264 130.036  
2019_10_24_12_05_05_184 1571936705184 29806 29732 176 87.3733  
2019_10_24_12_05_05_200 1571936705200 29822 29748 536 263.351  
2019_10_24_12_05_05_219 1571936705219 29841 29767 199 98.5017  
2019_10_24_12_05_05_246 1571936705246 29868 29794 383 188.092  
2019_10_24_12_05_05_303 1571936705303 29925 29851 432 212.119  
2019_10_24_12_05_05_330 1571936705330 29952 29878 143 71.4337  
2019_10_24_12_05_05_341 1571936705341 29963 29889 222 109.646  
2019_10_24_12_05_05_354 1571936705354 29976 29902 250 123.234  
2019_10_24_12_05_05_370 1571936705370 29992 29918 178 88.3403  
2019_10_24_12_05_05_379 1571936705379 30001 29927 252 124.205  
