1571937007730 2019_10_24_12_10_07_730 2.734449 0.478300  0.000014786
2019_10_24_12_10_07_731 1571937007731 1 0 384 188.582  
2019_10_24_12_10_07_731 1571937007731 1 0 322 158.28  
2019_10_24_12_10_07_731 1571937007731 1 0 688 338.804  
2019_10_24_12_10_07_731 1571937007731 1 0 223 110.131  
2019_10_24_12_10_07_731 1571937007731 1 0 533 261.869  
2019_10_24_12_10_07_731 1571937007731 1 0 710 349.781  
2019_10_24_12_10_07_731 1571937007731 1 0 204 100.923  
2019_10_24_12_10_07_732 1571937007732 2 1 564 277.199  
2019_10_24_12_10_07_732 1571937007732 2 1 660 324.853  
2019_10_24_12_10_07_732 1571937007732 2 1 314 154.378  
2019_10_24_12_10_07_732 1571937007732 2 1 736 362.773  
2019_10_24_12_10_07_732 1571937007732 2 1 496 243.609  
2019_10_24_12_10_07_732 1571937007732 2 1 234 115.466  
2019_10_24_12_10_07_732 1571937007732 2 1 182 90.2748  
2019_10_24_12_10_07_732 1571937007732 2 1 288 141.711  
2019_10_24_12_10_07_733 1571937007733 3 2 218 107.707  
2019_10_24_12_10_07_733 1571937007733 3 2 359 176.35  
2019_10_24_12_10_07_733 1571937007733 3 1 217 107.222  
2019_10_24_12_10_07_733 1571937007733 3 1 369 181.24  
2019_10_24_12_10_07_733 1571937007733 3 1 1619 815.858  
2019_10_24_12_10_07_733 1571937007733 3 1 799 394.335  
2019_10_24_12_10_07_733 1571937007733 3 1 179 88.8239  
2019_10_24_12_10_07_733 1571937007733 3 1 115 57.9345  
2019_10_24_12_10_07_733 1571937007733 3 1 277 136.358  
2019_10_24_12_10_07_734 1571937007734 4 2 14 9.43355  
2019_10_24_12_10_07_734 1571937007734 4 2 34 19.0137  
2019_10_24_12_10_07_734 1571937007734 4 2 58 30.5256  
2019_10_24_12_10_07_734 1571937007734 4 2 6 5.60478  
2019_10_24_12_10_07_734 1571937007734 4 2 33 18.5345  
2019_10_24_12_10_07_734 1571937007734 4 2 371 182.219  
2019_10_24_12_10_07_734 1571937007734 4 2 66 34.3667  
2019_10_24_12_10_07_736 1571937007736 6 4 2655 1376.85  
2019_10_24_12_10_07_746 1571937007746 16 14 178 88.3403  
2019_10_24_12_10_07_785 1571937007785 55 53 339 166.577  
2019_10_24_12_10_07_857 1571937007857 127 124 182 90.2748  
2019_10_24_12_10_07_859 1571937007859 129 126 279 137.331  
2019_10_24_12_10_07_869 1571937007869 139 136 243 119.834  
2019_10_24_12_10_07_917 1571937007917 187 184 2524 1304.16  
2019_10_24_12_10_07_920 1571937007920 190 187 119 59.8615  
2019_10_24_12_10_07_947 1571937007947 217 214 112 56.4895  
2019_10_24_12_10_07_972 1571937007972 242 239 193 95.5971  
2019_10_24_12_10_07_988 1571937007988 258 255 121 60.8252  
2019_10_24_12_10_08_039 1571937008039 309 306 449 220.472  
2019_10_24_12_10_08_097 1571937008097 367 364 604 297.022  
2019_10_24_12_10_08_098 1571937008098 368 365 252 124.205  
2019_10_24_12_10_08_099 1571937008099 369 366 140 69.9862  
2019_10_24_12_10_08_108 1571937008108 378 375 547 268.789  
2019_10_24_12_10_08_128 1571937008128 398 395 176 87.3733  
2019_10_24_12_10_08_153 1571937008153 423 420 475 233.263  
2019_10_24_12_10_08_167 1571937008167 437 434 343 168.531  
2019_10_24_12_10_08_185 1571937008185 455 452 939 464.895  
2019_10_24_12_10_08_188 1571937008188 458 454 509 250.02  
2019_10_24_12_10_08_234 1571937008234 504 500 129 64.6812  
2019_10_24_12_10_08_272 1571937008272 542 538 512 251.5  
2019_10_24_12_10_08_301 1571937008301 571 567 626 307.944  
2019_10_24_12_10_08_415 1571937008415 685 681 159 79.1579  
2019_10_24_12_10_08_446 1571937008446 716 712 1423 713.295  
2019_10_24_12_10_08_452 1571937008452 722 718 247 121.777  
2019_10_24_12_10_08_479 1571937008479 749 745 800 394.837  
2019_10_24_12_10_08_486 1571937008486 756 752 515 252.98  
2019_10_24_12_10_08_502 1571937008502 772 768 1161 577.971  
2019_10_24_12_10_08_542 1571937008542 812 808 1048 520.232  
2019_10_24_12_10_08_557 1571937008557 827 823 253 124.691  
2019_10_24_12_10_08_604 1571937008604 874 870 126 63.235  
2019_10_24_12_10_08_621 1571937008621 891 887 219 108.191  
2019_10_24_12_10_08_648 1571937008648 918 914 604 297.022  
2019_10_24_12_10_08_679 1571937008679 949 945 1709 863.333  
2019_10_24_12_10_08_714 1571937008714 984 980 207 102.376  
2019_10_24_12_10_08_765 1571937008765 1035 1030 158 78.675  
2019_10_24_12_10_08_774 1571937008774 1044 1039 173 85.9229  
2019_10_24_12_10_08_795 1571937008795 1065 1060 1207 601.583  
2019_10_24_12_10_08_807 1571937008807 1077 1072 843 416.449  
2019_10_24_12_10_09_116 1571937009116 1386 1381 596 293.053  
2019_10_24_12_10_09_116 1571937009116 1386 1381 489 240.159  
2019_10_24_12_10_09_117 1571937009117 1387 1382 455 223.422  
2019_10_24_12_10_09_118 1571937009118 1388 1383 529 259.893  
2019_10_24_12_10_09_118 1571937009118 1388 1383 189 93.6613  
2019_10_24_12_10_09_118 1571937009118 1388 1383 91 46.3822  
2019_10_24_12_10_09_118 1571937009118 1388 1383 394 193.48  
2019_10_24_12_10_09_132 1571937009132 1402 1397 107 54.0818  
2019_10_24_12_10_09_139 1571937009139 1409 1404 172 85.4395  
2019_10_24_12_10_09_165 1571937009165 1435 1430 247 121.777  
2019_10_24_12_10_09_167 1571937009167 1437 1432 138 69.0214  
2019_10_24_12_10_09_268 1571937009268 1538 1533 378 185.644  
2019_10_24_12_10_09_303 1571937009303 1573 1568 417 204.757  
2019_10_24_12_10_09_308 1571937009308 1578 1573 406 199.361  
2019_10_24_12_10_09_463 1571937009463 1733 1727 229 113.041  
2019_10_24_12_10_09_465 1571937009465 1735 1729 196 97.0493  
2019_10_24_12_10_09_477 1571937009477 1747 1741 205 101.407  
2019_10_24_12_10_09_495 1571937009495 1765 1759 463 227.357  
2019_10_24_12_10_09_509 1571937009509 1779 1773 86 43.9776  
2019_10_24_12_10_09_609 1571937009609 1879 1873 303 149.017  
2019_10_24_12_10_09_617 1571937009617 1887 1881 1011 501.409  
2019_10_24_12_10_09_624 1571937009624 1894 1888 234 115.466  
2019_10_24_12_10_09_670 1571937009670 1940 1934 235 115.951  
2019_10_24_12_10_09_713 1571937009713 1983 1977 113 56.9711  
2019_10_24_12_10_09_717 1571937009717 1987 1981 421 206.719  
2019_10_24_12_10_09_747 1571937009747 2017 2011 283 139.278  
2019_10_24_12_10_09_840 1571937009840 2110 2104 490 240.651  
2019_10_24_12_10_09_849 1571937009849 2119 2113 92 46.8632  
2019_10_24_12_10_09_860 1571937009860 2130 2124 212 104.799  
2019_10_24_12_10_09_871 1571937009871 2141 2135 268 131.981  
2019_10_24_12_10_09_872 1571937009872 2142 2136 306 150.479  
2019_10_24_12_10_09_874 1571937009874 2144 2137 2758 1434.35  
2019_10_24_12_10_09_882 1571937009882 2152 2145 272 133.926  
2019_10_24_12_10_09_904 1571937009904 2174 2167 1675 845.37  
2019_10_24_12_10_09_938 1571937009938 2208 2201 2691 1396.91  
2019_10_24_12_10_09_994 1571937009994 2264 2257 529 259.893  
2019_10_24_12_10_10_022 1571937010022 2292 2285 302 148.53  
2019_10_24_12_10_10_050 1571937010050 2320 2313 145 72.3988  
2019_10_24_12_10_10_107 1571937010107 2377 2370 380 186.624  
2019_10_24_12_10_10_211 1571937010211 2481 2474 478 234.74  
2019_10_24_12_10_10_255 1571937010255 2525 2518 311 152.916  
2019_10_24_12_10_10_263 1571937010263 2533 2526 168 83.5062  
2019_10_24_12_10_10_283 1571937010283 2553 2546 450 220.964  
2019_10_24_12_10_10_288 1571937010288 2558 2551 119 59.8615  
2019_10_24_12_10_10_354 1571937010354 2624 2617 739 364.273  
2019_10_24_12_10_10_357 1571937010357 2627 2620 535 262.857  
2019_10_24_12_10_10_373 1571937010373 2643 2636 193 95.5971  
2019_10_24_12_10_10_382 1571937010382 2652 2645 171 84.9561  
2019_10_24_12_10_10_396 1571937010396 2666 2658 226 111.585  
2019_10_24_12_10_10_495 1571937010495 2765 2757 186 92.2098  
2019_10_24_12_10_10_508 1571937010508 2778 2770 166 82.5397  
2019_10_24_12_10_10_511 1571937010511 2781 2773 4095 2209.31  
2019_10_24_12_10_10_525 1571937010525 2795 2787 1375 688.351  
2019_10_24_12_10_10_549 1571937010549 2819 2811 521 255.942  
2019_10_24_12_10_10_550 1571937010550 2820 2812 163 81.0902  
2019_10_24_12_10_10_637 1571937010637 2907 2899 308 151.453  
2019_10_24_12_10_10_728 1571937010728 2998 2990 197 97.5334  
2019_10_24_12_10_10_759 1571937010759 3029 3021 644 316.892  
2019_10_24_12_10_10_763 1571937010763 3033 3025 180 89.3075  
2019_10_24_12_10_10_812 1571937010812 3082 3074 533 261.869  
2019_10_24_12_10_10_821 1571937010821 3091 3083 392 192.5  
2019_10_24_12_10_10_894 1571937010894 3164 3156 1685 850.65  
2019_10_24_12_10_11_163 1571937011163 3433 3425 321 157.792  
2019_10_24_12_10_11_164 1571937011164 3434 3426 199 98.5017  
2019_10_24_12_10_11_165 1571937011165 3435 3427 646 317.887  
2019_10_24_12_10_11_166 1571937011166 3436 3427 226 111.585  
2019_10_24_12_10_11_166 1571937011166 3436 3427 478 234.74  
2019_10_24_12_10_11_166 1571937011166 3436 3427 105 53.119  
2019_10_24_12_10_11_166 1571937011166 3436 3427 143 71.4337  
2019_10_24_12_10_11_166 1571937011166 3436 3427 83 42.5352  
2019_10_24_12_10_11_166 1571937011166 3436 3427 120 60.3434  
2019_10_24_12_10_11_166 1571937011166 3436 3427 1807 915.302  
2019_10_24_12_10_11_166 1571937011166 3436 3427 75 38.6901  
2019_10_24_12_10_11_166 1571937011166 3436 3427 177 87.8568  
2019_10_24_12_10_11_167 1571937011167 3437 3428 171 84.9561  
2019_10_24_12_10_11_167 1571937011167 3437 3428 581 285.618  
2019_10_24_12_10_11_252 1571937011252 3522 3513 498 244.595  
2019_10_24_12_10_11_308 1571937011308 3578 3569 292 143.659  
2019_10_24_12_10_11_356 1571937011356 3626 3617 165 82.0565  
2019_10_24_12_10_11_377 1571937011377 3647 3638 293 144.146  
2019_10_24_12_10_11_479 1571937011479 3749 3740 299 147.068  
2019_10_24_12_10_11_484 1571937011484 3754 3745 438 215.066  
2019_10_24_12_10_11_504 1571937011504 3774 3764 717 353.277  
2019_10_24_12_10_11_505 1571937011505 3775 3765 701 345.288  
2019_10_24_12_10_11_510 1571937011510 3780 3770 188 93.1774  
2019_10_24_12_10_11_543 1571937011543 3813 3803 213 105.283  
2019_10_24_12_10_11_559 1571937011559 3829 3819 1187 591.309  
2019_10_24_12_10_11_562 1571937011562 3832 3822 512 251.5  
2019_10_24_12_10_11_620 1571937011620 3890 3880 160 79.641  
2019_10_24_12_10_11_636 1571937011636 3906 3896 319 156.817  
2019_10_24_12_10_11_658 1571937011658 3928 3918 454 222.93  
2019_10_24_12_10_11_711 1571937011711 3981 3971 252 124.205  
2019_10_24_12_10_11_725 1571937011725 3995 3985 197 97.5334  
2019_10_24_12_10_11_745 1571937011745 4015 4005 279 137.331  
2019_10_24_12_10_11_759 1571937011759 4029 4019 554 272.251  
2019_10_24_12_10_11_782 1571937011782 4052 4042 258 127.12  
2019_10_24_12_10_11_792 1571937011792 4062 4052 1616 814.279  
2019_10_24_12_10_11_885 1571937011885 4155 4145 2575 1332.4  
2019_10_24_12_10_11_903 1571937011903 4173 4163 426 209.173  
2019_10_24_12_10_11_961 1571937011961 4231 4221 104 52.6376  
2019_10_24_12_10_11_975 1571937011975 4245 4234 184 91.2422  
2019_10_24_12_10_12_025 1571937012025 4295 4284 476 233.755  
2019_10_24_12_10_12_033 1571937012033 4303 4292 1196 595.931  
2019_10_24_12_10_12_040 1571937012040 4310 4299 341 167.554  
2019_10_24_12_10_12_042 1571937012042 4312 4301 204 100.923  
2019_10_24_12_10_12_082 1571937012082 4352 4341 335 164.624  
2019_10_24_12_10_12_097 1571937012097 4367 4356 178 88.3403  
2019_10_24_12_10_12_206 1571937012206 4476 4465 1059 525.836  
2019_10_24_12_10_12_256 1571937012256 4526 4515 201 99.4701  
2019_10_24_12_10_12_280 1571937012280 4550 4539 113 56.9711  
2019_10_24_12_10_12_286 1571937012286 4556 4545 208 102.861  
2019_10_24_12_10_12_288 1571937012288 4558 4547 288 141.711  
2019_10_24_12_10_12_304 1571937012304 4574 4563 197 97.5334  
2019_10_24_12_10_12_347 1571937012347 4617 4606 827 408.401  
2019_10_24_12_10_12_393 1571937012393 4663 4652 266 131.008  
2019_10_24_12_10_12_399 1571937012399 4669 4658 152 75.7777  
2019_10_24_12_10_12_408 1571937012408 4678 4667 303 149.017  
2019_10_24_12_10_12_440 1571937012440 4710 4698 92 46.8632  
2019_10_24_12_10_12_472 1571937012472 4742 4730 683 336.311  
2019_10_24_12_10_12_533 1571937012533 4803 4791 106 53.6004  
2019_10_24_12_10_12_558 1571937012558 4828 4816 333 163.648  
2019_10_24_12_10_12_577 1571937012577 4847 4835 742 365.774  
2019_10_24_12_10_12_665 1571937012665 4935 4923 406 199.361  
2019_10_24_12_10_12_681 1571937012681 4951 4939 183 90.7585  
2019_10_24_12_10_12_697 1571937012697 4967 4955 642 315.897  
2019_10_24_12_10_12_708 1571937012708 4978 4966 180 89.3075  
2019_10_24_12_10_12_726 1571937012726 4996 4984 555 272.745  
2019_10_24_12_10_12_767 1571937012767 5037 5025 270 132.953  
2019_10_24_12_10_12_808 1571937012808 5078 5066 2098 1071.29  
2019_10_24_12_10_12_810 1571937012810 5080 5068 164 81.5733  
2019_10_24_12_10_12_833 1571937012833 5103 5091 159 79.1579  
2019_10_24_12_10_12_846 1571937012846 5116 5104 160 79.641  
2019_10_24_12_10_12_906 1571937012906 5176 5164 232 114.496  
2019_10_24_12_10_12_920 1571937012920 5190 5178 176 87.3733  
2019_10_24_12_10_12_955 1571937012955 5225 5212 90 45.9012  
2019_10_24_12_10_13_211 1571937013211 5481 5468 1006 498.868  
2019_10_24_12_10_13_212 1571937013212 5482 5469 382 187.603  
2019_10_24_12_10_13_213 1571937013213 5483 5470 562 276.209  
2019_10_24_12_10_13_213 1571937013213 5483 5470 278 136.845  
2019_10_24_12_10_13_214 1571937013214 5484 5471 243 119.834  
2019_10_24_12_10_13_214 1571937013214 5484 5471 261 128.578  
2019_10_24_12_10_13_214 1571937013214 5484 5471 624 306.951  
2019_10_24_12_10_13_214 1571937013214 5484 5471 459 225.389  
2019_10_24_12_10_13_214 1571937013214 5484 5471 622 305.957  
2019_10_24_12_10_13_214 1571937013214 5484 5471 1417 710.174  
2019_10_24_12_10_13_214 1571937013214 5484 5471 323 158.768  
2019_10_24_12_10_13_261 1571937013261 5531 5518 85 43.4968  
2019_10_24_12_10_13_333 1571937013333 5603 5590 534 262.363  
2019_10_24_12_10_13_336 1571937013336 5606 5593 1216 606.21  
2019_10_24_12_10_13_337 1571937013337 5607 5594 238 117.407  
2019_10_24_12_10_13_379 1571937013379 5649 5636 320 157.305  
2019_10_24_12_10_13_390 1571937013390 5660 5646 645 317.389  
2019_10_24_12_10_13_422 1571937013422 5692 5678 4095 2209.31  
2019_10_24_12_10_13_470 1571937013470 5740 5726 1612 812.175  
2019_10_24_12_10_13_514 1571937013514 5784 5770 1901 965.415  
2019_10_24_12_10_13_531 1571937013531 5801 5787 285 140.251  
2019_10_24_12_10_13_538 1571937013538 5808 5794 623 306.454  
2019_10_24_12_10_13_539 1571937013539 5809 5795 504 247.553  
2019_10_24_12_10_13_541 1571937013541 5811 5797 134 67.0921  
2019_10_24_12_10_13_569 1571937013569 5839 5825 984 487.698  
2019_10_24_12_10_13_612 1571937013612 5882 5868 127 63.717  
2019_10_24_12_10_13_614 1571937013614 5884 5870 306 150.479  
2019_10_24_12_10_13_625 1571937013625 5895 5881 219 108.191  
2019_10_24_12_10_13_635 1571937013635 5905 5891 414 203.285  
2019_10_24_12_10_13_662 1571937013662 5932 5918 922 456.296  
2019_10_24_12_10_13_693 1571937013693 5963 5949 579 284.627  
2019_10_24_12_10_13_716 1571937013716 5986 5972 195 96.5652  
2019_10_24_12_10_13_739 1571937013739 6009 5995 434 213.102  
2019_10_24_12_10_13_769 1571937013769 6039 6024 248 122.262  
2019_10_24_12_10_13_783 1571937013783 6053 6038 69 35.8075  
2019_10_24_12_10_13_808 1571937013808 6078 6063 656 322.862  
2019_10_24_12_10_13_834 1571937013834 6104 6089 146 72.8814  
2019_10_24_12_10_13_923 1571937013923 6193 6178 253 124.691  
2019_10_24_12_10_13_936 1571937013936 6206 6191 248 122.262  
2019_10_24_12_10_13_947 1571937013947 6217 6202 88 44.9393  
2019_10_24_12_10_13_979 1571937013979 6249 6234 117 58.898  
2019_10_24_12_10_14_097 1571937014097 6367 6352 119 59.8615  
2019_10_24_12_10_14_195 1571937014195 6465 6450 373 183.197  
2019_10_24_12_10_14_199 1571937014199 6469 6454 245 120.805  
2019_10_24_12_10_14_217 1571937014217 6487 6472 390 191.52  
2019_10_24_12_10_14_242 1571937014242 6512 6497 155 77.2262  
2019_10_24_12_10_14_282 1571937014282 6552 6537 225 111.1  
2019_10_24_12_10_14_292 1571937014292 6562 6547 125 62.753  
2019_10_24_12_10_14_298 1571937014298 6568 6553 320 157.305  
2019_10_24_12_10_14_318 1571937014318 6588 6573 433 212.611  
2019_10_24_12_10_14_343 1571937014343 6613 6598 331 162.672  
2019_10_24_12_10_14_354 1571937014354 6624 6608 167 83.0229  
2019_10_24_12_10_14_434 1571937014434 6704 6688 469 230.309  
2019_10_24_12_10_14_435 1571937014435 6705 6689 150 74.8121  
2019_10_24_12_10_14_446 1571937014446 6716 6700 179 88.8239  
2019_10_24_12_10_14_460 1571937014460 6730 6714 282 138.791  
2019_10_24_12_10_14_516 1571937014516 6786 6770 400 196.42  
2019_10_24_12_10_14_526 1571937014526 6796 6780 366 179.773  
2019_10_24_12_10_14_557 1571937014557 6827 6811 2770 1441.07  
2019_10_24_12_10_14_574 1571937014574 6844 6828 208 102.861  
2019_10_24_12_10_14_611 1571937014611 6881 6865 190 94.1452  
2019_10_24_12_10_14_623 1571937014623 6893 6877 103 52.1562  
2019_10_24_12_10_14_664 1571937014664 6934 6918 217 107.222  
2019_10_24_12_10_14_666 1571937014666 6936 6920 156 77.7091  
2019_10_24_12_10_14_708 1571937014708 6978 6962 197 97.5334  
2019_10_24_12_10_14_735 1571937014735 7005 6989 518 254.461  
2019_10_24_12_10_14_807 1571937014807 7077 7061 215 106.252  
2019_10_24_12_10_14_815 1571937014815 7085 7069 171 84.9561  
2019_10_24_12_10_14_821 1571937014821 7091 7074 540 265.328  
2019_10_24_12_10_14_838 1571937014838 7108 7091 175 86.8898  
2019_10_24_12_10_14_857 1571937014857 7127 7110 168 83.5062  
2019_10_24_12_10_14_907 1571937014907 7177 7160 1815 919.556  
2019_10_24_12_10_14_937 1571937014937 7207 7190 85 43.4968  
2019_10_24_12_10_15_260 1571937015260 7530 7513 87 44.4585  
2019_10_24_12_10_15_260 1571937015260 7530 7513 4095 2209.31  
2019_10_24_12_10_15_261 1571937015261 7531 7514 831 410.412  
2019_10_24_12_10_15_261 1571937015261 7531 7514 488 239.666  
2019_10_24_12_10_15_262 1571937015262 7532 7515 489 240.159  
2019_10_24_12_10_15_262 1571937015262 7532 7515 264 130.036  
2019_10_24_12_10_15_262 1571937015262 7532 7515 2283 1171.76  
2019_10_24_12_10_15_262 1571937015262 7532 7515 382 187.603  
2019_10_24_12_10_15_262 1571937015262 7532 7515 94 47.8253  
2019_10_24_12_10_15_262 1571937015262 7532 7515 936 463.377  
2019_10_24_12_10_15_268 1571937015268 7538 7521 300 147.555  
2019_10_24_12_10_15_288 1571937015288 7558 7541 4095 2209.31  
2019_10_24_12_10_15_294 1571937015294 7564 7546 646 317.887  
2019_10_24_12_10_15_304 1571937015304 7574 7556 4095 2209.31  
2019_10_24_12_10_15_306 1571937015306 7576 7558 1418 710.694  
2019_10_24_12_10_15_373 1571937015373 7643 7625 1026 509.035  
2019_10_24_12_10_15_392 1571937015392 7662 7644 818 403.877  
2019_10_24_12_10_15_406 1571937015406 7676 7658 209 103.345  
2019_10_24_12_10_15_418 1571937015418 7688 7670 156 77.7091  
2019_10_24_12_10_15_481 1571937015481 7751 7733 195 96.5652  
2019_10_24_12_10_15_484 1571937015484 7754 7736 114 57.4528  
2019_10_24_12_10_15_534 1571937015534 7804 7786 176 87.3733  
2019_10_24_12_10_15_551 1571937015551 7821 7803 1763 891.934  
2019_10_24_12_10_15_648 1571937015648 7918 7900 304 149.504  
2019_10_24_12_10_15_703 1571937015703 7973 7955 194 96.0811  
2019_10_24_12_10_15_710 1571937015710 7980 7962 339 166.577  
2019_10_24_12_10_15_728 1571937015728 7998 7980 181 89.7911  
2019_10_24_12_10_15_735 1571937015735 8005 7987 420 206.229  
2019_10_24_12_10_15_793 1571937015793 8063 8045 67 34.8469  
2019_10_24_12_10_15_816 1571937015816 8086 8067 156 77.7091  
2019_10_24_12_10_15_820 1571937015820 8090 8071 331 162.672  
2019_10_24_12_10_15_857 1571937015857 8127 8108 4095 2209.31  
2019_10_24_12_10_15_884 1571937015884 8154 8135 130 65.1633  
2019_10_24_12_10_15_898 1571937015898 8168 8149 357 175.372  
2019_10_24_12_10_15_952 1571937015952 8222 8203 108 54.5633  
2019_10_24_12_10_16_002 1571937016002 8272 8253 324 159.256  
2019_10_24_12_10_16_011 1571937016011 8281 8262 1072 532.464  
2019_10_24_12_10_16_060 1571937016060 8330 8311 279 137.331  
2019_10_24_12_10_16_137 1571937016137 8407 8388 113 56.9711  
2019_10_24_12_10_16_155 1571937016155 8425 8406 314 154.378  
2019_10_24_12_10_16_165 1571937016165 8435 8416 173 85.9229  
2019_10_24_12_10_16_257 1571937016257 8527 8508 467 229.325  
2019_10_24_12_10_16_429 1571937016429 8699 8680 149 74.3294  
2019_10_24_12_10_16_439 1571937016439 8709 8690 430 211.137  
2019_10_24_12_10_16_539 1571937016539 8809 8790 75 38.6901  
2019_10_24_12_10_16_550 1571937016550 8820 8801 456 223.914  
2019_10_24_12_10_16_602 1571937016602 8872 8852 200 98.9859  
2019_10_24_12_10_16_605 1571937016605 8875 8855 373 183.197  
2019_10_24_12_10_16_636 1571937016636 8906 8886 101 51.1936  
2019_10_24_12_10_16_657 1571937016657 8927 8907 220 108.676  
2019_10_24_12_10_16_685 1571937016685 8955 8935 480 235.725  
2019_10_24_12_10_16_781 1571937016781 9051 9031 526 258.411  
2019_10_24_12_10_16_825 1571937016825 9095 9075 328 161.208  
2019_10_24_12_10_16_830 1571937016830 9100 9080 765 377.287  
2019_10_24_12_10_16_857 1571937016857 9127 9107 259 127.606  
2019_10_24_12_10_16_859 1571937016859 9129 9109 231 114.011  
2019_10_24_12_10_16_878 1571937016878 9148 9128 65 33.8864  
2019_10_24_12_10_16_893 1571937016893 9163 9143 194 96.0811  
2019_10_24_12_10_16_908 1571937016908 9178 9158 449 220.472  
2019_10_24_12_10_16_951 1571937016951 9221 9201 104 52.6376  
2019_10_24_12_10_16_954 1571937016954 9224 9204 241 118.864  
2019_10_24_12_10_16_964 1571937016964 9234 9214 370 181.73  
2019_10_24_12_10_16_968 1571937016968 9238 9218 357 175.372  
2019_10_24_12_10_16_999 1571937016999 9269 9249 455 223.422  
2019_10_24_12_10_17_307 1571937017307 9577 9556 287 141.224  
2019_10_24_12_10_17_308 1571937017308 9578 9557 202 99.9544  
2019_10_24_12_10_17_309 1571937017309 9579 9558 386 189.561  
2019_10_24_12_10_17_309 1571937017309 9579 9558 513 251.993  
2019_10_24_12_10_17_310 1571937017310 9580 9559 996 493.789  
2019_10_24_12_10_17_310 1571937017310 9580 9559 160 79.641  
2019_10_24_12_10_17_313 1571937017313 9583 9562 618 303.971  
2019_10_24_12_10_17_374 1571937017374 9644 9623 505 248.047  
2019_10_24_12_10_17_434 1571937017434 9704 9683 711 350.28  
2019_10_24_12_10_17_470 1571937017470 9740 9719 450 220.964  
2019_10_24_12_10_17_508 1571937017508 9778 9757 498 244.595  
2019_10_24_12_10_17_522 1571937017522 9792 9771 458 224.897  
2019_10_24_12_10_17_529 1571937017529 9799 9778 1263 630.413  
2019_10_24_12_10_17_586 1571937017586 9856 9835 169 83.9894  
2019_10_24_12_10_17_588 1571937017588 9858 9837 399 195.93  
2019_10_24_12_10_17_607 1571937017607 9877 9856 219 108.191  
2019_10_24_12_10_17_622 1571937017622 9892 9871 238 117.407  
2019_10_24_12_10_17_624 1571937017624 9894 9872 212 104.799  
2019_10_24_12_10_17_646 1571937017646 9916 9894 249 122.748  
2019_10_24_12_10_17_662 1571937017662 9932 9910 634 311.92  
2019_10_24_12_10_17_677 1571937017677 9947 9925 67 34.8469  
2019_10_24_12_10_17_699 1571937017699 9969 9947 400 196.42  
2019_10_24_12_10_17_790 1571937017790 10060 10038 202 99.9544  
2019_10_24_12_10_17_802 1571937017802 10072 10050 444 218.014  
2019_10_24_12_10_17_875 1571937017875 10145 10123 285 140.251  
2019_10_24_12_10_17_899 1571937017899 10169 10147 188 93.1774  
2019_10_24_12_10_17_908 1571937017908 10178 10156 450 220.964  
2019_10_24_12_10_17_915 1571937017915 10185 10163 174 86.4063  
2019_10_24_12_10_17_985 1571937017985 10255 10233 137 68.5391  
2019_10_24_12_10_18_053 1571937018053 10323 10301 332 163.16  
2019_10_24_12_10_18_102 1571937018102 10372 10350 430 211.137  
2019_10_24_12_10_18_142 1571937018142 10412 10390 88 44.9393  
2019_10_24_12_10_18_143 1571937018143 10413 10391 1848 937.128  
2019_10_24_12_10_18_174 1571937018174 10444 10422 336 165.112  
2019_10_24_12_10_18_198 1571937018198 10468 10445 76 39.1707  
2019_10_24_12_10_18_206 1571937018206 10476 10453 224 110.616  
2019_10_24_12_10_18_238 1571937018238 10508 10485 237 116.922  
2019_10_24_12_10_18_239 1571937018239 10509 10486 345 169.508  
2019_10_24_12_10_18_310 1571937018310 10580 10557 413 202.794  
2019_10_24_12_10_18_347 1571937018347 10617 10594 63 32.926  
2019_10_24_12_10_18_367 1571937018367 10637 10614 180 89.3075  
2019_10_24_12_10_18_396 1571937018396 10666 10643 333 163.648  
2019_10_24_12_10_18_422 1571937018422 10692 10669 1275 636.603  
2019_10_24_12_10_18_438 1571937018438 10708 10685 4010 2158.47  
2019_10_24_12_10_18_491 1571937018491 10761 10738 73 37.7291  
2019_10_24_12_10_18_505 1571937018505 10775 10752 553 271.756  
2019_10_24_12_10_18_532 1571937018532 10802 10779 188 93.1774  
2019_10_24_12_10_18_538 1571937018538 10808 10785 369 181.24  
2019_10_24_12_10_18_665 1571937018665 10935 10912 1803 913.175  
2019_10_24_12_10_18_720 1571937018720 10990 10967 406 199.361  
2019_10_24_12_10_18_721 1571937018721 10991 10968 402 197.4  
2019_10_24_12_10_18_732 1571937018732 11002 10978 1303 651.063  
2019_10_24_12_10_18_752 1571937018752 11022 10998 615 302.481  
2019_10_24_12_10_18_770 1571937018770 11040 11016 240 118.378  
2019_10_24_12_10_18_785 1571937018785 11055 11031 81 41.5738  
2019_10_24_12_10_18_823 1571937018823 11093 11069 287 141.224  
2019_10_24_12_10_18_868 1571937018868 11138 11114 295 145.12  
2019_10_24_12_10_18_897 1571937018897 11167 11143 203 100.439  
2019_10_24_12_10_18_942 1571937018942 11212 11188 802 395.841  
2019_10_24_12_10_18_953 1571937018953 11223 11199 1210 603.125  
2019_10_24_12_10_18_961 1571937018961 11231 11207 4095 2209.31  
2019_10_24_12_10_18_974 1571937018974 11244 11220 554 272.251  
2019_10_24_12_10_18_990 1571937018990 11260 11236 1786 904.142  
2019_10_24_12_10_19_027 1571937019027 11297 11273 74 38.2096  
2019_10_24_12_10_19_033 1571937019033 11303 11279 123 61.789  
2019_10_24_12_10_19_073 1571937019073 11343 11319 4095 2209.31  
2019_10_24_12_10_19_355 1571937019355 11625 11601 430 211.137  
2019_10_24_12_10_19_356 1571937019356 11626 11602 346 169.996  
2019_10_24_12_10_19_357 1571937019357 11627 11602 414 203.285  
2019_10_24_12_10_19_357 1571937019357 11627 11602 199 98.5017  
2019_10_24_12_10_19_358 1571937019358 11628 11603 597 293.549  
2019_10_24_12_10_19_358 1571937019358 11628 11603 156 77.7091  
2019_10_24_12_10_19_421 1571937019421 11691 11666 739 364.273  
2019_10_24_12_10_19_428 1571937019428 11698 11673 213 105.283  
2019_10_24_12_10_19_474 1571937019474 11744 11719 524 257.423  
2019_10_24_12_10_19_490 1571937019490 11760 11735 286 140.738  
2019_10_24_12_10_19_537 1571937019537 11807 11782 207 102.376  
2019_10_24_12_10_19_633 1571937019633 11903 11878 143 71.4337  
2019_10_24_12_10_19_772 1571937019772 12042 12017 347 170.485  
2019_10_24_12_10_19_779 1571937019779 12049 12024 350 171.951  
2019_10_24_12_10_19_865 1571937019865 12135 12110 201 99.4701  
2019_10_24_12_10_19_871 1571937019871 12141 12116 297 146.094  
2019_10_24_12_10_19_875 1571937019875 12145 12120 124 62.271  
2019_10_24_12_10_20_013 1571937020013 12283 12258 362 177.817  
2019_10_24_12_10_20_074 1571937020074 12344 12319 262 129.064  
2019_10_24_12_10_20_081 1571937020081 12351 12326 195 96.5652  
2019_10_24_12_10_20_091 1571937020091 12361 12335 74 38.2096  
2019_10_24_12_10_20_135 1571937020135 12405 12379 293 144.146  
2019_10_24_12_10_20_153 1571937020153 12423 12397 266 131.008  
2019_10_24_12_10_20_160 1571937020160 12430 12404 287 141.224  
2019_10_24_12_10_20_210 1571937020210 12480 12454 204 100.923  
2019_10_24_12_10_20_245 1571937020245 12515 12489 220 108.676  
2019_10_24_12_10_20_261 1571937020261 12531 12505 312 153.403  
2019_10_24_12_10_20_379 1571937020379 12649 12623 278 136.845  
2019_10_24_12_10_20_392 1571937020392 12662 12636 280 137.818  
2019_10_24_12_10_20_401 1571937020401 12671 12645 1336 668.134  
2019_10_24_12_10_20_405 1571937020405 12675 12649 329 161.696  
2019_10_24_12_10_20_412 1571937020412 12682 12656 240 118.378  
2019_10_24_12_10_20_469 1571937020469 12739 12713 315 154.866  
2019_10_24_12_10_20_473 1571937020473 12743 12717 131 65.6455  
2019_10_24_12_10_20_515 1571937020515 12785 12759 258 127.12  
2019_10_24_12_10_20_533 1571937020533 12803 12777 598 294.045  
2019_10_24_12_10_20_635 1571937020635 12905 12879 152 75.7777  
2019_10_24_12_10_20_673 1571937020673 12943 12916 397 194.95  
2019_10_24_12_10_20_696 1571937020696 12966 12939 1271 634.539  
2019_10_24_12_10_20_723 1571937020723 12993 12966 190 94.1452  
2019_10_24_12_10_20_739 1571937020739 13009 12982 172 85.4395  
2019_10_24_12_10_20_763 1571937020763 13033 13006 406 199.361  
2019_10_24_12_10_20_764 1571937020764 13034 13007 126 63.235  
2019_10_24_12_10_20_798 1571937020798 13068 13041 200 98.9859  
2019_10_24_12_10_20_836 1571937020836 13106 13079 466 228.833  
2019_10_24_12_10_20_926 1571937020926 13196 13169 239 117.893  
2019_10_24_12_10_21_058 1571937021058 13328 13301 180 89.3075  
2019_10_24_12_10_21_100 1571937021100 13370 13343 287 141.224  
2019_10_24_12_10_21_118 1571937021118 13388 13361 325 159.744  
2019_10_24_12_10_21_403 1571937021403 13673 13646 397 194.95  
2019_10_24_12_10_21_404 1571937021404 13674 13647 199 98.5017  
2019_10_24_12_10_21_405 1571937021405 13675 13648 298 146.581  
2019_10_24_12_10_21_405 1571937021405 13675 13648 299 147.068  
2019_10_24_12_10_21_406 1571937021406 13676 13649 224 110.616  
2019_10_24_12_10_21_406 1571937021406 13676 13648 127 63.717  
2019_10_24_12_10_21_406 1571937021406 13676 13648 916 453.263  
2019_10_24_12_10_21_496 1571937021496 13766 13738 211 104.314  
2019_10_24_12_10_21_505 1571937021505 13775 13747 277 136.358  
2019_10_24_12_10_21_516 1571937021516 13786 13758 123 61.789  
2019_10_24_12_10_21_539 1571937021539 13809 13781 156 77.7091  
2019_10_24_12_10_21_548 1571937021548 13818 13790 313 153.891  
2019_10_24_12_10_21_561 1571937021561 13831 13803 620 304.964  
2019_10_24_12_10_21_570 1571937021570 13840 13812 2098 1071.29  
2019_10_24_12_10_21_616 1571937021616 13886 13858 72 37.2487  
2019_10_24_12_10_21_637 1571937021637 13907 13879 213 105.283  
2019_10_24_12_10_21_641 1571937021641 13911 13883 362 177.817  
2019_10_24_12_10_21_642 1571937021642 13912 13884 136 68.0567  
2019_10_24_12_10_21_686 1571937021686 13956 13928 137 68.5391  
2019_10_24_12_10_21_775 1571937021775 14045 14017 314 154.378  
2019_10_24_12_10_21_855 1571937021855 14125 14097 614 301.985  
2019_10_24_12_10_21_891 1571937021891 14161 14133 167 83.0229  
2019_10_24_12_10_21_903 1571937021903 14173 14144 217 107.222  
2019_10_24_12_10_21_925 1571937021925 14195 14166 156 77.7091  
2019_10_24_12_10_21_999 1571937021999 14269 14240 140 69.9862  
2019_10_24_12_10_22_079 1571937022079 14349 14320 165 82.0565  
2019_10_24_12_10_22_157 1571937022157 14427 14398 230 113.526  
2019_10_24_12_10_22_163 1571937022163 14433 14404 100 50.7123  
2019_10_24_12_10_22_172 1571937022172 14442 14413 138 69.0214  
2019_10_24_12_10_22_176 1571937022176 14446 14417 163 81.0902  
2019_10_24_12_10_22_210 1571937022210 14480 14451 464 227.849  
2019_10_24_12_10_22_256 1571937022256 14526 14497 243 119.834  
2019_10_24_12_10_22_355 1571937022355 14625 14596 237 116.922  
2019_10_24_12_10_22_373 1571937022373 14643 14614 280 137.818  
2019_10_24_12_10_22_391 1571937022391 14661 14632 2422 1247.91  
2019_10_24_12_10_22_420 1571937022420 14690 14661 306 150.479  
2019_10_24_12_10_22_424 1571937022424 14694 14665 133 66.6099  
2019_10_24_12_10_22_438 1571937022438 14708 14679 760 374.783  
2019_10_24_12_10_22_555 1571937022555 14825 14796 205 101.407  
2019_10_24_12_10_22_637 1571937022637 14907 14877 152 75.7777  
2019_10_24_12_10_22_664 1571937022664 14934 14904 336 165.112  
2019_10_24_12_10_22_705 1571937022705 14975 14945 656 322.862  
2019_10_24_12_10_22_731 1571937022731 15001 14971 630 309.932  
2019_10_24_12_10_22_786 1571937022786 15056 15026 208 102.861  
2019_10_24_12_10_22_829 1571937022829 15099 15069 241 118.864  
2019_10_24_12_10_22_908 1571937022908 15178 15148 267 131.495  
2019_10_24_12_10_22_936 1571937022936 15206 15176 234 115.466  
2019_10_24_12_10_23_006 1571937023006 15276 15246 426 209.173  
2019_10_24_12_10_23_086 1571937023086 15356 15326 366 179.773  
2019_10_24_12_10_23_143 1571937023143 15413 15383 206 101.892  
2019_10_24_12_10_23_147 1571937023147 15417 15387 596 293.053  
2019_10_24_12_10_23_451 1571937023451 15721 15691 214 105.768  
2019_10_24_12_10_23_452 1571937023452 15722 15692 662 325.849  
2019_10_24_12_10_23_453 1571937023453 15723 15693 269 132.467  
2019_10_24_12_10_23_453 1571937023453 15723 15693 199 98.5017  
2019_10_24_12_10_23_454 1571937023454 15724 15694 348 170.973  
2019_10_24_12_10_23_503 1571937023503 15773 15743 291 143.172  
2019_10_24_12_10_23_543 1571937023543 15813 15782 386 189.561  
2019_10_24_12_10_23_570 1571937023570 15840 15809 2165 1107.56  
2019_10_24_12_10_23_581 1571937023581 15851 15820 280 137.818  
2019_10_24_12_10_23_590 1571937023590 15860 15829 268 131.981  
2019_10_24_12_10_23_606 1571937023606 15876 15845 694 341.796  
2019_10_24_12_10_23_650 1571937023650 15920 15889 179 88.8239  
2019_10_24_12_10_23_744 1571937023744 16014 15983 269 132.467  
2019_10_24_12_10_23_764 1571937023764 16034 16003 665 327.343  
2019_10_24_12_10_23_793 1571937023793 16063 16032 105 53.119  
2019_10_24_12_10_23_887 1571937023887 16157 16126 263 129.55  
2019_10_24_12_10_23_891 1571937023891 16161 16130 188 93.1774  
2019_10_24_12_10_23_892 1571937023892 16162 16131 2437 1256.16  
2019_10_24_12_10_23_975 1571937023975 16245 16214 823 406.39  
2019_10_24_12_10_24_059 1571937024059 16329 16298 196 97.0493  
2019_10_24_12_10_24_063 1571937024063 16333 16302 208 102.861  
2019_10_24_12_10_24_069 1571937024069 16339 16308 610 299.999  
2019_10_24_12_10_24_226 1571937024226 16496 16465 99 50.2311  
2019_10_24_12_10_24_267 1571937024267 16537 16505 196 97.0493  
2019_10_24_12_10_24_274 1571937024274 16544 16512 2281 1170.67  
2019_10_24_12_10_24_279 1571937024279 16549 16517 271 133.44  
2019_10_24_12_10_24_285 1571937024285 16555 16523 885 437.61  
2019_10_24_12_10_24_296 1571937024296 16566 16534 617 303.474  
2019_10_24_12_10_24_297 1571937024297 16567 16535 1060 526.346  
2019_10_24_12_10_24_328 1571937024328 16598 16566 193 95.5971  
2019_10_24_12_10_24_357 1571937024357 16627 16595 604 297.022  
2019_10_24_12_10_24_434 1571937024434 16704 16672 188 93.1774  
2019_10_24_12_10_24_513 1571937024513 16783 16751 172 85.4395  
2019_10_24_12_10_24_515 1571937024515 16785 16753 355 174.394  
2019_10_24_12_10_24_562 1571937024562 16832 16800 1545 777.002  
2019_10_24_12_10_24_636 1571937024636 16906 16874 371 182.219  
2019_10_24_12_10_24_637 1571937024637 16907 16875 208 102.861  
2019_10_24_12_10_24_667 1571937024667 16937 16905 145 72.3988  
2019_10_24_12_10_24_690 1571937024690 16960 16928 1682 849.066  
2019_10_24_12_10_24_799 1571937024799 17069 17037 418 205.247  
2019_10_24_12_10_24_860 1571937024860 17130 17097 358 175.861  
2019_10_24_12_10_24_979 1571937024979 17249 17216 91 46.3822  
2019_10_24_12_10_24_986 1571937024986 17256 17223 323 158.768  
2019_10_24_12_10_25_021 1571937025021 17291 17258 2741 1424.84  
2019_10_24_12_10_25_076 1571937025076 17346 17313 271 133.44  
2019_10_24_12_10_25_095 1571937025095 17365 17332 333 163.648  
2019_10_24_12_10_25_109 1571937025109 17379 17346 274 134.899  
2019_10_24_12_10_25_122 1571937025122 17392 17359 157 78.192  
2019_10_24_12_10_25_132 1571937025132 17402 17369 1916 973.436  
2019_10_24_12_10_25_203 1571937025203 17473 17440 358 175.861  
2019_10_24_12_10_25_499 1571937025499 17769 17736 237 116.922  
2019_10_24_12_10_25_500 1571937025500 17770 17737 509 250.02  
2019_10_24_12_10_25_501 1571937025501 17771 17738 152 75.7777  
2019_10_24_12_10_25_501 1571937025501 17771 17738 156 77.7091  
2019_10_24_12_10_25_502 1571937025502 17772 17739 98 49.7499  
2019_10_24_12_10_25_502 1571937025502 17772 17739 179 88.8239  
2019_10_24_12_10_25_502 1571937025502 17772 17739 682 335.812  
2019_10_24_12_10_25_502 1571937025502 17772 17738 1103 548.288  
2019_10_24_12_10_25_502 1571937025502 17772 17738 1583 796.935  
2019_10_24_12_10_25_544 1571937025544 17814 17780 268 131.981  
2019_10_24_12_10_25_561 1571937025561 17831 17797 545 267.8  
2019_10_24_12_10_25_572 1571937025572 17842 17808 2117 1081.56  
2019_10_24_12_10_25_576 1571937025576 17846 17812 1445 724.751  
2019_10_24_12_10_25_584 1571937025584 17854 17820 597 293.549  
2019_10_24_12_10_25_593 1571937025593 17863 17829 1880 954.197  
2019_10_24_12_10_25_668 1571937025668 17938 17904 343 168.531  
2019_10_24_12_10_25_720 1571937025720 17990 17956 281 138.304  
2019_10_24_12_10_25_725 1571937025725 17995 17961 164 81.5733  
2019_10_24_12_10_25_788 1571937025788 18058 18024 943 466.92  
2019_10_24_12_10_25_827 1571937025827 18097 18063 134 67.0921  
2019_10_24_12_10_25_851 1571937025851 18121 18087 149 74.3294  
2019_10_24_12_10_25_898 1571937025898 18168 18134 161 80.124  
2019_10_24_12_10_25_970 1571937025970 18240 18206 178 88.3403  
2019_10_24_12_10_25_970 1571937025970 18240 18206 275 135.385  
2019_10_24_12_10_25_971 1571937025971 18241 18206 218 107.707  
2019_10_24_12_10_26_064 1571937026064 18334 18299 285 140.251  
2019_10_24_12_10_26_065 1571937026065 18335 18300 487 239.173  
2019_10_24_12_10_26_071 1571937026071 18341 18306 295 145.12  
2019_10_24_12_10_26_079 1571937026079 18349 18314 336 165.112  
2019_10_24_12_10_26_128 1571937026128 18398 18363 259 127.606  
2019_10_24_12_10_26_129 1571937026129 18399 18364 510 250.513  
2019_10_24_12_10_26_136 1571937026136 18406 18371 174 86.4063  
2019_10_24_12_10_26_138 1571937026138 18408 18373 344 169.019  
2019_10_24_12_10_26_158 1571937026158 18428 18393 807 398.352  
2019_10_24_12_10_26_166 1571937026166 18436 18401 255 125.662  
2019_10_24_12_10_26_201 1571937026201 18471 18436 428 210.155  
2019_10_24_12_10_26_226 1571937026226 18496 18461 589 289.583  
2019_10_24_12_10_26_242 1571937026242 18512 18477 161 80.124  
2019_10_24_12_10_26_375 1571937026375 18645 18610 237 116.922  
2019_10_24_12_10_26_418 1571937026418 18688 18653 272 133.926  
2019_10_24_12_10_26_419 1571937026419 18689 18654 238 117.407  
2019_10_24_12_10_26_429 1571937026429 18699 18664 464 227.849  
2019_10_24_12_10_26_439 1571937026439 18709 18673 118 59.3797  
2019_10_24_12_10_26_459 1571937026459 18729 18693 260 128.092  
2019_10_24_12_10_26_517 1571937026517 18787 18751 4095 2209.31  
2019_10_24_12_10_26_559 1571937026559 18829 18793 1478 741.961  
2019_10_24_12_10_26_575 1571937026575 18845 18809 211 104.314  
2019_10_24_12_10_26_583 1571937026583 18853 18817 456 223.914  
2019_10_24_12_10_26_600 1571937026600 18870 18834 303 149.017  
2019_10_24_12_10_26_607 1571937026607 18877 18841 329 161.696  
2019_10_24_12_10_26_686 1571937026686 18956 18920 168 83.5062  
2019_10_24_12_10_26_690 1571937026690 18960 18924 1021 506.492  
2019_10_24_12_10_26_700 1571937026700 18970 18934 265 130.522  
2019_10_24_12_10_26_715 1571937026715 18985 18949 246 121.291  
2019_10_24_12_10_26_739 1571937026739 19009 18973 671 330.331  
2019_10_24_12_10_26_744 1571937026744 19014 18978 130 65.1633  
2019_10_24_12_10_26_757 1571937026757 19027 18991 67 34.8469  
2019_10_24_12_10_26_761 1571937026761 19031 18995 438 215.066  
2019_10_24_12_10_26_785 1571937026785 19055 19019 82 42.0545  
2019_10_24_12_10_26_813 1571937026813 19083 19046 158 78.675  
2019_10_24_12_10_26_828 1571937026828 19098 19061 151 75.2949  
2019_10_24_12_10_26_868 1571937026868 19138 19101 183 90.7585  
2019_10_24_12_10_26_881 1571937026881 19151 19114 821 405.385  
2019_10_24_12_10_26_930 1571937026930 19200 19163 450 220.964  
2019_10_24_12_10_26_951 1571937026951 19221 19184 2023 1030.85  
2019_10_24_12_10_26_996 1571937026996 19266 19229 187 92.6936  
2019_10_24_12_10_27_049 1571937027049 19319 19282 256 126.148  
2019_10_24_12_10_27_072 1571937027072 19342 19305 75 38.6901  
2019_10_24_12_10_27_073 1571937027073 19343 19306 512 251.5  
2019_10_24_12_10_27_082 1571937027082 19352 19315 491 241.144  
2019_10_24_12_10_27_090 1571937027090 19360 19323 744 366.774  
2019_10_24_12_10_27_091 1571937027091 19361 19324 158 78.675  
2019_10_24_12_10_27_103 1571937027103 19373 19336 435 213.593  
2019_10_24_12_10_27_141 1571937027141 19411 19374 294 144.633  
2019_10_24_12_10_27_177 1571937027177 19447 19410 423 207.701  
2019_10_24_12_10_27_182 1571937027182 19452 19415 219 108.191  
2019_10_24_12_10_27_199 1571937027199 19469 19431 161 80.124  
2019_10_24_12_10_27_205 1571937027205 19475 19437 160 79.641  
2019_10_24_12_10_27_223 1571937027223 19493 19455 1076 534.504  
2019_10_24_12_10_27_252 1571937027252 19522 19484 213 105.283  
2019_10_24_12_10_27_263 1571937027263 19533 19495 1106 549.821  
2019_10_24_12_10_27_265 1571937027265 19535 19497 263 129.55  
2019_10_24_12_10_27_547 1571937027547 19817 19779 324 159.256  
2019_10_24_12_10_27_548 1571937027548 19818 19780 385 189.072  
2019_10_24_12_10_27_549 1571937027549 19819 19781 172 85.4395  
2019_10_24_12_10_27_549 1571937027549 19819 19781 191 94.6291  
2019_10_24_12_10_27_550 1571937027550 19820 19782 193 95.5971  
2019_10_24_12_10_27_550 1571937027550 19820 19782 159 79.1579  
2019_10_24_12_10_27_550 1571937027550 19820 19782 851 420.476  
2019_10_24_12_10_27_615 1571937027615 19885 19847 717 353.277  
2019_10_24_12_10_27_671 1571937027671 19941 19903 4095 2209.31  
2019_10_24_12_10_27_676 1571937027676 19946 19908 862 426.015  
2019_10_24_12_10_27_709 1571937027709 19979 19941 180 89.3075  
2019_10_24_12_10_27_720 1571937027720 19990 19951 164 81.5733  
2019_10_24_12_10_27_732 1571937027732 20002 19963 106 53.6004  
2019_10_24_12_10_27_744 1571937027744 20014 19975 2172 1111.35  
2019_10_24_12_10_27_758 1571937027758 20028 19989 122 61.3071  
2019_10_24_12_10_27_775 1571937027775 20045 20006 402 197.4  
2019_10_24_12_10_27_792 1571937027792 20062 20023 591 290.574  
2019_10_24_12_10_27_827 1571937027827 20097 20058 263 129.55  
2019_10_24_12_10_27_832 1571937027832 20102 20063 179 88.8239  
2019_10_24_12_10_27_866 1571937027866 20136 20097 138 69.0214  
2019_10_24_12_10_27_887 1571937027887 20157 20118 279 137.331  
2019_10_24_12_10_27_926 1571937027926 20196 20157 100 50.7123  
2019_10_24_12_10_27_930 1571937027930 20200 20161 880 435.088  
2019_10_24_12_10_27_936 1571937027936 20206 20167 222 109.646  
2019_10_24_12_10_27_940 1571937027940 20210 20171 1104 548.799  
2019_10_24_12_10_27_950 1571937027950 20220 20181 396 194.46  
2019_10_24_12_10_27_959 1571937027959 20229 20190 75 38.6901  
2019_10_24_12_10_28_010 1571937028010 20280 20241 295 145.12  
2019_10_24_12_10_28_034 1571937028034 20304 20264 338 166.089  
2019_10_24_12_10_28_052 1571937028052 20322 20282 183 90.7585  
2019_10_24_12_10_28_057 1571937028057 20327 20287 330 162.184  
2019_10_24_12_10_28_068 1571937028068 20338 20298 4095 2209.31  
2019_10_24_12_10_28_073 1571937028073 20343 20303 1306 652.613  
2019_10_24_12_10_28_146 1571937028146 20416 20376 296 145.607  
2019_10_24_12_10_28_222 1571937028222 20492 20452 93 47.3442  
2019_10_24_12_10_28_229 1571937028229 20499 20459 216 106.737  
2019_10_24_12_10_28_260 1571937028260 20530 20490 86 43.9776  
2019_10_24_12_10_28_279 1571937028279 20549 20509 297 146.094  
2019_10_24_12_10_28_290 1571937028290 20560 20520 146 72.8814  
2019_10_24_12_10_28_307 1571937028307 20577 20537 314 154.378  
2019_10_24_12_10_28_448 1571937028448 20718 20678 215 106.252  
2019_10_24_12_10_28_452 1571937028452 20722 20682 136 68.0567  
2019_10_24_12_10_28_453 1571937028453 20723 20683 609 299.503  
2019_10_24_12_10_28_456 1571937028456 20726 20686 255 125.662  
2019_10_24_12_10_28_519 1571937028519 20789 20749 133 66.6099  
2019_10_24_12_10_28_525 1571937028525 20795 20755 291 143.172  
2019_10_24_12_10_28_562 1571937028562 20832 20791 728 358.773  
2019_10_24_12_10_28_582 1571937028582 20852 20811 310 152.428  
2019_10_24_12_10_28_646 1571937028646 20916 20875 188 93.1774  
2019_10_24_12_10_28_676 1571937028676 20946 20905 319 156.817  
2019_10_24_12_10_28_736 1571937028736 21006 20965 375 184.176  
2019_10_24_12_10_28_758 1571937028758 21028 20987 781 385.305  
2019_10_24_12_10_28_787 1571937028787 21057 21016 334 164.136  
2019_10_24_12_10_28_855 1571937028855 21125 21084 291 143.172  
2019_10_24_12_10_28_860 1571937028860 21130 21089 443 217.523  
2019_10_24_12_10_28_876 1571937028876 21146 21105 356 174.883  
2019_10_24_12_10_28_962 1571937028962 21232 21191 86 43.9776  
2019_10_24_12_10_29_014 1571937029014 21284 21243 325 159.744  
2019_10_24_12_10_29_022 1571937029022 21292 21251 103 52.1562  
2019_10_24_12_10_29_053 1571937029053 21323 21282 235 115.951  
2019_10_24_12_10_29_066 1571937029066 21336 21295 171 84.9561  
2019_10_24_12_10_29_069 1571937029069 21339 21298 388 190.541  
2019_10_24_12_10_29_073 1571937029073 21343 21302 426 209.173  
2019_10_24_12_10_29_596 1571937029596 21866 21824 594 292.062  
2019_10_24_12_10_29_596 1571937029596 21866 21824 1651 832.711  
2019_10_24_12_10_29_597 1571937029597 21867 21825 303 149.017  
2019_10_24_12_10_29_597 1571937029597 21867 21825 197 97.5334  
2019_10_24_12_10_29_597 1571937029597 21867 21825 266 131.008  
2019_10_24_12_10_29_598 1571937029598 21868 21826 159 79.1579  
2019_10_24_12_10_29_598 1571937029598 21868 21826 359 176.35  
2019_10_24_12_10_29_598 1571937029598 21868 21826 121 60.8252  
2019_10_24_12_10_29_598 1571937029598 21868 21826 327 160.72  
2019_10_24_12_10_29_631 1571937029631 21901 21859 99 50.2311  
2019_10_24_12_10_29_694 1571937029694 21964 21922 2644 1370.72  
2019_10_24_12_10_29_702 1571937029702 21972 21930 763 376.285  
2019_10_24_12_10_29_707 1571937029707 21977 21935 140 69.9862  
2019_10_24_12_10_29_710 1571937029710 21980 21938 48 25.7269  
2019_10_24_12_10_29_713 1571937029713 21983 21941 282 138.791  
2019_10_24_12_10_29_847 1571937029847 22117 22075 158 78.675  
2019_10_24_12_10_29_902 1571937029902 22172 22130 1549 779.098  
2019_10_24_12_10_29_932 1571937029932 22202 22159 641 315.4  
2019_10_24_12_10_30_050 1571937030050 22320 22277 171 84.9561  
2019_10_24_12_10_30_078 1571937030078 22348 22305 279 137.331  
2019_10_24_12_10_30_169 1571937030169 22439 22396 202 99.9544  
2019_10_24_12_10_30_187 1571937030187 22457 22414 681 335.314  
2019_10_24_12_10_30_215 1571937030215 22485 22442 221 109.161  
2019_10_24_12_10_30_218 1571937030218 22488 22445 407 199.852  
2019_10_24_12_10_30_223 1571937030223 22493 22450 1716 867.036  
2019_10_24_12_10_30_245 1571937030245 22515 22472 307 150.966  
2019_10_24_12_10_30_284 1571937030284 22554 22511 279 137.331  
2019_10_24_12_10_30_307 1571937030307 22577 22534 255 125.662  
2019_10_24_12_10_30_376 1571937030376 22646 22603 768 378.79  
2019_10_24_12_10_30_380 1571937030380 22650 22607 450 220.964  
2019_10_24_12_10_30_457 1571937030457 22727 22684 816 402.872  
2019_10_24_12_10_30_460 1571937030460 22730 22687 316 155.354  
2019_10_24_12_10_30_575 1571937030575 22845 22802 210 103.829  
2019_10_24_12_10_30_593 1571937030593 22863 22820 179 88.8239  
2019_10_24_12_10_30_606 1571937030606 22876 22832 186 92.2098  
2019_10_24_12_10_30_650 1571937030650 22920 22876 231 114.011  
2019_10_24_12_10_30_705 1571937030705 22975 22931 99 50.2311  
2019_10_24_12_10_30_767 1571937030767 23037 22993 976 483.64  
2019_10_24_12_10_30_769 1571937030769 23039 22995 595 292.557  
2019_10_24_12_10_30_773 1571937030773 23043 22999 243 119.834  
2019_10_24_12_10_30_812 1571937030812 23082 23038 227 112.07  
2019_10_24_12_10_30_832 1571937030832 23102 23058 200 98.9859  
2019_10_24_12_10_30_833 1571937030833 23103 23059 201 99.4701  
2019_10_24_12_10_30_856 1571937030856 23126 23082 303 149.017  
2019_10_24_12_10_30_871 1571937030871 23141 23097 158 78.675  
2019_10_24_12_10_30_902 1571937030902 23172 23128 191 94.6291  
2019_10_24_12_10_30_992 1571937030992 23262 23218 682 335.812  
2019_10_24_12_10_31_008 1571937031008 23278 23234 272 133.926  
2019_10_24_12_10_31_016 1571937031016 23286 23242 518 254.461  
2019_10_24_12_10_31_043 1571937031043 23313 23269 150 74.8121  
2019_10_24_12_10_31_086 1571937031086 23356 23312 97 49.2687  
2019_10_24_12_10_31_106 1571937031106 23376 23331 1068 530.424  
2019_10_24_12_10_31_138 1571937031138 23408 23363 2433 1253.96  
2019_10_24_12_10_31_162 1571937031162 23432 23387 187 92.6936  
2019_10_24_12_10_31_164 1571937031164 23434 23389 546 268.294  
2019_10_24_12_10_31_194 1571937031194 23464 23419 819 404.38  
2019_10_24_12_10_31_288 1571937031288 23558 23513 404 198.381  
2019_10_24_12_10_31_304 1571937031304 23574 23529 393 192.99  
2019_10_24_12_10_31_339 1571937031339 23609 23564 360 176.839  
2019_10_24_12_10_31_382 1571937031382 23652 23607 4095 2209.31  
2019_10_24_12_10_31_643 1571937031643 23913 23868 677 333.32  
2019_10_24_12_10_31_644 1571937031644 23914 23869 1332 666.063  
2019_10_24_12_10_31_645 1571937031645 23915 23870 288 141.711  
2019_10_24_12_10_31_645 1571937031645 23915 23870 344 169.019  
2019_10_24_12_10_31_645 1571937031645 23915 23870 163 81.0902  
2019_10_24_12_10_31_646 1571937031646 23916 23871 569 279.674  
2019_10_24_12_10_31_646 1571937031646 23916 23871 522 256.436  
2019_10_24_12_10_31_646 1571937031646 23916 23871 136 68.0567  
2019_10_24_12_10_31_701 1571937031701 23971 23926 84 43.016  
2019_10_24_12_10_31_708 1571937031708 23978 23932 535 262.857  
2019_10_24_12_10_31_721 1571937031721 23991 23945 189 93.6613  
2019_10_24_12_10_31_794 1571937031794 24064 24018 328 161.208  
2019_10_24_12_10_31_837 1571937031837 24107 24061 251 123.719  
2019_10_24_12_10_31_849 1571937031849 24119 24073 1164 579.509  
2019_10_24_12_10_31_893 1571937031893 24163 24117 582 286.113  
2019_10_24_12_10_31_918 1571937031918 24188 24142 251 123.719  
2019_10_24_12_10_31_967 1571937031967 24237 24191 478 234.74  
2019_10_24_12_10_31_980 1571937031980 24250 24204 186 92.2098  
2019_10_24_12_10_31_992 1571937031992 24262 24216 141 70.4687  
2019_10_24_12_10_32_027 1571937032027 24297 24251 231 114.011  
2019_10_24_12_10_32_043 1571937032043 24313 24267 681 335.314  
2019_10_24_12_10_32_114 1571937032114 24384 24338 224 110.616  
2019_10_24_12_10_32_165 1571937032165 24435 24389 204 100.923  
2019_10_24_12_10_32_191 1571937032191 24461 24415 489 240.159  
2019_10_24_12_10_32_217 1571937032217 24487 24441 243 119.834  
2019_10_24_12_10_32_223 1571937032223 24493 24447 126 63.235  
2019_10_24_12_10_32_239 1571937032239 24509 24462 83 42.5352  
2019_10_24_12_10_32_289 1571937032289 24559 24512 151 75.2949  
2019_10_24_12_10_32_309 1571937032309 24579 24532 188 93.1774  
2019_10_24_12_10_32_441 1571937032441 24711 24664 191 94.6291  
2019_10_24_12_10_32_495 1571937032495 24765 24718 104 52.6376  
2019_10_24_12_10_32_527 1571937032527 24797 24750 771 380.293  
2019_10_24_12_10_32_582 1571937032582 24852 24805 196 97.0493  
2019_10_24_12_10_32_611 1571937032611 24881 24834 175 86.8898  
2019_10_24_12_10_32_782 1571937032782 25052 25005 215 106.252  
2019_10_24_12_10_32_805 1571937032805 25075 25028 255 125.662  
2019_10_24_12_10_32_874 1571937032874 25144 25097 181 89.7911  
2019_10_24_12_10_32_989 1571937032989 25259 25212 322 158.28  
2019_10_24_12_10_33_124 1571937033124 25394 25347 220 108.676  
2019_10_24_12_10_33_132 1571937033132 25402 25355 186 92.2098  
2019_10_24_12_10_33_154 1571937033154 25424 25377 126 63.235  
2019_10_24_12_10_33_174 1571937033174 25444 25397 273 134.412  
2019_10_24_12_10_33_217 1571937033217 25487 25440 559 274.724  
2019_10_24_12_10_33_278 1571937033278 25548 25500 676 332.822  
2019_10_24_12_10_33_284 1571937033284 25554 25506 175 86.8898  
2019_10_24_12_10_33_316 1571937033316 25586 25538 340 167.066  
2019_10_24_12_10_33_691 1571937033691 25961 25913 154 76.7433  
2019_10_24_12_10_33_692 1571937033692 25962 25914 69 35.8075  
2019_10_24_12_10_33_693 1571937033693 25963 25915 136 68.0567  
2019_10_24_12_10_33_693 1571937033693 25963 25915 111 56.0079  
2019_10_24_12_10_33_693 1571937033693 25963 25915 308 151.453  
2019_10_24_12_10_33_694 1571937033694 25964 25916 264 130.036  
2019_10_24_12_10_33_694 1571937033694 25964 25916 227 112.07  
2019_10_24_12_10_33_785 1571937033785 26055 26007 263 129.55  
2019_10_24_12_10_33_813 1571937033813 26083 26035 187 92.6936  
2019_10_24_12_10_33_839 1571937033839 26109 26061 338 166.089  
2019_10_24_12_10_33_845 1571937033845 26115 26067 281 138.304  
2019_10_24_12_10_33_846 1571937033846 26116 26068 251 123.719  
2019_10_24_12_10_33_904 1571937033904 26174 26126 219 108.191  
2019_10_24_12_10_33_908 1571937033908 26178 26130 1303 651.063  
2019_10_24_12_10_33_976 1571937033976 26246 26197 633 311.423  
2019_10_24_12_10_34_033 1571937034033 26303 26254 79 40.6124  
2019_10_24_12_10_34_040 1571937034040 26310 26261 2927 1529.39  
2019_10_24_12_10_34_057 1571937034057 26327 26278 404 198.381  
2019_10_24_12_10_34_088 1571937034088 26358 26309 104 52.6376  
2019_10_24_12_10_34_106 1571937034106 26376 26327 396 194.46  
2019_10_24_12_10_34_112 1571937034112 26382 26333 298 146.581  
2019_10_24_12_10_34_183 1571937034183 26453 26404 150 74.8121  
2019_10_24_12_10_34_198 1571937034198 26468 26419 101 51.1936  
2019_10_24_12_10_34_228 1571937034228 26498 26449 209 103.345  
2019_10_24_12_10_34_263 1571937034263 26533 26484 307 150.966  
2019_10_24_12_10_34_286 1571937034286 26556 26507 1014 502.933  
2019_10_24_12_10_34_298 1571937034298 26568 26519 1527 767.575  
2019_10_24_12_10_34_314 1571937034314 26584 26535 256 126.148  
2019_10_24_12_10_34_317 1571937034317 26587 26538 297 146.094  
2019_10_24_12_10_34_348 1571937034348 26618 26569 210 103.829  
2019_10_24_12_10_34_355 1571937034355 26625 26576 127 63.717  
2019_10_24_12_10_34_399 1571937034399 26669 26619 398 195.44  
2019_10_24_12_10_34_432 1571937034432 26702 26652 250 123.234  
2019_10_24_12_10_34_488 1571937034488 26758 26708 262 129.064  
2019_10_24_12_10_34_526 1571937034526 26796 26746 1923 977.182  
2019_10_24_12_10_34_550 1571937034550 26820 26770 173 85.9229  
2019_10_24_12_10_34_565 1571937034565 26835 26785 166 82.5397  
2019_10_24_12_10_34_580 1571937034580 26850 26800 598 294.045  
2019_10_24_12_10_34_626 1571937034626 26896 26846 158 78.675  
2019_10_24_12_10_34_642 1571937034642 26912 26862 763 376.285  
2019_10_24_12_10_34_681 1571937034681 26951 26901 184 91.2422  
2019_10_24_12_10_34_682 1571937034682 26952 26902 378 185.644  
2019_10_24_12_10_34_786 1571937034786 27056 27006 3442 1824.21  
2019_10_24_12_10_34_793 1571937034793 27063 27013 119 59.8615  
2019_10_24_12_10_34_798 1571937034798 27068 27018 301 148.042  
2019_10_24_12_10_34_848 1571937034848 27118 27068 1403 702.894  
2019_10_24_12_10_34_920 1571937034920 27190 27140 281 138.304  
2019_10_24_12_10_34_998 1571937034998 27268 27218 160 79.641  
2019_10_24_12_10_34_999 1571937034999 27269 27219 313 153.891  
2019_10_24_12_10_35_034 1571937035034 27304 27253 198 98.0175  
2019_10_24_12_10_35_058 1571937035058 27328 27277 155 77.2262  
2019_10_24_12_10_35_118 1571937035118 27388 27337 144 71.9162  
2019_10_24_12_10_35_128 1571937035128 27398 27347 205 101.407  
2019_10_24_12_10_35_129 1571937035129 27399 27348 1116 554.932  
2019_10_24_12_10_35_140 1571937035140 27410 27359 409 200.833  
2019_10_24_12_10_35_201 1571937035201 27471 27420 318 156.329  
2019_10_24_12_10_35_241 1571937035241 27511 27460 751 370.277  
2019_10_24_12_10_35_283 1571937035283 27553 27502 157 78.192  
2019_10_24_12_10_35_330 1571937035330 27600 27549 691 340.3  
2019_10_24_12_10_35_338 1571937035338 27608 27557 125 62.753  
2019_10_24_12_10_35_355 1571937035355 27625 27574 223 110.131  
2019_10_24_12_10_35_382 1571937035382 27652 27601 215 106.252  
2019_10_24_12_10_35_440 1571937035440 27710 27659 211 104.314  
2019_10_24_12_10_35_739 1571937035739 28009 27958 137 68.5391  
2019_10_24_12_10_35_740 1571937035740 28010 27959 582 286.113  
2019_10_24_12_10_35_741 1571937035741 28011 27960 579 284.627  
2019_10_24_12_10_35_741 1571937035741 28011 27959 234 115.466  
2019_10_24_12_10_35_741 1571937035741 28011 27959 130 65.1633  
2019_10_24_12_10_35_755 1571937035755 28025 27973 450 220.964  
2019_10_24_12_10_35_815 1571937035815 28085 28033 1935 983.606  
2019_10_24_12_10_35_830 1571937035830 28100 28048 1592 801.662  
2019_10_24_12_10_35_832 1571937035832 28102 28050 666 327.841  
2019_10_24_12_10_35_856 1571937035856 28126 28074 1939 985.748  
2019_10_24_12_10_35_903 1571937035903 28173 28121 463 227.357  
2019_10_24_12_10_35_911 1571937035911 28181 28129 303 149.017  
2019_10_24_12_10_35_932 1571937035932 28202 28150 230 113.526  
2019_10_24_12_10_35_983 1571937035983 28253 28201 168 83.5062  
2019_10_24_12_10_36_008 1571937036008 28278 28226 297 146.094  
2019_10_24_12_10_36_015 1571937036015 28285 28233 222 109.646  
2019_10_24_12_10_36_047 1571937036047 28317 28265 262 129.064  
2019_10_24_12_10_36_095 1571937036095 28365 28313 148 73.8467  
2019_10_24_12_10_36_135 1571937036135 28405 28353 978 484.654  
2019_10_24_12_10_36_183 1571937036183 28453 28401 194 96.0811  
2019_10_24_12_10_36_212 1571937036212 28482 28429 225 111.1  
2019_10_24_12_10_36_241 1571937036241 28511 28458 101 51.1936  
2019_10_24_12_10_36_286 1571937036286 28556 28503 156 77.7091  
2019_10_24_12_10_36_295 1571937036295 28565 28512 233 114.981  
2019_10_24_12_10_36_388 1571937036388 28658 28605 307 150.966  
2019_10_24_12_10_36_411 1571937036411 28681 28628 184 91.2422  
2019_10_24_12_10_36_436 1571937036436 28706 28653 619 304.467  
2019_10_24_12_10_36_460 1571937036460 28730 28677 478 234.74  
2019_10_24_12_10_36_475 1571937036475 28745 28692 173 85.9229  
2019_10_24_12_10_36_507 1571937036507 28777 28724 524 257.423  
2019_10_24_12_10_36_514 1571937036514 28784 28731 207 102.376  
2019_10_24_12_10_36_607 1571937036607 28877 28824 302 148.53  
2019_10_24_12_10_36_626 1571937036626 28896 28843 139 69.5038  
2019_10_24_12_10_36_655 1571937036655 28925 28872 88 44.9393  
2019_10_24_12_10_36_665 1571937036665 28935 28882 312 153.403  
2019_10_24_12_10_36_667 1571937036667 28937 28884 87 44.4585  
2019_10_24_12_10_36_788 1571937036788 29058 29005 141 70.4687  
2019_10_24_12_10_36_790 1571937036790 29060 29006 756 372.78  
2019_10_24_12_10_36_810 1571937036810 29080 29026 649 319.379  
2019_10_24_12_10_36_827 1571937036827 29097 29043 535 262.857  
2019_10_24_12_10_36_848 1571937036848 29118 29064 446 218.997  
2019_10_24_12_10_36_902 1571937036902 29172 29118 319 156.817  
2019_10_24_12_10_36_946 1571937036946 29216 29162 291 143.172  
2019_10_24_12_10_36_947 1571937036947 29217 29163 362 177.817  
2019_10_24_12_10_36_952 1571937036952 29222 29168 358 175.861  
2019_10_24_12_10_37_006 1571937037006 29276 29222 319 156.817  
2019_10_24_12_10_37_008 1571937037008 29278 29224 158 78.675  
2019_10_24_12_10_37_033 1571937037033 29303 29249 675 332.324  
2019_10_24_12_10_37_064 1571937037064 29334 29280 174 86.4063  
2019_10_24_12_10_37_111 1571937037111 29381 29327 108 54.5633  
2019_10_24_12_10_37_143 1571937037143 29413 29359 238 117.407  
2019_10_24_12_10_37_176 1571937037176 29446 29392 268 131.981  
2019_10_24_12_10_37_180 1571937037180 29450 29396 153 76.2605  
2019_10_24_12_10_37_187 1571937037187 29457 29403 555 272.745  
2019_10_24_12_10_37_197 1571937037197 29467 29412 1160 577.458  
2019_10_24_12_10_37_233 1571937037233 29503 29448 197 97.5334  
2019_10_24_12_10_37_234 1571937037234 29504 29449 814 401.868  
2019_10_24_12_10_37_265 1571937037265 29535 29480 70 36.2879  
2019_10_24_12_10_37_305 1571937037305 29575 29520 162 80.6071  
2019_10_24_12_10_37_432 1571937037432 29702 29647 239 117.893  
2019_10_24_12_10_37_453 1571937037453 29723 29668 503 247.06  
2019_10_24_12_10_37_482 1571937037482 29752 29697 200 98.9859  
