1571936300198 2019_10_24_11_58_20_198 2.734449 0.478300  0.000014786
2019_10_24_11_58_20_198 1571936300198 0 0 451 221.455  
2019_10_24_11_58_20_198 1571936300198 0 0 435 213.593  
2019_10_24_11_58_20_199 1571936300199 1 0 994 492.773  
2019_10_24_11_58_20_199 1571936300199 1 0 428 210.155  
2019_10_24_11_58_20_199 1571936300199 1 0 151 75.2949  
2019_10_24_11_58_20_199 1571936300199 1 0 552 271.261  
2019_10_24_11_58_20_199 1571936300199 1 0 163 81.0902  
2019_10_24_11_58_20_199 1571936300199 1 0 198 98.0175  
2019_10_24_11_58_20_199 1571936300199 1 0 176 87.3733  
2019_10_24_11_58_20_199 1571936300199 1 0 283 139.278  
2019_10_24_11_58_20_199 1571936300199 1 0 158 78.675  
2019_10_24_11_58_20_200 1571936300200 2 1 72 37.2487  
2019_10_24_11_58_20_200 1571936300200 2 1 470 230.802  
2019_10_24_11_58_20_200 1571936300200 2 1 176 87.3733  
2019_10_24_11_58_20_200 1571936300200 2 1 295 145.12  
2019_10_24_11_58_20_200 1571936300200 2 1 125 62.753  
2019_10_24_11_58_20_200 1571936300200 2 1 555 272.745  
2019_10_24_11_58_20_200 1571936300200 2 0 200 98.9859  
2019_10_24_11_58_20_200 1571936300200 2 0 454 222.93  
2019_10_24_11_58_20_200 1571936300200 2 0 120 60.3434  
2019_10_24_11_58_20_201 1571936300201 3 1 255 125.662  
2019_10_24_11_58_20_201 1571936300201 3 1 12 8.47618  
2019_10_24_11_58_20_201 1571936300201 3 1 29 16.6176  
2019_10_24_11_58_20_201 1571936300201 3 1 19 11.8275  
2019_10_24_11_58_20_201 1571936300201 3 1 37 20.4518  
2019_10_24_11_58_20_201 1571936300201 3 1 40 21.8901  
2019_10_24_11_58_20_201 1571936300201 3 1 41 22.3696  
2019_10_24_11_58_20_201 1571936300201 3 1 19 11.8275  
2019_10_24_11_58_20_201 1571936300201 3 1 4095 2209.31  
2019_10_24_11_58_20_202 1571936300202 4 2 379 186.134  
2019_10_24_11_58_20_202 1571936300202 4 2 101 51.1936  
2019_10_24_11_58_20_329 1571936300329 131 129 92 46.8632  
2019_10_24_11_58_20_370 1571936300370 172 170 318 156.329  
2019_10_24_11_58_20_385 1571936300385 187 185 133 66.6099  
2019_10_24_11_58_20_474 1571936300474 276 273 197 97.5334  
2019_10_24_11_58_20_485 1571936300485 287 284 251 123.719  
2019_10_24_11_58_20_488 1571936300488 290 287 440 216.049  
2019_10_24_11_58_20_522 1571936300522 324 321 242 119.349  
2019_10_24_11_58_20_555 1571936300555 357 354 211 104.314  
2019_10_24_11_58_20_563 1571936300563 365 362 202 99.9544  
2019_10_24_11_58_20_571 1571936300571 373 370 252 124.205  
2019_10_24_11_58_20_581 1571936300581 383 380 129 64.6812  
2019_10_24_11_58_20_605 1571936300605 407 404 311 152.916  
2019_10_24_11_58_20_631 1571936300631 433 430 227 112.07  
2019_10_24_11_58_20_655 1571936300655 457 454 240 118.378  
2019_10_24_11_58_20_659 1571936300659 461 458 102 51.6749  
2019_10_24_11_58_20_733 1571936300733 535 532 84 43.016  
2019_10_24_11_58_20_750 1571936300750 552 549 97 49.2687  
2019_10_24_11_58_20_784 1571936300784 586 583 1353 676.941  
2019_10_24_11_58_20_787 1571936300787 589 586 70 36.2879  
2019_10_24_11_58_20_797 1571936300797 599 596 642 315.897  
2019_10_24_11_58_20_802 1571936300802 604 600 389 191.031  
2019_10_24_11_58_20_804 1571936300804 606 602 139 69.5038  
2019_10_24_11_58_20_873 1571936300873 675 671 231 114.011  
2019_10_24_11_58_20_891 1571936300891 693 689 165 82.0565  
2019_10_24_11_58_20_913 1571936300913 715 711 173 85.9229  
2019_10_24_11_58_20_936 1571936300936 738 734 519 254.955  
2019_10_24_11_58_20_942 1571936300942 744 740 230 113.526  
2019_10_24_11_58_20_943 1571936300943 745 741 314 154.378  
2019_10_24_11_58_20_959 1571936300959 761 757 397 194.95  
2019_10_24_11_58_21_003 1571936301003 805 801 732 360.773  
2019_10_24_11_58_21_088 1571936301088 890 886 590 290.078  
2019_10_24_11_58_21_121 1571936301121 923 919 432 212.119  
2019_10_24_11_58_21_132 1571936301132 934 930 167 83.0229  
2019_10_24_11_58_21_174 1571936301174 976 972 673 331.327  
2019_10_24_11_58_21_182 1571936301182 984 980 390 191.52  
2019_10_24_11_58_21_205 1571936301205 1007 1003 798 393.833  
2019_10_24_11_58_21_211 1571936301211 1013 1009 512 251.5  
2019_10_24_11_58_21_218 1571936301218 1020 1015 234 115.466  
2019_10_24_11_58_21_232 1571936301232 1034 1029 385 189.072  
2019_10_24_11_58_21_236 1571936301236 1038 1033 90 45.9012  
2019_10_24_11_58_21_238 1571936301238 1040 1035 134 67.0921  
2019_10_24_11_58_21_303 1571936301303 1105 1100 348 170.973  
2019_10_24_11_58_21_311 1571936301311 1113 1108 298 146.581  
2019_10_24_11_58_21_312 1571936301312 1114 1109 118 59.3797  
2019_10_24_11_58_21_343 1571936301343 1145 1140 552 271.261  
2019_10_24_11_58_21_605 1571936301605 1407 1402 183 90.7585  
2019_10_24_11_58_21_606 1571936301606 1408 1403 1303 651.063  
2019_10_24_11_58_21_607 1571936301607 1409 1404 4095 2209.31  
2019_10_24_11_58_21_607 1571936301607 1409 1404 464 227.849  
2019_10_24_11_58_21_607 1571936301607 1409 1404 190 94.1452  
2019_10_24_11_58_21_608 1571936301608 1410 1405 166 82.5397  
2019_10_24_11_58_21_608 1571936301608 1410 1405 367 180.262  
2019_10_24_11_58_21_608 1571936301608 1410 1405 153 76.2605  
2019_10_24_11_58_21_612 1571936301612 1414 1409 275 135.385  
2019_10_24_11_58_21_613 1571936301613 1415 1410 2810 1463.51  
2019_10_24_11_58_21_623 1571936301623 1425 1419 348 170.973  
2019_10_24_11_58_21_676 1571936301676 1478 1472 243 119.834  
2019_10_24_11_58_21_681 1571936301681 1483 1477 238 117.407  
2019_10_24_11_58_21_682 1571936301682 1484 1478 287 141.224  
2019_10_24_11_58_21_741 1571936301741 1543 1537 2615 1354.6  
2019_10_24_11_58_21_840 1571936301840 1642 1636 248 122.262  
2019_10_24_11_58_21_860 1571936301860 1662 1656 107 54.0818  
2019_10_24_11_58_21_867 1571936301867 1669 1663 176 87.3733  
2019_10_24_11_58_21_887 1571936301887 1689 1683 981 486.176  
2019_10_24_11_58_21_936 1571936301936 1738 1732 493 242.13  
2019_10_24_11_58_21_949 1571936301949 1751 1745 1012 501.917  
2019_10_24_11_58_21_956 1571936301956 1758 1752 701 345.288  
2019_10_24_11_58_21_978 1571936301978 1780 1774 119 59.8615  
2019_10_24_11_58_21_979 1571936301979 1781 1775 201 99.4701  
2019_10_24_11_58_22_009 1571936302009 1811 1805 569 279.674  
2019_10_24_11_58_22_099 1571936302099 1901 1895 243 119.834  
2019_10_24_11_58_22_100 1571936302100 1902 1896 503 247.06  
2019_10_24_11_58_22_101 1571936302101 1903 1896 294 144.633  
2019_10_24_11_58_22_103 1571936302103 1905 1898 180 89.3075  
2019_10_24_11_58_22_109 1571936302109 1911 1904 74 38.2096  
2019_10_24_11_58_22_120 1571936302120 1922 1915 208 102.861  
2019_10_24_11_58_22_144 1571936302144 1946 1939 277 136.358  
2019_10_24_11_58_22_145 1571936302145 1947 1940 226 111.585  
2019_10_24_11_58_22_176 1571936302176 1978 1971 94 47.8253  
2019_10_24_11_58_22_226 1571936302226 2028 2021 245 120.805  
2019_10_24_11_58_22_286 1571936302286 2088 2081 225 111.1  
2019_10_24_11_58_22_294 1571936302294 2096 2089 163 81.0902  
2019_10_24_11_58_22_301 1571936302301 2103 2096 97 49.2687  
2019_10_24_11_58_22_314 1571936302314 2116 2109 144 71.9162  
2019_10_24_11_58_22_360 1571936302360 2162 2155 324 159.256  
2019_10_24_11_58_22_385 1571936302385 2187 2180 198 98.0175  
2019_10_24_11_58_22_388 1571936302388 2190 2183 320 157.305  
2019_10_24_11_58_22_421 1571936302421 2223 2216 844 416.952  
2019_10_24_11_58_22_425 1571936302425 2227 2220 175 86.8898  
2019_10_24_11_58_22_432 1571936302432 2234 2226 190 94.1452  
2019_10_24_11_58_22_446 1571936302446 2248 2240 547 268.789  
2019_10_24_11_58_22_449 1571936302449 2251 2243 284 139.764  
2019_10_24_11_58_22_479 1571936302479 2281 2273 519 254.955  
2019_10_24_11_58_22_483 1571936302483 2285 2277 194 96.0811  
2019_10_24_11_58_22_517 1571936302517 2319 2311 317 155.841  
2019_10_24_11_58_22_542 1571936302542 2344 2336 97 49.2687  
2019_10_24_11_58_22_588 1571936302588 2390 2382 410 201.323  
2019_10_24_11_58_22_615 1571936302615 2417 2409 1003 497.344  
2019_10_24_11_58_22_624 1571936302624 2426 2418 207 102.376  
2019_10_24_11_58_22_689 1571936302689 2491 2483 87 44.4585  
2019_10_24_11_58_22_696 1571936302696 2498 2490 296 145.607  
2019_10_24_11_58_22_702 1571936302702 2504 2496 2409 1240.76  
2019_10_24_11_58_22_726 1571936302726 2528 2520 263 129.55  
2019_10_24_11_58_22_810 1571936302810 2612 2604 966 478.57  
2019_10_24_11_58_22_815 1571936302815 2617 2609 260 128.092  
2019_10_24_11_58_22_820 1571936302820 2622 2614 249 122.748  
2019_10_24_11_58_22_830 1571936302830 2632 2623 150 74.8121  
2019_10_24_11_58_22_855 1571936302855 2657 2648 355 174.394  
2019_10_24_11_58_22_876 1571936302876 2678 2669 1918 974.506  
2019_10_24_11_58_22_881 1571936302881 2683 2674 333 163.648  
2019_10_24_11_58_22_885 1571936302885 2687 2678 260 128.092  
2019_10_24_11_58_22_897 1571936302897 2699 2690 378 185.644  
2019_10_24_11_58_22_898 1571936302898 2700 2691 265 130.522  
2019_10_24_11_58_22_922 1571936302922 2724 2715 180 89.3075  
2019_10_24_11_58_22_931 1571936302931 2733 2724 314 154.378  
2019_10_24_11_58_22_968 1571936302968 2770 2761 260 128.092  
2019_10_24_11_58_22_978 1571936302978 2780 2771 332 163.16  
2019_10_24_11_58_22_985 1571936302985 2787 2778 145 72.3988  
2019_10_24_11_58_22_994 1571936302994 2796 2787 170 84.4728  
2019_10_24_11_58_23_002 1571936303002 2804 2795 405 198.871  
2019_10_24_11_58_23_164 1571936303164 2966 2957 509 250.02  
2019_10_24_11_58_23_203 1571936303203 3005 2996 520 255.449  
2019_10_24_11_58_23_233 1571936303233 3035 3026 2295 1178.31  
2019_10_24_11_58_23_292 1571936303292 3094 3084 149 74.3294  
2019_10_24_11_58_23_361 1571936303361 3163 3153 322 158.28  
2019_10_24_11_58_23_366 1571936303366 3168 3158 241 118.864  
2019_10_24_11_58_23_426 1571936303426 3228 3218 111 56.0079  
2019_10_24_11_58_23_439 1571936303439 3241 3231 101 51.1936  
2019_10_24_11_58_23_457 1571936303457 3259 3249 381 187.113  
2019_10_24_11_58_23_488 1571936303488 3290 3280 161 80.124  
2019_10_24_11_58_23_500 1571936303500 3302 3292 238 117.407  
2019_10_24_11_58_23_516 1571936303516 3318 3308 658 323.858  
2019_10_24_11_58_23_521 1571936303521 3323 3313 113 56.9711  
2019_10_24_11_58_23_539 1571936303539 3341 3331 105 53.119  
2019_10_24_11_58_23_622 1571936303622 3424 3414 294 144.633  
2019_10_24_11_58_23_645 1571936303645 3447 3437 386 189.561  
2019_10_24_11_58_23_679 1571936303679 3481 3471 591 290.574  
2019_10_24_11_58_23_683 1571936303683 3485 3475 247 121.777  
2019_10_24_11_58_23_691 1571936303691 3493 3483 218 107.707  
2019_10_24_11_58_23_746 1571936303746 3548 3538 154 76.7433  
2019_10_24_11_58_23_819 1571936303819 3621 3611 150 74.8121  
2019_10_24_11_58_23_843 1571936303843 3645 3634 164 81.5733  
2019_10_24_11_58_23_849 1571936303849 3651 3640 356 174.883  
2019_10_24_11_58_23_938 1571936303938 3740 3729 101 51.1936  
2019_10_24_11_58_23_985 1571936303985 3787 3776 1828 926.475  
2019_10_24_11_58_24_014 1571936304014 3816 3805 193 95.5971  
2019_10_24_11_58_24_044 1571936304044 3846 3835 600 295.037  
2019_10_24_11_58_24_048 1571936304048 3850 3839 512 251.5  
2019_10_24_11_58_24_054 1571936304054 3856 3845 766 377.788  
2019_10_24_11_58_24_066 1571936304066 3868 3857 170 84.4728  
2019_10_24_11_58_24_075 1571936304075 3877 3866 1036 514.123  
2019_10_24_11_58_24_095 1571936304095 3897 3886 1299 648.996  
2019_10_24_11_58_24_112 1571936304112 3914 3903 757 373.28  
2019_10_24_11_58_24_120 1571936304120 3922 3911 742 365.774  
2019_10_24_11_58_24_131 1571936304131 3933 3922 352 172.928  
2019_10_24_11_58_24_212 1571936304212 4014 4003 406 199.361  
2019_10_24_11_58_24_365 1571936304365 4167 4156 301 148.042  
2019_10_24_11_58_24_375 1571936304375 4177 4166 171 84.9561  
2019_10_24_11_58_24_378 1571936304378 4180 4168 180 89.3075  
2019_10_24_11_58_24_379 1571936304379 4181 4169 550 270.272  
2019_10_24_11_58_24_424 1571936304424 4226 4214 1222 609.296  
2019_10_24_11_58_24_425 1571936304425 4227 4215 164 81.5733  
2019_10_24_11_58_24_433 1571936304433 4235 4223 1313 656.232  
2019_10_24_11_58_24_455 1571936304455 4257 4245 636 312.914  
2019_10_24_11_58_24_461 1571936304461 4263 4251 536 263.351  
2019_10_24_11_58_24_465 1571936304465 4267 4255 85 43.4968  
2019_10_24_11_58_24_486 1571936304486 4288 4276 169 83.9894  
2019_10_24_11_58_24_520 1571936304520 4322 4310 132 66.1277  
2019_10_24_11_58_24_533 1571936304533 4335 4323 184 91.2422  
2019_10_24_11_58_24_582 1571936304582 4384 4372 256 126.148  
2019_10_24_11_58_24_599 1571936304599 4401 4389 97 49.2687  
2019_10_24_11_58_24_645 1571936304645 4447 4435 315 154.866  
2019_10_24_11_58_24_656 1571936304656 4458 4446 194 96.0811  
2019_10_24_11_58_24_728 1571936304728 4530 4518 877 433.576  
2019_10_24_11_58_24_770 1571936304770 4572 4560 266 131.008  
2019_10_24_11_58_24_790 1571936304790 4592 4579 277 136.358  
2019_10_24_11_58_24_807 1571936304807 4609 4596 92 46.8632  
2019_10_24_11_58_24_828 1571936304828 4630 4617 316 155.354  
2019_10_24_11_58_24_852 1571936304852 4654 4641 357 175.372  
2019_10_24_11_58_24_856 1571936304856 4658 4645 111 56.0079  
2019_10_24_11_58_24_875 1571936304875 4677 4664 296 145.607  
2019_10_24_11_58_24_910 1571936304910 4712 4699 175 86.8898  
2019_10_24_11_58_24_917 1571936304917 4719 4706 189 93.6613  
2019_10_24_11_58_24_961 1571936304961 4763 4750 617 303.474  
2019_10_24_11_58_24_979 1571936304979 4781 4768 608 299.007  
2019_10_24_11_58_24_983 1571936304983 4785 4772 111 56.0079  
2019_10_24_11_58_24_986 1571936304986 4788 4775 788 388.816  
2019_10_24_11_58_25_011 1571936305011 4813 4800 1275 636.603  
2019_10_24_11_58_25_014 1571936305014 4816 4803 287 141.224  
2019_10_24_11_58_25_109 1571936305109 4911 4898 387 190.051  
2019_10_24_11_58_25_187 1571936305187 4989 4976 331 162.672  
2019_10_24_11_58_25_197 1571936305197 4999 4986 223 110.131  
2019_10_24_11_58_25_207 1571936305207 5009 4995 181 89.7911  
2019_10_24_11_58_25_209 1571936305209 5011 4997 197 97.5334  
2019_10_24_11_58_25_213 1571936305213 5015 5001 1869 948.326  
2019_10_24_11_58_25_218 1571936305218 5020 5006 1175 585.15  
2019_10_24_11_58_25_222 1571936305222 5024 5010 504 247.553  
2019_10_24_11_58_25_236 1571936305236 5038 5024 179 88.8239  
2019_10_24_11_58_25_253 1571936305253 5055 5041 71 36.7683  
2019_10_24_11_58_25_274 1571936305274 5076 5062 395 193.97  
2019_10_24_11_58_25_290 1571936305290 5092 5078 497 244.102  
2019_10_24_11_58_25_300 1571936305300 5102 5088 766 377.788  
2019_10_24_11_58_25_354 1571936305354 5156 5142 2765 1438.27  
2019_10_24_11_58_25_387 1571936305387 5189 5175 277 136.358  
2019_10_24_11_58_25_389 1571936305389 5191 5177 786 387.813  
2019_10_24_11_58_25_395 1571936305395 5197 5183 139 69.5038  
2019_10_24_11_58_25_422 1571936305422 5224 5210 1198 596.958  
2019_10_24_11_58_25_459 1571936305459 5261 5247 565 277.694  
2019_10_24_11_58_25_481 1571936305481 5283 5269 97 49.2687  
2019_10_24_11_58_25_522 1571936305522 5324 5309 400 196.42  
2019_10_24_11_58_25_541 1571936305541 5343 5328 181 89.7911  
2019_10_24_11_58_25_553 1571936305553 5355 5340 187 92.6936  
2019_10_24_11_58_25_577 1571936305577 5379 5364 167 83.0229  
2019_10_24_11_58_25_587 1571936305587 5389 5374 613 301.488  
2019_10_24_11_58_25_618 1571936305618 5420 5405 490 240.651  
2019_10_24_11_58_25_631 1571936305631 5433 5418 997 494.297  
2019_10_24_11_58_25_638 1571936305638 5440 5425 1993 1014.72  
2019_10_24_11_58_25_727 1571936305727 5529 5514 4095 2209.31  
2019_10_24_11_58_25_744 1571936305744 5546 5531 472 231.786  
2019_10_24_11_58_25_757 1571936305757 5559 5544 268 131.981  
2019_10_24_11_58_25_765 1571936305765 5567 5552 395 193.97  
2019_10_24_11_58_25_774 1571936305774 5576 5561 169 83.9894  
2019_10_24_11_58_25_802 1571936305802 5604 5589 371 182.219  
2019_10_24_11_58_25_897 1571936305897 5699 5684 227 112.07  
2019_10_24_11_58_25_944 1571936305944 5746 5731 233 114.981  
2019_10_24_11_58_25_960 1571936305960 5762 5747 169 83.9894  
2019_10_24_11_58_25_973 1571936305973 5775 5760 1010 500.9  
2019_10_24_11_58_26_005 1571936306005 5807 5791 153 76.2605  
2019_10_24_11_58_26_013 1571936306013 5815 5799 1361 681.089  
2019_10_24_11_58_26_087 1571936306087 5889 5873 246 121.291  
2019_10_24_11_58_26_090 1571936306090 5892 5876 141 70.4687  
2019_10_24_11_58_26_094 1571936306094 5896 5880 412 202.304  
2019_10_24_11_58_26_167 1571936306167 5969 5953 83 42.5352  
2019_10_24_11_58_26_191 1571936306191 5993 5977 188 93.1774  
2019_10_24_11_58_26_213 1571936306213 6015 5999 220 108.676  
2019_10_24_11_58_26_227 1571936306227 6029 6013 446 218.997  
2019_10_24_11_58_26_273 1571936306273 6075 6059 176 87.3733  
2019_10_24_11_58_26_275 1571936306275 6077 6061 124 62.271  
2019_10_24_11_58_26_285 1571936306285 6087 6071 484 237.695  
2019_10_24_11_58_26_393 1571936306393 6195 6179 163 81.0902  
2019_10_24_11_58_26_395 1571936306395 6197 6181 183 90.7585  
2019_10_24_11_58_26_413 1571936306413 6215 6199 204 100.923  
2019_10_24_11_58_26_441 1571936306441 6243 6227 178 88.3403  
2019_10_24_11_58_26_477 1571936306477 6279 6263 154 76.7433  
2019_10_24_11_58_26_491 1571936306491 6293 6276 193 95.5971  
2019_10_24_11_58_26_494 1571936306494 6296 6279 4095 2209.31  
2019_10_24_11_58_26_513 1571936306513 6315 6298 2069 1055.63  
2019_10_24_11_58_26_514 1571936306514 6316 6299 295 145.12  
2019_10_24_11_58_26_542 1571936306542 6344 6327 172 85.4395  
2019_10_24_11_58_26_609 1571936306609 6411 6394 297 146.094  
2019_10_24_11_58_26_617 1571936306617 6419 6402 254 125.177  
2019_10_24_11_58_26_641 1571936306641 6443 6426 225 111.1  
2019_10_24_11_58_26_647 1571936306647 6449 6432 429 210.646  
2019_10_24_11_58_26_648 1571936306648 6450 6433 232 114.496  
2019_10_24_11_58_26_676 1571936306676 6478 6461 849 419.469  
2019_10_24_11_58_26_680 1571936306680 6482 6465 140 69.9862  
2019_10_24_11_58_26_690 1571936306690 6492 6475 264 130.036  
2019_10_24_11_58_26_697 1571936306697 6499 6482 384 188.582  
2019_10_24_11_58_26_703 1571936306703 6505 6488 592 291.07  
2019_10_24_11_58_26_721 1571936306721 6523 6506 239 117.893  
2019_10_24_11_58_26_751 1571936306751 6553 6536 202 99.9544  
2019_10_24_11_58_26_766 1571936306766 6568 6550 589 289.583  
2019_10_24_11_58_26_774 1571936306774 6576 6558 388 190.541  
2019_10_24_11_58_26_790 1571936306790 6592 6574 374 183.687  
2019_10_24_11_58_26_808 1571936306808 6610 6592 192 95.1131  
2019_10_24_11_58_26_820 1571936306820 6622 6604 102 51.6749  
2019_10_24_11_58_26_834 1571936306834 6636 6618 139 69.5038  
2019_10_24_11_58_26_844 1571936306844 6646 6628 310 152.428  
2019_10_24_11_58_26_860 1571936306860 6662 6644 106 53.6004  
2019_10_24_11_58_26_888 1571936306888 6690 6672 69 35.8075  
2019_10_24_11_58_26_921 1571936306921 6723 6705 573 281.655  
2019_10_24_11_58_26_947 1571936306947 6749 6731 1183 589.256  
2019_10_24_11_58_26_962 1571936306962 6764 6746 517 253.968  
2019_10_24_11_58_26_968 1571936306968 6770 6752 641 315.4  
2019_10_24_11_58_26_974 1571936306974 6776 6758 787 388.314  
2019_10_24_11_58_26_983 1571936306983 6785 6767 324 159.256  
2019_10_24_11_58_26_996 1571936306996 6798 6780 241 118.864  
2019_10_24_11_58_27_012 1571936307012 6814 6796 334 164.136  
2019_10_24_11_58_27_079 1571936307079 6881 6862 265 130.522  
2019_10_24_11_58_27_121 1571936307121 6923 6904 169 83.9894  
2019_10_24_11_58_27_161 1571936307161 6963 6944 283 139.278  
2019_10_24_11_58_27_172 1571936307172 6974 6955 311 152.916  
2019_10_24_11_58_27_197 1571936307197 6999 6980 355 174.394  
2019_10_24_11_58_27_242 1571936307242 7044 7025 2239 1147.77  
2019_10_24_11_58_27_264 1571936307264 7066 7047 218 107.707  
2019_10_24_11_58_27_378 1571936307378 7180 7161 80 41.0931  
2019_10_24_11_58_27_387 1571936307387 7189 7170 250 123.234  
2019_10_24_11_58_27_444 1571936307444 7246 7227 417 204.757  
2019_10_24_11_58_27_457 1571936307457 7259 7240 275 135.385  
2019_10_24_11_58_27_477 1571936307477 7279 7260 568 279.179  
2019_10_24_11_58_27_485 1571936307485 7287 7268 271 133.44  
2019_10_24_11_58_27_749 1571936307749 7551 7532 455 223.422  
2019_10_24_11_58_27_750 1571936307750 7552 7533 1269 633.507  
2019_10_24_11_58_27_751 1571936307751 7553 7534 643 316.394  
2019_10_24_11_58_27_751 1571936307751 7553 7534 112 56.4895  
2019_10_24_11_58_27_751 1571936307751 7553 7533 138 69.0214  
2019_10_24_11_58_27_751 1571936307751 7553 7533 1253 625.258  
2019_10_24_11_58_27_752 1571936307752 7554 7534 348 170.973  
2019_10_24_11_58_27_752 1571936307752 7554 7534 301 148.042  
2019_10_24_11_58_27_752 1571936307752 7554 7534 1174 584.637  
2019_10_24_11_58_27_752 1571936307752 7554 7534 2068 1055.09  
2019_10_24_11_58_27_752 1571936307752 7554 7534 1415 709.133  
2019_10_24_11_58_27_752 1571936307752 7554 7534 345 169.508  
2019_10_24_11_58_27_752 1571936307752 7554 7534 61 31.9658  
2019_10_24_11_58_27_752 1571936307752 7554 7534 218 107.707  
2019_10_24_11_58_27_753 1571936307753 7555 7535 180 89.3075  
2019_10_24_11_58_27_753 1571936307753 7555 7535 2382 1225.94  
2019_10_24_11_58_27_753 1571936307753 7555 7535 189 93.6613  
2019_10_24_11_58_27_757 1571936307757 7559 7539 4095 2209.31  
2019_10_24_11_58_27_762 1571936307762 7564 7544 316 155.354  
2019_10_24_11_58_27_765 1571936307765 7567 7547 725 357.274  
2019_10_24_11_58_27_772 1571936307772 7574 7554 209 103.345  
2019_10_24_11_58_27_826 1571936307826 7628 7608 893 441.647  
2019_10_24_11_58_27_859 1571936307859 7661 7640 126 63.235  
2019_10_24_11_58_27_870 1571936307870 7672 7651 171 84.9561  
2019_10_24_11_58_27_871 1571936307871 7673 7652 114 57.4528  
2019_10_24_11_58_27_903 1571936307903 7705 7684 661 325.351  
2019_10_24_11_58_27_960 1571936307960 7762 7741 358 175.861  
2019_10_24_11_58_27_964 1571936307964 7766 7745 325 159.744  
2019_10_24_11_58_28_015 1571936308015 7817 7796 270 132.953  
2019_10_24_11_58_28_034 1571936308034 7836 7815 248 122.262  
2019_10_24_11_58_28_051 1571936308051 7853 7832 163 81.0902  
2019_10_24_11_58_28_090 1571936308090 7892 7871 198 98.0175  
2019_10_24_11_58_28_100 1571936308100 7902 7881 886 438.115  
2019_10_24_11_58_28_109 1571936308109 7911 7890 435 213.593  
2019_10_24_11_58_28_118 1571936308118 7920 7899 467 229.325  
2019_10_24_11_58_28_138 1571936308138 7940 7919 666 327.841  
2019_10_24_11_58_28_141 1571936308141 7943 7922 1556 782.767  
2019_10_24_11_58_28_150 1571936308150 7952 7931 404 198.381  
2019_10_24_11_58_28_153 1571936308153 7955 7934 382 187.603  
2019_10_24_11_58_28_161 1571936308161 7963 7941 145 72.3988  
2019_10_24_11_58_28_162 1571936308162 7964 7942 250 123.234  
2019_10_24_11_58_28_178 1571936308178 7980 7958 400 196.42  
2019_10_24_11_58_28_204 1571936308204 8006 7984 1314 656.75  
2019_10_24_11_58_28_206 1571936308206 8008 7986 519 254.955  
2019_10_24_11_58_28_211 1571936308211 8013 7991 335 164.624  
2019_10_24_11_58_28_223 1571936308223 8025 8003 1311 655.198  
2019_10_24_11_58_28_237 1571936308237 8039 8017 1067 529.914  
2019_10_24_11_58_28_253 1571936308253 8055 8033 318 156.329  
2019_10_24_11_58_28_260 1571936308260 8062 8040 200 98.9859  
2019_10_24_11_58_28_266 1571936308266 8068 8046 204 100.923  
2019_10_24_11_58_28_274 1571936308274 8076 8054 457 224.406  
2019_10_24_11_58_28_288 1571936308288 8090 8068 119 59.8615  
2019_10_24_11_58_28_303 1571936308303 8105 8083 185 91.726  
2019_10_24_11_58_28_307 1571936308307 8109 8087 876 433.071  
2019_10_24_11_58_28_318 1571936308318 8120 8098 274 134.899  
2019_10_24_11_58_28_321 1571936308321 8123 8101 1317 658.301  
2019_10_24_11_58_28_324 1571936308324 8126 8103 322 158.28  
2019_10_24_11_58_28_328 1571936308328 8130 8107 199 98.5017  
2019_10_24_11_58_28_336 1571936308336 8138 8115 716 352.777  
2019_10_24_11_58_28_339 1571936308339 8141 8118 319 156.817  
2019_10_24_11_58_28_340 1571936308340 8142 8119 121 60.8252  
2019_10_24_11_58_28_352 1571936308352 8154 8131 364 178.795  
2019_10_24_11_58_28_382 1571936308382 8184 8161 203 100.439  
2019_10_24_11_58_28_389 1571936308389 8191 8168 551 270.767  
2019_10_24_11_58_28_392 1571936308392 8194 8171 269 132.467  
2019_10_24_11_58_28_404 1571936308404 8206 8183 602 296.029  
2019_10_24_11_58_28_438 1571936308438 8240 8217 273 134.412  
2019_10_24_11_58_28_442 1571936308442 8244 8221 635 312.417  
2019_10_24_11_58_28_455 1571936308455 8257 8234 148 73.8467  
2019_10_24_11_58_28_456 1571936308456 8258 8235 279 137.331  
2019_10_24_11_58_28_467 1571936308467 8269 8246 179 88.8239  
2019_10_24_11_58_28_468 1571936308468 8270 8247 266 131.008  
2019_10_24_11_58_28_473 1571936308473 8275 8252 1173 584.124  
2019_10_24_11_58_28_490 1571936308490 8292 8268 305 149.991  
2019_10_24_11_58_28_492 1571936308492 8294 8270 244 120.32  
2019_10_24_11_58_28_556 1571936308556 8358 8334 401 196.91  
2019_10_24_11_58_28_559 1571936308559 8361 8337 1329 664.51  
2019_10_24_11_58_28_570 1571936308570 8372 8348 4095 2209.31  
2019_10_24_11_58_28_573 1571936308573 8375 8351 513 251.993  
2019_10_24_11_58_28_581 1571936308581 8383 8359 333 163.648  
2019_10_24_11_58_28_585 1571936308585 8387 8363 1329 664.51  
2019_10_24_11_58_28_603 1571936308603 8405 8381 254 125.177  
2019_10_24_11_58_28_606 1571936308606 8408 8384 208 102.861  
2019_10_24_11_58_28_611 1571936308611 8413 8389 292 143.659  
2019_10_24_11_58_28_639 1571936308639 8441 8417 787 388.314  
2019_10_24_11_58_28_659 1571936308659 8461 8437 117 58.898  
2019_10_24_11_58_28_672 1571936308672 8474 8450 194 96.0811  
2019_10_24_11_58_28_676 1571936308676 8478 8454 3320 1753.66  
2019_10_24_11_58_28_692 1571936308692 8494 8470 1199 597.472  
2019_10_24_11_58_28_693 1571936308693 8495 8471 1228 612.383  
2019_10_24_11_58_28_700 1571936308700 8502 8477 4095 2209.31  
2019_10_24_11_58_28_705 1571936308705 8507 8482 947 468.944  
2019_10_24_11_58_28_733 1571936308733 8535 8510 555 272.745  
2019_10_24_11_58_28_757 1571936308757 8559 8534 565 277.694  
2019_10_24_11_58_28_758 1571936308758 8560 8535 148 73.8467  
2019_10_24_11_58_28_759 1571936308759 8561 8536 1339 669.688  
2019_10_24_11_58_28_778 1571936308778 8580 8555 4095 2209.31  
2019_10_24_11_58_28_779 1571936308779 8581 8556 398 195.44  
2019_10_24_11_58_28_784 1571936308784 8586 8561 180 89.3075  
2019_10_24_11_58_28_785 1571936308785 8587 8562 453 222.439  
2019_10_24_11_58_28_798 1571936308798 8600 8575 623 306.454  
2019_10_24_11_58_28_806 1571936308806 8608 8583 186 92.2098  
2019_10_24_11_58_28_818 1571936308818 8620 8595 281 138.304  
2019_10_24_11_58_28_819 1571936308819 8621 8596 580 285.122  
2019_10_24_11_58_28_820 1571936308820 8622 8597 53 28.1259  
2019_10_24_11_58_28_846 1571936308846 8648 8623 130 65.1633  
2019_10_24_11_58_28_864 1571936308864 8666 8641 184 91.2422  
2019_10_24_11_58_28_868 1571936308868 8670 8645 955 472.996  
2019_10_24_11_58_28_904 1571936308904 8706 8680 1315 657.267  
2019_10_24_11_58_28_931 1571936308931 8733 8707 419 205.738  
2019_10_24_11_58_28_960 1571936308960 8762 8736 1302 650.546  
2019_10_24_11_58_28_974 1571936308974 8776 8750 224 110.616  
2019_10_24_11_58_28_976 1571936308976 8778 8752 320 157.305  
2019_10_24_11_58_28_982 1571936308982 8784 8758 96 48.7875  
2019_10_24_11_58_29_027 1571936309027 8829 8803 1335 667.616  
2019_10_24_11_58_29_070 1571936309070 8872 8846 712 350.78  
2019_10_24_11_58_29_073 1571936309073 8875 8849 159 79.1579  
2019_10_24_11_58_29_099 1571936309099 8901 8875 181 89.7911  
2019_10_24_11_58_29_103 1571936309103 8905 8879 205 101.407  
2019_10_24_11_58_29_117 1571936309117 8919 8893 356 174.883  
2019_10_24_11_58_29_121 1571936309121 8923 8897 304 149.504  
2019_10_24_11_58_29_126 1571936309126 8928 8902 501 246.074  
2019_10_24_11_58_29_131 1571936309131 8933 8907 253 124.691  
2019_10_24_11_58_29_144 1571936309144 8946 8920 77 39.6512  
2019_10_24_11_58_29_215 1571936309215 9017 8991 747 368.275  
2019_10_24_11_58_29_223 1571936309223 9025 8998 821 405.385  
2019_10_24_11_58_29_248 1571936309248 9050 9023 172 85.4395  
2019_10_24_11_58_29_249 1571936309249 9051 9024 1359 680.052  
2019_10_24_11_58_29_266 1571936309266 9068 9041 111 56.0079  
2019_10_24_11_58_29_273 1571936309273 9075 9048 267 131.495  
2019_10_24_11_58_29_274 1571936309274 9076 9049 851 420.476  
2019_10_24_11_58_29_276 1571936309276 9078 9051 775 382.298  
2019_10_24_11_58_29_286 1571936309286 9088 9061 331 162.672  
2019_10_24_11_58_29_312 1571936309312 9114 9087 400 196.42  
2019_10_24_11_58_29_313 1571936309313 9115 9088 699 344.29  
2019_10_24_11_58_29_323 1571936309323 9125 9098 425 208.683  
2019_10_24_11_58_29_335 1571936309335 9137 9110 325 159.744  
2019_10_24_11_58_29_346 1571936309346 9148 9121 180 89.3075  
2019_10_24_11_58_29_348 1571936309348 9150 9123 321 157.792  
2019_10_24_11_58_29_352 1571936309352 9154 9127 300 147.555  
2019_10_24_11_58_29_355 1571936309355 9157 9130 157 78.192  
2019_10_24_11_58_29_372 1571936309372 9174 9147 196 97.0493  
2019_10_24_11_58_29_376 1571936309376 9178 9150 314 154.378  
2019_10_24_11_58_29_377 1571936309377 9179 9151 563 276.704  
2019_10_24_11_58_29_385 1571936309385 9187 9159 1380 690.946  
2019_10_24_11_58_29_386 1571936309386 9188 9160 515 252.98  
2019_10_24_11_58_29_387 1571936309387 9189 9161 490 240.651  
2019_10_24_11_58_29_389 1571936309389 9191 9163 292 143.659  
2019_10_24_11_58_29_392 1571936309392 9194 9166 1030 511.07  
2019_10_24_11_58_29_432 1571936309432 9234 9206 442 217.032  
2019_10_24_11_58_29_442 1571936309442 9244 9216 661 325.351  
2019_10_24_11_58_29_453 1571936309453 9255 9227 560 275.219  
2019_10_24_11_58_29_480 1571936309480 9282 9254 465 228.341  
2019_10_24_11_58_29_481 1571936309481 9283 9255 134 67.0921  
2019_10_24_11_58_29_513 1571936309513 9315 9287 1020 505.983  
2019_10_24_11_58_29_515 1571936309515 9317 9289 784 386.81  
2019_10_24_11_58_29_523 1571936309523 9325 9297 357 175.372  
2019_10_24_11_58_29_533 1571936309533 9335 9307 219 108.191  
2019_10_24_11_58_29_540 1571936309540 9342 9314 408 200.342  
2019_10_24_11_58_29_541 1571936309541 9343 9314 1324 661.923  
2019_10_24_11_58_29_797 1571936309797 9599 9570 526 258.411  
2019_10_24_11_58_29_798 1571936309798 9600 9571 215 106.252  
2019_10_24_11_58_29_799 1571936309799 9601 9572 658 323.858  
2019_10_24_11_58_29_799 1571936309799 9601 9572 1315 657.267  
2019_10_24_11_58_29_799 1571936309799 9601 9572 83 42.5352  
2019_10_24_11_58_29_799 1571936309799 9601 9572 1327 663.475  
2019_10_24_11_58_29_799 1571936309799 9601 9572 163 81.0902  
2019_10_24_11_58_29_800 1571936309800 9602 9573 265 130.522  
2019_10_24_11_58_29_800 1571936309800 9602 9573 161 80.124  
2019_10_24_11_58_29_800 1571936309800 9602 9573 544 267.305  
2019_10_24_11_58_29_800 1571936309800 9602 9573 572 281.16  
2019_10_24_11_58_29_800 1571936309800 9602 9573 1933 982.535  
2019_10_24_11_58_29_800 1571936309800 9602 9573 190 94.1452  
2019_10_24_11_58_29_800 1571936309800 9602 9573 211 104.314  
2019_10_24_11_58_29_800 1571936309800 9602 9573 201 99.4701  
2019_10_24_11_58_29_800 1571936309800 9602 9573 177 87.8568  
2019_10_24_11_58_29_801 1571936309801 9603 9573 1303 651.063  
2019_10_24_11_58_29_801 1571936309801 9603 9573 243 119.834  
2019_10_24_11_58_29_801 1571936309801 9603 9573 426 209.173  
2019_10_24_11_58_29_811 1571936309811 9613 9583 501 246.074  
2019_10_24_11_58_29_813 1571936309813 9615 9585 250 123.234  
2019_10_24_11_58_29_853 1571936309853 9655 9625 269 132.467  
2019_10_24_11_58_29_869 1571936309869 9671 9641 198 98.0175  
2019_10_24_11_58_29_878 1571936309878 9680 9650 481 236.218  
2019_10_24_11_58_29_879 1571936309879 9681 9651 444 218.014  
2019_10_24_11_58_29_883 1571936309883 9685 9655 1176 585.664  
2019_10_24_11_58_29_906 1571936309906 9708 9678 87 44.4585  
2019_10_24_11_58_29_937 1571936309937 9739 9709 484 237.695  
2019_10_24_11_58_29_950 1571936309950 9752 9722 480 235.725  
2019_10_24_11_58_29_958 1571936309958 9760 9730 367 180.262  
2019_10_24_11_58_29_961 1571936309961 9763 9733 279 137.331  
2019_10_24_11_58_29_966 1571936309966 9768 9738 253 124.691  
2019_10_24_11_58_29_973 1571936309973 9775 9745 101 51.1936  
2019_10_24_11_58_29_992 1571936309992 9794 9764 295 145.12  
2019_10_24_11_58_30_006 1571936310006 9808 9777 75 38.6901  
2019_10_24_11_58_30_012 1571936310012 9814 9783 181 89.7911  
2019_10_24_11_58_30_035 1571936310035 9837 9806 1332 666.063  
2019_10_24_11_58_30_065 1571936310065 9867 9836 368 180.751  
2019_10_24_11_58_30_093 1571936310093 9895 9864 769 379.291  
2019_10_24_11_58_30_095 1571936310095 9897 9866 1376 688.87  
2019_10_24_11_58_30_118 1571936310118 9920 9889 680 334.815  
2019_10_24_11_58_30_137 1571936310137 9939 9908 1301 650.029  
2019_10_24_11_58_30_162 1571936310162 9964 9933 734 361.773  
2019_10_24_11_58_30_198 1571936310198 10000 9969 288 141.711  
2019_10_24_11_58_30_219 1571936310219 10021 9990 183 90.7585  
2019_10_24_11_58_30_238 1571936310238 10040 10009 178 88.3403  
2019_10_24_11_58_30_298 1571936310298 10100 10069 349 171.462  
2019_10_24_11_58_30_304 1571936310304 10106 10075 1317 658.301  
2019_10_24_11_58_30_319 1571936310319 10121 10090 493 242.13  
2019_10_24_11_58_30_326 1571936310326 10128 10097 287 141.224  
2019_10_24_11_58_30_340 1571936310340 10142 10111 76 39.1707  
2019_10_24_11_58_30_385 1571936310385 10187 10155 861 425.512  
2019_10_24_11_58_30_399 1571936310399 10201 10169 1241 619.076  
2019_10_24_11_58_30_408 1571936310408 10210 10178 211 104.314  
2019_10_24_11_58_30_410 1571936310410 10212 10180 436 214.084  
2019_10_24_11_58_30_412 1571936310412 10214 10182 784 386.81  
2019_10_24_11_58_30_413 1571936310413 10215 10183 380 186.624  
2019_10_24_11_58_30_439 1571936310439 10241 10209 1296 647.446  
2019_10_24_11_58_30_466 1571936310466 10268 10236 1270 634.023  
2019_10_24_11_58_30_471 1571936310471 10273 10241 470 230.802  
2019_10_24_11_58_30_492 1571936310492 10294 10262 476 233.755  
2019_10_24_11_58_30_499 1571936310499 10301 10269 244 120.32  
2019_10_24_11_58_30_506 1571936310506 10308 10276 369 181.24  
2019_10_24_11_58_30_522 1571936310522 10324 10292 244 120.32  
2019_10_24_11_58_30_524 1571936310524 10326 10294 383 188.092  
2019_10_24_11_58_30_546 1571936310546 10348 10316 574 282.15  
2019_10_24_11_58_30_564 1571936310564 10366 10334 260 128.092  
2019_10_24_11_58_30_607 1571936310607 10409 10377 587 288.591  
2019_10_24_11_58_30_627 1571936310627 10429 10396 492 241.637  
2019_10_24_11_58_30_663 1571936310663 10465 10432 354 173.906  
2019_10_24_11_58_30_682 1571936310682 10484 10451 253 124.691  
2019_10_24_11_58_30_697 1571936310697 10499 10466 331 162.672  
2019_10_24_11_58_30_706 1571936310706 10508 10475 427 209.664  
2019_10_24_11_58_30_707 1571936310707 10509 10476 787 388.314  
2019_10_24_11_58_30_708 1571936310708 10510 10477 654 321.867  
2019_10_24_11_58_30_710 1571936310710 10512 10479 348 170.973  
2019_10_24_11_58_30_716 1571936310716 10518 10485 317 155.841  
2019_10_24_11_58_30_733 1571936310733 10535 10502 501 246.074  
2019_10_24_11_58_30_750 1571936310750 10552 10519 288 141.711  
2019_10_24_11_58_30_760 1571936310760 10562 10529 817 403.375  
2019_10_24_11_58_30_765 1571936310765 10567 10534 250 123.234  
2019_10_24_11_58_30_766 1571936310766 10568 10535 207 102.376  
2019_10_24_11_58_30_777 1571936310777 10579 10546 823 406.39  
2019_10_24_11_58_30_825 1571936310825 10627 10594 430 211.137  
2019_10_24_11_58_30_856 1571936310856 10658 10625 938 464.389  
2019_10_24_11_58_30_859 1571936310859 10661 10627 1327 663.475  
2019_10_24_11_58_30_886 1571936310886 10688 10654 405 198.871  
2019_10_24_11_58_30_899 1571936310899 10701 10667 2417 1245.16  
2019_10_24_11_58_30_907 1571936310907 10709 10675 160 79.641  
2019_10_24_11_58_30_927 1571936310927 10729 10695 106 53.6004  
2019_10_24_11_58_30_934 1571936310934 10736 10702 193 95.5971  
2019_10_24_11_58_30_935 1571936310935 10737 10703 174 86.4063  
2019_10_24_11_58_30_937 1571936310937 10739 10705 96 48.7875  
2019_10_24_11_58_30_941 1571936310941 10743 10709 461 226.373  
2019_10_24_11_58_30_943 1571936310943 10745 10711 1320 659.853  
2019_10_24_11_58_31_036 1571936311036 10838 10804 362 177.817  
2019_10_24_11_58_31_047 1571936311047 10849 10815 1316 657.784  
2019_10_24_11_58_31_048 1571936311048 10850 10816 765 377.287  
2019_10_24_11_58_31_062 1571936311062 10864 10830 1308 653.647  
2019_10_24_11_58_31_072 1571936311072 10874 10840 846 417.959  
2019_10_24_11_58_31_079 1571936311079 10881 10847 448 219.98  
2019_10_24_11_58_31_098 1571936311098 10900 10866 1303 651.063  
2019_10_24_11_58_31_103 1571936311103 10905 10870 224 110.616  
2019_10_24_11_58_31_119 1571936311119 10921 10886 1372 686.794  
2019_10_24_11_58_31_135 1571936311135 10937 10902 623 306.454  
2019_10_24_11_58_31_181 1571936311181 10983 10948 300 147.555  
2019_10_24_11_58_31_195 1571936311195 10997 10962 1294 646.412  
2019_10_24_11_58_31_200 1571936311200 11002 10967 201 99.4701  
2019_10_24_11_58_31_245 1571936311245 11047 11012 838 413.933  
2019_10_24_11_58_31_256 1571936311256 11058 11023 338 166.089  
2019_10_24_11_58_31_258 1571936311258 11060 11025 459 225.389  
2019_10_24_11_58_31_272 1571936311272 11074 11039 333 163.648  
2019_10_24_11_58_31_273 1571936311273 11075 11040 166 82.5397  
2019_10_24_11_58_31_274 1571936311274 11076 11041 933 461.859  
2019_10_24_11_58_31_280 1571936311280 11082 11047 1262 629.897  
2019_10_24_11_58_31_287 1571936311287 11089 11054 1155 574.895  
2019_10_24_11_58_31_326 1571936311326 11128 11093 294 144.633  
2019_10_24_11_58_31_327 1571936311327 11129 11094 231 114.011  
2019_10_24_11_58_31_331 1571936311331 11133 11098 1730 874.446  
2019_10_24_11_58_31_348 1571936311348 11150 11115 84 43.016  
2019_10_24_11_58_31_360 1571936311360 11162 11126 677 333.32  
2019_10_24_11_58_31_395 1571936311395 11197 11161 365 179.284  
2019_10_24_11_58_31_423 1571936311423 11225 11189 783 386.308  
2019_10_24_11_58_31_429 1571936311429 11231 11195 340 167.066  
2019_10_24_11_58_31_453 1571936311453 11255 11219 292 143.659  
2019_10_24_11_58_31_455 1571936311455 11257 11221 259 127.606  
2019_10_24_11_58_31_462 1571936311462 11264 11228 526 258.411  
2019_10_24_11_58_31_464 1571936311464 11266 11230 286 140.738  
2019_10_24_11_58_31_466 1571936311466 11268 11232 263 129.55  
2019_10_24_11_58_31_470 1571936311470 11272 11236 341 167.554  
2019_10_24_11_58_31_478 1571936311478 11280 11244 565 277.694  
2019_10_24_11_58_31_499 1571936311499 11301 11265 377 185.155  
2019_10_24_11_58_31_504 1571936311504 11306 11270 388 190.541  
2019_10_24_11_58_31_586 1571936311586 11388 11352 91 46.3822  
2019_10_24_11_58_31_845 1571936311845 11647 11611 704 346.786  
2019_10_24_11_58_31_846 1571936311846 11648 11612 1295 646.929  
2019_10_24_11_58_31_847 1571936311847 11649 11613 416 204.266  
2019_10_24_11_58_31_847 1571936311847 11649 11612 1377 689.389  
2019_10_24_11_58_31_847 1571936311847 11649 11612 324 159.256  
2019_10_24_11_58_31_847 1571936311847 11649 11612 1300 649.512  
2019_10_24_11_58_31_847 1571936311847 11649 11612 77 39.6512  
2019_10_24_11_58_31_848 1571936311848 11650 11613 335 164.624  
2019_10_24_11_58_31_848 1571936311848 11650 11613 100 50.7123  
2019_10_24_11_58_31_848 1571936311848 11650 11613 237 116.922  
2019_10_24_11_58_31_848 1571936311848 11650 11613 316 155.354  
2019_10_24_11_58_31_848 1571936311848 11650 11613 295 145.12  
2019_10_24_11_58_31_848 1571936311848 11650 11613 1323 661.405  
2019_10_24_11_58_31_848 1571936311848 11650 11613 437 214.575  
2019_10_24_11_58_31_848 1571936311848 11650 11613 398 195.44  
2019_10_24_11_58_31_848 1571936311848 11650 11613 185 91.726  
2019_10_24_11_58_31_849 1571936311849 11651 11614 122 61.3071  
2019_10_24_11_58_31_849 1571936311849 11651 11614 263 129.55  
2019_10_24_11_58_31_849 1571936311849 11651 11614 159 79.1579  
2019_10_24_11_58_31_849 1571936311849 11651 11614 353 173.417  
2019_10_24_11_58_31_849 1571936311849 11651 11613 107 54.0818  
2019_10_24_11_58_31_849 1571936311849 11651 11613 748 368.776  
2019_10_24_11_58_31_855 1571936311855 11657 11619 187 92.6936  
2019_10_24_11_58_31_864 1571936311864 11666 11628 1298 648.479  
2019_10_24_11_58_31_876 1571936311876 11678 11640 139 69.5038  
2019_10_24_11_58_31_882 1571936311882 11684 11646 203 100.439  
2019_10_24_11_58_31_885 1571936311885 11687 11649 703 346.287  
2019_10_24_11_58_31_918 1571936311918 11720 11682 197 97.5334  
2019_10_24_11_58_31_928 1571936311928 11730 11692 716 352.777  
2019_10_24_11_58_31_929 1571936311929 11731 11693 84 43.016  
2019_10_24_11_58_31_931 1571936311931 11733 11695 4095 2209.31  
2019_10_24_11_58_31_932 1571936311932 11734 11696 1437 720.584  
2019_10_24_11_58_31_934 1571936311934 11736 11698 165 82.0565  
2019_10_24_11_58_31_951 1571936311951 11753 11715 189 93.6613  
2019_10_24_11_58_31_963 1571936311963 11765 11727 517 253.968  
2019_10_24_11_58_31_965 1571936311965 11767 11729 855 422.49  
2019_10_24_11_58_31_968 1571936311968 11770 11732 713 351.279  
2019_10_24_11_58_32_011 1571936312011 11813 11774 457 224.406  
2019_10_24_11_58_32_014 1571936312014 11816 11777 203 100.439  
2019_10_24_11_58_32_039 1571936312039 11841 11802 189 93.6613  
2019_10_24_11_58_32_049 1571936312049 11851 11812 296 145.607  
2019_10_24_11_58_32_052 1571936312052 11854 11815 346 169.996  
2019_10_24_11_58_32_099 1571936312099 11901 11862 280 137.818  
2019_10_24_11_58_32_138 1571936312138 11940 11901 190 94.1452  
2019_10_24_11_58_32_145 1571936312145 11947 11908 124 62.271  
2019_10_24_11_58_32_151 1571936312151 11953 11914 223 110.131  
2019_10_24_11_58_32_158 1571936312158 11960 11921 278 136.845  
2019_10_24_11_58_32_166 1571936312166 11968 11929 1648 831.129  
2019_10_24_11_58_32_168 1571936312168 11970 11931 453 222.439  
2019_10_24_11_58_32_178 1571936312178 11980 11941 247 121.777  
2019_10_24_11_58_32_196 1571936312196 11998 11959 895 442.657  
2019_10_24_11_58_32_201 1571936312201 12003 11964 807 398.352  
2019_10_24_11_58_32_205 1571936312205 12007 11968 591 290.574  
2019_10_24_11_58_32_209 1571936312209 12011 11972 201 99.4701  
2019_10_24_11_58_32_218 1571936312218 12020 11980 187 92.6936  
2019_10_24_11_58_32_236 1571936312236 12038 11998 665 327.343  
2019_10_24_11_58_32_278 1571936312278 12080 12040 97 49.2687  
2019_10_24_11_58_32_283 1571936312283 12085 12045 380 186.624  
2019_10_24_11_58_32_331 1571936312331 12133 12093 714 351.778  
2019_10_24_11_58_32_334 1571936312334 12136 12096 1314 656.75  
2019_10_24_11_58_32_341 1571936312341 12143 12103 1335 667.616  
2019_10_24_11_58_32_352 1571936312352 12154 12114 216 106.737  
2019_10_24_11_58_32_378 1571936312378 12180 12140 191 94.6291  
2019_10_24_11_58_32_381 1571936312381 12183 12143 454 222.93  
2019_10_24_11_58_32_383 1571936312383 12185 12145 471 231.294  
2019_10_24_11_58_32_386 1571936312386 12188 12148 856 422.993  
2019_10_24_11_58_32_401 1571936312401 12203 12163 172 85.4395  
2019_10_24_11_58_32_491 1571936312491 12293 12253 2785 1449.48  
2019_10_24_11_58_32_499 1571936312499 12301 12261 523 256.93  
2019_10_24_11_58_32_529 1571936312529 12331 12291 295 145.12  
2019_10_24_11_58_32_550 1571936312550 12352 12312 348 170.973  
2019_10_24_11_58_32_618 1571936312618 12420 12380 324 159.256  
2019_10_24_11_58_32_665 1571936312665 12467 12426 823 406.39  
2019_10_24_11_58_32_675 1571936312675 12477 12436 593 291.566  
2019_10_24_11_58_32_676 1571936312676 12478 12437 574 282.15  
2019_10_24_11_58_32_705 1571936312705 12507 12466 1891 960.072  
2019_10_24_11_58_32_741 1571936312741 12543 12502 995 493.281  
2019_10_24_11_58_32_746 1571936312746 12548 12507 599 294.541  
2019_10_24_11_58_32_757 1571936312757 12559 12518 178 88.3403  
2019_10_24_11_58_32_768 1571936312768 12570 12529 1330 665.028  
2019_10_24_11_58_32_807 1571936312807 12609 12568 1238 617.531  
2019_10_24_11_58_32_810 1571936312810 12612 12571 155 77.2262  
2019_10_24_11_58_32_819 1571936312819 12621 12580 657 323.36  
2019_10_24_11_58_32_874 1571936312874 12676 12635 649 319.379  
2019_10_24_11_58_32_876 1571936312876 12678 12637 126 63.235  
2019_10_24_11_58_32_953 1571936312953 12755 12714 730 359.773  
2019_10_24_11_58_32_994 1571936312994 12796 12755 563 276.704  
2019_10_24_11_58_33_007 1571936313007 12809 12768 176 87.3733  
2019_10_24_11_58_33_011 1571936313011 12813 12772 123 61.789  
2019_10_24_11_58_33_023 1571936313023 12825 12783 249 122.748  
2019_10_24_11_58_33_046 1571936313046 12848 12806 522 256.436  
2019_10_24_11_58_33_115 1571936313115 12917 12875 565 277.694  
2019_10_24_11_58_33_135 1571936313135 12937 12895 1074 533.484  
2019_10_24_11_58_33_151 1571936313151 12953 12911 431 211.628  
2019_10_24_11_58_33_156 1571936313156 12958 12916 1174 584.637  
2019_10_24_11_58_33_172 1571936313172 12974 12932 809 399.356  
2019_10_24_11_58_33_178 1571936313178 12980 12938 886 438.115  
2019_10_24_11_58_33_194 1571936313194 12996 12954 926 458.319  
2019_10_24_11_58_33_228 1571936313228 13030 12988 495 243.116  
2019_10_24_11_58_33_257 1571936313257 13059 13017 264 130.036  
2019_10_24_11_58_33_288 1571936313288 13090 13048 116 58.4162  
2019_10_24_11_58_33_316 1571936313316 13118 13076 304 149.504  
2019_10_24_11_58_33_352 1571936313352 13154 13112 799 394.335  
2019_10_24_11_58_33_370 1571936313370 13172 13130 434 213.102  
2019_10_24_11_58_33_422 1571936313422 13224 13182 371 182.219  
2019_10_24_11_58_33_438 1571936313438 13240 13198 464 227.849  
2019_10_24_11_58_33_444 1571936313444 13246 13203 307 150.966  
2019_10_24_11_58_33_448 1571936313448 13250 13207 869 429.543  
2019_10_24_11_58_33_451 1571936313451 13253 13210 219 108.191  
2019_10_24_11_58_33_454 1571936313454 13256 13213 205 101.407  
2019_10_24_11_58_33_465 1571936313465 13267 13224 335 164.624  
2019_10_24_11_58_33_487 1571936313487 13289 13246 76 39.1707  
2019_10_24_11_58_33_516 1571936313516 13318 13275 1111 552.376  
2019_10_24_11_58_33_553 1571936313553 13355 13312 283 139.278  
2019_10_24_11_58_33_556 1571936313556 13358 13315 128 64.1991  
2019_10_24_11_58_33_597 1571936313597 13399 13356 341 167.554  
2019_10_24_11_58_33_603 1571936313603 13405 13362 1860 943.525  
2019_10_24_11_58_33_609 1571936313609 13411 13368 313 153.891  
2019_10_24_11_58_33_614 1571936313614 13416 13373 339 166.577  
2019_10_24_11_58_33_619 1571936313619 13421 13378 475 233.263  
2019_10_24_11_58_33_633 1571936313633 13435 13392 312 153.403  
2019_10_24_11_58_33_893 1571936313893 13695 13652 907 448.716  
2019_10_24_11_58_33_894 1571936313894 13696 13653 303 149.017  
2019_10_24_11_58_33_895 1571936313895 13697 13653 278 136.845  
2019_10_24_11_58_33_895 1571936313895 13697 13653 496 243.609  
2019_10_24_11_58_33_895 1571936313895 13697 13653 703 346.287  
2019_10_24_11_58_33_895 1571936313895 13697 13653 274 134.899  
2019_10_24_11_58_33_895 1571936313895 13697 13653 265 130.522  
2019_10_24_11_58_33_896 1571936313896 13698 13654 423 207.701  
2019_10_24_11_58_33_896 1571936313896 13698 13654 166 82.5397  
2019_10_24_11_58_33_896 1571936313896 13698 13654 104 52.6376  
2019_10_24_11_58_33_896 1571936313896 13698 13654 680 334.815  
2019_10_24_11_58_33_896 1571936313896 13698 13654 568 279.179  
2019_10_24_11_58_33_912 1571936313912 13714 13670 117 58.898  
2019_10_24_11_58_33_920 1571936313920 13722 13678 216 106.737  
2019_10_24_11_58_33_922 1571936313922 13724 13680 1059 525.836  
2019_10_24_11_58_33_936 1571936313936 13738 13694 296 145.607  
2019_10_24_11_58_33_948 1571936313948 13750 13706 181 89.7911  
2019_10_24_11_58_33_955 1571936313955 13757 13713 918 454.274  
2019_10_24_11_58_34_029 1571936314029 13831 13787 491 241.144  
2019_10_24_11_58_34_032 1571936314032 13834 13789 432 212.119  
2019_10_24_11_58_34_043 1571936314043 13845 13800 738 363.773  
2019_10_24_11_58_34_047 1571936314047 13849 13804 2430 1252.31  
2019_10_24_11_58_34_053 1571936314053 13855 13810 335 164.624  
2019_10_24_11_58_34_058 1571936314058 13860 13815 371 182.219  
2019_10_24_11_58_34_068 1571936314068 13870 13825 149 74.3294  
2019_10_24_11_58_34_196 1571936314196 13998 13953 141 70.4687  
2019_10_24_11_58_34_209 1571936314209 14011 13966 230 113.526  
2019_10_24_11_58_34_210 1571936314210 14012 13967 172 85.4395  
2019_10_24_11_58_34_221 1571936314221 14023 13978 347 170.485  
2019_10_24_11_58_34_323 1571936314323 14125 14080 4095 2209.31  
2019_10_24_11_58_34_354 1571936314354 14156 14111 1530 769.145  
2019_10_24_11_58_34_357 1571936314357 14159 14114 323 158.768  
2019_10_24_11_58_34_408 1571936314408 14210 14165 238 117.407  
2019_10_24_11_58_34_412 1571936314412 14214 14169 159 79.1579  
2019_10_24_11_58_34_430 1571936314430 14232 14187 561 275.714  
2019_10_24_11_58_34_450 1571936314450 14252 14207 761 375.283  
2019_10_24_11_58_34_454 1571936314454 14256 14211 504 247.553  
2019_10_24_11_58_34_464 1571936314464 14266 14220 147 73.3641  
2019_10_24_11_58_34_466 1571936314466 14268 14222 1391 696.658  
2019_10_24_11_58_34_467 1571936314467 14269 14223 491 241.144  
2019_10_24_11_58_34_471 1571936314471 14273 14227 712 350.78  
2019_10_24_11_58_34_503 1571936314503 14305 14259 578 284.132  
2019_10_24_11_58_34_513 1571936314513 14315 14269 271 133.44  
2019_10_24_11_58_34_560 1571936314560 14362 14316 160 79.641  
2019_10_24_11_58_34_592 1571936314592 14394 14348 156 77.7091  
2019_10_24_11_58_34_634 1571936314634 14436 14390 285 140.251  
2019_10_24_11_58_34_703 1571936314703 14505 14459 171 84.9561  
2019_10_24_11_58_34_804 1571936314804 14606 14560 328 161.208  
2019_10_24_11_58_34_871 1571936314871 14673 14627 1220 608.267  
2019_10_24_11_58_34_917 1571936314917 14719 14673 101 51.1936  
2019_10_24_11_58_34_955 1571936314955 14757 14711 326 160.232  
2019_10_24_11_58_34_963 1571936314963 14765 14719 275 135.385  
2019_10_24_11_58_34_984 1571936314984 14786 14740 812 400.863  
2019_10_24_11_58_34_995 1571936314995 14797 14751 622 305.957  
2019_10_24_11_58_35_043 1571936315043 14845 14798 444 218.014  
2019_10_24_11_58_35_057 1571936315057 14859 14812 251 123.719  
2019_10_24_11_58_35_063 1571936315063 14865 14818 205 101.407  
2019_10_24_11_58_35_069 1571936315069 14871 14824 440 216.049  
2019_10_24_11_58_35_076 1571936315076 14878 14831 165 82.0565  
2019_10_24_11_58_35_080 1571936315080 14882 14835 222 109.646  
2019_10_24_11_58_35_109 1571936315109 14911 14864 302 148.53  
2019_10_24_11_58_35_118 1571936315118 14920 14873 177 87.8568  
2019_10_24_11_58_35_138 1571936315138 14940 14893 181 89.7911  
2019_10_24_11_58_35_157 1571936315157 14959 14912 638 313.908  
2019_10_24_11_58_35_172 1571936315172 14974 14927 155 77.2262  
2019_10_24_11_58_35_196 1571936315196 14998 14951 223 110.131  
2019_10_24_11_58_35_210 1571936315210 15012 14965 255 125.662  
2019_10_24_11_58_35_234 1571936315234 15036 14989 350 171.951  
2019_10_24_11_58_35_244 1571936315244 15046 14999 103 52.1562  
2019_10_24_11_58_35_295 1571936315295 15097 15050 375 184.176  
2019_10_24_11_58_35_309 1571936315309 15111 15064 446 218.997  
2019_10_24_11_58_35_310 1571936315310 15112 15064 382 187.603  
2019_10_24_11_58_35_333 1571936315333 15135 15087 4095 2209.31  
2019_10_24_11_58_35_344 1571936315344 15146 15098 1311 655.198  
2019_10_24_11_58_35_346 1571936315346 15148 15100 258 127.12  
2019_10_24_11_58_35_361 1571936315361 15163 15115 340 167.066  
2019_10_24_11_58_35_367 1571936315367 15169 15121 156 77.7091  
2019_10_24_11_58_35_368 1571936315368 15170 15122 270 132.953  
2019_10_24_11_58_35_394 1571936315394 15196 15148 149 74.3294  
2019_10_24_11_58_35_453 1571936315453 15255 15207 518 254.461  
2019_10_24_11_58_35_504 1571936315504 15306 15258 530 260.387  
2019_10_24_11_58_35_505 1571936315505 15307 15259 267 131.495  
2019_10_24_11_58_35_507 1571936315507 15309 15261 109 55.0448  
2019_10_24_11_58_35_535 1571936315535 15337 15289 312 153.403  
2019_10_24_11_58_35_557 1571936315557 15359 15311 69 35.8075  
2019_10_24_11_58_35_570 1571936315570 15372 15324 252 124.205  
2019_10_24_11_58_35_576 1571936315576 15378 15330 184 91.2422  
2019_10_24_11_58_35_614 1571936315614 15416 15368 438 215.066  
2019_10_24_11_58_35_618 1571936315618 15420 15371 826 407.898  
2019_10_24_11_58_35_658 1571936315658 15460 15411 314 154.378  
2019_10_24_11_58_35_677 1571936315677 15479 15430 711 350.28  
2019_10_24_11_58_35_941 1571936315941 15743 15694 175 86.8898  
2019_10_24_11_58_35_942 1571936315942 15744 15695 744 366.774  
2019_10_24_11_58_35_943 1571936315943 15745 15696 639 314.405  
2019_10_24_11_58_35_943 1571936315943 15745 15696 141 70.4687  
2019_10_24_11_58_35_943 1571936315943 15745 15696 187 92.6936  
2019_10_24_11_58_35_943 1571936315943 15745 15696 147 73.3641  
2019_10_24_11_58_35_943 1571936315943 15745 15696 252 124.205  
2019_10_24_11_58_35_944 1571936315944 15746 15697 171 84.9561  
2019_10_24_11_58_35_944 1571936315944 15746 15697 1330 665.028  
2019_10_24_11_58_35_968 1571936315968 15770 15721 267 131.495  
2019_10_24_11_58_35_982 1571936315982 15784 15735 279 137.331  
2019_10_24_11_58_36_005 1571936316005 15807 15758 201 99.4701  
2019_10_24_11_58_36_029 1571936316029 15831 15782 583 286.609  
2019_10_24_11_58_36_032 1571936316032 15834 15785 435 213.593  
2019_10_24_11_58_36_123 1571936316123 15925 15875 369 181.24  
2019_10_24_11_58_36_199 1571936316199 16001 15951 273 134.412  
2019_10_24_11_58_36_229 1571936316229 16031 15981 166 82.5397  
2019_10_24_11_58_36_271 1571936316271 16073 16023 535 262.857  
2019_10_24_11_58_36_307 1571936316307 16109 16059 669 329.335  
2019_10_24_11_58_36_311 1571936316311 16113 16063 382 187.603  
2019_10_24_11_58_36_369 1571936316369 16171 16121 213 105.283  
2019_10_24_11_58_36_378 1571936316378 16180 16130 177 87.8568  
2019_10_24_11_58_36_386 1571936316386 16188 16138 277 136.358  
2019_10_24_11_58_36_547 1571936316547 16349 16299 1202 599.013  
2019_10_24_11_58_36_556 1571936316556 16358 16308 273 134.412  
2019_10_24_11_58_36_557 1571936316557 16359 16309 459 225.389  
2019_10_24_11_58_36_583 1571936316583 16385 16335 284 139.764  
2019_10_24_11_58_36_620 1571936316620 16422 16372 207 102.376  
2019_10_24_11_58_36_621 1571936316621 16423 16373 236 116.437  
2019_10_24_11_58_36_714 1571936316714 16516 16466 381 187.113  
2019_10_24_11_58_36_753 1571936316753 16555 16505 1033 512.596  
2019_10_24_11_58_36_776 1571936316776 16578 16528 1225 610.84  
2019_10_24_11_58_36_789 1571936316789 16591 16540 468 229.817  
2019_10_24_11_58_36_806 1571936316806 16608 16557 733 361.273  
2019_10_24_11_58_36_815 1571936316815 16617 16566 222 109.646  
2019_10_24_11_58_36_829 1571936316829 16631 16580 1288 643.313  
2019_10_24_11_58_36_832 1571936316832 16634 16583 194 96.0811  
2019_10_24_11_58_36_905 1571936316905 16707 16656 4095 2209.31  
2019_10_24_11_58_36_988 1571936316988 16790 16739 201 99.4701  
2019_10_24_11_58_37_002 1571936317002 16804 16753 210 103.829  
2019_10_24_11_58_37_035 1571936317035 16837 16786 148 73.8467  
2019_10_24_11_58_37_048 1571936317048 16850 16799 4095 2209.31  
2019_10_24_11_58_37_070 1571936317070 16872 16821 3505 1860.82  
2019_10_24_11_58_37_079 1571936317079 16881 16830 196 97.0493  
2019_10_24_11_58_37_111 1571936317111 16913 16862 218 107.707  
2019_10_24_11_58_37_156 1571936317156 16958 16907 231 114.011  
2019_10_24_11_58_37_208 1571936317208 17010 16959 346 169.996  
2019_10_24_11_58_37_212 1571936317212 17014 16963 306 150.479  
2019_10_24_11_58_37_259 1571936317259 17061 17010 4095 2209.31  
2019_10_24_11_58_37_272 1571936317272 17074 17022 950 470.464  
2019_10_24_11_58_37_301 1571936317301 17103 17051 264 130.036  
2019_10_24_11_58_37_339 1571936317339 17141 17089 386 189.561  
2019_10_24_11_58_37_352 1571936317352 17154 17102 239 117.893  
2019_10_24_11_58_37_359 1571936317359 17161 17109 269 132.467  
2019_10_24_11_58_37_362 1571936317362 17164 17112 295 145.12  
2019_10_24_11_58_37_407 1571936317407 17209 17157 165 82.0565  
2019_10_24_11_58_37_408 1571936317408 17210 17158 317 155.841  
2019_10_24_11_58_37_419 1571936317419 17221 17169 126 63.235  
2019_10_24_11_58_37_476 1571936317476 17278 17226 183 90.7585  
2019_10_24_11_58_37_477 1571936317477 17279 17227 473 232.278  
2019_10_24_11_58_37_479 1571936317479 17281 17229 273 134.412  
2019_10_24_11_58_37_526 1571936317526 17328 17276 319 156.817  
2019_10_24_11_58_37_563 1571936317563 17365 17313 193 95.5971  
2019_10_24_11_58_37_602 1571936317602 17404 17352 882 436.097  
2019_10_24_11_58_37_643 1571936317643 17445 17393 77 39.6512  
2019_10_24_11_58_37_651 1571936317651 17453 17401 248 122.262  
2019_10_24_11_58_37_659 1571936317659 17461 17408 297 146.094  
2019_10_24_11_58_37_688 1571936317688 17490 17437 548 269.283  
2019_10_24_11_58_37_716 1571936317716 17518 17465 84 43.016  
2019_10_24_11_58_37_989 1571936317989 17791 17738 367 180.262  
2019_10_24_11_58_37_990 1571936317990 17792 17739 254 125.177  
2019_10_24_11_58_37_991 1571936317991 17793 17740 455 223.422  
2019_10_24_11_58_37_991 1571936317991 17793 17740 481 236.218  
2019_10_24_11_58_37_991 1571936317991 17793 17740 666 327.841  
2019_10_24_11_58_37_991 1571936317991 17793 17740 284 139.764  
2019_10_24_11_58_37_991 1571936317991 17793 17740 147 73.3641  
2019_10_24_11_58_37_991 1571936317991 17793 17740 256 126.148  
2019_10_24_11_58_37_992 1571936317992 17794 17741 392 192.5  
2019_10_24_11_58_37_992 1571936317992 17794 17741 756 372.78  
2019_10_24_11_58_38_059 1571936318059 17861 17808 3098 1626.42  
2019_10_24_11_58_38_119 1571936318119 17921 17868 743 366.274  
2019_10_24_11_58_38_150 1571936318150 17952 17899 953 471.983  
2019_10_24_11_58_38_161 1571936318161 17963 17910 696 342.794  
2019_10_24_11_58_38_162 1571936318162 17964 17910 93 47.3442  
2019_10_24_11_58_38_217 1571936318217 18019 17965 467 229.325  
2019_10_24_11_58_38_227 1571936318227 18029 17975 384 188.582  
2019_10_24_11_58_38_285 1571936318285 18087 18033 194 96.0811  
2019_10_24_11_58_38_291 1571936318291 18093 18039 617 303.474  
2019_10_24_11_58_38_299 1571936318299 18101 18047 160 79.641  
2019_10_24_11_58_38_300 1571936318300 18102 18048 1146 570.285  
2019_10_24_11_58_38_311 1571936318311 18113 18059 109 55.0448  
2019_10_24_11_58_38_312 1571936318312 18114 18060 494 242.623  
2019_10_24_11_58_38_324 1571936318324 18126 18072 552 271.261  
2019_10_24_11_58_38_359 1571936318359 18161 18107 619 304.467  
2019_10_24_11_58_38_363 1571936318363 18165 18111 136 68.0567  
2019_10_24_11_58_38_407 1571936318407 18209 18155 143 71.4337  
2019_10_24_11_58_38_429 1571936318429 18231 18177 129 64.6812  
2019_10_24_11_58_38_436 1571936318436 18238 18184 335 164.624  
2019_10_24_11_58_38_453 1571936318453 18255 18201 235 115.951  
2019_10_24_11_58_38_499 1571936318499 18301 18247 434 213.102  
2019_10_24_11_58_38_512 1571936318512 18314 18259 655 322.364  
2019_10_24_11_58_38_519 1571936318519 18321 18266 172 85.4395  
2019_10_24_11_58_38_532 1571936318532 18334 18279 399 195.93  
2019_10_24_11_58_38_533 1571936318533 18335 18280 1349 674.868  
2019_10_24_11_58_38_555 1571936318555 18357 18302 114 57.4528  
2019_10_24_11_58_38_560 1571936318560 18362 18307 287 141.224  
2019_10_24_11_58_38_591 1571936318591 18393 18338 243 119.834  
2019_10_24_11_58_38_616 1571936318616 18418 18363 1145 569.772  
2019_10_24_11_58_38_633 1571936318633 18435 18380 727 358.273  
2019_10_24_11_58_38_635 1571936318635 18437 18382 389 191.031  
2019_10_24_11_58_38_649 1571936318649 18451 18396 1669 842.204  
2019_10_24_11_58_38_660 1571936318660 18462 18407 72 37.2487  
2019_10_24_11_58_38_678 1571936318678 18480 18425 151 75.2949  
2019_10_24_11_58_38_689 1571936318689 18491 18436 379 186.134  
2019_10_24_11_58_38_701 1571936318701 18503 18448 313 153.891  
2019_10_24_11_58_38_712 1571936318712 18514 18459 402 197.4  
2019_10_24_11_58_38_724 1571936318724 18526 18471 1817 920.62  
2019_10_24_11_58_38_740 1571936318740 18542 18487 226 111.585  
2019_10_24_11_58_38_765 1571936318765 18567 18511 1244 620.621  
2019_10_24_11_58_38_769 1571936318769 18571 18515 142 70.9512  
2019_10_24_11_58_38_938 1571936318938 18740 18684 1192 593.877  
2019_10_24_11_58_38_973 1571936318973 18775 18719 290 142.685  
2019_10_24_11_58_39_031 1571936319031 18833 18777 4095 2209.31  
2019_10_24_11_58_39_101 1571936319101 18903 18847 936 463.377  
2019_10_24_11_58_39_114 1571936319114 18916 18860 272 133.926  
2019_10_24_11_58_39_161 1571936319161 18963 18907 196 97.0493  
2019_10_24_11_58_39_211 1571936319211 19013 18957 146 72.8814  
2019_10_24_11_58_39_218 1571936319218 19020 18964 258 127.12  
2019_10_24_11_58_39_248 1571936319248 19050 18994 1306 652.613  
2019_10_24_11_58_39_260 1571936319260 19062 19006 115 57.9345  
2019_10_24_11_58_39_265 1571936319265 19067 19011 149 74.3294  
2019_10_24_11_58_39_308 1571936319308 19110 19054 102 51.6749  
2019_10_24_11_58_39_314 1571936319314 19116 19060 238 117.407  
2019_10_24_11_58_39_318 1571936319318 19120 19064 2368 1218.26  
2019_10_24_11_58_39_331 1571936319331 19133 19077 172 85.4395  
2019_10_24_11_58_39_344 1571936319344 19146 19089 325 159.744  
2019_10_24_11_58_39_366 1571936319366 19168 19111 361 177.328  
2019_10_24_11_58_39_433 1571936319433 19235 19178 4095 2209.31  
2019_10_24_11_58_39_475 1571936319475 19277 19220 3401 1800.46  
2019_10_24_11_58_39_505 1571936319505 19307 19250 91 46.3822  
2019_10_24_11_58_39_521 1571936319521 19323 19266 143 71.4337  
2019_10_24_11_58_39_547 1571936319547 19349 19292 706 347.784  
2019_10_24_11_58_39_552 1571936319552 19354 19297 4095 2209.31  
2019_10_24_11_58_39_566 1571936319566 19368 19311 683 336.311  
2019_10_24_11_58_39_590 1571936319590 19392 19335 252 124.205  
2019_10_24_11_58_39_597 1571936319597 19399 19342 342 168.042  
2019_10_24_11_58_39_639 1571936319639 19441 19384 197 97.5334  
2019_10_24_11_58_39_649 1571936319649 19451 19394 278 136.845  
2019_10_24_11_58_39_658 1571936319658 19460 19403 270 132.953  
2019_10_24_11_58_39_666 1571936319666 19468 19411 446 218.997  
2019_10_24_11_58_39_681 1571936319681 19483 19426 284 139.764  
2019_10_24_11_58_39_682 1571936319682 19484 19427 184 91.2422  
2019_10_24_11_58_39_717 1571936319717 19519 19461 226 111.585  
2019_10_24_11_58_40_037 1571936320037 19839 19781 202 99.9544  
2019_10_24_11_58_40_038 1571936320038 19840 19782 362 177.817  
2019_10_24_11_58_40_039 1571936320039 19841 19783 3146 1653.8  
2019_10_24_11_58_40_039 1571936320039 19841 19783 264 130.036  
2019_10_24_11_58_40_039 1571936320039 19841 19783 91 46.3822  
2019_10_24_11_58_40_039 1571936320039 19841 19783 385 189.072  
2019_10_24_11_58_40_039 1571936320039 19841 19783 140 69.9862  
2019_10_24_11_58_40_039 1571936320039 19841 19783 185 91.726  
2019_10_24_11_58_40_040 1571936320040 19842 19784 115 57.9345  
2019_10_24_11_58_40_150 1571936320150 19952 19894 131 65.6455  
2019_10_24_11_58_40_158 1571936320158 19960 19902 490 240.651  
2019_10_24_11_58_40_200 1571936320200 20002 19944 1718 868.094  
2019_10_24_11_58_40_213 1571936320213 20015 19957 210 103.829  
2019_10_24_11_58_40_272 1571936320272 20074 20016 1146 570.285  
2019_10_24_11_58_40_301 1571936320301 20103 20045 548 269.283  
2019_10_24_11_58_40_318 1571936320318 20120 20062 265 130.522  
2019_10_24_11_58_40_322 1571936320322 20124 20065 725 357.274  
2019_10_24_11_58_40_348 1571936320348 20150 20091 120 60.3434  
2019_10_24_11_58_40_439 1571936320439 20241 20182 160 79.641  
2019_10_24_11_58_40_465 1571936320465 20267 20208 1940 986.284  
2019_10_24_11_58_40_466 1571936320466 20268 20209 796 392.83  
2019_10_24_11_58_40_510 1571936320510 20312 20253 314 154.378  
2019_10_24_11_58_40_529 1571936320529 20331 20272 165 82.0565  
2019_10_24_11_58_40_531 1571936320531 20333 20274 51 27.1662  
2019_10_24_11_58_40_563 1571936320563 20365 20306 221 109.161  
2019_10_24_11_58_40_650 1571936320650 20452 20393 281 138.304  
2019_10_24_11_58_40_656 1571936320656 20458 20399 226 111.585  
2019_10_24_11_58_40_662 1571936320662 20464 20405 371 182.219  
2019_10_24_11_58_40_668 1571936320668 20470 20411 357 175.372  
2019_10_24_11_58_40_678 1571936320678 20480 20421 137 68.5391  
2019_10_24_11_58_40_701 1571936320701 20503 20444 271 133.44  
2019_10_24_11_58_40_714 1571936320714 20516 20457 1778 899.894  
2019_10_24_11_58_40_723 1571936320723 20525 20466 602 296.029  
2019_10_24_11_58_40_730 1571936320730 20532 20472 344 169.019  
2019_10_24_11_58_40_778 1571936320778 20580 20520 329 161.696  
2019_10_24_11_58_40_791 1571936320791 20593 20533 218 107.707  
2019_10_24_11_58_40_795 1571936320795 20597 20537 121 60.8252  
2019_10_24_11_58_40_843 1571936320843 20645 20585 100 50.7123  
2019_10_24_11_58_40_894 1571936320894 20696 20636 2740 1424.28  
2019_10_24_11_58_40_898 1571936320898 20700 20640 423 207.701  
2019_10_24_11_58_40_902 1571936320902 20704 20644 182 90.2748  
2019_10_24_11_58_40_948 1571936320948 20750 20690 161 80.124  
2019_10_24_11_58_40_978 1571936320978 20780 20720 572 281.16  
2019_10_24_11_58_40_997 1571936320997 20799 20739 167 83.0229  
2019_10_24_11_58_41_019 1571936321019 20821 20761 217 107.222  
2019_10_24_11_58_41_032 1571936321032 20834 20774 151 75.2949  
2019_10_24_11_58_41_046 1571936321046 20848 20788 753 371.278  
2019_10_24_11_58_41_119 1571936321119 20921 20861 174 86.4063  
2019_10_24_11_58_41_121 1571936321121 20923 20863 330 162.184  
2019_10_24_11_58_41_129 1571936321129 20931 20871 441 216.54  
2019_10_24_11_58_41_210 1571936321210 21012 20952 313 153.891  
2019_10_24_11_58_41_223 1571936321223 21025 20964 65 33.8864  
2019_10_24_11_58_41_249 1571936321249 21051 20990 338 166.089  
2019_10_24_11_58_41_252 1571936321252 21054 20993 65 33.8864  
2019_10_24_11_58_41_284 1571936321284 21086 21025 185 91.726  
2019_10_24_11_58_41_300 1571936321300 21102 21041 182 90.2748  
2019_10_24_11_58_41_312 1571936321312 21114 21053 291 143.172  
2019_10_24_11_58_41_343 1571936321343 21145 21084 178 88.3403  
2019_10_24_11_58_41_349 1571936321349 21151 21090 460 225.881  
2019_10_24_11_58_41_353 1571936321353 21155 21094 351 172.439  
2019_10_24_11_58_41_354 1571936321354 21156 21095 219 108.191  
2019_10_24_11_58_41_355 1571936321355 21157 21096 321 157.792  
2019_10_24_11_58_41_410 1571936321410 21212 21151 191 94.6291  
2019_10_24_11_58_41_444 1571936321444 21246 21185 134 67.0921  
2019_10_24_11_58_41_476 1571936321476 21278 21217 308 151.453  
2019_10_24_11_58_41_517 1571936321517 21319 21258 250 123.234  
2019_10_24_11_58_41_519 1571936321519 21321 21260 241 118.864  
2019_10_24_11_58_41_521 1571936321521 21323 21262 175 86.8898  
2019_10_24_11_58_41_526 1571936321526 21328 21266 2816 1466.88  
2019_10_24_11_58_41_577 1571936321577 21379 21317 893 441.647  
2019_10_24_11_58_41_639 1571936321639 21441 21379 215 106.252  
2019_10_24_11_58_41_666 1571936321666 21468 21406 357 175.372  
2019_10_24_11_58_41_668 1571936321668 21470 21408 96 48.7875  
2019_10_24_11_58_41_673 1571936321673 21475 21413 124 62.271  
2019_10_24_11_58_41_675 1571936321675 21477 21415 219 108.191  
2019_10_24_11_58_41_692 1571936321692 21494 21432 593 291.566  
2019_10_24_11_58_41_721 1571936321721 21523 21461 251 123.719  
2019_10_24_11_58_41_765 1571936321765 21567 21505 619 304.467  
2019_10_24_11_58_41_787 1571936321787 21589 21527 140 69.9862  
2019_10_24_11_58_41_821 1571936321821 21623 21561 104 52.6376  
2019_10_24_11_58_42_085 1571936322085 21887 21825 405 198.871  
2019_10_24_11_58_42_086 1571936322086 21888 21826 1067 529.914  
2019_10_24_11_58_42_087 1571936322087 21889 21827 116 58.4162  
2019_10_24_11_58_42_087 1571936322087 21889 21827 2197 1124.93  
2019_10_24_11_58_42_092 1571936322092 21894 21832 263 129.55  
2019_10_24_11_58_42_150 1571936322150 21952 21889 185 91.726  
2019_10_24_11_58_42_186 1571936322186 21988 21925 172 85.4395  
2019_10_24_11_58_42_210 1571936322210 22012 21949 128 64.1991  
2019_10_24_11_58_42_215 1571936322215 22017 21954 274 134.899  
2019_10_24_11_58_42_229 1571936322229 22031 21968 287 141.224  
2019_10_24_11_58_42_243 1571936322243 22045 21982 319 156.817  
2019_10_24_11_58_42_245 1571936322245 22047 21984 4095 2209.31  
2019_10_24_11_58_42_298 1571936322298 22100 22037 1391 696.658  
2019_10_24_11_58_42_323 1571936322323 22125 22062 221 109.161  
2019_10_24_11_58_42_329 1571936322329 22131 22068 348 170.973  
2019_10_24_11_58_42_332 1571936322332 22134 22071 243 119.834  
2019_10_24_11_58_42_381 1571936322381 22183 22120 169 83.9894  
2019_10_24_11_58_42_441 1571936322441 22243 22180 432 212.119  
2019_10_24_11_58_42_490 1571936322490 22292 22229 480 235.725  
2019_10_24_11_58_42_496 1571936322496 22298 22235 210 103.829  
2019_10_24_11_58_42_532 1571936322532 22334 22271 222 109.646  
2019_10_24_11_58_42_535 1571936322535 22337 22274 109 55.0448  
2019_10_24_11_58_42_574 1571936322574 22376 22312 71 36.7683  
2019_10_24_11_58_42_583 1571936322583 22385 22321 95 48.3064  
2019_10_24_11_58_42_625 1571936322625 22427 22363 648 318.881  
2019_10_24_11_58_42_627 1571936322627 22429 22365 276 135.872  
2019_10_24_11_58_42_646 1571936322646 22448 22384 276 135.872  
2019_10_24_11_58_42_664 1571936322664 22466 22402 232 114.496  
2019_10_24_11_58_42_683 1571936322683 22485 22421 3566 1896.37  
2019_10_24_11_58_42_733 1571936322733 22535 22471 267 131.495  
2019_10_24_11_58_42_735 1571936322735 22537 22473 160 79.641  
2019_10_24_11_58_42_737 1571936322737 22539 22475 712 350.78  
2019_10_24_11_58_42_754 1571936322754 22556 22492 86 43.9776  
2019_10_24_11_58_42_768 1571936322768 22570 22506 113 56.9711  
2019_10_24_11_58_42_848 1571936322848 22650 22586 218 107.707  
2019_10_24_11_58_42_858 1571936322858 22660 22596 393 192.99  
2019_10_24_11_58_42_864 1571936322864 22666 22602 275 135.385  
2019_10_24_11_58_42_933 1571936322933 22735 22671 292 143.659  
2019_10_24_11_58_42_958 1571936322958 22760 22696 308 151.453  
2019_10_24_11_58_42_963 1571936322963 22765 22700 220 108.676  
2019_10_24_11_58_42_964 1571936322964 22766 22701 229 113.041  
2019_10_24_11_58_42_973 1571936322973 22775 22710 68 35.3272  
2019_10_24_11_58_43_042 1571936323042 22844 22779 142 70.9512  
2019_10_24_11_58_43_104 1571936323104 22906 22841 173 85.9229  
2019_10_24_11_58_43_122 1571936323122 22924 22859 912 451.242  
2019_10_24_11_58_43_167 1571936323167 22969 22904 107 54.0818  
2019_10_24_11_58_43_170 1571936323170 22972 22907 99 50.2311  
2019_10_24_11_58_43_188 1571936323188 22990 22925 326 160.232  
2019_10_24_11_58_43_193 1571936323193 22995 22930 345 169.508  
2019_10_24_11_58_43_226 1571936323226 23028 22963 244 120.32  
2019_10_24_11_58_43_237 1571936323237 23039 22974 276 135.872  
2019_10_24_11_58_43_258 1571936323258 23060 22995 244 120.32  
2019_10_24_11_58_43_347 1571936323347 23149 23084 382 187.603  
2019_10_24_11_58_43_358 1571936323358 23160 23095 401 196.91  
2019_10_24_11_58_43_391 1571936323391 23193 23128 286 140.738  
2019_10_24_11_58_43_398 1571936323398 23200 23135 2220 1137.43  
2019_10_24_11_58_43_446 1571936323446 23248 23183 150 74.8121  
2019_10_24_11_58_43_463 1571936323463 23265 23199 232 114.496  
2019_10_24_11_58_43_496 1571936323496 23298 23232 697 343.293  
2019_10_24_11_58_43_561 1571936323561 23363 23297 506 248.54  
2019_10_24_11_58_43_601 1571936323601 23403 23337 245 120.805  
2019_10_24_11_58_43_618 1571936323618 23420 23354 192 95.1131  
2019_10_24_11_58_43_620 1571936323620 23422 23356 57 30.0456  
2019_10_24_11_58_43_635 1571936323635 23437 23371 82 42.0545  
2019_10_24_11_58_43_715 1571936323715 23517 23451 394 193.48  
2019_10_24_11_58_43_720 1571936323720 23522 23456 252 124.205  
2019_10_24_11_58_43_721 1571936323721 23523 23457 63 32.926  
2019_10_24_11_58_43_733 1571936323733 23535 23469 623 306.454  
2019_10_24_11_58_43_856 1571936323856 23658 23592 353 173.417  
2019_10_24_11_58_43_868 1571936323868 23670 23604 167 83.0229  
2019_10_24_11_58_44_133 1571936324133 23935 23869 176 87.3733  
2019_10_24_11_58_44_134 1571936324134 23936 23870 192 95.1131  
2019_10_24_11_58_44_135 1571936324135 23937 23871 445 218.506  
2019_10_24_11_58_44_135 1571936324135 23937 23871 74 38.2096  
2019_10_24_11_58_44_135 1571936324135 23937 23870 202 99.9544  
2019_10_24_11_58_44_135 1571936324135 23937 23870 1063 527.875  
2019_10_24_11_58_44_145 1571936324145 23947 23880 143 71.4337  
2019_10_24_11_58_44_176 1571936324176 23978 23911 168 83.5062  
2019_10_24_11_58_44_208 1571936324208 24010 23943 212 104.799  
2019_10_24_11_58_44_212 1571936324212 24014 23947 436 214.084  
2019_10_24_11_58_44_213 1571936324213 24015 23948 427 209.664  
2019_10_24_11_58_44_214 1571936324214 24016 23949 151 75.2949  
2019_10_24_11_58_44_217 1571936324217 24019 23952 863 426.519  
2019_10_24_11_58_44_221 1571936324221 24023 23956 1333 666.581  
2019_10_24_11_58_44_265 1571936324265 24067 24000 175 86.8898  
2019_10_24_11_58_44_283 1571936324283 24085 24018 297 146.094  
2019_10_24_11_58_44_307 1571936324307 24109 24042 200 98.9859  
2019_10_24_11_58_44_349 1571936324349 24151 24084 112 56.4895  
2019_10_24_11_58_44_400 1571936324400 24202 24135 342 168.042  
2019_10_24_11_58_44_427 1571936324427 24229 24162 533 261.869  
2019_10_24_11_58_44_465 1571936324465 24267 24200 248 122.262  
2019_10_24_11_58_44_470 1571936324470 24272 24204 1134 564.14  
2019_10_24_11_58_44_502 1571936324502 24304 24236 457 224.406  
2019_10_24_11_58_44_513 1571936324513 24315 24247 349 171.462  
2019_10_24_11_58_44_591 1571936324591 24393 24325 456 223.914  
2019_10_24_11_58_44_602 1571936324602 24404 24336 235 115.951  
2019_10_24_11_58_44_657 1571936324657 24459 24391 396 194.46  
2019_10_24_11_58_44_665 1571936324665 24467 24399 202 99.9544  
2019_10_24_11_58_44_673 1571936324673 24475 24407 230 113.526  
2019_10_24_11_58_44_693 1571936324693 24495 24427 174 86.4063  
2019_10_24_11_58_44_708 1571936324708 24510 24442 143 71.4337  
2019_10_24_11_58_44_711 1571936324711 24513 24445 250 123.234  
2019_10_24_11_58_44_716 1571936324716 24518 24450 254 125.177  
2019_10_24_11_58_44_727 1571936324727 24529 24461 617 303.474  
2019_10_24_11_58_44_750 1571936324750 24552 24484 191 94.6291  
2019_10_24_11_58_44_813 1571936324813 24615 24547 420 206.229  
2019_10_24_11_58_44_838 1571936324838 24640 24572 557 273.735  
2019_10_24_11_58_44_881 1571936324881 24683 24615 370 181.73  
2019_10_24_11_58_44_907 1571936324907 24709 24640 334 164.136  
2019_10_24_11_58_44_929 1571936324929 24731 24662 439 215.558  
2019_10_24_11_58_44_944 1571936324944 24746 24677 235 115.951  
2019_10_24_11_58_45_012 1571936325012 24814 24745 566 278.189  
2019_10_24_11_58_45_031 1571936325031 24833 24764 562 276.209  
2019_10_24_11_58_45_093 1571936325093 24895 24826 374 183.687  
2019_10_24_11_58_45_112 1571936325112 24914 24845 117 58.898  
2019_10_24_11_58_45_118 1571936325118 24920 24851 2117 1081.56  
2019_10_24_11_58_45_171 1571936325171 24973 24904 136 68.0567  
2019_10_24_11_58_45_180 1571936325180 24982 24913 139 69.5038  
2019_10_24_11_58_45_258 1571936325258 25060 24991 4095 2209.31  
2019_10_24_11_58_45_259 1571936325259 25061 24992 876 433.071  
2019_10_24_11_58_45_265 1571936325265 25067 24998 187 92.6936  
2019_10_24_11_58_45_271 1571936325271 25073 25004 288 141.711  
2019_10_24_11_58_45_282 1571936325282 25084 25015 201 99.4701  
2019_10_24_11_58_45_308 1571936325308 25110 25041 431 211.628  
2019_10_24_11_58_45_320 1571936325320 25122 25053 357 175.372  
2019_10_24_11_58_45_324 1571936325324 25126 25056 323 158.768  
2019_10_24_11_58_45_351 1571936325351 25153 25083 985 488.205  
2019_10_24_11_58_45_373 1571936325373 25175 25105 157 78.192  
2019_10_24_11_58_45_387 1571936325387 25189 25119 238 117.407  
2019_10_24_11_58_45_404 1571936325404 25206 25136 151 75.2949  
2019_10_24_11_58_45_457 1571936325457 25259 25189 465 228.341  
2019_10_24_11_58_45_506 1571936325506 25308 25238 371 182.219  
2019_10_24_11_58_45_525 1571936325525 25327 25257 224 110.616  
2019_10_24_11_58_45_567 1571936325567 25369 25299 203 100.439  
2019_10_24_11_58_45_600 1571936325600 25402 25332 4095 2209.31  
2019_10_24_11_58_45_603 1571936325603 25405 25335 1218 607.239  
2019_10_24_11_58_45_618 1571936325618 25420 25350 2763 1437.15  
2019_10_24_11_58_45_627 1571936325627 25429 25359 1324 661.923  
2019_10_24_11_58_45_638 1571936325638 25440 25370 138 69.0214  
2019_10_24_11_58_45_669 1571936325669 25471 25401 1085 539.096  
2019_10_24_11_58_45_689 1571936325689 25491 25421 523 256.93  
2019_10_24_11_58_45_711 1571936325711 25513 25443 117 58.898  
2019_10_24_11_58_45_746 1571936325746 25548 25478 1175 585.15  
2019_10_24_11_58_45_752 1571936325752 25554 25483 663 326.347  
2019_10_24_11_58_45_851 1571936325851 25653 25582 516 253.474  
2019_10_24_11_58_45_857 1571936325857 25659 25588 480 235.725  
2019_10_24_11_58_45_872 1571936325872 25674 25603 387 190.051  
2019_10_24_11_58_45_910 1571936325910 25712 25641 165 82.0565  
2019_10_24_11_58_45_919 1571936325919 25721 25650 159 79.1579  
2019_10_24_11_58_46_181 1571936326181 25983 25912 117 58.898  
2019_10_24_11_58_46_182 1571936326182 25984 25913 479 235.233  
2019_10_24_11_58_46_183 1571936326183 25985 25914 161 80.124  
2019_10_24_11_58_46_183 1571936326183 25985 25914 172 85.4395  
2019_10_24_11_58_46_183 1571936326183 25985 25914 338 166.089  
2019_10_24_11_58_46_183 1571936326183 25985 25914 90 45.9012  
2019_10_24_11_58_46_183 1571936326183 25985 25914 274 134.899  
2019_10_24_11_58_46_183 1571936326183 25985 25914 229 113.041  
2019_10_24_11_58_46_183 1571936326183 25985 25914 166 82.5397  
2019_10_24_11_58_46_184 1571936326184 25986 25915 200 98.9859  
2019_10_24_11_58_46_224 1571936326224 26026 25955 302 148.53  
2019_10_24_11_58_46_271 1571936326271 26073 26001 345 169.508  
2019_10_24_11_58_46_287 1571936326287 26089 26017 150 74.8121  
2019_10_24_11_58_46_323 1571936326323 26125 26053 297 146.094  
2019_10_24_11_58_46_325 1571936326325 26127 26055 157 78.192  
2019_10_24_11_58_46_332 1571936326332 26134 26062 173 85.9229  
2019_10_24_11_58_46_371 1571936326371 26173 26101 160 79.641  
2019_10_24_11_58_46_442 1571936326442 26244 26172 396 194.46  
2019_10_24_11_58_46_469 1571936326469 26271 26199 763 376.285  
2019_10_24_11_58_46_506 1571936326506 26308 26236 209 103.345  
2019_10_24_11_58_46_566 1571936326566 26368 26296 389 191.031  
2019_10_24_11_58_46_568 1571936326568 26370 26298 49 26.2066  
2019_10_24_11_58_46_592 1571936326592 26394 26322 1127 560.558  
2019_10_24_11_58_46_594 1571936326594 26396 26324 274 134.899  
2019_10_24_11_58_46_664 1571936326664 26466 26394 4095 2209.31  
2019_10_24_11_58_46_683 1571936326683 26485 26413 1115 554.421  
2019_10_24_11_58_46_723 1571936326723 26525 26453 398 195.44  
2019_10_24_11_58_46_754 1571936326754 26556 26484 423 207.701  
2019_10_24_11_58_46_763 1571936326763 26565 26492 157 78.192  
2019_10_24_11_58_46_764 1571936326764 26566 26493 375 184.176  
2019_10_24_11_58_46_790 1571936326790 26592 26519 161 80.124  
2019_10_24_11_58_46_864 1571936326864 26666 26593 305 149.991  
2019_10_24_11_58_46_885 1571936326885 26687 26614 318 156.329  
2019_10_24_11_58_46_916 1571936326916 26718 26645 234 115.466  
2019_10_24_11_58_46_966 1571936326966 26768 26695 759 374.282  
2019_10_24_11_58_46_993 1571936326993 26795 26722 601 295.533  
2019_10_24_11_58_47_044 1571936327044 26846 26773 145 72.3988  
2019_10_24_11_58_47_050 1571936327050 26852 26779 235 115.951  
2019_10_24_11_58_47_078 1571936327078 26880 26807 631 310.429  
2019_10_24_11_58_47_079 1571936327079 26881 26808 190 94.1452  
2019_10_24_11_58_47_088 1571936327088 26890 26817 191 94.6291  
2019_10_24_11_58_47_171 1571936327171 26973 26900 397 194.95  
2019_10_24_11_58_47_211 1571936327211 27013 26940 92 46.8632  
2019_10_24_11_58_47_212 1571936327212 27014 26941 1463 734.134  
2019_10_24_11_58_47_222 1571936327222 27024 26951 235 115.951  
2019_10_24_11_58_47_240 1571936327240 27042 26968 537 263.845  
2019_10_24_11_58_47_253 1571936327253 27055 26981 417 204.757  
2019_10_24_11_58_47_254 1571936327254 27056 26982 664 326.845  
2019_10_24_11_58_47_463 1571936327463 27265 27191 453 222.439  
2019_10_24_11_58_47_476 1571936327476 27278 27204 4095 2209.31  
2019_10_24_11_58_47_479 1571936327479 27281 27207 1841 933.398  
2019_10_24_11_58_47_542 1571936327542 27344 27270 1258 627.835  
2019_10_24_11_58_47_546 1571936327546 27348 27274 64 33.4062  
2019_10_24_11_58_47_547 1571936327547 27349 27275 121 60.8252  
2019_10_24_11_58_47_557 1571936327557 27359 27285 301 148.042  
2019_10_24_11_58_47_613 1571936327613 27415 27341 193 95.5971  
2019_10_24_11_58_47_657 1571936327657 27459 27385 406 199.361  
2019_10_24_11_58_47_682 1571936327682 27484 27410 141 70.4687  
2019_10_24_11_58_47_715 1571936327715 27517 27443 184 91.2422  
2019_10_24_11_58_47_736 1571936327736 27538 27464 2852 1487.11  
2019_10_24_11_58_47_777 1571936327777 27579 27505 977 484.147  
2019_10_24_11_58_47_827 1571936327827 27629 27555 395 193.97  
2019_10_24_11_58_47_857 1571936327857 27659 27585 331 162.672  
2019_10_24_11_58_47_867 1571936327867 27669 27594 276 135.872  
2019_10_24_11_58_47_953 1571936327953 27755 27680 660 324.853  
2019_10_24_11_58_48_229 1571936328229 28031 27956 621 305.461  
2019_10_24_11_58_48_230 1571936328230 28032 27957 176 87.3733  
2019_10_24_11_58_48_231 1571936328231 28033 27958 620 304.964  
2019_10_24_11_58_48_231 1571936328231 28033 27958 225 111.1  
2019_10_24_11_58_48_231 1571936328231 28033 27958 509 250.02  
2019_10_24_11_58_48_231 1571936328231 28033 27958 241 118.864  
2019_10_24_11_58_48_231 1571936328231 28033 27958 2200 1126.56  
2019_10_24_11_58_48_231 1571936328231 28033 27958 173 85.9229  
2019_10_24_11_58_48_231 1571936328231 28033 27958 462 226.865  
2019_10_24_11_58_48_232 1571936328232 28034 27959 417 204.757  
2019_10_24_11_58_48_254 1571936328254 28056 27981 435 213.593  
2019_10_24_11_58_48_261 1571936328261 28063 27988 180 89.3075  
2019_10_24_11_58_48_279 1571936328279 28081 28006 120 60.3434  
2019_10_24_11_58_48_281 1571936328281 28083 28008 814 401.868  
2019_10_24_11_58_48_340 1571936328340 28142 28067 183 90.7585  
2019_10_24_11_58_48_375 1571936328375 28177 28101 2129 1088.05  
2019_10_24_11_58_48_409 1571936328409 28211 28135 539 264.834  
2019_10_24_11_58_48_431 1571936328431 28233 28157 173 85.9229  
2019_10_24_11_58_48_445 1571936328445 28247 28171 237 116.922  
2019_10_24_11_58_48_447 1571936328447 28249 28173 3714 1983.09  
2019_10_24_11_58_48_483 1571936328483 28285 28209 109 55.0448  
2019_10_24_11_58_48_495 1571936328495 28297 28221 324 159.256  
2019_10_24_11_58_48_511 1571936328511 28313 28237 273 134.412  
2019_10_24_11_58_48_512 1571936328512 28314 28238 516 253.474  
2019_10_24_11_58_48_526 1571936328526 28328 28252 223 110.131  
2019_10_24_11_58_48_556 1571936328556 28358 28282 179 88.8239  
2019_10_24_11_58_48_583 1571936328583 28385 28309 784 386.81  
2019_10_24_11_58_48_597 1571936328597 28399 28323 4095 2209.31  
2019_10_24_11_58_48_609 1571936328609 28411 28335 1500 753.452  
2019_10_24_11_58_48_640 1571936328640 28442 28366 1278 638.151  
2019_10_24_11_58_48_762 1571936328762 28564 28488 222 109.646  
2019_10_24_11_58_48_776 1571936328776 28578 28502 96 48.7875  
2019_10_24_11_58_48_842 1571936328842 28644 28567 412 202.304  
2019_10_24_11_58_48_857 1571936328857 28659 28582 198 98.0175  
2019_10_24_11_58_48_892 1571936328892 28694 28617 363 178.306  
2019_10_24_11_58_48_936 1571936328936 28738 28661 90 45.9012  
2019_10_24_11_58_49_000 1571936329000 28802 28725 499 245.088  
2019_10_24_11_58_49_032 1571936329032 28834 28757 4095 2209.31  
2019_10_24_11_58_49_098 1571936329098 28900 28823 870 430.047  
2019_10_24_11_58_49_099 1571936329099 28901 28824 233 114.981  
2019_10_24_11_58_49_100 1571936329100 28902 28825 388 190.541  
2019_10_24_11_58_49_130 1571936329130 28932 28855 272 133.926  
2019_10_24_11_58_49_158 1571936329158 28960 28883 276 135.872  
2019_10_24_11_58_49_222 1571936329222 29024 28947 343 168.531  
2019_10_24_11_58_49_249 1571936329249 29051 28974 403 197.891  
2019_10_24_11_58_49_298 1571936329298 29100 29023 502 246.567  
2019_10_24_11_58_49_344 1571936329344 29146 29069 305 149.991  
2019_10_24_11_58_49_394 1571936329394 29196 29119 568 279.179  
2019_10_24_11_58_49_429 1571936329429 29231 29154 76 39.1707  
2019_10_24_11_58_49_478 1571936329478 29280 29202 338 166.089  
2019_10_24_11_58_49_511 1571936329511 29313 29235 82 42.0545  
2019_10_24_11_58_49_559 1571936329559 29361 29283 113 56.9711  
2019_10_24_11_58_49_590 1571936329590 29392 29314 313 153.891  
2019_10_24_11_58_49_595 1571936329595 29397 29319 229 113.041  
2019_10_24_11_58_49_632 1571936329632 29434 29356 725 357.274  
2019_10_24_11_58_49_639 1571936329639 29441 29363 108 54.5633  
2019_10_24_11_58_49_664 1571936329664 29466 29388 520 255.449  
2019_10_24_11_58_49_669 1571936329669 29471 29393 250 123.234  
2019_10_24_11_58_49_693 1571936329693 29495 29417 491 241.144  
2019_10_24_11_58_49_700 1571936329700 29502 29424 327 160.72  
2019_10_24_11_58_49_737 1571936329737 29539 29461 745 367.274  
2019_10_24_11_58_49_746 1571936329746 29548 29470 286 140.738  
2019_10_24_11_58_49_760 1571936329760 29562 29484 290 142.685  
2019_10_24_11_58_49_789 1571936329789 29591 29513 309 151.941  
2019_10_24_11_58_49_793 1571936329793 29595 29517 571 280.664  
2019_10_24_11_58_49_803 1571936329803 29605 29527 280 137.818  
2019_10_24_11_58_49_825 1571936329825 29627 29548 128 64.1991  
2019_10_24_11_58_49_859 1571936329859 29661 29582 491 241.144  
2019_10_24_11_58_49_877 1571936329877 29679 29600 153 76.2605  
2019_10_24_11_58_49_937 1571936329937 29739 29660 260 128.092  
2019_10_24_11_58_49_978 1571936329978 29780 29701 377 185.155  
2019_10_24_11_58_49_987 1571936329987 29789 29710 609 299.503  
2019_10_24_11_58_49_995 1571936329995 29797 29718 275 135.385  
2019_10_24_11_58_50_000 1571936330000 29802 29723 702 345.788  
