1571935270586 2019_10_24_11_41_10_586 2.734449 0.478300  0.000014786
2019_10_24_11_41_10_724 1571935270724 138 137 305 149.991  
2019_10_24_11_41_10_725 1571935270725 139 138 294 144.633  
2019_10_24_11_41_10_726 1571935270726 140 139 765 377.287  
2019_10_24_11_41_10_726 1571935270726 140 139 397 194.95  
2019_10_24_11_41_10_726 1571935270726 140 139 163 81.0902  
2019_10_24_11_41_10_726 1571935270726 140 139 145 72.3988  
2019_10_24_11_41_10_726 1571935270726 140 139 2063 1052.39  
2019_10_24_11_41_10_727 1571935270727 141 140 495 243.116  
2019_10_24_11_41_10_727 1571935270727 141 140 324 159.256  
2019_10_24_11_41_10_727 1571935270727 141 140 3062 1605.92  
2019_10_24_11_41_10_727 1571935270727 141 140 347 170.485  
2019_10_24_11_41_10_727 1571935270727 141 140 259 127.606  
2019_10_24_11_41_10_727 1571935270727 141 140 162 80.6071  
2019_10_24_11_41_10_727 1571935270727 141 140 375 184.176  
2019_10_24_11_41_10_727 1571935270727 141 140 291 143.172  
2019_10_24_11_41_10_728 1571935270728 142 141 341 167.554  
2019_10_24_11_41_10_728 1571935270728 142 141 241 118.864  
2019_10_24_11_41_10_728 1571935270728 142 140 1587 799.035  
2019_10_24_11_41_10_728 1571935270728 142 140 172 85.4395  
2019_10_24_11_41_10_728 1571935270728 142 140 98 49.7499  
2019_10_24_11_41_10_728 1571935270728 142 140 1229 612.898  
2019_10_24_11_41_10_728 1571935270728 142 140 483 237.203  
2019_10_24_11_41_10_728 1571935270728 142 140 180 89.3075  
2019_10_24_11_41_10_728 1571935270728 142 140 261 128.578  
2019_10_24_11_41_10_729 1571935270729 143 141 215 106.252  
2019_10_24_11_41_10_729 1571935270729 143 141 114 57.4528  
2019_10_24_11_41_10_729 1571935270729 143 141 530 260.387  
2019_10_24_11_41_10_729 1571935270729 143 141 167 83.0229  
2019_10_24_11_41_10_729 1571935270729 143 141 83 42.5352  
2019_10_24_11_41_10_729 1571935270729 143 141 254 125.177  
2019_10_24_11_41_10_729 1571935270729 143 141 536 263.351  
2019_10_24_11_41_10_729 1571935270729 143 141 289 142.198  
2019_10_24_11_41_10_729 1571935270729 143 141 225 111.1  
2019_10_24_11_41_10_730 1571935270730 144 142 280 137.818  
2019_10_24_11_41_10_752 1571935270752 166 163 296 145.607  
2019_10_24_11_41_10_799 1571935270799 213 210 1677 846.426  
2019_10_24_11_41_10_804 1571935270804 218 215 228 112.555  
2019_10_24_11_41_10_814 1571935270814 228 225 198 98.0175  
2019_10_24_11_41_10_819 1571935270819 233 230 229 113.041  
2019_10_24_11_41_10_861 1571935270861 275 272 385 189.072  
2019_10_24_11_41_10_878 1571935270878 292 289 174 86.4063  
2019_10_24_11_41_10_899 1571935270899 313 310 86 43.9776  
2019_10_24_11_41_10_901 1571935270901 315 312 556 273.24  
2019_10_24_11_41_10_911 1571935270911 325 322 918 454.274  
2019_10_24_11_41_10_949 1571935270949 363 360 212 104.799  
2019_10_24_11_41_11_002 1571935271002 416 413 487 239.173  
2019_10_24_11_41_11_028 1571935271028 442 439 163 81.0902  
2019_10_24_11_41_11_053 1571935271053 467 464 168 83.5062  
2019_10_24_11_41_11_065 1571935271065 479 476 829 409.406  
2019_10_24_11_41_11_114 1571935271114 528 525 284 139.764  
2019_10_24_11_41_11_119 1571935271119 533 530 1318 658.818  
2019_10_24_11_41_11_135 1571935271135 549 545 320 157.305  
2019_10_24_11_41_11_154 1571935271154 568 564 249 122.748  
2019_10_24_11_41_11_156 1571935271156 570 566 306 150.479  
2019_10_24_11_41_11_175 1571935271175 589 585 347 170.485  
2019_10_24_11_41_11_186 1571935271186 600 596 164 81.5733  
2019_10_24_11_41_11_210 1571935271210 624 620 337 165.601  
2019_10_24_11_41_11_235 1571935271235 649 645 467 229.325  
2019_10_24_11_41_11_236 1571935271236 650 646 541 265.822  
2019_10_24_11_41_11_256 1571935271256 670 666 116 58.4162  
2019_10_24_11_41_11_304 1571935271304 718 714 591 290.574  
2019_10_24_11_41_11_305 1571935271305 719 715 251 123.719  
2019_10_24_11_41_11_309 1571935271309 723 719 365 179.284  
2019_10_24_11_41_11_617 1571935271617 1031 1027 650 319.876  
2019_10_24_11_41_11_618 1571935271618 1032 1028 144 71.9162  
2019_10_24_11_41_11_619 1571935271619 1033 1029 314 154.378  
2019_10_24_11_41_11_619 1571935271619 1033 1029 450 220.964  
2019_10_24_11_41_11_619 1571935271619 1033 1029 1048 520.232  
2019_10_24_11_41_11_619 1571935271619 1033 1028 219 108.191  
2019_10_24_11_41_11_619 1571935271619 1033 1028 2868 1496.12  
2019_10_24_11_41_11_620 1571935271620 1034 1029 581 285.618  
2019_10_24_11_41_11_620 1571935271620 1034 1029 428 210.155  
2019_10_24_11_41_11_620 1571935271620 1034 1029 279 137.331  
2019_10_24_11_41_11_620 1571935271620 1034 1029 271 133.44  
2019_10_24_11_41_11_632 1571935271632 1046 1041 245 120.805  
2019_10_24_11_41_11_652 1571935271652 1066 1061 411 201.813  
2019_10_24_11_41_11_655 1571935271655 1069 1064 810 399.858  
2019_10_24_11_41_11_759 1571935271759 1173 1168 245 120.805  
2019_10_24_11_41_11_767 1571935271767 1181 1176 82 42.0545  
2019_10_24_11_41_11_793 1571935271793 1207 1202 115 57.9345  
2019_10_24_11_41_11_890 1571935271890 1304 1299 758 373.781  
2019_10_24_11_41_11_965 1571935271965 1379 1374 485 238.188  
2019_10_24_11_41_12_036 1571935272036 1450 1445 293 144.146  
2019_10_24_11_41_12_088 1571935272088 1502 1497 304 149.504  
2019_10_24_11_41_12_093 1571935272093 1507 1502 774 381.796  
2019_10_24_11_41_12_094 1571935272094 1508 1503 333 163.648  
2019_10_24_11_41_12_102 1571935272102 1516 1510 88 44.9393  
2019_10_24_11_41_12_105 1571935272105 1519 1513 1023 507.509  
2019_10_24_11_41_12_108 1571935272108 1522 1516 236 116.437  
2019_10_24_11_41_12_124 1571935272124 1538 1532 1495 750.839  
2019_10_24_11_41_12_138 1571935272138 1552 1546 415 203.775  
2019_10_24_11_41_12_140 1571935272140 1554 1548 408 200.342  
2019_10_24_11_41_12_210 1571935272210 1624 1618 145 72.3988  
2019_10_24_11_41_12_278 1571935272278 1692 1686 348 170.973  
2019_10_24_11_41_12_370 1571935272370 1784 1778 493 242.13  
2019_10_24_11_41_12_385 1571935272385 1799 1793 97 49.2687  
2019_10_24_11_41_12_476 1571935272476 1890 1884 266 131.008  
2019_10_24_11_41_12_482 1571935272482 1896 1890 220 108.676  
2019_10_24_11_41_12_516 1571935272516 1930 1924 330 162.184  
2019_10_24_11_41_12_527 1571935272527 1941 1935 953 471.983  
2019_10_24_11_41_12_575 1571935272575 1989 1983 558 274.23  
2019_10_24_11_41_12_589 1571935272589 2003 1997 408 200.342  
2019_10_24_11_41_12_603 1571935272603 2017 2011 643 316.394  
2019_10_24_11_41_12_610 1571935272610 2024 2017 1329 664.51  
2019_10_24_11_41_12_620 1571935272620 2034 2027 205 101.407  
2019_10_24_11_41_12_621 1571935272621 2035 2028 228 112.555  
2019_10_24_11_41_12_625 1571935272625 2039 2032 196 97.0493  
2019_10_24_11_41_12_626 1571935272626 2040 2033 230 113.526  
2019_10_24_11_41_12_634 1571935272634 2048 2041 251 123.719  
2019_10_24_11_41_12_680 1571935272680 2094 2087 339 166.577  
2019_10_24_11_41_12_754 1571935272754 2168 2161 623 306.454  
2019_10_24_11_41_12_842 1571935272842 2256 2249 429 210.646  
2019_10_24_11_41_12_875 1571935272875 2289 2282 1388 695.1  
2019_10_24_11_41_12_896 1571935272896 2310 2303 312 153.403  
2019_10_24_11_41_12_904 1571935272904 2318 2311 202 99.9544  
2019_10_24_11_41_12_921 1571935272921 2335 2328 74 38.2096  
2019_10_24_11_41_12_943 1571935272943 2357 2350 2616 1355.15  
2019_10_24_11_41_12_955 1571935272955 2369 2362 485 238.188  
2019_10_24_11_41_12_975 1571935272975 2389 2382 1365 683.163  
2019_10_24_11_41_12_985 1571935272985 2399 2392 1333 666.581  
2019_10_24_11_41_13_008 1571935273008 2422 2414 488 239.666  
2019_10_24_11_41_13_013 1571935273013 2427 2419 136 68.0567  
2019_10_24_11_41_13_047 1571935273047 2461 2453 81 41.5738  
2019_10_24_11_41_13_079 1571935273079 2493 2485 356 174.883  
2019_10_24_11_41_13_102 1571935273102 2516 2508 166 82.5397  
2019_10_24_11_41_13_123 1571935273123 2537 2529 293 144.146  
2019_10_24_11_41_13_130 1571935273130 2544 2536 1286 642.281  
2019_10_24_11_41_13_197 1571935273197 2611 2603 541 265.822  
2019_10_24_11_41_13_208 1571935273208 2622 2614 1070 531.444  
2019_10_24_11_41_13_215 1571935273215 2629 2621 626 307.944  
2019_10_24_11_41_13_236 1571935273236 2650 2642 711 350.28  
2019_10_24_11_41_13_242 1571935273242 2656 2648 395 193.97  
2019_10_24_11_41_13_273 1571935273273 2687 2679 90 45.9012  
2019_10_24_11_41_13_287 1571935273287 2701 2693 345 169.508  
2019_10_24_11_41_13_288 1571935273288 2702 2694 443 217.523  
2019_10_24_11_41_13_291 1571935273291 2705 2697 207 102.376  
2019_10_24_11_41_13_302 1571935273302 2716 2708 474 232.771  
2019_10_24_11_41_13_321 1571935273321 2735 2726 733 361.273  
2019_10_24_11_41_13_348 1571935273348 2762 2753 1387 694.581  
2019_10_24_11_41_13_365 1571935273365 2779 2770 208 102.861  
2019_10_24_11_41_13_368 1571935273368 2782 2773 777 383.3  
2019_10_24_11_41_13_377 1571935273377 2791 2782 116 58.4162  
2019_10_24_11_41_13_665 1571935273665 3079 3070 292 143.659  
2019_10_24_11_41_13_666 1571935273666 3080 3071 552 271.261  
2019_10_24_11_41_13_667 1571935273667 3081 3072 268 131.981  
2019_10_24_11_41_13_667 1571935273667 3081 3072 836 412.927  
2019_10_24_11_41_13_667 1571935273667 3081 3072 631 310.429  
2019_10_24_11_41_13_667 1571935273667 3081 3072 408 200.342  
2019_10_24_11_41_13_667 1571935273667 3081 3072 289 142.198  
2019_10_24_11_41_13_667 1571935273667 3081 3072 310 152.428  
2019_10_24_11_41_13_667 1571935273667 3081 3072 717 353.277  
2019_10_24_11_41_13_667 1571935273667 3081 3072 671 330.331  
2019_10_24_11_41_13_668 1571935273668 3082 3073 279 137.331  
2019_10_24_11_41_13_668 1571935273668 3082 3073 296 145.607  
2019_10_24_11_41_13_669 1571935273669 3083 3073 1305 652.096  
2019_10_24_11_41_13_673 1571935273673 3087 3077 573 281.655  
2019_10_24_11_41_13_674 1571935273674 3088 3078 510 250.513  
2019_10_24_11_41_13_675 1571935273675 3089 3079 520 255.449  
2019_10_24_11_41_13_678 1571935273678 3092 3082 349 171.462  
2019_10_24_11_41_13_700 1571935273700 3114 3104 778 383.801  
2019_10_24_11_41_13_702 1571935273702 3116 3106 396 194.46  
2019_10_24_11_41_13_707 1571935273707 3121 3111 1333 666.581  
2019_10_24_11_41_13_733 1571935273733 3147 3137 371 182.219  
2019_10_24_11_41_13_739 1571935273739 3153 3143 1404 703.413  
2019_10_24_11_41_13_764 1571935273764 3178 3168 557 273.735  
2019_10_24_11_41_13_765 1571935273765 3179 3169 343 168.531  
2019_10_24_11_41_13_773 1571935273773 3187 3177 157 78.192  
2019_10_24_11_41_13_785 1571935273785 3199 3189 300 147.555  
2019_10_24_11_41_13_797 1571935273797 3211 3201 2478 1278.75  
2019_10_24_11_41_13_803 1571935273803 3217 3207 250 123.234  
2019_10_24_11_41_13_817 1571935273817 3231 3221 1369 685.238  
2019_10_24_11_41_13_843 1571935273843 3257 3247 1235 615.986  
2019_10_24_11_41_13_855 1571935273855 3269 3258 2522 1303.05  
2019_10_24_11_41_13_859 1571935273859 3273 3262 1286 642.281  
2019_10_24_11_41_13_867 1571935273867 3281 3270 216 106.737  
2019_10_24_11_41_13_874 1571935273874 3288 3277 437 214.575  
2019_10_24_11_41_13_879 1571935273879 3293 3282 320 157.305  
2019_10_24_11_41_13_898 1571935273898 3312 3301 1362 681.607  
2019_10_24_11_41_13_905 1571935273905 3319 3308 297 146.094  
2019_10_24_11_41_13_912 1571935273912 3326 3315 567 278.684  
2019_10_24_11_41_13_915 1571935273915 3329 3318 524 257.423  
2019_10_24_11_41_13_949 1571935273949 3363 3352 99 50.2311  
2019_10_24_11_41_13_952 1571935273952 3366 3355 1311 655.198  
2019_10_24_11_41_13_954 1571935273954 3368 3357 781 385.305  
2019_10_24_11_41_13_967 1571935273967 3381 3370 714 351.778  
2019_10_24_11_41_13_971 1571935273971 3385 3374 165 82.0565  
2019_10_24_11_41_13_996 1571935273996 3410 3399 359 176.35  
2019_10_24_11_41_14_004 1571935274004 3418 3407 1360 680.57  
2019_10_24_11_41_14_009 1571935274009 3423 3412 421 206.719  
2019_10_24_11_41_14_010 1571935274010 3424 3412 351 172.439  
2019_10_24_11_41_14_013 1571935274013 3427 3415 426 209.173  
2019_10_24_11_41_14_021 1571935274021 3435 3423 1332 666.063  
2019_10_24_11_41_14_022 1571935274022 3436 3424 1265 631.444  
2019_10_24_11_41_14_023 1571935274023 3437 3425 460 225.881  
2019_10_24_11_41_14_028 1571935274028 3442 3430 486 238.681  
2019_10_24_11_41_14_029 1571935274029 3443 3431 387 190.051  
2019_10_24_11_41_14_030 1571935274030 3444 3432 217 107.222  
2019_10_24_11_41_14_120 1571935274120 3534 3522 1353 676.941  
2019_10_24_11_41_14_121 1571935274121 3535 3523 1772 896.709  
2019_10_24_11_41_14_123 1571935274123 3537 3525 1108 550.843  
2019_10_24_11_41_14_128 1571935274128 3542 3530 1069 530.934  
2019_10_24_11_41_14_145 1571935274145 3559 3547 278 136.845  
2019_10_24_11_41_14_151 1571935274151 3565 3553 135 67.5744  
2019_10_24_11_41_14_166 1571935274166 3580 3568 1339 669.688  
2019_10_24_11_41_14_180 1571935274180 3594 3582 238 117.407  
2019_10_24_11_41_14_200 1571935274200 3614 3602 583 286.609  
2019_10_24_11_41_14_205 1571935274205 3619 3606 559 274.724  
2019_10_24_11_41_14_211 1571935274211 3625 3612 167 83.0229  
2019_10_24_11_41_14_256 1571935274256 3670 3657 410 201.323  
2019_10_24_11_41_14_262 1571935274262 3676 3663 1261 629.382  
2019_10_24_11_41_14_275 1571935274275 3689 3676 1372 686.794  
2019_10_24_11_41_14_280 1571935274280 3694 3681 913 451.747  
2019_10_24_11_41_14_293 1571935274293 3707 3694 720 354.775  
2019_10_24_11_41_14_299 1571935274299 3713 3700 1073 532.974  
2019_10_24_11_41_14_305 1571935274305 3719 3706 717 353.277  
2019_10_24_11_41_14_313 1571935274313 3727 3714 273 134.412  
2019_10_24_11_41_14_326 1571935274326 3740 3727 105 53.119  
2019_10_24_11_41_14_333 1571935274333 3747 3734 1304 651.579  
2019_10_24_11_41_14_343 1571935274343 3757 3744 1368 684.719  
2019_10_24_11_41_14_344 1571935274344 3758 3745 301 148.042  
2019_10_24_11_41_14_356 1571935274356 3770 3757 154 76.7433  
2019_10_24_11_41_14_396 1571935274396 3810 3797 508 249.527  
2019_10_24_11_41_14_417 1571935274417 3831 3818 246 121.291  
2019_10_24_11_41_14_418 1571935274418 3832 3818 1013 502.425  
2019_10_24_11_41_14_420 1571935274420 3834 3820 550 270.272  
2019_10_24_11_41_14_422 1571935274422 3836 3822 541 265.822  
2019_10_24_11_41_14_477 1571935274477 3891 3877 1122 558.001  
2019_10_24_11_41_14_488 1571935274488 3902 3888 337 165.601  
2019_10_24_11_41_14_497 1571935274497 3911 3897 1296 647.446  
2019_10_24_11_41_14_502 1571935274502 3916 3902 139 69.5038  
2019_10_24_11_41_14_511 1571935274511 3925 3911 377 185.155  
2019_10_24_11_41_14_543 1571935274543 3957 3943 496 243.609  
2019_10_24_11_41_14_574 1571935274574 3988 3974 1236 616.501  
2019_10_24_11_41_14_577 1571935274577 3991 3977 1246 621.651  
2019_10_24_11_41_14_587 1571935274587 4001 3987 215 106.252  
2019_10_24_11_41_14_600 1571935274600 4014 4000 155 77.2262  
2019_10_24_11_41_14_616 1571935274616 4030 4016 646 317.887  
2019_10_24_11_41_14_622 1571935274622 4036 4022 263 129.55  
2019_10_24_11_41_14_634 1571935274634 4048 4034 779 384.303  
2019_10_24_11_41_14_675 1571935274675 4089 4075 370 181.73  
2019_10_24_11_41_14_676 1571935274676 4090 4075 1344 672.278  
2019_10_24_11_41_14_732 1571935274732 4146 4131 226 111.585  
2019_10_24_11_41_14_734 1571935274734 4148 4133 382 187.603  
2019_10_24_11_41_14_786 1571935274786 4200 4185 1329 664.51  
2019_10_24_11_41_14_787 1571935274787 4201 4186 261 128.578  
2019_10_24_11_41_14_797 1571935274797 4211 4196 386 189.561  
2019_10_24_11_41_14_811 1571935274811 4225 4210 354 173.906  
2019_10_24_11_41_14_814 1571935274814 4228 4213 200 98.9859  
2019_10_24_11_41_14_826 1571935274826 4240 4225 431 211.628  
2019_10_24_11_41_14_836 1571935274836 4250 4235 300 147.555  
2019_10_24_11_41_14_845 1571935274845 4259 4244 1304 651.579  
2019_10_24_11_41_14_850 1571935274850 4264 4249 252 124.205  
2019_10_24_11_41_14_859 1571935274859 4273 4258 100 50.7123  
2019_10_24_11_41_14_874 1571935274874 4288 4273 1242 619.591  
2019_10_24_11_41_14_902 1571935274902 4316 4301 323 158.768  
2019_10_24_11_41_14_919 1571935274919 4333 4318 1257 627.32  
2019_10_24_11_41_14_929 1571935274929 4343 4328 240 118.378  
2019_10_24_11_41_14_931 1571935274931 4345 4330 298 146.581  
2019_10_24_11_41_14_983 1571935274983 4397 4381 855 422.49  
2019_10_24_11_41_15_021 1571935275021 4435 4419 212 104.799  
2019_10_24_11_41_15_036 1571935275036 4450 4434 375 184.176  
2019_10_24_11_41_15_041 1571935275041 4455 4439 1364 682.644  
2019_10_24_11_41_15_065 1571935275065 4479 4463 188 93.1774  
2019_10_24_11_41_15_097 1571935275097 4511 4495 812 400.863  
2019_10_24_11_41_15_101 1571935275101 4515 4499 243 119.834  
2019_10_24_11_41_15_124 1571935275124 4538 4522 926 458.319  
2019_10_24_11_41_15_165 1571935275165 4579 4563 1252 624.743  
2019_10_24_11_41_15_180 1571935275180 4594 4578 271 133.44  
2019_10_24_11_41_15_182 1571935275182 4596 4580 373 183.197  
2019_10_24_11_41_15_195 1571935275195 4609 4593 170 84.4728  
2019_10_24_11_41_15_201 1571935275201 4615 4599 155 77.2262  
2019_10_24_11_41_15_206 1571935275206 4620 4604 1349 674.868  
2019_10_24_11_41_15_225 1571935275225 4639 4623 1323 661.405  
2019_10_24_11_41_15_248 1571935275248 4662 4646 413 202.794  
2019_10_24_11_41_15_263 1571935275263 4677 4661 197 97.5334  
2019_10_24_11_41_15_276 1571935275276 4690 4673 250 123.234  
2019_10_24_11_41_15_277 1571935275277 4691 4674 462 226.865  
2019_10_24_11_41_15_301 1571935275301 4715 4698 549 269.778  
2019_10_24_11_41_15_314 1571935275314 4728 4711 189 93.6613  
2019_10_24_11_41_15_333 1571935275333 4747 4730 1330 665.028  
2019_10_24_11_41_15_336 1571935275336 4750 4733 556 273.24  
2019_10_24_11_41_15_360 1571935275360 4774 4757 179 88.8239  
2019_10_24_11_41_15_364 1571935275364 4778 4761 345 169.508  
2019_10_24_11_41_15_369 1571935275369 4783 4766 535 262.857  
2019_10_24_11_41_15_382 1571935275382 4796 4779 1297 647.962  
2019_10_24_11_41_15_400 1571935275400 4814 4797 125 62.753  
2019_10_24_11_41_15_429 1571935275429 4843 4826 967 479.076  
2019_10_24_11_41_15_713 1571935275713 5127 5110 166 82.5397  
2019_10_24_11_41_15_713 1571935275713 5127 5110 511 251.007  
2019_10_24_11_41_15_714 1571935275714 5128 5111 250 123.234  
2019_10_24_11_41_15_715 1571935275715 5129 5112 92 46.8632  
2019_10_24_11_41_15_715 1571935275715 5129 5112 399 195.93  
2019_10_24_11_41_15_715 1571935275715 5129 5111 132 66.1277  
2019_10_24_11_41_15_715 1571935275715 5129 5111 1142 568.236  
2019_10_24_11_41_15_715 1571935275715 5129 5111 993 492.266  
2019_10_24_11_41_15_715 1571935275715 5129 5111 648 318.881  
2019_10_24_11_41_15_715 1571935275715 5129 5111 227 112.07  
2019_10_24_11_41_15_715 1571935275715 5129 5111 294 144.633  
2019_10_24_11_41_15_716 1571935275716 5130 5112 625 307.448  
2019_10_24_11_41_15_716 1571935275716 5130 5112 374 183.687  
2019_10_24_11_41_15_722 1571935275722 5136 5118 177 87.8568  
2019_10_24_11_41_15_726 1571935275726 5140 5122 138 69.0214  
2019_10_24_11_41_15_763 1571935275763 5177 5159 295 145.12  
2019_10_24_11_41_15_815 1571935275815 5229 5211 301 148.042  
2019_10_24_11_41_15_823 1571935275823 5237 5219 393 192.99  
2019_10_24_11_41_15_841 1571935275841 5255 5237 185 91.726  
2019_10_24_11_41_15_855 1571935275855 5269 5251 381 187.113  
2019_10_24_11_41_15_868 1571935275868 5282 5264 421 206.719  
2019_10_24_11_41_15_885 1571935275885 5299 5281 505 248.047  
2019_10_24_11_41_15_923 1571935275923 5337 5318 358 175.861  
2019_10_24_11_41_16_013 1571935276013 5427 5408 211 104.314  
2019_10_24_11_41_16_041 1571935276041 5455 5436 364 178.795  
2019_10_24_11_41_16_068 1571935276068 5482 5463 114 57.4528  
2019_10_24_11_41_16_080 1571935276080 5494 5475 292 143.659  
2019_10_24_11_41_16_081 1571935276081 5495 5476 213 105.283  
2019_10_24_11_41_16_093 1571935276093 5507 5488 313 153.891  
2019_10_24_11_41_16_142 1571935276142 5556 5537 611 300.496  
2019_10_24_11_41_16_162 1571935276162 5576 5557 644 316.892  
2019_10_24_11_41_16_173 1571935276173 5587 5568 730 359.773  
2019_10_24_11_41_16_183 1571935276183 5597 5578 237 116.922  
2019_10_24_11_41_16_184 1571935276184 5598 5579 148 73.8467  
2019_10_24_11_41_16_189 1571935276189 5603 5584 162 80.6071  
2019_10_24_11_41_16_203 1571935276203 5617 5598 268 131.981  
2019_10_24_11_41_16_240 1571935276240 5654 5635 1291 644.863  
2019_10_24_11_41_16_290 1571935276290 5704 5685 1115 554.421  
2019_10_24_11_41_16_297 1571935276297 5711 5692 1319 659.336  
2019_10_24_11_41_16_320 1571935276320 5734 5714 1750 885.041  
2019_10_24_11_41_16_334 1571935276334 5748 5728 307 150.966  
2019_10_24_11_41_16_377 1571935276377 5791 5771 222 109.646  
2019_10_24_11_41_16_401 1571935276401 5815 5795 1335 667.616  
2019_10_24_11_41_16_504 1571935276504 5918 5898 1079 536.034  
2019_10_24_11_41_16_539 1571935276539 5953 5933 889 439.629  
2019_10_24_11_41_16_549 1571935276549 5963 5943 343 168.531  
2019_10_24_11_41_16_553 1571935276553 5967 5947 1264 630.929  
2019_10_24_11_41_16_562 1571935276562 5976 5956 1248 622.682  
2019_10_24_11_41_16_605 1571935276605 6019 5999 135 67.5744  
2019_10_24_11_41_16_607 1571935276607 6021 6001 365 179.284  
2019_10_24_11_41_16_624 1571935276624 6038 6018 4095 2209.31  
2019_10_24_11_41_16_693 1571935276693 6107 6087 1336 668.134  
2019_10_24_11_41_16_705 1571935276705 6119 6099 1787 904.673  
2019_10_24_11_41_16_735 1571935276735 6149 6129 322 158.28  
2019_10_24_11_41_16_825 1571935276825 6239 6219 773 381.295  
2019_10_24_11_41_16_870 1571935276870 6284 6264 663 326.347  
2019_10_24_11_41_16_989 1571935276989 6403 6383 489 240.159  
2019_10_24_11_41_17_050 1571935277050 6464 6443 271 133.44  
2019_10_24_11_41_17_064 1571935277064 6478 6457 288 141.711  
2019_10_24_11_41_17_073 1571935277073 6487 6466 300 147.555  
2019_10_24_11_41_17_096 1571935277096 6510 6489 766 377.788  
2019_10_24_11_41_17_128 1571935277128 6542 6521 138 69.0214  
2019_10_24_11_41_17_144 1571935277144 6558 6537 185 91.726  
2019_10_24_11_41_17_168 1571935277168 6582 6561 519 254.955  
2019_10_24_11_41_17_180 1571935277180 6594 6573 80 41.0931  
2019_10_24_11_41_17_202 1571935277202 6616 6595 175 86.8898  
2019_10_24_11_41_17_207 1571935277207 6621 6600 239 117.893  
2019_10_24_11_41_17_294 1571935277294 6708 6687 292 143.659  
2019_10_24_11_41_17_309 1571935277309 6723 6702 300 147.555  
2019_10_24_11_41_17_371 1571935277371 6785 6764 557 273.735  
2019_10_24_11_41_17_479 1571935277479 6893 6872 330 162.184  
2019_10_24_11_41_17_481 1571935277481 6895 6874 238 117.407  
2019_10_24_11_41_17_497 1571935277497 6911 6890 1675 845.37  
2019_10_24_11_41_17_760 1571935277760 7174 7153 112 56.4895  
2019_10_24_11_41_17_761 1571935277761 7175 7153 454 222.93  
2019_10_24_11_41_17_762 1571935277762 7176 7154 140 69.9862  
2019_10_24_11_41_17_762 1571935277762 7176 7154 462 226.865  
2019_10_24_11_41_17_762 1571935277762 7176 7154 569 279.674  
2019_10_24_11_41_17_763 1571935277763 7177 7155 172 85.4395  
2019_10_24_11_41_17_772 1571935277772 7186 7164 386 189.561  
2019_10_24_11_41_17_788 1571935277788 7202 7180 690 339.801  
2019_10_24_11_41_17_812 1571935277812 7226 7204 1043 517.686  
2019_10_24_11_41_17_830 1571935277830 7244 7222 198 98.0175  
2019_10_24_11_41_17_873 1571935277873 7287 7265 204 100.923  
2019_10_24_11_41_17_910 1571935277910 7324 7302 230 113.526  
2019_10_24_11_41_18_002 1571935278002 7416 7394 140 69.9862  
2019_10_24_11_41_18_130 1571935278130 7544 7522 1264 630.929  
2019_10_24_11_41_18_191 1571935278191 7605 7583 416 204.266  
2019_10_24_11_41_18_210 1571935278210 7624 7602 4095 2209.31  
2019_10_24_11_41_18_324 1571935278324 7738 7716 893 441.647  
2019_10_24_11_41_18_409 1571935278409 7823 7801 561 275.714  
2019_10_24_11_41_18_412 1571935278412 7826 7803 591 290.574  
2019_10_24_11_41_18_413 1571935278413 7827 7804 144 71.9162  
2019_10_24_11_41_18_515 1571935278515 7929 7906 203 100.439  
2019_10_24_11_41_18_518 1571935278518 7932 7909 269 132.467  
2019_10_24_11_41_18_598 1571935278598 8012 7989 307 150.966  
2019_10_24_11_41_18_602 1571935278602 8016 7993 784 386.81  
2019_10_24_11_41_18_666 1571935278666 8080 8057 207 102.376  
2019_10_24_11_41_18_675 1571935278675 8089 8066 126 63.235  
2019_10_24_11_41_18_686 1571935278686 8100 8077 294 144.633  
2019_10_24_11_41_18_728 1571935278728 8142 8119 269 132.467  
2019_10_24_11_41_18_739 1571935278739 8153 8130 527 258.905  
2019_10_24_11_41_18_752 1571935278752 8166 8143 750 369.776  
2019_10_24_11_41_18_776 1571935278776 8190 8167 2580 1335.17  
2019_10_24_11_41_18_894 1571935278894 8308 8285 411 201.813  
2019_10_24_11_41_18_926 1571935278926 8340 8317 408 200.342  
2019_10_24_11_41_18_941 1571935278941 8355 8332 459 225.389  
2019_10_24_11_41_18_945 1571935278945 8359 8336 280 137.818  
2019_10_24_11_41_18_953 1571935278953 8367 8343 108 54.5633  
2019_10_24_11_41_19_039 1571935279039 8453 8429 165 82.0565  
2019_10_24_11_41_19_105 1571935279105 8519 8495 449 220.472  
2019_10_24_11_41_19_209 1571935279209 8623 8599 215 106.252  
2019_10_24_11_41_19_232 1571935279232 8646 8622 447 219.489  
2019_10_24_11_41_19_260 1571935279260 8674 8650 280 137.818  
2019_10_24_11_41_19_270 1571935279270 8684 8660 283 139.278  
2019_10_24_11_41_19_278 1571935279278 8692 8668 348 170.973  
2019_10_24_11_41_19_282 1571935279282 8696 8672 322 158.28  
2019_10_24_11_41_19_292 1571935279292 8706 8682 433 212.611  
2019_10_24_11_41_19_308 1571935279308 8722 8698 247 121.777  
2019_10_24_11_41_19_336 1571935279336 8750 8726 209 103.345  
2019_10_24_11_41_19_368 1571935279368 8782 8758 84 43.016  
2019_10_24_11_41_19_385 1571935279385 8799 8775 164 81.5733  
2019_10_24_11_41_19_393 1571935279393 8807 8783 302 148.53  
2019_10_24_11_41_19_452 1571935279452 8866 8842 252 124.205  
2019_10_24_11_41_19_477 1571935279477 8891 8867 1232 614.442  
2019_10_24_11_41_19_490 1571935279490 8904 8879 125 62.753  
2019_10_24_11_41_19_495 1571935279495 8909 8884 203 100.439  
2019_10_24_11_41_19_500 1571935279500 8914 8889 216 106.737  
2019_10_24_11_41_19_507 1571935279507 8921 8896 536 263.351  
2019_10_24_11_41_19_516 1571935279516 8930 8905 214 105.768  
2019_10_24_11_41_19_808 1571935279808 9222 9197 1353 676.941  
2019_10_24_11_41_19_809 1571935279809 9223 9198 210 103.829  
2019_10_24_11_41_19_810 1571935279810 9224 9199 1392 697.178  
2019_10_24_11_41_19_810 1571935279810 9224 9199 613 301.488  
2019_10_24_11_41_19_810 1571935279810 9224 9199 192 95.1131  
2019_10_24_11_41_19_810 1571935279810 9224 9199 981 486.176  
2019_10_24_11_41_19_810 1571935279810 9224 9199 204 100.923  
2019_10_24_11_41_19_811 1571935279811 9225 9200 879 434.584  
2019_10_24_11_41_19_811 1571935279811 9225 9200 354 173.906  
2019_10_24_11_41_19_811 1571935279811 9225 9200 382 187.603  
2019_10_24_11_41_19_811 1571935279811 9225 9200 237 116.922  
2019_10_24_11_41_19_860 1571935279860 9274 9249 101 51.1936  
2019_10_24_11_41_19_890 1571935279890 9304 9279 185 91.726  
2019_10_24_11_41_19_891 1571935279891 9305 9279 1260 628.866  
2019_10_24_11_41_19_893 1571935279893 9307 9281 360 176.839  
2019_10_24_11_41_19_934 1571935279934 9348 9322 307 150.966  
2019_10_24_11_41_19_944 1571935279944 9358 9332 313 153.891  
2019_10_24_11_41_20_059 1571935280059 9473 9447 2155 1102.14  
2019_10_24_11_41_20_065 1571935280065 9479 9453 509 250.02  
2019_10_24_11_41_20_088 1571935280088 9502 9476 266 131.008  
2019_10_24_11_41_20_125 1571935280125 9539 9513 229 113.041  
2019_10_24_11_41_20_177 1571935280177 9591 9565 134 67.0921  
2019_10_24_11_41_20_188 1571935280188 9602 9576 216 106.737  
2019_10_24_11_41_20_216 1571935280216 9630 9604 319 156.817  
2019_10_24_11_41_20_218 1571935280218 9632 9606 1000 495.82  
2019_10_24_11_41_20_350 1571935280350 9764 9738 588 289.087  
2019_10_24_11_41_20_360 1571935280360 9774 9748 776 382.799  
2019_10_24_11_41_20_467 1571935280467 9881 9855 231 114.011  
2019_10_24_11_41_20_471 1571935280471 9885 9859 268 131.981  
2019_10_24_11_41_20_524 1571935280524 9938 9912 206 101.892  
2019_10_24_11_41_20_544 1571935280544 9958 9931 179 88.8239  
2019_10_24_11_41_20_547 1571935280547 9961 9934 488 239.666  
2019_10_24_11_41_20_619 1571935280619 10033 10006 154 76.7433  
2019_10_24_11_41_20_638 1571935280638 10052 10025 2270 1164.66  
2019_10_24_11_41_20_727 1571935280727 10141 10114 469 230.309  
2019_10_24_11_41_20_766 1571935280766 10180 10153 721 355.275  
2019_10_24_11_41_20_768 1571935280768 10182 10155 160 79.641  
2019_10_24_11_41_20_769 1571935280769 10183 10156 499 245.088  
2019_10_24_11_41_20_779 1571935280779 10193 10166 85 43.4968  
2019_10_24_11_41_20_805 1571935280805 10219 10192 170 84.4728  
2019_10_24_11_41_20_866 1571935280866 10280 10253 552 271.261  
2019_10_24_11_41_20_951 1571935280951 10365 10338 4026 2168.03  
2019_10_24_11_41_20_973 1571935280973 10387 10360 863 426.519  
2019_10_24_11_41_21_002 1571935281002 10416 10389 241 118.864  
2019_10_24_11_41_21_024 1571935281024 10438 10411 267 131.495  
2019_10_24_11_41_21_034 1571935281034 10448 10421 151 75.2949  
2019_10_24_11_41_21_046 1571935281046 10460 10433 3841 2058.02  
2019_10_24_11_41_21_057 1571935281057 10471 10443 418 205.247  
2019_10_24_11_41_21_102 1571935281102 10516 10488 2282 1171.21  
2019_10_24_11_41_21_110 1571935281110 10524 10496 871 430.551  
2019_10_24_11_41_21_117 1571935281117 10531 10503 343 168.531  
2019_10_24_11_41_21_124 1571935281124 10538 10510 185 91.726  
2019_10_24_11_41_21_211 1571935281211 10625 10597 522 256.436  
2019_10_24_11_41_21_212 1571935281212 10626 10598 335 164.624  
2019_10_24_11_41_21_213 1571935281213 10627 10599 4095 2209.31  
2019_10_24_11_41_21_234 1571935281234 10648 10620 1989 1012.57  
2019_10_24_11_41_21_252 1571935281252 10666 10638 415 203.775  
2019_10_24_11_41_21_337 1571935281337 10751 10723 304 149.504  
2019_10_24_11_41_21_342 1571935281342 10756 10728 322 158.28  
2019_10_24_11_41_21_361 1571935281361 10775 10747 1224 610.325  
2019_10_24_11_41_21_389 1571935281389 10803 10775 1225 610.84  
2019_10_24_11_41_21_393 1571935281393 10807 10779 231 114.011  
2019_10_24_11_41_21_418 1571935281418 10832 10804 409 200.833  
2019_10_24_11_41_21_435 1571935281435 10849 10821 300 147.555  
2019_10_24_11_41_21_491 1571935281491 10905 10876 89 45.4203  
2019_10_24_11_41_21_512 1571935281512 10926 10897 268 131.981  
2019_10_24_11_41_21_550 1571935281550 10964 10935 194 96.0811  
2019_10_24_11_41_21_568 1571935281568 10982 10953 232 114.496  
2019_10_24_11_41_21_569 1571935281569 10983 10954 479 235.233  
2019_10_24_11_41_21_576 1571935281576 10990 10961 103 52.1562  
2019_10_24_11_41_21_856 1571935281856 11270 11241 435 213.593  
2019_10_24_11_41_21_857 1571935281857 11271 11242 192 95.1131  
2019_10_24_11_41_21_858 1571935281858 11272 11243 65 33.8864  
2019_10_24_11_41_21_858 1571935281858 11272 11243 403 197.891  
2019_10_24_11_41_21_858 1571935281858 11272 11243 169 83.9894  
2019_10_24_11_41_21_858 1571935281858 11272 11243 171 84.9561  
2019_10_24_11_41_21_858 1571935281858 11272 11243 151 75.2949  
2019_10_24_11_41_21_858 1571935281858 11272 11243 154 76.7433  
2019_10_24_11_41_21_858 1571935281858 11272 11243 336 165.112  
2019_10_24_11_41_21_859 1571935281859 11273 11244 512 251.5  
2019_10_24_11_41_21_859 1571935281859 11273 11244 257 126.634  
2019_10_24_11_41_21_859 1571935281859 11273 11243 204 100.923  
2019_10_24_11_41_21_859 1571935281859 11273 11243 2410 1241.31  
2019_10_24_11_41_21_859 1571935281859 11273 11243 78 40.1318  
2019_10_24_11_41_21_868 1571935281868 11282 11252 3182 1674.39  
2019_10_24_11_41_21_898 1571935281898 11312 11282 186 92.2098  
2019_10_24_11_41_21_912 1571935281912 11326 11296 533 261.869  
2019_10_24_11_41_21_959 1571935281959 11373 11343 617 303.474  
2019_10_24_11_41_21_979 1571935281979 11393 11363 605 297.518  
2019_10_24_11_41_22_014 1571935282014 11428 11398 138 69.0214  
2019_10_24_11_41_22_104 1571935282104 11518 11488 190 94.1452  
2019_10_24_11_41_22_212 1571935282212 11626 11596 205 101.407  
2019_10_24_11_41_22_267 1571935282267 11681 11651 181 89.7911  
2019_10_24_11_41_22_290 1571935282290 11704 11674 411 201.813  
2019_10_24_11_41_22_320 1571935282320 11734 11704 729 359.273  
2019_10_24_11_41_22_375 1571935282375 11789 11759 333 163.648  
2019_10_24_11_41_22_398 1571935282398 11812 11782 95 48.3064  
2019_10_24_11_41_22_409 1571935282409 11823 11793 129 64.6812  
2019_10_24_11_41_22_417 1571935282417 11831 11801 374 183.687  
2019_10_24_11_41_22_424 1571935282424 11838 11807 94 47.8253  
2019_10_24_11_41_22_477 1571935282477 11891 11860 317 155.841  
2019_10_24_11_41_22_491 1571935282491 11905 11874 85 43.4968  
2019_10_24_11_41_22_503 1571935282503 11917 11886 230 113.526  
2019_10_24_11_41_22_519 1571935282519 11933 11902 1373 687.313  
2019_10_24_11_41_22_532 1571935282532 11946 11915 298 146.581  
2019_10_24_11_41_22_566 1571935282566 11980 11949 576 283.141  
2019_10_24_11_41_22_599 1571935282599 12013 11982 490 240.651  
2019_10_24_11_41_22_624 1571935282624 12038 12007 116 58.4162  
2019_10_24_11_41_22_660 1571935282660 12074 12043 391 192.01  
2019_10_24_11_41_22_669 1571935282669 12083 12052 536 263.351  
2019_10_24_11_41_22_701 1571935282701 12115 12084 393 192.99  
2019_10_24_11_41_22_714 1571935282714 12128 12097 155 77.2262  
2019_10_24_11_41_22_718 1571935282718 12132 12101 507 249.033  
2019_10_24_11_41_22_800 1571935282800 12214 12183 123 61.789  
2019_10_24_11_41_22_812 1571935282812 12226 12195 1420 711.734  
2019_10_24_11_41_22_832 1571935282832 12246 12215 301 148.042  
2019_10_24_11_41_22_859 1571935282859 12273 12241 655 322.364  
2019_10_24_11_41_22_886 1571935282886 12300 12268 85 43.4968  
2019_10_24_11_41_22_889 1571935282889 12303 12271 1059 525.836  
2019_10_24_11_41_22_904 1571935282904 12318 12286 313 153.891  
2019_10_24_11_41_22_947 1571935282947 12361 12329 406 199.361  
2019_10_24_11_41_22_948 1571935282948 12362 12330 174 86.4063  
2019_10_24_11_41_22_965 1571935282965 12379 12347 193 95.5971  
2019_10_24_11_41_22_967 1571935282967 12381 12349 186 92.2098  
2019_10_24_11_41_22_969 1571935282969 12383 12351 214 105.768  
2019_10_24_11_41_23_072 1571935283072 12486 12454 242 119.349  
2019_10_24_11_41_23_121 1571935283121 12535 12503 163 81.0902  
2019_10_24_11_41_23_130 1571935283130 12544 12512 171 84.9561  
2019_10_24_11_41_23_176 1571935283176 12590 12558 148 73.8467  
2019_10_24_11_41_23_260 1571935283260 12674 12642 235 115.951  
2019_10_24_11_41_23_299 1571935283299 12713 12681 179 88.8239  
2019_10_24_11_41_23_300 1571935283300 12714 12682 131 65.6455  
2019_10_24_11_41_23_326 1571935283326 12740 12708 344 169.019  
2019_10_24_11_41_23_344 1571935283344 12758 12725 576 283.141  
2019_10_24_11_41_23_378 1571935283378 12792 12759 359 176.35  
2019_10_24_11_41_23_382 1571935283382 12796 12763 360 176.839  
2019_10_24_11_41_23_435 1571935283435 12849 12816 238 117.407  
2019_10_24_11_41_23_439 1571935283439 12853 12820 137 68.5391  
2019_10_24_11_41_23_443 1571935283443 12857 12824 166 82.5397  
2019_10_24_11_41_23_457 1571935283457 12871 12838 125 62.753  
2019_10_24_11_41_23_478 1571935283478 12892 12859 251 123.719  
2019_10_24_11_41_23_481 1571935283481 12895 12862 2452 1264.42  
2019_10_24_11_41_23_540 1571935283540 12954 12921 199 98.5017  
2019_10_24_11_41_23_541 1571935283541 12955 12922 105 53.119  
2019_10_24_11_41_23_546 1571935283546 12960 12927 130 65.1633  
2019_10_24_11_41_23_551 1571935283551 12965 12932 267 131.495  
2019_10_24_11_41_23_556 1571935283556 12970 12937 127 63.717  
2019_10_24_11_41_23_564 1571935283564 12978 12945 363 178.306  
2019_10_24_11_41_23_571 1571935283571 12985 12952 425 208.683  
2019_10_24_11_41_23_575 1571935283575 12989 12956 375 184.176  
2019_10_24_11_41_23_580 1571935283580 12994 12960 279 137.331  
2019_10_24_11_41_23_610 1571935283610 13024 12990 77 39.6512  
2019_10_24_11_41_23_638 1571935283638 13052 13018 74 38.2096  
2019_10_24_11_41_23_646 1571935283646 13060 13026 321 157.792  
2019_10_24_11_41_23_904 1571935283904 13318 13284 168 83.5062  
2019_10_24_11_41_23_905 1571935283905 13319 13285 201 99.4701  
2019_10_24_11_41_23_906 1571935283906 13320 13286 417 204.757  
2019_10_24_11_41_23_906 1571935283906 13320 13286 968 479.583  
2019_10_24_11_41_23_906 1571935283906 13320 13286 287 141.224  
2019_10_24_11_41_23_906 1571935283906 13320 13286 547 268.789  
2019_10_24_11_41_23_906 1571935283906 13320 13286 442 217.032  
2019_10_24_11_41_23_906 1571935283906 13320 13286 1019 505.475  
2019_10_24_11_41_23_906 1571935283906 13320 13286 102 51.6749  
2019_10_24_11_41_23_906 1571935283906 13320 13286 193 95.5971  
2019_10_24_11_41_23_906 1571935283906 13320 13286 218 107.707  
2019_10_24_11_41_23_907 1571935283907 13321 13287 353 173.417  
2019_10_24_11_41_23_918 1571935283918 13332 13298 837 413.43  
2019_10_24_11_41_23_934 1571935283934 13348 13313 160 79.641  
2019_10_24_11_41_23_938 1571935283938 13352 13317 214 105.768  
2019_10_24_11_41_23_995 1571935283995 13409 13374 353 173.417  
2019_10_24_11_41_24_052 1571935284052 13466 13431 452 221.947  
2019_10_24_11_41_24_102 1571935284102 13516 13481 2574 1331.84  
2019_10_24_11_41_24_109 1571935284109 13523 13488 188 93.1774  
2019_10_24_11_41_24_169 1571935284169 13583 13548 421 206.719  
2019_10_24_11_41_24_204 1571935284204 13618 13583 190 94.1452  
2019_10_24_11_41_24_242 1571935284242 13656 13621 544 267.305  
2019_10_24_11_41_24_281 1571935284281 13695 13660 709 349.282  
2019_10_24_11_41_24_297 1571935284297 13711 13676 184 91.2422  
2019_10_24_11_41_24_351 1571935284351 13765 13730 138 69.0214  
2019_10_24_11_41_24_363 1571935284363 13777 13742 862 426.015  
2019_10_24_11_41_24_368 1571935284368 13782 13747 239 117.893  
2019_10_24_11_41_24_416 1571935284416 13830 13795 474 232.771  
2019_10_24_11_41_24_443 1571935284443 13857 13822 273 134.412  
2019_10_24_11_41_24_445 1571935284445 13859 13824 236 116.437  
2019_10_24_11_41_24_522 1571935284522 13936 13901 203 100.439  
2019_10_24_11_41_24_556 1571935284556 13970 13934 276 135.872  
2019_10_24_11_41_24_576 1571935284576 13990 13954 284 139.764  
2019_10_24_11_41_24_581 1571935284581 13995 13959 119 59.8615  
2019_10_24_11_41_24_586 1571935284586 14000 13964 344 169.019  
2019_10_24_11_41_24_592 1571935284592 14006 13970 173 85.9229  
2019_10_24_11_41_24_600 1571935284600 14014 13978 180 89.3075  
2019_10_24_11_41_24_719 1571935284719 14133 14097 86 43.9776  
2019_10_24_11_41_24_754 1571935284754 14168 14132 197 97.5334  
2019_10_24_11_41_24_818 1571935284818 14232 14196 149 74.3294  
2019_10_24_11_41_24_836 1571935284836 14250 14214 159 79.1579  
2019_10_24_11_41_24_875 1571935284875 14289 14253 299 147.068  
2019_10_24_11_41_24_885 1571935284885 14299 14263 2101 1072.91  
2019_10_24_11_41_24_951 1571935284951 14365 14329 157 78.192  
2019_10_24_11_41_24_977 1571935284977 14391 14355 341 167.554  
2019_10_24_11_41_24_980 1571935284980 14394 14358 245 120.805  
2019_10_24_11_41_25_066 1571935285066 14480 14444 415 203.775  
2019_10_24_11_41_25_128 1571935285128 14542 14506 184 91.2422  
2019_10_24_11_41_25_138 1571935285138 14552 14515 207 102.376  
2019_10_24_11_41_25_157 1571935285157 14571 14534 778 383.801  
2019_10_24_11_41_25_208 1571935285208 14622 14585 340 167.066  
2019_10_24_11_41_25_211 1571935285211 14625 14588 218 107.707  
2019_10_24_11_41_25_288 1571935285288 14702 14665 1792 907.329  
2019_10_24_11_41_25_289 1571935285289 14703 14666 191 94.6291  
2019_10_24_11_41_25_296 1571935285296 14710 14673 246 121.291  
2019_10_24_11_41_25_319 1571935285319 14733 14696 244 120.32  
2019_10_24_11_41_25_320 1571935285320 14734 14697 255 125.662  
2019_10_24_11_41_25_368 1571935285368 14782 14745 644 316.892  
2019_10_24_11_41_25_395 1571935285395 14809 14772 194 96.0811  
2019_10_24_11_41_25_396 1571935285396 14810 14773 359 176.35  
2019_10_24_11_41_25_397 1571935285397 14811 14774 160 79.641  
2019_10_24_11_41_25_415 1571935285415 14829 14792 231 114.011  
2019_10_24_11_41_25_429 1571935285429 14843 14806 165 82.0565  
2019_10_24_11_41_25_435 1571935285435 14849 14812 170 84.4728  
2019_10_24_11_41_25_487 1571935285487 14901 14864 2925 1528.26  
2019_10_24_11_41_25_513 1571935285513 14927 14889 190 94.1452  
2019_10_24_11_41_25_519 1571935285519 14933 14895 127 63.717  
2019_10_24_11_41_25_534 1571935285534 14948 14910 306 150.479  
2019_10_24_11_41_25_663 1571935285663 15077 15039 190 94.1452  
2019_10_24_11_41_25_951 1571935285951 15365 15327 219 108.191  
2019_10_24_11_41_25_952 1571935285952 15366 15328 215 106.252  
2019_10_24_11_41_25_953 1571935285953 15367 15329 1966 1000.22  
2019_10_24_11_41_25_953 1571935285953 15367 15329 161 80.124  
2019_10_24_11_41_25_954 1571935285954 15368 15330 230 113.526  
2019_10_24_11_41_25_954 1571935285954 15368 15330 312 153.403  
2019_10_24_11_41_25_954 1571935285954 15368 15330 123 61.789  
2019_10_24_11_41_25_954 1571935285954 15368 15330 93 47.3442  
2019_10_24_11_41_25_954 1571935285954 15368 15330 639 314.405  
2019_10_24_11_41_25_954 1571935285954 15368 15330 350 171.951  
2019_10_24_11_41_25_954 1571935285954 15368 15330 325 159.744  
2019_10_24_11_41_25_954 1571935285954 15368 15330 197 97.5334  
2019_10_24_11_41_25_954 1571935285954 15368 15330 92 46.8632  
2019_10_24_11_41_25_955 1571935285955 15369 15330 53 28.1259  
2019_10_24_11_41_25_977 1571935285977 15391 15352 206 101.892  
2019_10_24_11_41_25_996 1571935285996 15410 15371 789 389.318  
2019_10_24_11_41_26_005 1571935286005 15419 15380 210 103.829  
2019_10_24_11_41_26_008 1571935286008 15422 15383 293 144.146  
2019_10_24_11_41_26_020 1571935286020 15434 15395 314 154.378  
2019_10_24_11_41_26_071 1571935286071 15485 15446 177 87.8568  
2019_10_24_11_41_26_079 1571935286079 15493 15454 207 102.376  
2019_10_24_11_41_26_093 1571935286093 15507 15468 219 108.191  
2019_10_24_11_41_26_101 1571935286101 15515 15476 457 224.406  
2019_10_24_11_41_26_114 1571935286114 15528 15489 202 99.9544  
2019_10_24_11_41_26_125 1571935286125 15539 15500 271 133.44  
2019_10_24_11_41_26_190 1571935286190 15604 15565 294 144.633  
2019_10_24_11_41_26_241 1571935286241 15655 15616 1306 652.613  
2019_10_24_11_41_26_251 1571935286251 15665 15626 275 135.385  
2019_10_24_11_41_26_301 1571935286301 15715 15676 96 48.7875  
2019_10_24_11_41_26_313 1571935286313 15727 15688 168 83.5062  
2019_10_24_11_41_26_323 1571935286323 15737 15697 175 86.8898  
2019_10_24_11_41_26_369 1571935286369 15783 15743 267 131.495  
2019_10_24_11_41_26_382 1571935286382 15796 15756 167 83.0229  
2019_10_24_11_41_26_401 1571935286401 15815 15775 161 80.124  
2019_10_24_11_41_26_407 1571935286407 15821 15781 175 86.8898  
2019_10_24_11_41_26_424 1571935286424 15838 15798 257 126.634  
2019_10_24_11_41_26_429 1571935286429 15843 15803 293 144.146  
2019_10_24_11_41_26_483 1571935286483 15897 15857 253 124.691  
2019_10_24_11_41_26_496 1571935286496 15910 15870 301 148.042  
2019_10_24_11_41_26_518 1571935286518 15932 15892 205 101.407  
2019_10_24_11_41_26_523 1571935286523 15937 15897 469 230.309  
2019_10_24_11_41_26_555 1571935286555 15969 15929 310 152.428  
2019_10_24_11_41_26_573 1571935286573 15987 15947 135 67.5744  
2019_10_24_11_41_26_596 1571935286596 16010 15970 183 90.7585  
2019_10_24_11_41_26_666 1571935286666 16080 16040 214 105.768  
2019_10_24_11_41_26_674 1571935286674 16088 16048 114 57.4528  
2019_10_24_11_41_26_675 1571935286675 16089 16049 112 56.4895  
2019_10_24_11_41_26_710 1571935286710 16124 16084 87 44.4585  
2019_10_24_11_41_26_715 1571935286715 16129 16088 1132 563.117  
2019_10_24_11_41_26_738 1571935286738 16152 16111 187 92.6936  
2019_10_24_11_41_26_774 1571935286774 16188 16147 789 389.318  
2019_10_24_11_41_26_785 1571935286785 16199 16158 410 201.323  
2019_10_24_11_41_26_836 1571935286836 16250 16209 209 103.345  
2019_10_24_11_41_26_914 1571935286914 16328 16287 761 375.283  
2019_10_24_11_41_26_916 1571935286916 16330 16289 338 166.089  
2019_10_24_11_41_26_969 1571935286969 16383 16342 254 125.177  
2019_10_24_11_41_26_979 1571935286979 16393 16352 1328 663.993  
2019_10_24_11_41_27_009 1571935287009 16423 16382 110 55.5264  
2019_10_24_11_41_27_038 1571935287038 16452 16411 539 264.834  
2019_10_24_11_41_27_056 1571935287056 16470 16429 660 324.853  
2019_10_24_11_41_27_063 1571935287063 16477 16436 123 61.789  
2019_10_24_11_41_27_068 1571935287068 16482 16441 388 190.541  
2019_10_24_11_41_27_122 1571935287122 16536 16495 135 67.5744  
2019_10_24_11_41_27_164 1571935287164 16578 16537 348 170.973  
2019_10_24_11_41_27_170 1571935287170 16584 16543 248 122.262  
2019_10_24_11_41_27_171 1571935287171 16585 16543 197 97.5334  
2019_10_24_11_41_27_174 1571935287174 16588 16546 1227 611.869  
2019_10_24_11_41_27_206 1571935287206 16620 16578 371 182.219  
2019_10_24_11_41_27_215 1571935287215 16629 16587 1280 639.183  
2019_10_24_11_41_27_217 1571935287217 16631 16589 491 241.144  
2019_10_24_11_41_27_266 1571935287266 16680 16638 294 144.633  
2019_10_24_11_41_27_283 1571935287283 16697 16655 777 383.3  
2019_10_24_11_41_27_297 1571935287297 16711 16669 251 123.719  
2019_10_24_11_41_27_314 1571935287314 16728 16686 203 100.439  
2019_10_24_11_41_27_343 1571935287343 16757 16715 770 379.792  
2019_10_24_11_41_27_476 1571935287476 16890 16848 404 198.381  
2019_10_24_11_41_27_521 1571935287521 16935 16893 801 395.339  
2019_10_24_11_41_27_536 1571935287536 16950 16908 313 153.891  
2019_10_24_11_41_27_538 1571935287538 16952 16910 4095 2209.31  
2019_10_24_11_41_27_543 1571935287543 16957 16915 1963 998.612  
2019_10_24_11_41_27_551 1571935287551 16965 16923 337 165.601  
2019_10_24_11_41_27_561 1571935287561 16975 16933 730 359.773  
2019_10_24_11_41_27_584 1571935287584 16998 16955 180 89.3075  
2019_10_24_11_41_27_590 1571935287590 17004 16961 275 135.385  
2019_10_24_11_41_27_638 1571935287638 17052 17009 466 228.833  
2019_10_24_11_41_27_651 1571935287651 17065 17022 585 287.6  
2019_10_24_11_41_27_666 1571935287666 17080 17037 414 203.285  
2019_10_24_11_41_27_694 1571935287694 17108 17065 76 39.1707  
2019_10_24_11_41_27_708 1571935287708 17122 17079 376 184.666  
2019_10_24_11_41_27_738 1571935287738 17152 17109 275 135.385  
2019_10_24_11_41_27_999 1571935287999 17413 17370 142 70.9512  
2019_10_24_11_41_28_000 1571935288000 17414 17371 265 130.522  
2019_10_24_11_41_28_001 1571935288001 17415 17372 2702 1403.05  
2019_10_24_11_41_28_001 1571935288001 17415 17372 451 221.455  
2019_10_24_11_41_28_001 1571935288001 17415 17372 223 110.131  
2019_10_24_11_41_28_001 1571935288001 17415 17372 2553 1320.2  
2019_10_24_11_41_28_002 1571935288002 17416 17373 309 151.941  
2019_10_24_11_41_28_002 1571935288002 17416 17373 447 219.489  
2019_10_24_11_41_28_002 1571935288002 17416 17373 313 153.891  
2019_10_24_11_41_28_002 1571935288002 17416 17372 1803 913.175  
2019_10_24_11_41_28_002 1571935288002 17416 17372 704 346.786  
2019_10_24_11_41_28_002 1571935288002 17416 17372 94 47.8253  
2019_10_24_11_41_28_002 1571935288002 17416 17372 195 96.5652  
2019_10_24_11_41_28_002 1571935288002 17416 17372 465 228.341  
2019_10_24_11_41_28_002 1571935288002 17416 17372 774 381.796  
2019_10_24_11_41_28_003 1571935288003 17417 17373 524 257.423  
2019_10_24_11_41_28_003 1571935288003 17417 17373 1333 666.581  
2019_10_24_11_41_28_003 1571935288003 17417 17373 491 241.144  
2019_10_24_11_41_28_003 1571935288003 17417 17373 118 59.3797  
2019_10_24_11_41_28_021 1571935288021 17435 17391 950 470.464  
2019_10_24_11_41_28_026 1571935288026 17440 17396 90 45.9012  
2019_10_24_11_41_28_032 1571935288032 17446 17402 457 224.406  
2019_10_24_11_41_28_044 1571935288044 17458 17414 1013 502.425  
2019_10_24_11_41_28_052 1571935288052 17466 17422 1271 634.539  
2019_10_24_11_41_28_053 1571935288053 17467 17423 201 99.4701  
2019_10_24_11_41_28_069 1571935288069 17483 17439 314 154.378  
2019_10_24_11_41_28_070 1571935288070 17484 17439 443 217.523  
2019_10_24_11_41_28_088 1571935288088 17502 17457 4095 2209.31  
2019_10_24_11_41_28_106 1571935288106 17520 17475 1019 505.475  
2019_10_24_11_41_28_168 1571935288168 17582 17537 2877 1501.19  
2019_10_24_11_41_28_188 1571935288188 17602 17557 1533 770.716  
2019_10_24_11_41_28_247 1571935288247 17661 17616 1305 652.096  
2019_10_24_11_41_28_269 1571935288269 17683 17638 414 203.285  
2019_10_24_11_41_28_300 1571935288300 17714 17669 219 108.191  
2019_10_24_11_41_28_324 1571935288324 17738 17693 259 127.606  
2019_10_24_11_41_28_331 1571935288331 17745 17700 664 326.845  
2019_10_24_11_41_28_360 1571935288360 17774 17729 174 86.4063  
2019_10_24_11_41_28_377 1571935288377 17791 17746 492 241.637  
2019_10_24_11_41_28_423 1571935288423 17837 17792 1363 682.126  
2019_10_24_11_41_28_473 1571935288473 17887 17842 314 154.378  
2019_10_24_11_41_28_474 1571935288474 17888 17843 428 210.155  
2019_10_24_11_41_28_567 1571935288567 17981 17936 1318 658.818  
2019_10_24_11_41_28_622 1571935288622 18036 17991 584 287.104  
2019_10_24_11_41_28_623 1571935288623 18037 17992 153 76.2605  
2019_10_24_11_41_28_625 1571935288625 18039 17993 171 84.9561  
2019_10_24_11_41_28_636 1571935288636 18050 18004 1229 612.898  
2019_10_24_11_41_28_640 1571935288640 18054 18008 94 47.8253  
2019_10_24_11_41_28_655 1571935288655 18069 18023 406 199.361  
2019_10_24_11_41_28_680 1571935288680 18094 18048 1377 689.389  
2019_10_24_11_41_28_692 1571935288692 18106 18060 214 105.768  
2019_10_24_11_41_28_719 1571935288719 18133 18087 601 295.533  
2019_10_24_11_41_28_722 1571935288722 18136 18090 448 219.98  
2019_10_24_11_41_28_732 1571935288732 18146 18100 326 160.232  
2019_10_24_11_41_28_748 1571935288748 18162 18116 310 152.428  
2019_10_24_11_41_28_812 1571935288812 18226 18180 260 128.092  
2019_10_24_11_41_28_831 1571935288831 18245 18199 472 231.786  
2019_10_24_11_41_28_837 1571935288837 18251 18205 118 59.3797  
2019_10_24_11_41_28_845 1571935288845 18259 18213 184 91.2422  
2019_10_24_11_41_28_869 1571935288869 18283 18237 605 297.518  
2019_10_24_11_41_28_884 1571935288884 18298 18252 496 243.609  
2019_10_24_11_41_28_920 1571935288920 18334 18288 284 139.764  
2019_10_24_11_41_28_929 1571935288929 18343 18296 1280 639.183  
2019_10_24_11_41_28_942 1571935288942 18356 18309 1376 688.87  
2019_10_24_11_41_28_955 1571935288955 18369 18322 267 131.495  
2019_10_24_11_41_28_966 1571935288966 18380 18333 181 89.7911  
2019_10_24_11_41_29_016 1571935289016 18430 18383 585 287.6  
2019_10_24_11_41_29_038 1571935289038 18452 18405 203 100.439  
2019_10_24_11_41_29_061 1571935289061 18475 18428 172 85.4395  
2019_10_24_11_41_29_087 1571935289087 18501 18454 1295 646.929  
2019_10_24_11_41_29_108 1571935289108 18522 18475 154 76.7433  
2019_10_24_11_41_29_133 1571935289133 18547 18500 1227 611.869  
2019_10_24_11_41_29_142 1571935289142 18556 18509 143 71.4337  
2019_10_24_11_41_29_218 1571935289218 18632 18585 484 237.695  
2019_10_24_11_41_29_318 1571935289318 18732 18685 397 194.95  
2019_10_24_11_41_29_326 1571935289326 18740 18693 1331 665.546  
2019_10_24_11_41_29_329 1571935289329 18743 18696 948 469.451  
2019_10_24_11_41_29_381 1571935289381 18795 18748 527 258.905  
2019_10_24_11_41_29_512 1571935289512 18926 18879 1304 651.579  
2019_10_24_11_41_29_513 1571935289513 18927 18879 708 348.782  
2019_10_24_11_41_29_521 1571935289521 18935 18887 379 186.134  
2019_10_24_11_41_29_556 1571935289556 18970 18922 286 140.738  
2019_10_24_11_41_29_615 1571935289615 19029 18981 184 91.2422  
2019_10_24_11_41_29_632 1571935289632 19046 18998 513 251.993  
2019_10_24_11_41_29_646 1571935289646 19060 19012 279 137.331  
2019_10_24_11_41_29_701 1571935289701 19115 19067 1256 626.804  
2019_10_24_11_41_29_703 1571935289703 19117 19069 274 134.899  
2019_10_24_11_41_29_708 1571935289708 19122 19074 108 54.5633  
2019_10_24_11_41_29_722 1571935289722 19136 19088 530 260.387  
2019_10_24_11_41_29_755 1571935289755 19169 19121 342 168.042  
2019_10_24_11_41_29_789 1571935289789 19203 19155 198 98.0175  
2019_10_24_11_41_29_791 1571935289791 19205 19157 434 213.102  
2019_10_24_11_41_30_047 1571935290047 19461 19413 171 84.9561  
2019_10_24_11_41_30_048 1571935290048 19462 19414 866 428.031  
2019_10_24_11_41_30_049 1571935290049 19463 19415 390 191.52  
2019_10_24_11_41_30_049 1571935290049 19463 19415 324 159.256  
2019_10_24_11_41_30_049 1571935290049 19463 19414 136 68.0567  
2019_10_24_11_41_30_049 1571935290049 19463 19414 151 75.2949  
2019_10_24_11_41_30_049 1571935290049 19463 19414 104 52.6376  
2019_10_24_11_41_30_050 1571935290050 19464 19415 385 189.072  
2019_10_24_11_41_30_050 1571935290050 19464 19415 1698 857.518  
2019_10_24_11_41_30_050 1571935290050 19464 19415 577 283.636  
2019_10_24_11_41_30_050 1571935290050 19464 19415 378 185.644  
2019_10_24_11_41_30_050 1571935290050 19464 19415 2795 1455.09  
2019_10_24_11_41_30_050 1571935290050 19464 19415 1118 555.955  
2019_10_24_11_41_30_050 1571935290050 19464 19415 3575 1901.63  
2019_10_24_11_41_30_050 1571935290050 19464 19415 175 86.8898  
2019_10_24_11_41_30_050 1571935290050 19464 19415 208 102.861  
2019_10_24_11_41_30_051 1571935290051 19465 19416 648 318.881  
2019_10_24_11_41_30_051 1571935290051 19465 19416 308 151.453  
2019_10_24_11_41_30_051 1571935290051 19465 19416 231 114.011  
2019_10_24_11_41_30_082 1571935290082 19496 19447 1001 496.328  
2019_10_24_11_41_30_090 1571935290090 19504 19455 197 97.5334  
2019_10_24_11_41_30_112 1571935290112 19526 19476 3427 1815.52  
2019_10_24_11_41_30_127 1571935290127 19541 19491 1065 528.894  
2019_10_24_11_41_30_161 1571935290161 19575 19525 1565 787.487  
2019_10_24_11_41_30_207 1571935290207 19621 19571 150 74.8121  
2019_10_24_11_41_30_228 1571935290228 19642 19592 501 246.074  
2019_10_24_11_41_30_241 1571935290241 19655 19605 489 240.159  
2019_10_24_11_41_30_256 1571935290256 19670 19620 137 68.5391  
2019_10_24_11_41_30_281 1571935290281 19695 19645 501 246.074  
2019_10_24_11_41_30_294 1571935290294 19708 19658 1428 715.898  
2019_10_24_11_41_30_326 1571935290326 19740 19690 888 439.124  
2019_10_24_11_41_30_341 1571935290341 19755 19705 277 136.358  
2019_10_24_11_41_30_357 1571935290357 19771 19721 475 233.263  
2019_10_24_11_41_30_361 1571935290361 19775 19725 254 125.177  
2019_10_24_11_41_30_390 1571935290390 19804 19754 1358 679.533  
2019_10_24_11_41_30_405 1571935290405 19819 19769 1327 663.475  
2019_10_24_11_41_30_412 1571935290412 19826 19776 1332 666.063  
2019_10_24_11_41_30_420 1571935290420 19834 19784 124 62.271  
2019_10_24_11_41_30_428 1571935290428 19842 19792 319 156.817  
2019_10_24_11_41_30_469 1571935290469 19883 19832 1266 631.96  
2019_10_24_11_41_30_480 1571935290480 19894 19843 1389 695.62  
2019_10_24_11_41_30_496 1571935290496 19910 19859 348 170.973  
2019_10_24_11_41_30_507 1571935290507 19921 19870 383 188.092  
2019_10_24_11_41_30_513 1571935290513 19927 19876 528 259.399  
2019_10_24_11_41_30_564 1571935290564 19978 19927 299 147.068  
2019_10_24_11_41_30_573 1571935290573 19987 19936 95 48.3064  
2019_10_24_11_41_30_587 1571935290587 20001 19950 1309 654.164  
