1571935524451 2019_10_24_11_45_24_451 2.734449 0.478300  0.000014786
2019_10_24_11_45_24_484 1571935524484 33 32 304 149.504  
2019_10_24_11_45_24_599 1571935524599 148 147 177 87.8568  
2019_10_24_11_45_24_600 1571935524600 149 148 1020 505.983  
2019_10_24_11_45_24_636 1571935524636 185 184 170 84.4728  
2019_10_24_11_45_24_650 1571935524650 199 198 209 103.345  
2019_10_24_11_45_24_685 1571935524685 234 233 164 81.5733  
2019_10_24_11_45_24_686 1571935524686 235 234 447 219.489  
2019_10_24_11_45_24_699 1571935524699 248 247 527 258.905  
2019_10_24_11_45_24_710 1571935524710 259 258 105 53.119  
2019_10_24_11_45_24_723 1571935524723 272 271 131 65.6455  
2019_10_24_11_45_24_757 1571935524757 306 305 692 340.798  
2019_10_24_11_45_24_768 1571935524768 317 316 251 123.719  
2019_10_24_11_45_24_789 1571935524789 338 337 73 37.7291  
2019_10_24_11_45_24_798 1571935524798 347 346 108 54.5633  
2019_10_24_11_45_24_858 1571935524858 407 406 372 182.708  
2019_10_24_11_45_24_860 1571935524860 409 408 359 176.35  
2019_10_24_11_45_24_875 1571935524875 424 423 159 79.1579  
2019_10_24_11_45_24_907 1571935524907 456 454 531 260.881  
2019_10_24_11_45_24_915 1571935524915 464 462 271 133.44  
2019_10_24_11_45_24_917 1571935524917 466 464 543 266.811  
2019_10_24_11_45_24_921 1571935524921 470 468 230 113.526  
2019_10_24_11_45_24_939 1571935524939 488 486 209 103.345  
2019_10_24_11_45_24_963 1571935524963 512 510 207 102.376  
2019_10_24_11_45_24_970 1571935524970 519 517 220 108.676  
2019_10_24_11_45_24_972 1571935524972 521 519 1337 668.652  
2019_10_24_11_45_24_973 1571935524973 522 520 194 96.0811  
2019_10_24_11_45_25_036 1571935525036 585 583 451 221.455  
2019_10_24_11_45_25_038 1571935525038 587 585 351 172.439  
2019_10_24_11_45_25_064 1571935525064 613 611 238 117.407  
2019_10_24_11_45_25_112 1571935525112 661 659 197 97.5334  
2019_10_24_11_45_25_141 1571935525141 690 688 159 79.1579  
2019_10_24_11_45_25_176 1571935525176 725 723 99 50.2311  
2019_10_24_11_45_25_177 1571935525177 726 724 279 137.331  
2019_10_24_11_45_25_196 1571935525196 745 743 258 127.12  
2019_10_24_11_45_25_206 1571935525206 755 752 203 100.439  
2019_10_24_11_45_25_208 1571935525208 757 754 293 144.146  
2019_10_24_11_45_25_257 1571935525257 806 803 359 176.35  
2019_10_24_11_45_25_520 1571935525520 1069 1066 127 63.717  
2019_10_24_11_45_25_521 1571935525521 1070 1067 580 285.122  
2019_10_24_11_45_25_522 1571935525522 1071 1068 441 216.54  
2019_10_24_11_45_25_522 1571935525522 1071 1068 528 259.399  
2019_10_24_11_45_25_530 1571935525530 1079 1076 91 46.3822  
2019_10_24_11_45_25_544 1571935525544 1093 1090 475 233.263  
2019_10_24_11_45_25_545 1571935525545 1094 1091 169 83.9894  
2019_10_24_11_45_25_546 1571935525546 1095 1092 2091 1067.51  
2019_10_24_11_45_25_554 1571935525554 1103 1100 488 239.666  
2019_10_24_11_45_25_563 1571935525563 1112 1109 446 218.997  
2019_10_24_11_45_25_574 1571935525574 1123 1120 87 44.4585  
2019_10_24_11_45_25_616 1571935525616 1165 1162 255 125.662  
2019_10_24_11_45_25_649 1571935525649 1198 1195 182 90.2748  
2019_10_24_11_45_25_654 1571935525654 1203 1200 3334 1761.74  
2019_10_24_11_45_25_671 1571935525671 1220 1216 259 127.606  
2019_10_24_11_45_25_681 1571935525681 1230 1226 328 161.208  
2019_10_24_11_45_25_757 1571935525757 1306 1302 106 53.6004  
2019_10_24_11_45_25_819 1571935525819 1368 1364 286 140.738  
2019_10_24_11_45_25_836 1571935525836 1385 1381 281 138.304  
2019_10_24_11_45_25_851 1571935525851 1400 1396 240 118.378  
2019_10_24_11_45_25_902 1571935525902 1451 1447 261 128.578  
2019_10_24_11_45_25_939 1571935525939 1488 1484 155 77.2262  
2019_10_24_11_45_25_945 1571935525945 1494 1490 274 134.899  
2019_10_24_11_45_26_017 1571935526017 1566 1562 189 93.6613  
2019_10_24_11_45_26_025 1571935526025 1574 1570 518 254.461  
2019_10_24_11_45_26_063 1571935526063 1612 1608 105 53.119  
2019_10_24_11_45_26_091 1571935526091 1640 1636 97 49.2687  
2019_10_24_11_45_26_113 1571935526113 1662 1658 665 327.343  
2019_10_24_11_45_26_158 1571935526158 1707 1703 2052 1046.46  
2019_10_24_11_45_26_166 1571935526166 1715 1711 298 146.581  
2019_10_24_11_45_26_174 1571935526174 1723 1719 467 229.325  
2019_10_24_11_45_26_190 1571935526190 1739 1734 350 171.951  
2019_10_24_11_45_26_205 1571935526205 1754 1749 411 201.813  
2019_10_24_11_45_26_209 1571935526209 1758 1753 306 150.479  
2019_10_24_11_45_26_234 1571935526234 1783 1778 276 135.872  
2019_10_24_11_45_26_243 1571935526243 1792 1787 227 112.07  
2019_10_24_11_45_26_249 1571935526249 1798 1793 714 351.778  
2019_10_24_11_45_26_266 1571935526266 1815 1810 296 145.607  
2019_10_24_11_45_26_351 1571935526351 1900 1895 3369 1781.95  
2019_10_24_11_45_26_360 1571935526360 1909 1904 460 225.881  
2019_10_24_11_45_26_366 1571935526366 1915 1910 136 68.0567  
2019_10_24_11_45_26_423 1571935526423 1972 1967 211 104.314  
2019_10_24_11_45_26_437 1571935526437 1986 1981 730 359.773  
2019_10_24_11_45_26_446 1571935526446 1995 1990 1257 627.32  
2019_10_24_11_45_26_495 1571935526495 2044 2039 289 142.198  
2019_10_24_11_45_26_505 1571935526505 2054 2049 538 264.339  
2019_10_24_11_45_26_510 1571935526510 2059 2054 356 174.883  
2019_10_24_11_45_26_547 1571935526547 2096 2091 2919 1524.87  
2019_10_24_11_45_26_560 1571935526560 2109 2104 178 88.3403  
2019_10_24_11_45_26_562 1571935526562 2111 2105 381 187.113  
2019_10_24_11_45_26_565 1571935526565 2114 2108 143 71.4337  
2019_10_24_11_45_26_617 1571935526617 2166 2160 473 232.278  
2019_10_24_11_45_26_667 1571935526667 2216 2210 158 78.675  
2019_10_24_11_45_26_717 1571935526717 2266 2260 1240 618.561  
2019_10_24_11_45_26_725 1571935526725 2274 2268 112 56.4895  
2019_10_24_11_45_26_759 1571935526759 2308 2302 595 292.557  
2019_10_24_11_45_26_794 1571935526794 2343 2337 253 124.691  
2019_10_24_11_45_26_800 1571935526800 2349 2343 196 97.0493  
2019_10_24_11_45_26_837 1571935526837 2386 2380 276 135.872  
2019_10_24_11_45_26_853 1571935526853 2402 2396 225 111.1  
2019_10_24_11_45_26_862 1571935526862 2411 2405 217 107.222  
2019_10_24_11_45_26_904 1571935526904 2453 2447 169 83.9894  
2019_10_24_11_45_26_942 1571935526942 2491 2485 317 155.841  
2019_10_24_11_45_27_002 1571935527002 2551 2545 107 54.0818  
2019_10_24_11_45_27_031 1571935527031 2580 2574 228 112.555  
2019_10_24_11_45_27_060 1571935527060 2609 2603 386 189.561  
2019_10_24_11_45_27_110 1571935527110 2659 2652 316 155.354  
2019_10_24_11_45_27_150 1571935527150 2699 2692 1220 608.267  
2019_10_24_11_45_27_205 1571935527205 2754 2747 357 175.372  
2019_10_24_11_45_27_252 1571935527252 2801 2794 181 89.7911  
2019_10_24_11_45_27_567 1571935527567 3116 3109 308 151.453  
2019_10_24_11_45_27_568 1571935527568 3117 3110 273 134.412  
2019_10_24_11_45_27_569 1571935527569 3118 3111 333 163.648  
2019_10_24_11_45_27_569 1571935527569 3118 3111 110 55.5264  
2019_10_24_11_45_27_569 1571935527569 3118 3111 1478 741.961  
2019_10_24_11_45_27_569 1571935527569 3118 3111 178 88.3403  
2019_10_24_11_45_27_571 1571935527571 3120 3113 166 82.5397  
2019_10_24_11_45_27_602 1571935527602 3151 3144 1380 690.946  
2019_10_24_11_45_27_671 1571935527671 3220 3213 239 117.893  
2019_10_24_11_45_27_699 1571935527699 3248 3241 353 173.417  
2019_10_24_11_45_27_709 1571935527709 3258 3251 210 103.829  
2019_10_24_11_45_27_739 1571935527739 3288 3281 186 92.2098  
2019_10_24_11_45_27_744 1571935527744 3293 3286 100 50.7123  
2019_10_24_11_45_27_792 1571935527792 3341 3333 165 82.0565  
2019_10_24_11_45_27_792 1571935527792 3341 3333 154 76.7433  
2019_10_24_11_45_27_825 1571935527825 3374 3366 213 105.283  
2019_10_24_11_45_27_889 1571935527889 3438 3430 144 71.9162  
2019_10_24_11_45_27_896 1571935527896 3445 3437 253 124.691  
2019_10_24_11_45_27_898 1571935527898 3447 3439 374 183.687  
2019_10_24_11_45_27_908 1571935527908 3457 3449 244 120.32  
2019_10_24_11_45_27_922 1571935527922 3471 3463 179 88.8239  
2019_10_24_11_45_27_945 1571935527945 3494 3486 367 180.262  
2019_10_24_11_45_28_118 1571935528118 3667 3659 574 282.15  
2019_10_24_11_45_28_196 1571935528196 3745 3737 354 173.906  
2019_10_24_11_45_28_208 1571935528208 3757 3749 216 106.737  
2019_10_24_11_45_28_217 1571935528217 3766 3758 893 441.647  
2019_10_24_11_45_28_236 1571935528236 3785 3777 491 241.144  
2019_10_24_11_45_28_273 1571935528273 3822 3814 179 88.8239  
2019_10_24_11_45_28_288 1571935528288 3837 3829 214 105.768  
2019_10_24_11_45_28_298 1571935528298 3847 3839 121 60.8252  
2019_10_24_11_45_28_378 1571935528378 3927 3918 533 261.869  
2019_10_24_11_45_28_381 1571935528381 3930 3921 194 96.0811  
2019_10_24_11_45_28_407 1571935528407 3956 3947 66 34.3667  
2019_10_24_11_45_28_467 1571935528467 4016 4007 880 435.088  
2019_10_24_11_45_28_471 1571935528471 4020 4011 709 349.282  
2019_10_24_11_45_28_506 1571935528506 4055 4046 192 95.1131  
2019_10_24_11_45_28_514 1571935528514 4063 4054 444 218.014  
2019_10_24_11_45_28_551 1571935528551 4100 4091 1282 640.216  
2019_10_24_11_45_28_558 1571935528558 4107 4098 400 196.42  
2019_10_24_11_45_28_576 1571935528576 4125 4116 553 271.756  
2019_10_24_11_45_28_631 1571935528631 4180 4171 1285 641.764  
2019_10_24_11_45_28_667 1571935528667 4216 4207 362 177.817  
2019_10_24_11_45_28_684 1571935528684 4233 4224 190 94.1452  
2019_10_24_11_45_28_690 1571935528690 4239 4230 70 36.2879  
2019_10_24_11_45_28_818 1571935528818 4367 4358 2578 1334.06  
2019_10_24_11_45_28_899 1571935528899 4448 4439 323 158.768  
2019_10_24_11_45_28_913 1571935528913 4462 4453 344 169.019  
2019_10_24_11_45_28_952 1571935528952 4501 4491 90 45.9012  
2019_10_24_11_45_28_968 1571935528968 4517 4507 1479 742.483  
2019_10_24_11_45_28_970 1571935528970 4519 4509 2764 1437.71  
2019_10_24_11_45_28_973 1571935528973 4522 4512 205 101.407  
2019_10_24_11_45_28_974 1571935528974 4523 4513 209 103.345  
2019_10_24_11_45_29_002 1571935529002 4551 4541 86 43.9776  
2019_10_24_11_45_29_051 1571935529051 4600 4590 357 175.372  
2019_10_24_11_45_29_064 1571935529064 4613 4603 169 83.9894  
2019_10_24_11_45_29_071 1571935529071 4620 4610 222 109.646  
2019_10_24_11_45_29_163 1571935529163 4712 4702 308 151.453  
2019_10_24_11_45_29_166 1571935529166 4715 4705 1062 527.365  
2019_10_24_11_45_29_216 1571935529216 4765 4755 415 203.775  
2019_10_24_11_45_29_236 1571935529236 4785 4775 692 340.798  
2019_10_24_11_45_29_613 1571935529613 5162 5152 353 173.417  
2019_10_24_11_45_29_614 1571935529614 5163 5153 1216 606.21  
2019_10_24_11_45_29_615 1571935529615 5164 5154 280 137.818  
2019_10_24_11_45_29_615 1571935529615 5164 5154 83 42.5352  
2019_10_24_11_45_29_616 1571935529616 5165 5155 73 37.7291  
2019_10_24_11_45_29_616 1571935529616 5165 5154 1050 521.251  
2019_10_24_11_45_29_616 1571935529616 5165 5154 151 75.2949  
2019_10_24_11_45_29_616 1571935529616 5165 5154 165 82.0565  
2019_10_24_11_45_29_616 1571935529616 5165 5154 345 169.508  
2019_10_24_11_45_29_616 1571935529616 5165 5154 266 131.008  
2019_10_24_11_45_29_684 1571935529684 5233 5222 583 286.609  
2019_10_24_11_45_29_688 1571935529688 5237 5226 137 68.5391  
2019_10_24_11_45_29_707 1571935529707 5256 5245 540 265.328  
2019_10_24_11_45_29_742 1571935529742 5291 5280 716 352.777  
2019_10_24_11_45_29_831 1571935529831 5380 5369 82 42.0545  
2019_10_24_11_45_29_884 1571935529884 5433 5422 160 79.641  
2019_10_24_11_45_29_892 1571935529892 5441 5430 273 134.412  
2019_10_24_11_45_29_904 1571935529904 5453 5442 811 400.361  
2019_10_24_11_45_29_917 1571935529917 5466 5455 1183 589.256  
2019_10_24_11_45_29_996 1571935529996 5545 5534 893 441.647  
2019_10_24_11_45_30_132 1571935530132 5681 5670 328 161.208  
2019_10_24_11_45_30_141 1571935530141 5690 5679 479 235.233  
2019_10_24_11_45_30_168 1571935530168 5717 5705 349 171.462  
2019_10_24_11_45_30_215 1571935530215 5764 5752 409 200.833  
2019_10_24_11_45_30_283 1571935530283 5832 5820 164 81.5733  
2019_10_24_11_45_30_297 1571935530297 5846 5834 172 85.4395  
2019_10_24_11_45_30_335 1571935530335 5884 5872 381 187.113  
2019_10_24_11_45_30_380 1571935530380 5929 5917 516 253.474  
2019_10_24_11_45_30_455 1571935530455 6004 5992 219 108.191  
2019_10_24_11_45_30_531 1571935530531 6080 6068 673 331.327  
2019_10_24_11_45_30_532 1571935530532 6081 6069 1516 761.819  
2019_10_24_11_45_30_557 1571935530557 6106 6094 377 185.155  
2019_10_24_11_45_30_560 1571935530560 6109 6097 368 180.751  
2019_10_24_11_45_30_616 1571935530616 6165 6153 1049 520.741  
2019_10_24_11_45_30_643 1571935530643 6192 6180 1121 557.489  
2019_10_24_11_45_30_644 1571935530644 6193 6181 402 197.4  
2019_10_24_11_45_30_738 1571935530738 6287 6275 526 258.411  
2019_10_24_11_45_30_740 1571935530740 6289 6277 147 73.3641  
2019_10_24_11_45_30_741 1571935530741 6290 6278 129 64.6812  
2019_10_24_11_45_30_790 1571935530790 6339 6326 287 141.224  
2019_10_24_11_45_30_823 1571935530823 6372 6359 118 59.3797  
2019_10_24_11_45_30_833 1571935530833 6382 6369 198 98.0175  
2019_10_24_11_45_30_853 1571935530853 6402 6389 522 256.436  
2019_10_24_11_45_30_894 1571935530894 6443 6430 615 302.481  
2019_10_24_11_45_30_897 1571935530897 6446 6433 211 104.314  
2019_10_24_11_45_30_908 1571935530908 6457 6444 1670 842.731  
2019_10_24_11_45_30_996 1571935530996 6545 6532 469 230.309  
2019_10_24_11_45_31_023 1571935531023 6572 6559 1351 675.905  
2019_10_24_11_45_31_060 1571935531060 6609 6596 123 61.789  
2019_10_24_11_45_31_077 1571935531077 6626 6613 172 85.4395  
2019_10_24_11_45_31_102 1571935531102 6651 6638 252 124.205  
2019_10_24_11_45_31_150 1571935531150 6699 6686 725 357.274  
2019_10_24_11_45_31_158 1571935531158 6707 6694 523 256.93  
2019_10_24_11_45_31_220 1571935531220 6769 6756 178 88.3403  
2019_10_24_11_45_31_222 1571935531222 6771 6758 132 66.1277  
2019_10_24_11_45_31_223 1571935531223 6772 6759 467 229.325  
2019_10_24_11_45_31_230 1571935531230 6779 6765 643 316.394  
2019_10_24_11_45_31_250 1571935531250 6799 6785 88 44.9393  
2019_10_24_11_45_31_261 1571935531261 6810 6796 658 323.858  
2019_10_24_11_45_31_305 1571935531305 6854 6840 791 390.321  
2019_10_24_11_45_31_306 1571935531306 6855 6841 967 479.076  
2019_10_24_11_45_31_660 1571935531660 7209 7195 359 176.35  
2019_10_24_11_45_31_661 1571935531661 7210 7196 163 81.0902  
2019_10_24_11_45_31_662 1571935531662 7211 7197 829 409.406  
2019_10_24_11_45_31_662 1571935531662 7211 7197 251 123.719  
2019_10_24_11_45_31_662 1571935531662 7211 7197 273 134.412  
2019_10_24_11_45_31_662 1571935531662 7211 7197 149 74.3294  
2019_10_24_11_45_31_663 1571935531663 7212 7198 238 117.407  
2019_10_24_11_45_31_684 1571935531684 7233 7219 758 373.781  
2019_10_24_11_45_31_740 1571935531740 7289 7275 442 217.032  
2019_10_24_11_45_31_747 1571935531747 7296 7282 278 136.845  
2019_10_24_11_45_31_793 1571935531793 7342 7328 293 144.146  
2019_10_24_11_45_31_823 1571935531823 7372 7358 505 248.047  
2019_10_24_11_45_31_836 1571935531836 7385 7370 274 134.899  
2019_10_24_11_45_31_844 1571935531844 7393 7378 273 134.412  
2019_10_24_11_45_31_852 1571935531852 7401 7386 819 404.38  
2019_10_24_11_45_31_908 1571935531908 7457 7442 629 309.435  
2019_10_24_11_45_31_951 1571935531951 7500 7485 714 351.778  
2019_10_24_11_45_31_964 1571935531964 7513 7498 249 122.748  
2019_10_24_11_45_31_973 1571935531973 7522 7507 264 130.036  
2019_10_24_11_45_32_017 1571935532017 7566 7551 473 232.278  
2019_10_24_11_45_32_055 1571935532055 7604 7589 97 49.2687  
2019_10_24_11_45_32_101 1571935532101 7650 7635 767 378.289  
2019_10_24_11_45_32_136 1571935532136 7685 7670 471 231.294  
2019_10_24_11_45_32_175 1571935532175 7724 7709 314 154.378  
2019_10_24_11_45_32_187 1571935532187 7736 7721 1360 680.57  
2019_10_24_11_45_32_212 1571935532212 7761 7746 123 61.789  
2019_10_24_11_45_32_238 1571935532238 7787 7772 1069 530.934  
2019_10_24_11_45_32_240 1571935532240 7789 7774 645 317.389  
2019_10_24_11_45_32_260 1571935532260 7809 7794 1331 665.546  
2019_10_24_11_45_32_265 1571935532265 7814 7799 401 196.91  
2019_10_24_11_45_32_320 1571935532320 7869 7853 1573 791.685  
2019_10_24_11_45_32_358 1571935532358 7907 7891 473 232.278  
2019_10_24_11_45_32_363 1571935532363 7912 7896 613 301.488  
2019_10_24_11_45_32_365 1571935532365 7914 7898 1247 622.166  
2019_10_24_11_45_32_371 1571935532371 7920 7904 154 76.7433  
2019_10_24_11_45_32_374 1571935532374 7923 7907 738 363.773  
2019_10_24_11_45_32_384 1571935532384 7933 7917 577 283.636  
2019_10_24_11_45_32_400 1571935532400 7949 7933 295 145.12  
2019_10_24_11_45_32_401 1571935532401 7950 7934 260 128.092  
2019_10_24_11_45_32_417 1571935532417 7966 7950 346 169.996  
2019_10_24_11_45_32_423 1571935532423 7972 7956 208 102.861  
2019_10_24_11_45_32_435 1571935532435 7984 7968 381 187.113  
2019_10_24_11_45_32_452 1571935532452 8001 7985 407 199.852  
2019_10_24_11_45_32_464 1571935532464 8013 7997 75 38.6901  
2019_10_24_11_45_32_493 1571935532493 8042 8026 562 276.209  
2019_10_24_11_45_32_529 1571935532529 8078 8062 183 90.7585  
2019_10_24_11_45_32_546 1571935532546 8095 8079 257 126.634  
2019_10_24_11_45_32_553 1571935532553 8102 8085 106 53.6004  
2019_10_24_11_45_32_575 1571935532575 8124 8107 323 158.768  
2019_10_24_11_45_32_608 1571935532608 8157 8140 143 71.4337  
2019_10_24_11_45_32_646 1571935532646 8195 8178 453 222.439  
2019_10_24_11_45_32_666 1571935532666 8215 8198 512 251.5  
2019_10_24_11_45_32_673 1571935532673 8222 8205 1371 686.276  
2019_10_24_11_45_32_686 1571935532686 8235 8218 652 320.872  
2019_10_24_11_45_32_720 1571935532720 8269 8252 205 101.407  
2019_10_24_11_45_32_732 1571935532732 8281 8264 589 289.583  
2019_10_24_11_45_32_749 1571935532749 8298 8281 380 186.624  
2019_10_24_11_45_32_752 1571935532752 8301 8284 232 114.496  
2019_10_24_11_45_32_779 1571935532779 8328 8311 117 58.898  
2019_10_24_11_45_32_783 1571935532783 8332 8315 114 57.4528  
2019_10_24_11_45_32_789 1571935532789 8338 8321 624 306.951  
2019_10_24_11_45_32_800 1571935532800 8349 8332 208 102.861  
2019_10_24_11_45_32_815 1571935532815 8364 8347 1204 600.041  
2019_10_24_11_45_32_830 1571935532830 8379 8362 470 230.802  
2019_10_24_11_45_32_873 1571935532873 8422 8404 545 267.8  
2019_10_24_11_45_32_874 1571935532874 8423 8405 330 162.184  
2019_10_24_11_45_32_875 1571935532875 8424 8406 133 66.6099  
2019_10_24_11_45_32_876 1571935532876 8425 8407 1339 669.688  
2019_10_24_11_45_32_904 1571935532904 8453 8435 811 400.361  
2019_10_24_11_45_32_910 1571935532910 8459 8441 78 40.1318  
2019_10_24_11_45_32_923 1571935532923 8472 8454 165 82.0565  
2019_10_24_11_45_32_934 1571935532934 8483 8465 206 101.892  
2019_10_24_11_45_32_943 1571935532943 8492 8474 946 468.438  
2019_10_24_11_45_33_004 1571935533004 8553 8535 749 369.276  
2019_10_24_11_45_33_049 1571935533049 8598 8580 248 122.262  
2019_10_24_11_45_33_067 1571935533067 8616 8598 194 96.0811  
2019_10_24_11_45_33_089 1571935533089 8638 8620 1304 651.579  
2019_10_24_11_45_33_091 1571935533091 8640 8622 259 127.606  
2019_10_24_11_45_33_094 1571935533094 8643 8625 1287 642.797  
2019_10_24_11_45_33_149 1571935533149 8698 8680 377 185.155  
2019_10_24_11_45_33_191 1571935533191 8740 8722 1291 644.863  
2019_10_24_11_45_33_204 1571935533204 8753 8734 477 234.248  
2019_10_24_11_45_33_205 1571935533205 8754 8735 249 122.748  
2019_10_24_11_45_33_207 1571935533207 8756 8737 511 251.007  
2019_10_24_11_45_33_217 1571935533217 8766 8747 184 91.2422  
2019_10_24_11_45_33_235 1571935533235 8784 8765 121 60.8252  
2019_10_24_11_45_33_258 1571935533258 8807 8788 1317 658.301  
2019_10_24_11_45_33_267 1571935533267 8816 8797 381 187.113  
2019_10_24_11_45_33_277 1571935533277 8826 8807 1316 657.784  
2019_10_24_11_45_33_297 1571935533297 8846 8827 573 281.655  
2019_10_24_11_45_33_307 1571935533307 8856 8837 96 48.7875  
2019_10_24_11_45_33_311 1571935533311 8860 8841 234 115.466  
2019_10_24_11_45_33_313 1571935533313 8862 8843 132 66.1277  
2019_10_24_11_45_33_339 1571935533339 8888 8869 202 99.9544  
2019_10_24_11_45_33_342 1571935533342 8891 8872 414 203.285  
2019_10_24_11_45_33_360 1571935533360 8909 8890 216 106.737  
2019_10_24_11_45_33_375 1571935533375 8924 8905 112 56.4895  
2019_10_24_11_45_33_393 1571935533393 8942 8923 182 90.2748  
2019_10_24_11_45_33_409 1571935533409 8958 8938 211 104.314  
2019_10_24_11_45_33_451 1571935533451 9000 8980 1334 667.099  
2019_10_24_11_45_33_707 1571935533707 9256 9236 1328 663.993  
2019_10_24_11_45_33_708 1571935533708 9257 9237 342 168.042  
2019_10_24_11_45_33_709 1571935533709 9258 9238 1279 638.667  
2019_10_24_11_45_33_709 1571935533709 9258 9238 860 425.008  
2019_10_24_11_45_33_709 1571935533709 9258 9238 959 475.022  
2019_10_24_11_45_33_709 1571935533709 9258 9238 1300 649.512  
2019_10_24_11_45_33_710 1571935533710 9259 9239 187 92.6936  
2019_10_24_11_45_33_710 1571935533710 9259 9239 1285 641.764  
2019_10_24_11_45_33_710 1571935533710 9259 9239 272 133.926  
2019_10_24_11_45_33_710 1571935533710 9259 9239 250 123.234  
2019_10_24_11_45_33_710 1571935533710 9259 9239 1403 702.894  
2019_10_24_11_45_33_710 1571935533710 9259 9239 659 324.355  
2019_10_24_11_45_33_710 1571935533710 9259 9239 1346 673.314  
2019_10_24_11_45_33_710 1571935533710 9259 9239 417 204.757  
2019_10_24_11_45_33_712 1571935533712 9261 9241 1366 683.682  
2019_10_24_11_45_33_713 1571935533713 9262 9242 910 450.231  
2019_10_24_11_45_33_725 1571935533725 9274 9253 174 86.4063  
2019_10_24_11_45_33_726 1571935533726 9275 9254 200 98.9859  
2019_10_24_11_45_33_733 1571935533733 9282 9261 304 149.504  
2019_10_24_11_45_33_747 1571935533747 9296 9275 832 410.915  
2019_10_24_11_45_33_768 1571935533768 9317 9296 162 80.6071  
2019_10_24_11_45_33_785 1571935533785 9334 9313 1477 741.439  
2019_10_24_11_45_33_794 1571935533794 9343 9322 435 213.593  
2019_10_24_11_45_33_796 1571935533796 9345 9324 622 305.957  
2019_10_24_11_45_33_811 1571935533811 9360 9339 852 420.979  
2019_10_24_11_45_33_813 1571935533813 9362 9341 312 153.403  
2019_10_24_11_45_33_822 1571935533822 9371 9350 183 90.7585  
2019_10_24_11_45_33_834 1571935533834 9383 9362 379 186.134  
2019_10_24_11_45_33_835 1571935533835 9384 9363 296 145.607  
2019_10_24_11_45_33_836 1571935533836 9385 9364 395 193.97  
2019_10_24_11_45_33_839 1571935533839 9388 9367 287 141.224  
2019_10_24_11_45_33_842 1571935533842 9391 9370 380 186.624  
2019_10_24_11_45_33_848 1571935533848 9397 9376 142 70.9512  
2019_10_24_11_45_33_859 1571935533859 9408 9386 389 191.031  
2019_10_24_11_45_33_915 1571935533915 9464 9442 481 236.218  
2019_10_24_11_45_33_925 1571935533925 9474 9452 111 56.0079  
2019_10_24_11_45_33_928 1571935533928 9477 9455 255 125.662  
2019_10_24_11_45_33_961 1571935533961 9510 9488 585 287.6  
2019_10_24_11_45_33_965 1571935533965 9514 9492 514 252.487  
2019_10_24_11_45_33_976 1571935533976 9525 9503 406 199.361  
2019_10_24_11_45_33_981 1571935533981 9530 9508 505 248.047  
2019_10_24_11_45_33_989 1571935533989 9538 9516 239 117.893  
2019_10_24_11_45_33_992 1571935533992 9541 9519 1376 688.87  
2019_10_24_11_45_33_994 1571935533994 9543 9521 95 48.3064  
2019_10_24_11_45_34_010 1571935534010 9559 9537 293 144.146  
2019_10_24_11_45_34_054 1571935534054 9603 9581 1385 693.542  
2019_10_24_11_45_34_060 1571935534060 9609 9587 697 343.293  
2019_10_24_11_45_34_102 1571935534102 9651 9629 781 385.305  
2019_10_24_11_45_34_149 1571935534149 9698 9676 859 424.504  
2019_10_24_11_45_34_153 1571935534153 9702 9680 227 112.07  
2019_10_24_11_45_34_159 1571935534159 9708 9685 385 189.072  
2019_10_24_11_45_34_215 1571935534215 9764 9741 267 131.495  
2019_10_24_11_45_34_223 1571935534223 9772 9749 1333 666.581  
2019_10_24_11_45_34_252 1571935534252 9801 9778 289 142.198  
2019_10_24_11_45_34_262 1571935534262 9811 9788 905 447.706  
2019_10_24_11_45_34_271 1571935534271 9820 9797 542 266.317  
2019_10_24_11_45_34_295 1571935534295 9844 9821 518 254.461  
2019_10_24_11_45_34_305 1571935534305 9854 9831 1058 525.326  
2019_10_24_11_45_34_308 1571935534308 9857 9834 105 53.119  
2019_10_24_11_45_34_311 1571935534311 9860 9837 248 122.262  
2019_10_24_11_45_34_334 1571935534334 9883 9860 1334 667.099  
2019_10_24_11_45_34_352 1571935534352 9901 9878 121 60.8252  
2019_10_24_11_45_34_356 1571935534356 9905 9882 218 107.707  
2019_10_24_11_45_34_361 1571935534361 9910 9887 176 87.3733  
2019_10_24_11_45_34_362 1571935534362 9911 9888 1327 663.475  
2019_10_24_11_45_34_374 1571935534374 9923 9900 246 121.291  
2019_10_24_11_45_34_379 1571935534379 9928 9905 236 116.437  
2019_10_24_11_45_34_382 1571935534382 9931 9907 1329 664.51  
2019_10_24_11_45_34_386 1571935534386 9935 9911 155 77.2262  
2019_10_24_11_45_34_394 1571935534394 9943 9919 99 50.2311  
2019_10_24_11_45_34_398 1571935534398 9947 9923 358 175.861  
2019_10_24_11_45_34_400 1571935534400 9949 9925 376 184.666  
2019_10_24_11_45_34_408 1571935534408 9957 9933 537 263.845  
2019_10_24_11_45_34_411 1571935534411 9960 9936 156 77.7091  
2019_10_24_11_45_34_487 1571935534487 10036 10012 595 292.557  
2019_10_24_11_45_34_498 1571935534498 10047 10023 323 158.768  
2019_10_24_11_45_34_518 1571935534518 10067 10043 305 149.991  
2019_10_24_11_45_34_555 1571935534555 10104 10080 1045 518.704  
2019_10_24_11_45_34_559 1571935534559 10108 10084 158 78.675  
2019_10_24_11_45_34_576 1571935534576 10125 10101 598 294.045  
2019_10_24_11_45_34_578 1571935534578 10127 10103 517 253.968  
2019_10_24_11_45_34_593 1571935534593 10142 10118 1203 599.527  
2019_10_24_11_45_34_612 1571935534612 10161 10137 1535 771.763  
2019_10_24_11_45_34_666 1571935534666 10215 10191 1270 634.023  
2019_10_24_11_45_34_700 1571935534700 10249 10224 584 287.104  
2019_10_24_11_45_34_707 1571935534707 10256 10231 109 55.0448  
2019_10_24_11_45_34_708 1571935534708 10257 10232 347 170.485  
2019_10_24_11_45_34_709 1571935534709 10258 10233 250 123.234  
2019_10_24_11_45_34_749 1571935534749 10298 10273 1291 644.863  
2019_10_24_11_45_34_766 1571935534766 10315 10290 721 355.275  
2019_10_24_11_45_34_774 1571935534774 10323 10298 1341 670.724  
2019_10_24_11_45_34_779 1571935534779 10328 10303 321 157.792  
2019_10_24_11_45_34_918 1571935534918 10467 10442 509 250.02  
2019_10_24_11_45_34_922 1571935534922 10471 10446 549 269.778  
2019_10_24_11_45_34_931 1571935534931 10480 10455 1104 548.799  
2019_10_24_11_45_34_947 1571935534947 10496 10471 288 141.711  
2019_10_24_11_45_34_999 1571935534999 10548 10523 628 308.938  
2019_10_24_11_45_35_026 1571935535026 10575 10550 615 302.481  
2019_10_24_11_45_35_035 1571935535035 10584 10559 945 467.932  
2019_10_24_11_45_35_049 1571935535049 10598 10573 697 343.293  
2019_10_24_11_45_35_067 1571935535067 10616 10591 1375 688.351  
2019_10_24_11_45_35_073 1571935535073 10622 10597 144 71.9162  
2019_10_24_11_45_35_091 1571935535091 10640 10614 569 279.674  
2019_10_24_11_45_35_158 1571935535158 10707 10681 1644 829.021  
2019_10_24_11_45_35_161 1571935535161 10710 10684 251 123.719  
2019_10_24_11_45_35_176 1571935535176 10725 10699 137 68.5391  
2019_10_24_11_45_35_182 1571935535182 10731 10705 539 264.834  
2019_10_24_11_45_35_185 1571935535185 10734 10708 475 233.263  
2019_10_24_11_45_35_223 1571935535223 10772 10746 174 86.4063  
2019_10_24_11_45_35_264 1571935535264 10813 10787 1249 623.197  
2019_10_24_11_45_35_298 1571935535298 10847 10821 238 117.407  
2019_10_24_11_45_35_303 1571935535303 10852 10826 423 207.701  
2019_10_24_11_45_35_348 1571935535348 10897 10871 784 386.81  
2019_10_24_11_45_35_385 1571935535385 10934 10908 304 149.504  
2019_10_24_11_45_35_401 1571935535401 10950 10924 1804 913.706  
2019_10_24_11_45_35_409 1571935535409 10958 10932 311 152.916  
2019_10_24_11_45_35_450 1571935535450 10999 10973 104 52.6376  
2019_10_24_11_45_35_474 1571935535474 11023 10997 185 91.726  
2019_10_24_11_45_35_754 1571935535754 11303 11277 4095 2209.31  
2019_10_24_11_45_35_755 1571935535755 11304 11277 595 292.557  
2019_10_24_11_45_35_756 1571935535756 11305 11278 1299 648.996  
2019_10_24_11_45_35_756 1571935535756 11305 11278 386 189.561  
2019_10_24_11_45_35_756 1571935535756 11305 11278 2121 1083.72  
2019_10_24_11_45_35_756 1571935535756 11305 11278 124 62.271  
2019_10_24_11_45_35_756 1571935535756 11305 11278 278 136.845  
2019_10_24_11_45_35_756 1571935535756 11305 11278 953 471.983  
2019_10_24_11_45_35_756 1571935535756 11305 11278 1100 546.755  
2019_10_24_11_45_35_757 1571935535757 11306 11279 735 362.273  
2019_10_24_11_45_35_757 1571935535757 11306 11279 414 203.285  
2019_10_24_11_45_35_791 1571935535791 11340 11313 156 77.7091  
2019_10_24_11_45_35_799 1571935535799 11348 11321 188 93.1774  
2019_10_24_11_45_35_801 1571935535801 11350 11323 348 170.973  
2019_10_24_11_45_35_838 1571935535838 11387 11360 1652 833.238  
2019_10_24_11_45_35_842 1571935535842 11391 11364 191 94.6291  
2019_10_24_11_45_35_959 1571935535959 11508 11481 233 114.981  
2019_10_24_11_45_36_021 1571935536021 11570 11543 127 63.717  
2019_10_24_11_45_36_059 1571935536059 11608 11580 204 100.923  
2019_10_24_11_45_36_072 1571935536072 11621 11593 480 235.725  
2019_10_24_11_45_36_102 1571935536102 11651 11623 130 65.1633  
2019_10_24_11_45_36_252 1571935536252 11801 11773 271 133.44  
2019_10_24_11_45_36_262 1571935536262 11811 11783 192 95.1131  
2019_10_24_11_45_36_263 1571935536263 11812 11784 135 67.5744  
2019_10_24_11_45_36_312 1571935536312 11861 11833 428 210.155  
2019_10_24_11_45_36_317 1571935536317 11866 11838 1219 607.753  
2019_10_24_11_45_36_375 1571935536375 11924 11896 992 491.758  
2019_10_24_11_45_36_394 1571935536394 11943 11915 1324 661.923  
2019_10_24_11_45_36_532 1571935536532 12081 12053 4095 2209.31  
2019_10_24_11_45_36_624 1571935536624 12173 12145 727 358.273  
2019_10_24_11_45_36_731 1571935536731 12280 12252 353 173.417  
2019_10_24_11_45_36_750 1571935536750 12299 12271 251 123.719  
2019_10_24_11_45_36_758 1571935536758 12307 12279 198 98.0175  
2019_10_24_11_45_36_764 1571935536764 12313 12285 537 263.845  
2019_10_24_11_45_36_773 1571935536773 12322 12294 187 92.6936  
2019_10_24_11_45_36_790 1571935536790 12339 12310 1178 586.69  
2019_10_24_11_45_36_841 1571935536841 12390 12361 191 94.6291  
2019_10_24_11_45_36_846 1571935536846 12395 12366 126 63.235  
2019_10_24_11_45_36_868 1571935536868 12417 12388 524 257.423  
2019_10_24_11_45_36_888 1571935536888 12437 12408 76 39.1707  
2019_10_24_11_45_36_899 1571935536899 12448 12419 160 79.641  
2019_10_24_11_45_36_921 1571935536921 12470 12441 422 207.21  
2019_10_24_11_45_37_013 1571935537013 12562 12533 176 87.3733  
2019_10_24_11_45_37_016 1571935537016 12565 12536 582 286.113  
2019_10_24_11_45_37_046 1571935537046 12595 12566 732 360.773  
2019_10_24_11_45_37_057 1571935537057 12606 12577 95 48.3064  
2019_10_24_11_45_37_085 1571935537085 12634 12605 415 203.775  
2019_10_24_11_45_37_093 1571935537093 12642 12613 168 83.5062  
2019_10_24_11_45_37_113 1571935537113 12662 12633 251 123.719  
2019_10_24_11_45_37_145 1571935537145 12694 12665 348 170.973  
2019_10_24_11_45_37_184 1571935537184 12733 12704 247 121.777  
2019_10_24_11_45_37_327 1571935537327 12876 12847 81 41.5738  
2019_10_24_11_45_37_337 1571935537337 12886 12856 263 129.55  
2019_10_24_11_45_37_342 1571935537342 12891 12861 379 186.134  
2019_10_24_11_45_37_345 1571935537345 12894 12864 646 317.887  
2019_10_24_11_45_37_358 1571935537358 12907 12877 543 266.811  
2019_10_24_11_45_37_360 1571935537360 12909 12879 257 126.634  
2019_10_24_11_45_37_371 1571935537371 12920 12890 215 106.252  
2019_10_24_11_45_37_388 1571935537388 12937 12907 505 248.047  
2019_10_24_11_45_37_461 1571935537461 13010 12980 127 63.717  
2019_10_24_11_45_37_508 1571935537508 13057 13027 900 445.181  
2019_10_24_11_45_37_513 1571935537513 13062 13032 270 132.953  
2019_10_24_11_45_37_801 1571935537801 13350 13320 515 252.98  
2019_10_24_11_45_37_802 1571935537802 13351 13321 1044 518.195  
2019_10_24_11_45_37_803 1571935537803 13352 13322 559 274.724  
2019_10_24_11_45_37_803 1571935537803 13352 13322 153 76.2605  
2019_10_24_11_45_37_803 1571935537803 13352 13322 624 306.951  
2019_10_24_11_45_37_838 1571935537838 13387 13357 214 105.768  
2019_10_24_11_45_37_841 1571935537841 13390 13360 359 176.35  
2019_10_24_11_45_37_864 1571935537864 13413 13383 310 152.428  
2019_10_24_11_45_37_954 1571935537954 13503 13472 274 134.899  
2019_10_24_11_45_37_974 1571935537974 13523 13492 454 222.93  
2019_10_24_11_45_38_006 1571935538006 13555 13524 391 192.01  
2019_10_24_11_45_38_020 1571935538020 13569 13538 69 35.8075  
2019_10_24_11_45_38_022 1571935538022 13571 13540 159 79.1579  
2019_10_24_11_45_38_030 1571935538030 13579 13548 156 77.7091  
2019_10_24_11_45_38_031 1571935538031 13580 13549 184 91.2422  
2019_10_24_11_45_38_034 1571935538034 13583 13552 298 146.581  
2019_10_24_11_45_38_039 1571935538039 13588 13557 380 186.624  
2019_10_24_11_45_38_083 1571935538083 13632 13601 224 110.616  
2019_10_24_11_45_38_151 1571935538151 13700 13669 101 51.1936  
2019_10_24_11_45_38_219 1571935538219 13768 13737 177 87.8568  
2019_10_24_11_45_38_231 1571935538231 13780 13749 4095 2209.31  
2019_10_24_11_45_38_239 1571935538239 13788 13757 368 180.751  
2019_10_24_11_45_38_269 1571935538269 13818 13787 622 305.957  
2019_10_24_11_45_38_270 1571935538270 13819 13788 168 83.5062  
2019_10_24_11_45_38_342 1571935538342 13891 13860 404 198.381  
2019_10_24_11_45_38_343 1571935538343 13892 13860 347 170.485  
2019_10_24_11_45_38_365 1571935538365 13914 13882 618 303.971  
2019_10_24_11_45_38_391 1571935538391 13940 13908 102 51.6749  
2019_10_24_11_45_38_392 1571935538392 13941 13909 111 56.0079  
2019_10_24_11_45_38_407 1571935538407 13956 13924 262 129.064  
2019_10_24_11_45_38_418 1571935538418 13967 13935 872 431.055  
2019_10_24_11_45_38_452 1571935538452 14001 13969 452 221.947  
2019_10_24_11_45_38_522 1571935538522 14071 14039 1687 851.706  
2019_10_24_11_45_38_579 1571935538579 14128 14096 337 165.601  
2019_10_24_11_45_38_614 1571935538614 14163 14131 2363 1215.52  
2019_10_24_11_45_38_633 1571935538633 14182 14150 374 183.687  
2019_10_24_11_45_38_683 1571935538683 14232 14200 249 122.748  
2019_10_24_11_45_38_685 1571935538685 14234 14202 782 385.807  
2019_10_24_11_45_38_740 1571935538740 14289 14257 606 298.014  
2019_10_24_11_45_38_746 1571935538746 14295 14263 251 123.719  
2019_10_24_11_45_38_772 1571935538772 14321 14289 436 214.084  
2019_10_24_11_45_38_773 1571935538773 14322 14290 388 190.541  
2019_10_24_11_45_38_814 1571935538814 14363 14330 433 212.611  
2019_10_24_11_45_38_821 1571935538821 14370 14337 1617 814.806  
2019_10_24_11_45_38_834 1571935538834 14383 14350 308 151.453  
2019_10_24_11_45_38_837 1571935538837 14386 14353 1774 897.77  
2019_10_24_11_45_38_866 1571935538866 14415 14382 159 79.1579  
2019_10_24_11_45_38_867 1571935538867 14416 14383 658 323.858  
2019_10_24_11_45_38_881 1571935538881 14430 14397 814 401.868  
2019_10_24_11_45_38_984 1571935538984 14533 14500 368 180.751  
2019_10_24_11_45_39_031 1571935539031 14580 14547 258 127.12  
2019_10_24_11_45_39_082 1571935539082 14631 14598 146 72.8814  
2019_10_24_11_45_39_087 1571935539087 14636 14603 366 179.773  
2019_10_24_11_45_39_088 1571935539088 14637 14604 278 136.845  
2019_10_24_11_45_39_089 1571935539089 14638 14605 251 123.719  
2019_10_24_11_45_39_094 1571935539094 14643 14610 139 69.5038  
2019_10_24_11_45_39_097 1571935539097 14646 14613 307 150.966  
2019_10_24_11_45_39_128 1571935539128 14677 14644 92 46.8632  
2019_10_24_11_45_39_137 1571935539137 14686 14653 179 88.8239  
2019_10_24_11_45_39_149 1571935539149 14698 14664 210 103.829  
2019_10_24_11_45_39_153 1571935539153 14702 14668 406 199.361  
2019_10_24_11_45_39_158 1571935539158 14707 14673 85 43.4968  
2019_10_24_11_45_39_205 1571935539205 14754 14720 219 108.191  
2019_10_24_11_45_39_286 1571935539286 14835 14801 65 33.8864  
2019_10_24_11_45_39_301 1571935539301 14850 14816 221 109.161  
2019_10_24_11_45_39_361 1571935539361 14910 14876 309 151.941  
2019_10_24_11_45_39_390 1571935539390 14939 14905 220 108.676  
2019_10_24_11_45_39_394 1571935539394 14943 14909 90 45.9012  
2019_10_24_11_45_39_442 1571935539442 14991 14957 292 143.659  
2019_10_24_11_45_39_475 1571935539475 15024 14990 343 168.531  
2019_10_24_11_45_39_544 1571935539544 15093 15059 2308 1185.41  
2019_10_24_11_45_39_552 1571935539552 15101 15067 138 69.0214  
2019_10_24_11_45_39_581 1571935539581 15130 15096 294 144.633  
2019_10_24_11_45_39_848 1571935539848 15397 15363 307 150.966  
2019_10_24_11_45_39_848 1571935539848 15397 15363 155 77.2262  
2019_10_24_11_45_39_849 1571935539849 15398 15364 334 164.136  
2019_10_24_11_45_39_849 1571935539849 15398 15363 309 151.941  
2019_10_24_11_45_39_850 1571935539850 15399 15364 2164 1107.02  
2019_10_24_11_45_39_850 1571935539850 15399 15364 208 102.861  
2019_10_24_11_45_39_850 1571935539850 15399 15364 343 168.531  
2019_10_24_11_45_39_850 1571935539850 15399 15364 149 74.3294  
2019_10_24_11_45_39_850 1571935539850 15399 15364 160 79.641  
2019_10_24_11_45_39_850 1571935539850 15399 15364 595 292.557  
2019_10_24_11_45_39_850 1571935539850 15399 15364 1526 767.051  
2019_10_24_11_45_39_872 1571935539872 15421 15386 258 127.12  
2019_10_24_11_45_39_940 1571935539940 15489 15454 301 148.042  
2019_10_24_11_45_40_004 1571935540004 15553 15518 191 94.6291  
2019_10_24_11_45_40_005 1571935540005 15554 15519 457 224.406  
2019_10_24_11_45_40_040 1571935540040 15589 15554 175 86.8898  
2019_10_24_11_45_40_096 1571935540096 15645 15610 165 82.0565  
2019_10_24_11_45_40_102 1571935540102 15651 15616 359 176.35  
2019_10_24_11_45_40_105 1571935540105 15654 15619 131 65.6455  
2019_10_24_11_45_40_136 1571935540136 15685 15650 268 131.981  
2019_10_24_11_45_40_158 1571935540158 15707 15672 163 81.0902  
2019_10_24_11_45_40_182 1571935540182 15731 15695 877 433.576  
2019_10_24_11_45_40_248 1571935540248 15797 15761 502 246.567  
2019_10_24_11_45_40_257 1571935540257 15806 15770 159 79.1579  
2019_10_24_11_45_40_258 1571935540258 15807 15771 383 188.092  
2019_10_24_11_45_40_305 1571935540305 15854 15818 255 125.662  
2019_10_24_11_45_40_316 1571935540316 15865 15829 92 46.8632  
2019_10_24_11_45_40_352 1571935540352 15901 15865 306 150.479  
2019_10_24_11_45_40_370 1571935540370 15919 15883 204 100.923  
2019_10_24_11_45_40_372 1571935540372 15921 15885 217 107.222  
2019_10_24_11_45_40_383 1571935540383 15932 15896 525 257.917  
2019_10_24_11_45_40_446 1571935540446 15995 15959 93 47.3442  
2019_10_24_11_45_40_470 1571935540470 16019 15983 455 223.422  
2019_10_24_11_45_40_483 1571935540483 16032 15996 192 95.1131  
2019_10_24_11_45_40_516 1571935540516 16065 16029 289 142.198  
2019_10_24_11_45_40_526 1571935540526 16075 16039 919 454.78  
2019_10_24_11_45_40_532 1571935540532 16081 16045 163 81.0902  
2019_10_24_11_45_40_538 1571935540538 16087 16051 229 113.041  
2019_10_24_11_45_40_543 1571935540543 16092 16055 202 99.9544  
2019_10_24_11_45_40_583 1571935540583 16132 16095 233 114.981  
2019_10_24_11_45_40_637 1571935540637 16186 16149 1729 873.916  
2019_10_24_11_45_40_692 1571935540692 16241 16204 152 75.7777  
2019_10_24_11_45_40_727 1571935540727 16276 16239 163 81.0902  
2019_10_24_11_45_40_740 1571935540740 16289 16252 97 49.2687  
2019_10_24_11_45_40_803 1571935540803 16352 16315 534 262.363  
2019_10_24_11_45_40_808 1571935540808 16357 16320 663 326.347  
2019_10_24_11_45_40_814 1571935540814 16363 16326 250 123.234  
2019_10_24_11_45_40_873 1571935540873 16422 16385 792 390.823  
2019_10_24_11_45_40_892 1571935540892 16441 16404 71 36.7683  
2019_10_24_11_45_40_909 1571935540909 16458 16421 651 320.374  
2019_10_24_11_45_40_923 1571935540923 16472 16435 578 284.132  
2019_10_24_11_45_40_980 1571935540980 16529 16492 2952 1543.52  
2019_10_24_11_45_41_004 1571935541004 16553 16516 355 174.394  
2019_10_24_11_45_41_007 1571935541007 16556 16519 222 109.646  
2019_10_24_11_45_41_110 1571935541110 16659 16622 571 280.664  
2019_10_24_11_45_41_112 1571935541112 16661 16623 206 101.892  
2019_10_24_11_45_41_121 1571935541121 16670 16632 174 86.4063  
2019_10_24_11_45_41_133 1571935541133 16682 16644 181 89.7911  
2019_10_24_11_45_41_153 1571935541153 16702 16664 300 147.555  
2019_10_24_11_45_41_176 1571935541176 16725 16687 441 216.54  
2019_10_24_11_45_41_240 1571935541240 16789 16751 172 85.4395  
2019_10_24_11_45_41_244 1571935541244 16793 16755 335 164.624  
2019_10_24_11_45_41_288 1571935541288 16837 16799 164 81.5733  
2019_10_24_11_45_41_332 1571935541332 16881 16843 557 273.735  
2019_10_24_11_45_41_338 1571935541338 16887 16849 548 269.283  
2019_10_24_11_45_41_361 1571935541361 16910 16872 432 212.119  
2019_10_24_11_45_41_388 1571935541388 16937 16899 294 144.633  
2019_10_24_11_45_41_447 1571935541447 16996 16958 343 168.531  
2019_10_24_11_45_41_461 1571935541461 17010 16972 266 131.008  
2019_10_24_11_45_41_486 1571935541486 17035 16997 684 336.809  
2019_10_24_11_45_41_494 1571935541494 17043 17005 454 222.93  
2019_10_24_11_45_41_511 1571935541511 17060 17022 768 378.79  
2019_10_24_11_45_41_531 1571935541531 17080 17041 135 67.5744  
2019_10_24_11_45_41_538 1571935541538 17087 17048 155 77.2262  
2019_10_24_11_45_41_618 1571935541618 17167 17128 167 83.0229  
2019_10_24_11_45_41_631 1571935541631 17180 17141 237 116.922  
2019_10_24_11_45_41_894 1571935541894 17443 17404 416 204.266  
2019_10_24_11_45_41_895 1571935541895 17444 17405 502 246.567  
2019_10_24_11_45_41_896 1571935541896 17445 17406 335 164.624  
2019_10_24_11_45_41_899 1571935541899 17448 17409 352 172.928  
2019_10_24_11_45_41_919 1571935541919 17468 17429 559 274.724  
2019_10_24_11_45_41_929 1571935541929 17478 17439 261 128.578  
2019_10_24_11_45_41_934 1571935541934 17483 17444 176 87.3733  
2019_10_24_11_45_41_956 1571935541956 17505 17466 187 92.6936  
2019_10_24_11_45_41_986 1571935541986 17535 17496 300 147.555  
2019_10_24_11_45_42_093 1571935542093 17642 17603 229 113.041  
2019_10_24_11_45_42_115 1571935542115 17664 17625 150 74.8121  
2019_10_24_11_45_42_129 1571935542129 17678 17639 131 65.6455  
2019_10_24_11_45_42_151 1571935542151 17700 17661 195 96.5652  
2019_10_24_11_45_42_173 1571935542173 17722 17682 386 189.561  
2019_10_24_11_45_42_304 1571935542304 17853 17813 245 120.805  
2019_10_24_11_45_42_322 1571935542322 17871 17831 341 167.554  
2019_10_24_11_45_42_338 1571935542338 17887 17847 4095 2209.31  
2019_10_24_11_45_42_357 1571935542357 17906 17866 1016 503.95  
2019_10_24_11_45_42_362 1571935542362 17911 17871 176 87.3733  
2019_10_24_11_45_42_392 1571935542392 17941 17901 322 158.28  
2019_10_24_11_45_42_427 1571935542427 17976 17936 672 330.829  
2019_10_24_11_45_42_443 1571935542443 17992 17952 186 92.2098  
2019_10_24_11_45_42_449 1571935542449 17998 17958 159 79.1579  
2019_10_24_11_45_42_450 1571935542450 17999 17959 147 73.3641  
2019_10_24_11_45_42_473 1571935542473 18022 17982 136 68.0567  
2019_10_24_11_45_42_507 1571935542507 18056 18016 66 34.3667  
2019_10_24_11_45_42_539 1571935542539 18088 18048 382 187.603  
2019_10_24_11_45_42_643 1571935542643 18192 18152 266 131.008  
2019_10_24_11_45_42_652 1571935542652 18201 18161 395 193.97  
2019_10_24_11_45_42_654 1571935542654 18203 18163 202 99.9544  
2019_10_24_11_45_42_667 1571935542667 18216 18176 149 74.3294  
2019_10_24_11_45_42_710 1571935542710 18259 18218 429 210.646  
2019_10_24_11_45_42_713 1571935542713 18262 18221 143 71.4337  
2019_10_24_11_45_42_757 1571935542757 18306 18265 274 134.899  
2019_10_24_11_45_42_779 1571935542779 18328 18287 1506 756.589  
2019_10_24_11_45_42_833 1571935542833 18382 18341 156 77.7091  
2019_10_24_11_45_42_889 1571935542889 18438 18397 1691 853.819  
2019_10_24_11_45_42_903 1571935542903 18452 18411 321 157.792  
2019_10_24_11_45_42_906 1571935542906 18455 18414 574 282.15  
2019_10_24_11_45_42_913 1571935542913 18462 18421 255 125.662  
2019_10_24_11_45_42_915 1571935542915 18464 18423 262 129.064  
2019_10_24_11_45_42_955 1571935542955 18504 18463 1241 619.076  
2019_10_24_11_45_43_001 1571935543001 18550 18509 1994 1015.25  
2019_10_24_11_45_43_014 1571935543014 18563 18522 139 69.5038  
2019_10_24_11_45_43_041 1571935543041 18590 18549 248 122.262  
2019_10_24_11_45_43_098 1571935543098 18647 18606 544 267.305  
2019_10_24_11_45_43_175 1571935543175 18724 18683 95 48.3064  
2019_10_24_11_45_43_188 1571935543188 18737 18696 373 183.197  
2019_10_24_11_45_43_204 1571935543204 18753 18711 600 295.037  
2019_10_24_11_45_43_227 1571935543227 18776 18734 297 146.094  
2019_10_24_11_45_43_237 1571935543237 18786 18744 237 116.922  
2019_10_24_11_45_43_261 1571935543261 18810 18768 152 75.7777  
2019_10_24_11_45_43_276 1571935543276 18825 18783 382 187.603  
2019_10_24_11_45_43_308 1571935543308 18857 18815 4095 2209.31  
2019_10_24_11_45_43_344 1571935543344 18893 18851 567 278.684  
2019_10_24_11_45_43_347 1571935543347 18896 18854 194 96.0811  
2019_10_24_11_45_43_364 1571935543364 18913 18871 614 301.985  
2019_10_24_11_45_43_396 1571935543396 18945 18903 174 86.4063  
2019_10_24_11_45_43_422 1571935543422 18971 18929 705 347.285  
2019_10_24_11_45_43_483 1571935543483 19032 18990 675 332.324  
2019_10_24_11_45_43_489 1571935543489 19038 18996 211 104.314  
2019_10_24_11_45_43_559 1571935543559 19108 19066 483 237.203  
2019_10_24_11_45_43_942 1571935543942 19491 19449 513 251.993  
2019_10_24_11_45_43_943 1571935543943 19492 19450 139 69.5038  
2019_10_24_11_45_43_944 1571935543944 19493 19451 362 177.817  
2019_10_24_11_45_43_944 1571935543944 19493 19450 528 259.399  
2019_10_24_11_45_43_944 1571935543944 19493 19450 154 76.7433  
2019_10_24_11_45_43_944 1571935543944 19493 19450 331 162.672  
2019_10_24_11_45_43_944 1571935543944 19493 19450 190 94.1452  
2019_10_24_11_45_43_945 1571935543945 19494 19451 988 489.728  
2019_10_24_11_45_43_945 1571935543945 19494 19451 490 240.651  
2019_10_24_11_45_43_945 1571935543945 19494 19451 273 134.412  
2019_10_24_11_45_43_945 1571935543945 19494 19451 242 119.349  
2019_10_24_11_45_43_981 1571935543981 19530 19487 389 191.031  
2019_10_24_11_45_44_073 1571935544073 19622 19579 678 333.819  
2019_10_24_11_45_44_084 1571935544084 19633 19590 554 272.251  
2019_10_24_11_45_44_129 1571935544129 19678 19635 226 111.585  
2019_10_24_11_45_44_149 1571935544149 19698 19655 413 202.794  
2019_10_24_11_45_44_188 1571935544188 19737 19694 290 142.685  
2019_10_24_11_45_44_274 1571935544274 19823 19780 149 74.3294  
2019_10_24_11_45_44_299 1571935544299 19848 19805 1778 899.894  
2019_10_24_11_45_44_341 1571935544341 19890 19847 287 141.224  
2019_10_24_11_45_44_353 1571935544353 19902 19858 176 87.3733  
2019_10_24_11_45_44_355 1571935544355 19904 19860 274 134.899  
2019_10_24_11_45_44_404 1571935544404 19953 19909 290 142.685  
2019_10_24_11_45_44_419 1571935544419 19968 19924 482 236.71  
2019_10_24_11_45_44_441 1571935544441 19990 19946 342 168.042  
2019_10_24_11_45_44_453 1571935544453 20002 19958 306 150.479  
