1571870603988 2019_10_23_17_43_23_988 2.734449 0.478300  0.000014786
2019_10_23_17_43_23_989 1571870603989 1 0 416 204.266  
2019_10_23_17_43_23_990 1571870603990 2 1 252 124.205  
2019_10_23_17_43_23_990 1571870603990 2 1 90 45.9012  
2019_10_23_17_43_23_990 1571870603990 2 1 456 223.914  
2019_10_23_17_43_23_990 1571870603990 2 1 783 386.308  
2019_10_23_17_43_23_990 1571870603990 2 1 194 96.0811  
2019_10_23_17_43_23_990 1571870603990 2 1 1292 645.379  
2019_10_23_17_43_23_990 1571870603990 2 1 372 182.708  
2019_10_23_17_43_23_991 1571870603991 3 2 1366 683.682  
2019_10_23_17_43_23_991 1571870603991 3 2 638 313.908  
2019_10_23_17_43_23_991 1571870603991 3 2 405 198.871  
2019_10_23_17_43_23_991 1571870603991 3 2 248 122.262  
2019_10_23_17_43_23_991 1571870603991 3 2 333 163.648  
2019_10_23_17_43_23_991 1571870603991 3 2 1024 508.018  
2019_10_23_17_43_23_991 1571870603991 3 2 564 277.199  
2019_10_23_17_43_23_991 1571870603991 3 2 387 190.051  
2019_10_23_17_43_23_991 1571870603991 3 2 641 315.4  
2019_10_23_17_43_23_992 1571870603992 4 2 1320 659.853  
2019_10_23_17_43_23_992 1571870603992 4 2 339 166.577  
2019_10_23_17_43_23_992 1571870603992 4 2 1349 674.868  
2019_10_23_17_43_23_992 1571870603992 4 2 417 204.757  
2019_10_23_17_43_23_992 1571870603992 4 2 728 358.773  
2019_10_23_17_43_23_992 1571870603992 4 2 273 134.412  
2019_10_23_17_43_23_992 1571870603992 4 2 474 232.771  
2019_10_23_17_43_23_992 1571870603992 4 2 121 60.8252  
2019_10_23_17_43_23_992 1571870603992 4 2 113 56.9711  
2019_10_23_17_43_23_993 1571870603993 5 3 413 202.794  
2019_10_23_17_43_23_993 1571870603993 5 3 1096 544.712  
2019_10_23_17_43_23_993 1571870603993 5 3 370 181.73  
2019_10_23_17_43_23_993 1571870603993 5 3 879 434.584  
2019_10_23_17_43_23_993 1571870603993 5 3 1241 619.076  
2019_10_23_17_43_23_993 1571870603993 5 3 1224 610.325  
2019_10_23_17_43_23_998 1571870603998 10 8 985 488.205  
2019_10_23_17_43_24_005 1571870604005 17 15 838 413.933  
2019_10_23_17_43_24_006 1571870604006 18 15 198 98.0175  
2019_10_23_17_43_24_053 1571870604053 65 62 821 405.385  
2019_10_23_17_43_24_086 1571870604086 98 95 256 126.148  
2019_10_23_17_43_24_093 1571870604093 105 102 774 381.796  
2019_10_23_17_43_24_105 1571870604105 117 114 448 219.98  
2019_10_23_17_43_24_106 1571870604106 118 115 2269 1164.12  
2019_10_23_17_43_24_107 1571870604107 119 116 763 376.285  
2019_10_23_17_43_24_108 1571870604108 120 117 1374 687.832  
2019_10_23_17_43_24_136 1571870604136 148 145 133 66.6099  
2019_10_23_17_43_24_142 1571870604142 154 151 260 128.092  
2019_10_23_17_43_24_180 1571870604180 192 189 505 248.047  
2019_10_23_17_43_24_183 1571870604183 195 192 264 130.036  
2019_10_23_17_43_24_212 1571870604212 224 221 1279 638.667  
2019_10_23_17_43_24_226 1571870604226 238 235 1349 674.868  
2019_10_23_17_43_24_233 1571870604233 245 242 265 130.522  
2019_10_23_17_43_24_250 1571870604250 262 259 821 405.385  
2019_10_23_17_43_24_252 1571870604252 264 261 394 193.48  
2019_10_23_17_43_24_264 1571870604264 276 272 1338 669.17  
2019_10_23_17_43_24_269 1571870604269 281 277 444 218.014  
2019_10_23_17_43_24_271 1571870604271 283 279 459 225.389  
2019_10_23_17_43_24_284 1571870604284 296 292 115 57.9345  
2019_10_23_17_43_24_292 1571870604292 304 300 481 236.218  
2019_10_23_17_43_24_294 1571870604294 306 302 914 452.253  
2019_10_23_17_43_24_337 1571870604337 349 345 405 198.871  
2019_10_23_17_43_24_341 1571870604341 353 349 266 131.008  
2019_10_23_17_43_24_346 1571870604346 358 354 306 150.479  
2019_10_23_17_43_24_353 1571870604353 365 361 1373 687.313  
2019_10_23_17_43_24_356 1571870604356 368 364 183 90.7585  
2019_10_23_17_43_24_378 1571870604378 390 386 433 212.611  
2019_10_23_17_43_24_381 1571870604381 393 389 497 244.102  
2019_10_23_17_43_24_383 1571870604383 395 391 461 226.373  
2019_10_23_17_43_24_387 1571870604387 399 395 124 62.271  
2019_10_23_17_43_24_388 1571870604388 400 396 324 159.256  
2019_10_23_17_43_24_415 1571870604415 427 423 205 101.407  
2019_10_23_17_43_24_421 1571870604421 433 428 819 404.38  
2019_10_23_17_43_24_425 1571870604425 437 432 1015 503.442  
2019_10_23_17_43_24_428 1571870604428 440 435 207 102.376  
2019_10_23_17_43_24_432 1571870604432 444 439 429 210.646  
2019_10_23_17_43_24_433 1571870604433 445 440 271 133.44  
2019_10_23_17_43_24_436 1571870604436 448 443 188 93.1774  
2019_10_23_17_43_24_441 1571870604441 453 448 279 137.331  
2019_10_23_17_43_24_489 1571870604489 501 496 407 199.852  
2019_10_23_17_43_24_522 1571870604522 534 529 548 269.283  
2019_10_23_17_43_24_781 1571870604781 793 788 1337 668.652  
2019_10_23_17_43_24_782 1571870604782 794 789 1298 648.479  
2019_10_23_17_43_24_783 1571870604783 795 790 535 262.857  
2019_10_23_17_43_24_783 1571870604783 795 790 236 116.437  
2019_10_23_17_43_24_783 1571870604783 795 790 460 225.881  
2019_10_23_17_43_24_783 1571870604783 795 790 240 118.378  
2019_10_23_17_43_24_783 1571870604783 795 790 743 366.274  
2019_10_23_17_43_24_783 1571870604783 795 790 1795 908.923  
2019_10_23_17_43_24_783 1571870604783 795 790 1296 647.446  
2019_10_23_17_43_24_784 1571870604784 796 790 265 130.522  
2019_10_23_17_43_24_784 1571870604784 796 790 237 116.922  
2019_10_23_17_43_24_784 1571870604784 796 790 107 54.0818  
2019_10_23_17_43_24_784 1571870604784 796 790 286 140.738  
2019_10_23_17_43_24_784 1571870604784 796 790 600 295.037  
2019_10_23_17_43_24_784 1571870604784 796 790 753 371.278  
2019_10_23_17_43_24_784 1571870604784 796 790 543 266.811  
2019_10_23_17_43_24_784 1571870604784 796 790 489 240.159  
2019_10_23_17_43_24_784 1571870604784 796 790 659 324.355  
2019_10_23_17_43_24_785 1571870604785 797 791 597 293.549  
2019_10_23_17_43_24_785 1571870604785 797 791 1387 694.581  
2019_10_23_17_43_24_785 1571870604785 797 791 1368 684.719  
2019_10_23_17_43_24_785 1571870604785 797 791 1334 667.099  
2019_10_23_17_43_24_785 1571870604785 797 791 243 119.834  
2019_10_23_17_43_24_785 1571870604785 797 791 1286 642.281  
2019_10_23_17_43_24_785 1571870604785 797 791 1334 667.099  
2019_10_23_17_43_24_785 1571870604785 797 791 310 152.428  
2019_10_23_17_43_24_786 1571870604786 798 791 363 178.306  
2019_10_23_17_43_24_786 1571870604786 798 791 331 162.672  
2019_10_23_17_43_24_786 1571870604786 798 791 313 153.891  
2019_10_23_17_43_24_786 1571870604786 798 791 356 174.883  
2019_10_23_17_43_24_786 1571870604786 798 791 586 288.096  
2019_10_23_17_43_24_786 1571870604786 798 791 255 125.662  
2019_10_23_17_43_24_788 1571870604788 800 793 1297 647.962  
2019_10_23_17_43_24_791 1571870604791 803 796 167 83.0229  
2019_10_23_17_43_24_792 1571870604792 804 797 1171 583.099  
2019_10_23_17_43_24_793 1571870604793 805 798 362 177.817  
2019_10_23_17_43_24_799 1571870604799 811 804 167 83.0229  
2019_10_23_17_43_24_801 1571870604801 813 806 539 264.834  
2019_10_23_17_43_24_814 1571870604814 826 819 1323 661.405  
2019_10_23_17_43_24_819 1571870604819 831 824 376 184.666  
2019_10_23_17_43_24_826 1571870604826 838 831 506 248.54  
2019_10_23_17_43_24_828 1571870604828 840 833 440 216.049  
2019_10_23_17_43_24_829 1571870604829 841 834 1018 504.967  
2019_10_23_17_43_24_830 1571870604830 842 834 184 91.2422  
2019_10_23_17_43_24_834 1571870604834 846 838 284 139.764  
2019_10_23_17_43_24_835 1571870604835 847 839 270 132.953  
2019_10_23_17_43_24_867 1571870604867 879 871 303 149.017  
2019_10_23_17_43_24_869 1571870604869 881 873 2105 1075.07  
2019_10_23_17_43_24_870 1571870604870 882 874 370 181.73  
2019_10_23_17_43_24_908 1571870604908 920 912 443 217.523  
2019_10_23_17_43_24_909 1571870604909 921 913 228 112.555  
2019_10_23_17_43_24_930 1571870604930 942 934 1309 654.164  
2019_10_23_17_43_24_934 1571870604934 946 938 393 192.99  
2019_10_23_17_43_24_951 1571870604951 963 955 1032 512.087  
2019_10_23_17_43_24_953 1571870604953 965 957 78 40.1318  
2019_10_23_17_43_24_961 1571870604961 973 965 93 47.3442  
2019_10_23_17_43_24_982 1571870604982 994 986 313 153.891  
2019_10_23_17_43_24_993 1571870604993 1005 997 1294 646.412  
2019_10_23_17_43_24_994 1571870604994 1006 998 557 273.735  
2019_10_23_17_43_25_007 1571870605007 1019 1011 159 79.1579  
2019_10_23_17_43_25_009 1571870605009 1021 1012 487 239.173  
2019_10_23_17_43_25_017 1571870605017 1029 1020 731 360.273  
2019_10_23_17_43_25_026 1571870605026 1038 1029 192 95.1131  
2019_10_23_17_43_25_032 1571870605032 1044 1035 1337 668.652  
2019_10_23_17_43_25_051 1571870605051 1063 1054 1319 659.336  
2019_10_23_17_43_25_052 1571870605052 1064 1055 160 79.641  
2019_10_23_17_43_25_086 1571870605086 1098 1089 1016 503.95  
2019_10_23_17_43_25_090 1571870605090 1102 1093 1381 691.465  
2019_10_23_17_43_25_104 1571870605104 1116 1107 245 120.805  
2019_10_23_17_43_25_112 1571870605112 1124 1115 1085 539.096  
2019_10_23_17_43_25_121 1571870605121 1133 1124 265 130.522  
2019_10_23_17_43_25_124 1571870605124 1136 1127 1319 659.336  
2019_10_23_17_43_25_126 1571870605126 1138 1129 1600 805.866  
2019_10_23_17_43_25_129 1571870605129 1141 1132 414 203.285  
2019_10_23_17_43_25_133 1571870605133 1145 1136 1078 535.524  
2019_10_23_17_43_25_140 1571870605140 1152 1143 156 77.7091  
2019_10_23_17_43_25_191 1571870605191 1203 1194 620 304.964  
2019_10_23_17_43_25_197 1571870605197 1209 1199 802 395.841  
2019_10_23_17_43_25_201 1571870605201 1213 1203 441 216.54  
2019_10_23_17_43_25_205 1571870605205 1217 1207 337 165.601  
2019_10_23_17_43_25_239 1571870605239 1251 1241 595 292.557  
2019_10_23_17_43_25_268 1571870605268 1280 1270 149 74.3294  
2019_10_23_17_43_25_278 1571870605278 1290 1280 126 63.235  
2019_10_23_17_43_25_279 1571870605279 1291 1281 788 388.816  
2019_10_23_17_43_25_280 1571870605280 1292 1282 2713 1409.19  
2019_10_23_17_43_25_313 1571870605313 1325 1315 661 325.351  
2019_10_23_17_43_25_319 1571870605319 1331 1321 337 165.601  
2019_10_23_17_43_25_324 1571870605324 1336 1326 432 212.119  
2019_10_23_17_43_25_340 1571870605340 1352 1342 191 94.6291  
2019_10_23_17_43_25_346 1571870605346 1358 1348 99 50.2311  
2019_10_23_17_43_25_357 1571870605357 1369 1359 391 192.01  
2019_10_23_17_43_25_358 1571870605358 1370 1360 1391 696.658  
2019_10_23_17_43_25_360 1571870605360 1372 1362 326 160.232  
2019_10_23_17_43_25_369 1571870605369 1381 1371 559 274.724  
2019_10_23_17_43_25_380 1571870605380 1392 1382 132 66.1277  
2019_10_23_17_43_25_385 1571870605385 1397 1386 122 61.3071  
2019_10_23_17_43_25_406 1571870605406 1418 1407 250 123.234  
2019_10_23_17_43_25_425 1571870605425 1437 1426 152 75.7777  
2019_10_23_17_43_25_430 1571870605430 1442 1431 376 184.666  
2019_10_23_17_43_25_431 1571870605431 1443 1432 1311 655.198  
2019_10_23_17_43_25_432 1571870605432 1444 1433 1009 500.392  
2019_10_23_17_43_25_433 1571870605433 1445 1434 378 185.644  
2019_10_23_17_43_25_434 1571870605434 1446 1435 1366 683.682  
2019_10_23_17_43_25_435 1571870605435 1447 1436 155 77.2262  
2019_10_23_17_43_25_437 1571870605437 1449 1438 198 98.0175  
2019_10_23_17_43_25_444 1571870605444 1456 1445 1146 570.285  
2019_10_23_17_43_25_445 1571870605445 1457 1446 186 92.2098  
2019_10_23_17_43_25_451 1571870605451 1463 1452 255 125.662  
2019_10_23_17_43_25_452 1571870605452 1464 1453 1324 661.923  
2019_10_23_17_43_25_483 1571870605483 1495 1484 1352 676.423  
2019_10_23_17_43_25_484 1571870605484 1496 1485 112 56.4895  
2019_10_23_17_43_25_487 1571870605487 1499 1488 672 330.829  
2019_10_23_17_43_25_497 1571870605497 1509 1497 358 175.861  
2019_10_23_17_43_25_500 1571870605500 1512 1500 612 300.992  
2019_10_23_17_43_25_501 1571870605501 1513 1501 444 218.014  
2019_10_23_17_43_25_504 1571870605504 1516 1504 101 51.1936  
2019_10_23_17_43_25_530 1571870605530 1542 1530 219 108.191  
2019_10_23_17_43_25_532 1571870605532 1544 1532 509 250.02  
2019_10_23_17_43_25_537 1571870605537 1549 1537 503 247.06  
2019_10_23_17_43_25_543 1571870605543 1555 1543 712 350.78  
2019_10_23_17_43_25_544 1571870605544 1556 1544 295 145.12  
2019_10_23_17_43_25_566 1571870605566 1578 1566 1256 626.804  
2019_10_23_17_43_25_577 1571870605577 1589 1577 279 137.331  
2019_10_23_17_43_25_578 1571870605578 1590 1578 600 295.037  
2019_10_23_17_43_25_587 1571870605587 1599 1587 126 63.235  
2019_10_23_17_43_25_593 1571870605593 1605 1593 475 233.263  
2019_10_23_17_43_25_630 1571870605630 1642 1630 1160 577.458  
2019_10_23_17_43_25_656 1571870605656 1668 1656 288 141.711  
2019_10_23_17_43_25_660 1571870605660 1672 1660 473 232.278  
2019_10_23_17_43_25_668 1571870605668 1680 1667 321 157.792  
2019_10_23_17_43_25_670 1571870605670 1682 1669 113 56.9711  
2019_10_23_17_43_25_674 1571870605674 1686 1673 799 394.335  
2019_10_23_17_43_25_675 1571870605675 1687 1674 1295 646.929  
2019_10_23_17_43_25_691 1571870605691 1703 1690 634 311.92  
2019_10_23_17_43_25_694 1571870605694 1706 1693 162 80.6071  
2019_10_23_17_43_25_702 1571870605702 1714 1701 210 103.829  
2019_10_23_17_43_25_735 1571870605735 1747 1734 430 211.137  
2019_10_23_17_43_25_758 1571870605758 1770 1757 418 205.247  
2019_10_23_17_43_25_768 1571870605768 1780 1767 148 73.8467  
2019_10_23_17_43_25_787 1571870605787 1799 1786 1328 663.993  
2019_10_23_17_43_25_788 1571870605788 1800 1787 1148 571.309  
2019_10_23_17_43_25_798 1571870605798 1810 1797 1340 670.206  
2019_10_23_17_43_25_799 1571870605799 1811 1798 98 49.7499  
2019_10_23_17_43_25_800 1571870605800 1812 1799 1365 683.163  
2019_10_23_17_43_25_808 1571870605808 1820 1807 793 391.324  
2019_10_23_17_43_25_810 1571870605810 1822 1809 174 86.4063  
2019_10_23_17_43_25_834 1571870605834 1846 1832 884 437.106  
2019_10_23_17_43_25_853 1571870605853 1865 1851 1553 781.195  
2019_10_23_17_43_25_867 1571870605867 1879 1865 652 320.872  
2019_10_23_17_43_25_868 1571870605868 1880 1866 580 285.122  
2019_10_23_17_43_25_871 1571870605871 1883 1869 299 147.068  
2019_10_23_17_43_25_875 1571870605875 1887 1873 388 190.541  
2019_10_23_17_43_25_892 1571870605892 1904 1890 555 272.745  
2019_10_23_17_43_25_893 1571870605893 1905 1891 247 121.777  
2019_10_23_17_43_25_915 1571870605915 1927 1913 1295 646.929  
2019_10_23_17_43_25_937 1571870605937 1949 1935 1335 667.616  
2019_10_23_17_43_25_941 1571870605941 1953 1939 1835 930.202  
2019_10_23_17_43_25_942 1571870605942 1954 1940 354 173.906  
2019_10_23_17_43_25_948 1571870605948 1960 1946 134 67.0921  
2019_10_23_17_43_25_952 1571870605952 1964 1950 377 185.155  
2019_10_23_17_43_25_971 1571870605971 1983 1969 219 108.191  
2019_10_23_17_43_25_996 1571870605996 2008 1994 1347 673.832  
2019_10_23_17_43_26_006 1571870606006 2018 2004 522 256.436  
2019_10_23_17_43_26_022 1571870606022 2034 2019 531 260.881  
2019_10_23_17_43_26_029 1571870606029 2041 2026 139 69.5038  
2019_10_23_17_43_26_035 1571870606035 2047 2032 1358 679.533  
2019_10_23_17_43_26_053 1571870606053 2065 2050 313 153.891  
2019_10_23_17_43_26_068 1571870606068 2080 2065 379 186.134  
2019_10_23_17_43_26_079 1571870606079 2091 2076 290 142.685  
2019_10_23_17_43_26_085 1571870606085 2097 2082 305 149.991  
2019_10_23_17_43_26_094 1571870606094 2106 2091 1161 577.971  
2019_10_23_17_43_26_111 1571870606111 2123 2108 1381 691.465  
2019_10_23_17_43_26_116 1571870606116 2128 2113 722 355.775  
2019_10_23_17_43_26_136 1571870606136 2148 2133 178 88.3403  
2019_10_23_17_43_26_160 1571870606160 2172 2157 462 226.865  
2019_10_23_17_43_26_162 1571870606162 2174 2159 1328 663.993  
2019_10_23_17_43_26_163 1571870606163 2175 2160 177 87.8568  
2019_10_23_17_43_26_204 1571870606204 2216 2201 245 120.805  
2019_10_23_17_43_26_221 1571870606221 2233 2218 324 159.256  
2019_10_23_17_43_26_231 1571870606231 2243 2228 1424 713.816  
2019_10_23_17_43_26_273 1571870606273 2285 2270 448 219.98  
2019_10_23_17_43_26_302 1571870606302 2314 2298 234 115.466  
2019_10_23_17_43_26_305 1571870606305 2317 2301 1223 609.811  
2019_10_23_17_43_26_338 1571870606338 2350 2334 265 130.522  
2019_10_23_17_43_26_345 1571870606345 2357 2341 695 342.295  
2019_10_23_17_43_26_359 1571870606359 2371 2355 206 101.892  
2019_10_23_17_43_26_386 1571870606386 2398 2382 323 158.768  
2019_10_23_17_43_26_404 1571870606404 2416 2400 178 88.3403  
2019_10_23_17_43_26_405 1571870606405 2417 2401 555 272.745  
2019_10_23_17_43_26_417 1571870606417 2429 2413 1325 662.44  
2019_10_23_17_43_26_432 1571870606432 2444 2428 786 387.813  
2019_10_23_17_43_26_434 1571870606434 2446 2430 1303 651.063  
2019_10_23_17_43_26_437 1571870606437 2449 2433 272 133.926  
2019_10_23_17_43_26_439 1571870606439 2451 2435 371 182.219  
2019_10_23_17_43_26_447 1571870606447 2459 2443 150 74.8121  
2019_10_23_17_43_26_462 1571870606462 2474 2458 448 219.98  
2019_10_23_17_43_26_470 1571870606470 2482 2466 2800 1457.89  
2019_10_23_17_43_26_472 1571870606472 2484 2468 576 283.141  
2019_10_23_17_43_26_476 1571870606476 2488 2471 334 164.136  
2019_10_23_17_43_26_489 1571870606489 2501 2484 387 190.051  
2019_10_23_17_43_26_528 1571870606528 2540 2523 1355 677.978  
2019_10_23_17_43_26_534 1571870606534 2546 2529 244 120.32  
2019_10_23_17_43_26_537 1571870606537 2549 2532 1314 656.75  
2019_10_23_17_43_26_565 1571870606565 2577 2560 1355 677.978  
2019_10_23_17_43_26_569 1571870606569 2581 2564 2104 1074.53  
2019_10_23_17_43_26_829 1571870606829 2841 2824 592 291.07  
2019_10_23_17_43_26_830 1571870606830 2842 2825 437 214.575  
2019_10_23_17_43_26_831 1571870606831 2843 2826 1062 527.365  
2019_10_23_17_43_26_831 1571870606831 2843 2826 276 135.872  
2019_10_23_17_43_26_831 1571870606831 2843 2826 145 72.3988  
2019_10_23_17_43_26_831 1571870606831 2843 2826 1352 676.423  
2019_10_23_17_43_26_831 1571870606831 2843 2826 1316 657.784  
2019_10_23_17_43_26_832 1571870606832 2844 2827 593 291.566  
2019_10_23_17_43_26_832 1571870606832 2844 2827 224 110.616  
2019_10_23_17_43_26_832 1571870606832 2844 2827 539 264.834  
2019_10_23_17_43_26_832 1571870606832 2844 2826 615 302.481  
2019_10_23_17_43_26_832 1571870606832 2844 2826 769 379.291  
2019_10_23_17_43_26_832 1571870606832 2844 2826 791 390.321  
2019_10_23_17_43_26_832 1571870606832 2844 2826 345 169.508  
2019_10_23_17_43_26_832 1571870606832 2844 2826 411 201.813  
2019_10_23_17_43_26_832 1571870606832 2844 2826 842 415.946  
2019_10_23_17_43_26_833 1571870606833 2845 2827 1941 986.82  
2019_10_23_17_43_26_833 1571870606833 2845 2827 518 254.461  
2019_10_23_17_43_26_833 1571870606833 2845 2827 162 80.6071  
2019_10_23_17_43_26_833 1571870606833 2845 2827 1255 626.289  
2019_10_23_17_43_26_833 1571870606833 2845 2827 339 166.577  
2019_10_23_17_43_26_833 1571870606833 2845 2827 149 74.3294  
2019_10_23_17_43_26_833 1571870606833 2845 2827 302 148.53  
2019_10_23_17_43_26_834 1571870606834 2846 2828 112 56.4895  
2019_10_23_17_43_26_834 1571870606834 2846 2828 451 221.455  
2019_10_23_17_43_26_840 1571870606840 2852 2834 742 365.774  
2019_10_23_17_43_26_853 1571870606853 2865 2847 489 240.159  
2019_10_23_17_43_26_860 1571870606860 2872 2853 333 163.648  
2019_10_23_17_43_26_877 1571870606877 2889 2870 1296 647.446  
2019_10_23_17_43_26_891 1571870606891 2903 2884 292 143.659  
2019_10_23_17_43_26_897 1571870606897 2909 2890 320 157.305  
2019_10_23_17_43_26_908 1571870606908 2920 2901 264 130.036  
2019_10_23_17_43_26_915 1571870606915 2927 2908 1290 644.346  
2019_10_23_17_43_26_917 1571870606917 2929 2910 578 284.132  
2019_10_23_17_43_26_921 1571870606921 2933 2914 1328 663.993  
2019_10_23_17_43_26_924 1571870606924 2936 2917 292 143.659  
2019_10_23_17_43_26_931 1571870606931 2943 2924 261 128.578  
2019_10_23_17_43_26_937 1571870606937 2949 2930 628 308.938  
2019_10_23_17_43_26_938 1571870606938 2950 2931 936 463.377  
2019_10_23_17_43_26_945 1571870606945 2957 2938 1092 542.669  
2019_10_23_17_43_26_947 1571870606947 2959 2940 1193 594.39  
2019_10_23_17_43_26_949 1571870606949 2961 2942 525 257.917  
2019_10_23_17_43_26_957 1571870606957 2969 2950 625 307.448  
2019_10_23_17_43_26_960 1571870606960 2972 2953 287 141.224  
2019_10_23_17_43_26_975 1571870606975 2987 2967 1357 679.015  
2019_10_23_17_43_26_976 1571870606976 2988 2968 1339 669.688  
2019_10_23_17_43_26_978 1571870606978 2990 2970 1058 525.326  
2019_10_23_17_43_26_990 1571870606990 3002 2982 188 93.1774  
2019_10_23_17_43_26_993 1571870606993 3005 2985 1302 650.546  
2019_10_23_17_43_26_996 1571870606996 3008 2988 277 136.358  
2019_10_23_17_43_27_029 1571870607029 3041 3021 1344 672.278  
2019_10_23_17_43_27_060 1571870607060 3072 3052 1298 648.479  
2019_10_23_17_43_27_065 1571870607065 3077 3057 1268 632.992  
2019_10_23_17_43_27_066 1571870607066 3078 3058 728 358.773  
2019_10_23_17_43_27_081 1571870607081 3093 3073 517 253.968  
2019_10_23_17_43_27_091 1571870607091 3103 3083 1342 671.242  
2019_10_23_17_43_27_096 1571870607096 3108 3088 276 135.872  
2019_10_23_17_43_27_100 1571870607100 3112 3092 141 70.4687  
2019_10_23_17_43_27_105 1571870607105 3117 3097 1291 644.863  
2019_10_23_17_43_27_122 1571870607122 3134 3114 1311 655.198  
2019_10_23_17_43_27_132 1571870607132 3144 3124 286 140.738  
2019_10_23_17_43_27_139 1571870607139 3151 3131 446 218.997  
2019_10_23_17_43_27_140 1571870607140 3152 3131 722 355.775  
2019_10_23_17_43_27_159 1571870607159 3171 3150 156 77.7091  
2019_10_23_17_43_27_160 1571870607160 3172 3151 179 88.8239  
2019_10_23_17_43_27_162 1571870607162 3174 3153 557 273.735  
2019_10_23_17_43_27_165 1571870607165 3177 3156 368 180.751  
2019_10_23_17_43_27_171 1571870607171 3183 3162 451 221.455  
2019_10_23_17_43_27_192 1571870607192 3204 3183 214 105.768  
2019_10_23_17_43_27_210 1571870607210 3222 3201 326 160.232  
2019_10_23_17_43_27_212 1571870607212 3224 3203 909 449.726  
2019_10_23_17_43_27_220 1571870607220 3232 3211 1349 674.868  
2019_10_23_17_43_27_227 1571870607227 3239 3218 283 139.278  
2019_10_23_17_43_27_229 1571870607229 3241 3220 270 132.953  
2019_10_23_17_43_27_245 1571870607245 3257 3236 190 94.1452  
2019_10_23_17_43_27_247 1571870607247 3259 3238 1357 679.015  
2019_10_23_17_43_27_248 1571870607248 3260 3239 162 80.6071  
2019_10_23_17_43_27_258 1571870607258 3270 3249 1349 674.868  
2019_10_23_17_43_27_259 1571870607259 3271 3250 1335 667.616  
2019_10_23_17_43_27_279 1571870607279 3291 3269 181 89.7911  
2019_10_23_17_43_27_289 1571870607289 3301 3279 429 210.646  
2019_10_23_17_43_27_302 1571870607302 3314 3292 838 413.933  
2019_10_23_17_43_27_303 1571870607303 3315 3293 488 239.666  
2019_10_23_17_43_27_308 1571870607308 3320 3298 104 52.6376  
2019_10_23_17_43_27_320 1571870607320 3332 3310 1320 659.853  
2019_10_23_17_43_27_322 1571870607322 3334 3312 768 378.79  
2019_10_23_17_43_27_331 1571870607331 3343 3321 175 86.8898  
2019_10_23_17_43_27_332 1571870607332 3344 3322 879 434.584  
2019_10_23_17_43_27_342 1571870607342 3354 3332 476 233.755  
2019_10_23_17_43_27_350 1571870607350 3362 3340 390 191.52  
2019_10_23_17_43_27_370 1571870607370 3382 3360 888 439.124  
2019_10_23_17_43_27_373 1571870607373 3385 3363 541 265.822  
2019_10_23_17_43_27_374 1571870607374 3386 3364 245 120.805  
2019_10_23_17_43_27_377 1571870607377 3389 3367 619 304.467  
2019_10_23_17_43_27_378 1571870607378 3390 3368 243 119.834  
2019_10_23_17_43_27_390 1571870607390 3402 3380 178 88.3403  
2019_10_23_17_43_27_394 1571870607394 3406 3383 1288 643.313  
2019_10_23_17_43_27_436 1571870607436 3448 3425 149 74.3294  
2019_10_23_17_43_27_437 1571870607437 3449 3426 1352 676.423  
2019_10_23_17_43_27_441 1571870607441 3453 3430 774 381.796  
2019_10_23_17_43_27_447 1571870607447 3459 3436 497 244.102  
2019_10_23_17_43_27_456 1571870607456 3468 3445 741 365.273  
2019_10_23_17_43_27_466 1571870607466 3478 3455 296 145.607  
2019_10_23_17_43_27_467 1571870607467 3479 3456 471 231.294  
2019_10_23_17_43_27_468 1571870607468 3480 3457 604 297.022  
2019_10_23_17_43_27_477 1571870607477 3489 3466 604 297.022  
2019_10_23_17_43_27_505 1571870607505 3517 3494 1332 666.063  
2019_10_23_17_43_27_519 1571870607519 3531 3508 134 67.0921  
2019_10_23_17_43_27_524 1571870607524 3536 3513 327 160.72  
2019_10_23_17_43_27_525 1571870607525 3537 3514 1336 668.134  
2019_10_23_17_43_27_526 1571870607526 3538 3515 81 41.5738  
2019_10_23_17_43_27_537 1571870607537 3549 3526 798 393.833  
2019_10_23_17_43_27_569 1571870607569 3581 3558 267 131.495  
2019_10_23_17_43_27_577 1571870607577 3589 3565 784 386.81  
2019_10_23_17_43_27_584 1571870607584 3596 3572 476 233.755  
2019_10_23_17_43_27_585 1571870607585 3597 3573 1214 605.182  
2019_10_23_17_43_27_591 1571870607591 3603 3579 451 221.455  
2019_10_23_17_43_27_597 1571870607597 3609 3585 615 302.481  
2019_10_23_17_43_27_598 1571870607598 3610 3586 1273 635.571  
2019_10_23_17_43_27_599 1571870607599 3611 3587 840 414.939  
2019_10_23_17_43_27_600 1571870607600 3612 3588 1295 646.929  
2019_10_23_17_43_27_604 1571870607604 3616 3592 746 367.775  
2019_10_23_17_43_27_611 1571870607611 3623 3599 226 111.585  
2019_10_23_17_43_27_614 1571870607614 3626 3602 1360 680.57  
2019_10_23_17_43_27_621 1571870607621 3633 3609 320 157.305  
2019_10_23_17_43_27_628 1571870607628 3640 3616 531 260.881  
2019_10_23_17_43_27_630 1571870607630 3642 3618 532 261.375  
2019_10_23_17_43_27_635 1571870607635 3647 3623 1326 662.958  
2019_10_23_17_43_27_640 1571870607640 3652 3628 429 210.646  
2019_10_23_17_43_27_645 1571870607645 3657 3633 397 194.95  
2019_10_23_17_43_27_650 1571870607650 3662 3637 343 168.531  
2019_10_23_17_43_27_662 1571870607662 3674 3649 378 185.644  
2019_10_23_17_43_27_665 1571870607665 3677 3652 402 197.4  
2019_10_23_17_43_27_673 1571870607673 3685 3660 971 481.104  
2019_10_23_17_43_27_675 1571870607675 3687 3662 790 389.819  
2019_10_23_17_43_27_685 1571870607685 3697 3672 468 229.817  
2019_10_23_17_43_27_699 1571870607699 3711 3686 1374 687.832  
2019_10_23_17_43_27_735 1571870607735 3747 3722 368 180.751  
2019_10_23_17_43_27_765 1571870607765 3777 3752 867 428.535  
2019_10_23_17_43_27_771 1571870607771 3783 3758 841 415.442  
2019_10_23_17_43_27_787 1571870607787 3799 3774 334 164.136  
2019_10_23_17_43_27_788 1571870607788 3800 3775 477 234.248  
2019_10_23_17_43_27_803 1571870607803 3815 3790 1330 665.028  
2019_10_23_17_43_27_804 1571870607804 3816 3791 586 288.096  
2019_10_23_17_43_27_807 1571870607807 3819 3794 205 101.407  
2019_10_23_17_43_27_810 1571870607810 3822 3797 899 444.676  
2019_10_23_17_43_27_831 1571870607831 3843 3818 318 156.329  
2019_10_23_17_43_27_843 1571870607843 3855 3830 545 267.8  
2019_10_23_17_43_27_846 1571870607846 3858 3832 152 75.7777  
2019_10_23_17_43_27_849 1571870607849 3861 3835 272 133.926  
2019_10_23_17_43_27_850 1571870607850 3862 3836 453 222.439  
2019_10_23_17_43_27_854 1571870607854 3866 3840 495 243.116  
2019_10_23_17_43_27_855 1571870607855 3867 3841 326 160.232  
2019_10_23_17_43_27_856 1571870607856 3868 3842 565 277.694  
2019_10_23_17_43_27_866 1571870607866 3878 3852 1283 640.732  
2019_10_23_17_43_27_870 1571870607870 3882 3856 392 192.5  
2019_10_23_17_43_27_873 1571870607873 3885 3859 1304 651.579  
2019_10_23_17_43_27_877 1571870607877 3889 3863 1314 656.75  
2019_10_23_17_43_27_879 1571870607879 3891 3865 243 119.834  
2019_10_23_17_43_27_882 1571870607882 3894 3868 443 217.523  
2019_10_23_17_43_27_913 1571870607913 3925 3899 185 91.726  
2019_10_23_17_43_27_916 1571870607916 3928 3902 220 108.676  
2019_10_23_17_43_27_923 1571870607923 3935 3909 427 209.664  
2019_10_23_17_43_27_933 1571870607933 3945 3919 523 256.93  
2019_10_23_17_43_27_937 1571870607937 3949 3923 373 183.197  
2019_10_23_17_43_27_950 1571870607950 3962 3935 456 223.914  
2019_10_23_17_43_27_955 1571870607955 3967 3940 1350 675.386  
2019_10_23_17_43_27_961 1571870607961 3973 3946 926 458.319  
2019_10_23_17_43_27_966 1571870607966 3978 3951 261 128.578  
2019_10_23_17_43_27_972 1571870607972 3984 3957 216 106.737  
2019_10_23_17_43_27_993 1571870607993 4005 3978 4095 2209.31  
2019_10_23_17_43_27_995 1571870607995 4007 3980 705 347.285  
2019_10_23_17_43_28_008 1571870608008 4020 3993 1297 647.962  
2019_10_23_17_43_28_018 1571870608018 4030 4003 60 31.4857  
2019_10_23_17_43_28_033 1571870608033 4045 4018 185 91.726  
2019_10_23_17_43_28_035 1571870608035 4047 4020 680 334.815  
2019_10_23_17_43_28_044 1571870608044 4056 4029 115 57.9345  
2019_10_23_17_43_28_048 1571870608048 4060 4033 226 111.585  
2019_10_23_17_43_28_056 1571870608056 4068 4041 431 211.628  
2019_10_23_17_43_28_070 1571870608070 4082 4055 365 179.284  
2019_10_23_17_43_28_088 1571870608088 4100 4073 89 45.4203  
2019_10_23_17_43_28_094 1571870608094 4106 4079 1178 586.69  
2019_10_23_17_43_28_099 1571870608099 4111 4083 643 316.394  
2019_10_23_17_43_28_109 1571870608109 4121 4093 386 189.561  
2019_10_23_17_43_28_130 1571870608130 4142 4114 69 35.8075  
2019_10_23_17_43_28_159 1571870608159 4171 4143 1341 670.724  
2019_10_23_17_43_28_166 1571870608166 4178 4150 879 434.584  
2019_10_23_17_43_28_175 1571870608175 4187 4159 1310 654.681  
2019_10_23_17_43_28_179 1571870608179 4191 4163 332 163.16  
2019_10_23_17_43_28_189 1571870608189 4201 4173 1380 690.946  
2019_10_23_17_43_28_207 1571870608207 4219 4191 266 131.008  
2019_10_23_17_43_28_223 1571870608223 4235 4207 1340 670.206  
2019_10_23_17_43_28_242 1571870608242 4254 4226 1323 661.405  
2019_10_23_17_43_28_244 1571870608244 4256 4228 137 68.5391  
2019_10_23_17_43_28_259 1571870608259 4271 4243 267 131.495  
2019_10_23_17_43_28_269 1571870608269 4281 4253 220 108.676  
2019_10_23_17_43_28_281 1571870608281 4293 4265 105 53.119  
2019_10_23_17_43_28_291 1571870608291 4303 4275 603 296.526  
2019_10_23_17_43_28_300 1571870608300 4312 4284 694 341.796  
2019_10_23_17_43_28_307 1571870608307 4319 4290 1310 654.681  
2019_10_23_17_43_28_314 1571870608314 4326 4297 1342 671.242  
2019_10_23_17_43_28_316 1571870608316 4328 4299 375 184.176  
2019_10_23_17_43_28_322 1571870608322 4334 4305 365 179.284  
2019_10_23_17_43_28_327 1571870608327 4339 4310 281 138.304  
2019_10_23_17_43_28_331 1571870608331 4343 4314 184 91.2422  
2019_10_23_17_43_28_360 1571870608360 4372 4343 280 137.818  
2019_10_23_17_43_28_362 1571870608362 4374 4345 1294 646.412  
2019_10_23_17_43_28_370 1571870608370 4382 4353 418 205.247  
2019_10_23_17_43_28_385 1571870608385 4397 4368 564 277.199  
2019_10_23_17_43_28_417 1571870608417 4429 4400 1359 680.052  
2019_10_23_17_43_28_430 1571870608430 4442 4413 354 173.906  
2019_10_23_17_43_28_438 1571870608438 4450 4421 1266 631.96  
2019_10_23_17_43_28_442 1571870608442 4454 4425 329 161.696  
2019_10_23_17_43_28_461 1571870608461 4473 4444 225 111.1  
2019_10_23_17_43_28_469 1571870608469 4481 4452 513 251.993  
2019_10_23_17_43_28_484 1571870608484 4496 4467 634 311.92  
2019_10_23_17_43_28_510 1571870608510 4522 4492 226 111.585  
2019_10_23_17_43_28_516 1571870608516 4528 4498 449 220.472  
2019_10_23_17_43_28_518 1571870608518 4530 4500 397 194.95  
2019_10_23_17_43_28_521 1571870608521 4533 4503 359 176.35  
2019_10_23_17_43_28_546 1571870608546 4558 4528 784 386.81  
2019_10_23_17_43_28_573 1571870608573 4585 4555 1296 647.446  
2019_10_23_17_43_28_621 1571870608621 4633 4603 948 469.451  
2019_10_23_17_43_28_877 1571870608877 4889 4859 409 200.833  
2019_10_23_17_43_28_878 1571870608878 4890 4860 437 214.575  
2019_10_23_17_43_28_879 1571870608879 4891 4861 1186 590.796  
2019_10_23_17_43_28_879 1571870608879 4891 4861 464 227.849  
2019_10_23_17_43_28_879 1571870608879 4891 4861 73 37.7291  
2019_10_23_17_43_28_880 1571870608880 4892 4862 919 454.78  
2019_10_23_17_43_28_880 1571870608880 4892 4862 634 311.92  
2019_10_23_17_43_28_880 1571870608880 4892 4862 339 166.577  
2019_10_23_17_43_28_880 1571870608880 4892 4862 1319 659.336  
2019_10_23_17_43_28_880 1571870608880 4892 4862 597 293.549  
2019_10_23_17_43_28_880 1571870608880 4892 4862 238 117.407  
2019_10_23_17_43_28_880 1571870608880 4892 4861 1302 650.546  
2019_10_23_17_43_28_880 1571870608880 4892 4861 184 91.2422  
2019_10_23_17_43_28_880 1571870608880 4892 4861 1312 655.715  
2019_10_23_17_43_28_881 1571870608881 4893 4862 1221 608.782  
2019_10_23_17_43_28_881 1571870608881 4893 4862 353 173.417  
2019_10_23_17_43_28_881 1571870608881 4893 4862 289 142.198  
2019_10_23_17_43_28_881 1571870608881 4893 4862 1370 685.757  
2019_10_23_17_43_28_881 1571870608881 4893 4862 422 207.21  
2019_10_23_17_43_28_881 1571870608881 4893 4862 1291 644.863  
2019_10_23_17_43_28_881 1571870608881 4893 4862 1314 656.75  
2019_10_23_17_43_28_881 1571870608881 4893 4862 1345 672.796  
2019_10_23_17_43_28_882 1571870608882 4894 4863 500 245.581  
2019_10_23_17_43_28_884 1571870608884 4896 4865 1304 651.579  
2019_10_23_17_43_28_885 1571870608885 4897 4866 1292 645.379  
2019_10_23_17_43_28_894 1571870608894 4906 4875 407 199.852  
2019_10_23_17_43_28_903 1571870608903 4915 4884 379 186.134  
2019_10_23_17_43_28_911 1571870608911 4923 4892 927 458.824  
2019_10_23_17_43_28_914 1571870608914 4926 4894 1368 684.719  
2019_10_23_17_43_28_923 1571870608923 4935 4903 1320 659.853  
2019_10_23_17_43_28_957 1571870608957 4969 4937 871 430.551  
2019_10_23_17_43_28_968 1571870608968 4980 4948 217 107.222  
2019_10_23_17_43_28_969 1571870608969 4981 4949 261 128.578  
2019_10_23_17_43_28_981 1571870608981 4993 4961 1384 693.023  
2019_10_23_17_43_28_985 1571870608985 4997 4965 261 128.578  
2019_10_23_17_43_28_991 1571870608991 5003 4971 1270 634.023  
2019_10_23_17_43_29_023 1571870609023 5035 5003 788 388.816  
2019_10_23_17_43_29_027 1571870609027 5039 5007 222 109.646  
2019_10_23_17_43_29_030 1571870609030 5042 5010 1340 670.206  
2019_10_23_17_43_29_039 1571870609039 5051 5019 1293 645.896  
2019_10_23_17_43_29_045 1571870609045 5057 5025 868 429.039  
2019_10_23_17_43_29_075 1571870609075 5087 5055 1376 688.87  
2019_10_23_17_43_29_077 1571870609077 5089 5057 666 327.841  
2019_10_23_17_43_29_080 1571870609080 5092 5060 338 166.089  
2019_10_23_17_43_29_081 1571870609081 5093 5061 421 206.719  
2019_10_23_17_43_29_100 1571870609100 5112 5079 175 86.8898  
2019_10_23_17_43_29_107 1571870609107 5119 5086 694 341.796  
2019_10_23_17_43_29_120 1571870609120 5132 5099 323 158.768  
2019_10_23_17_43_29_121 1571870609121 5133 5100 2401 1236.37  
2019_10_23_17_43_29_170 1571870609170 5182 5149 148 73.8467  
2019_10_23_17_43_29_189 1571870609189 5201 5168 529 259.893  
2019_10_23_17_43_29_190 1571870609190 5202 5169 315 154.866  
2019_10_23_17_43_29_199 1571870609199 5211 5178 327 160.72  
2019_10_23_17_43_29_213 1571870609213 5225 5192 301 148.042  
2019_10_23_17_43_29_218 1571870609218 5230 5197 1033 512.596  
2019_10_23_17_43_29_221 1571870609221 5233 5200 583 286.609  
2019_10_23_17_43_29_225 1571870609225 5237 5204 545 267.8  
2019_10_23_17_43_29_226 1571870609226 5238 5205 1156 575.408  
2019_10_23_17_43_29_240 1571870609240 5252 5219 153 76.2605  
2019_10_23_17_43_29_259 1571870609259 5271 5238 312 153.403  
2019_10_23_17_43_29_260 1571870609260 5272 5239 342 168.042  
2019_10_23_17_43_29_261 1571870609261 5273 5240 249 122.748  
2019_10_23_17_43_29_279 1571870609279 5291 5257 213 105.283  
2019_10_23_17_43_29_280 1571870609280 5292 5258 243 119.834  
2019_10_23_17_43_29_286 1571870609286 5298 5264 387 190.051  
2019_10_23_17_43_29_298 1571870609298 5310 5276 205 101.407  
2019_10_23_17_43_29_299 1571870609299 5311 5277 1350 675.386  
2019_10_23_17_43_29_312 1571870609312 5324 5290 127 63.717  
2019_10_23_17_43_29_316 1571870609316 5328 5294 1072 532.464  
2019_10_23_17_43_29_317 1571870609317 5329 5295 1404 703.413  
2019_10_23_17_43_29_319 1571870609319 5331 5297 1327 663.475  
2019_10_23_17_43_29_323 1571870609323 5335 5301 882 436.097  
2019_10_23_17_43_29_340 1571870609340 5352 5318 563 276.704  
2019_10_23_17_43_29_343 1571870609343 5355 5321 1291 644.863  
2019_10_23_17_43_29_347 1571870609347 5359 5325 782 385.807  
2019_10_23_17_43_29_352 1571870609352 5364 5330 1319 659.336  
2019_10_23_17_43_29_358 1571870609358 5370 5336 512 251.5  
2019_10_23_17_43_29_360 1571870609360 5372 5338 252 124.205  
2019_10_23_17_43_29_367 1571870609367 5379 5345 1306 652.613  
2019_10_23_17_43_29_396 1571870609396 5408 5373 1257 627.32  
2019_10_23_17_43_29_405 1571870609405 5417 5382 259 127.606  
2019_10_23_17_43_29_410 1571870609410 5422 5387 222 109.646  
2019_10_23_17_43_29_411 1571870609411 5423 5388 236 116.437  
2019_10_23_17_43_29_415 1571870609415 5427 5392 121 60.8252  
2019_10_23_17_43_29_421 1571870609421 5433 5398 1373 687.313  
2019_10_23_17_43_29_423 1571870609423 5435 5400 439 215.558  
2019_10_23_17_43_29_426 1571870609426 5438 5403 1292 645.379  
2019_10_23_17_43_29_433 1571870609433 5445 5410 1367 684.2  
2019_10_23_17_43_29_462 1571870609462 5474 5439 619 304.467  
2019_10_23_17_43_29_484 1571870609484 5496 5461 176 87.3733  
2019_10_23_17_43_29_485 1571870609485 5497 5462 437 214.575  
2019_10_23_17_43_29_499 1571870609499 5511 5476 489 240.159  
2019_10_23_17_43_29_516 1571870609516 5528 5493 1389 695.62  
2019_10_23_17_43_29_526 1571870609526 5538 5503 490 240.651  
2019_10_23_17_43_29_528 1571870609528 5540 5505 164 81.5733  
2019_10_23_17_43_29_529 1571870609529 5541 5506 510 250.513  
2019_10_23_17_43_29_536 1571870609536 5548 5513 240 118.378  
2019_10_23_17_43_29_555 1571870609555 5567 5531 1059 525.836  
2019_10_23_17_43_29_555 1571870609555 5567 5531 833 411.418  
2019_10_23_17_43_29_557 1571870609557 5569 5533 797 393.332  
2019_10_23_17_43_29_563 1571870609563 5575 5539 703 346.287  
2019_10_23_17_43_29_569 1571870609569 5581 5545 152 75.7777  
2019_10_23_17_43_29_575 1571870609575 5587 5551 896 443.161  
2019_10_23_17_43_29_579 1571870609579 5591 5555 1330 665.028  
2019_10_23_17_43_29_590 1571870609590 5602 5566 339 166.577  
2019_10_23_17_43_29_594 1571870609594 5606 5570 751 370.277  
2019_10_23_17_43_29_599 1571870609599 5611 5575 555 272.745  
2019_10_23_17_43_29_601 1571870609601 5613 5577 559 274.724  
2019_10_23_17_43_29_614 1571870609614 5626 5590 2083 1063.19  
2019_10_23_17_43_29_618 1571870609618 5630 5594 108 54.5633  
2019_10_23_17_43_29_619 1571870609619 5631 5595 701 345.288  
2019_10_23_17_43_29_656 1571870609656 5668 5632 717 353.277  
2019_10_23_17_43_29_665 1571870609665 5677 5641 1230 613.413  
2019_10_23_17_43_29_685 1571870609685 5697 5661 427 209.664  
2019_10_23_17_43_29_706 1571870609706 5718 5681 500 245.581  
2019_10_23_17_43_29_721 1571870609721 5733 5696 332 163.16  
2019_10_23_17_43_29_726 1571870609726 5738 5701 724 356.774  
2019_10_23_17_43_29_737 1571870609737 5749 5712 342 168.042  
2019_10_23_17_43_29_748 1571870609748 5760 5723 456 223.914  
2019_10_23_17_43_29_749 1571870609749 5761 5724 986 488.713  
2019_10_23_17_43_29_751 1571870609751 5763 5726 1358 679.533  
2019_10_23_17_43_29_765 1571870609765 5777 5740 879 434.584  
2019_10_23_17_43_29_775 1571870609775 5787 5750 452 221.947  
2019_10_23_17_43_29_783 1571870609783 5795 5758 151 75.2949  
2019_10_23_17_43_29_794 1571870609794 5806 5769 1334 667.099  
2019_10_23_17_43_29_800 1571870609800 5812 5775 372 182.708  
2019_10_23_17_43_29_801 1571870609801 5813 5776 430 211.137  
2019_10_23_17_43_29_806 1571870609806 5818 5781 366 179.773  
2019_10_23_17_43_29_811 1571870609811 5823 5786 157 78.192  
2019_10_23_17_43_29_814 1571870609814 5826 5789 1128 561.07  
2019_10_23_17_43_29_815 1571870609815 5827 5790 865 427.527  
2019_10_23_17_43_29_818 1571870609818 5830 5792 69 35.8075  
2019_10_23_17_43_29_820 1571870609820 5832 5794 203 100.439  
2019_10_23_17_43_29_835 1571870609835 5847 5809 1291 644.863  
2019_10_23_17_43_29_847 1571870609847 5859 5821 1420 711.734  
2019_10_23_17_43_29_863 1571870609863 5875 5837 301 148.042  
2019_10_23_17_43_29_873 1571870609873 5885 5847 1209 602.611  
2019_10_23_17_43_29_881 1571870609881 5893 5855 260 128.092  
2019_10_23_17_43_29_887 1571870609887 5899 5861 290 142.685  
2019_10_23_17_43_29_895 1571870609895 5907 5869 594 292.062  
2019_10_23_17_43_29_913 1571870609913 5925 5887 608 299.007  
2019_10_23_17_43_29_914 1571870609914 5926 5888 464 227.849  
2019_10_23_17_43_29_915 1571870609915 5927 5889 477 234.248  
2019_10_23_17_43_29_916 1571870609916 5928 5890 535 262.857  
2019_10_23_17_43_29_923 1571870609923 5935 5897 431 211.628  
2019_10_23_17_43_29_946 1571870609946 5958 5920 155 77.2262  
2019_10_23_17_43_29_951 1571870609951 5963 5925 319 156.817  
2019_10_23_17_43_29_960 1571870609960 5972 5934 709 349.282  
2019_10_23_17_43_29_965 1571870609965 5977 5938 1249 623.197  
2019_10_23_17_43_29_967 1571870609967 5979 5940 814 401.868  
2019_10_23_17_43_29_980 1571870609980 5992 5953 121 60.8252  
2019_10_23_17_43_29_981 1571870609981 5993 5954 436 214.084  
2019_10_23_17_43_29_991 1571870609991 6003 5964 193 95.5971  
2019_10_23_17_43_30_006 1571870610006 6018 5979 385 189.072  
2019_10_23_17_43_30_018 1571870610018 6030 5991 1310 654.681  
2019_10_23_17_43_30_043 1571870610043 6055 6016 318 156.329  
2019_10_23_17_43_30_081 1571870610081 6093 6054 269 132.467  
2019_10_23_17_43_30_087 1571870610087 6099 6060 1332 666.063  
2019_10_23_17_43_30_092 1571870610092 6104 6065 395 193.97  
2019_10_23_17_43_30_121 1571870610121 6133 6094 923 456.802  
2019_10_23_17_43_30_127 1571870610127 6139 6100 426 209.173  
2019_10_23_17_43_30_146 1571870610146 6158 6119 447 219.489  
2019_10_23_17_43_30_171 1571870610171 6183 6144 190 94.1452  
2019_10_23_17_43_30_172 1571870610172 6184 6145 464 227.849  
2019_10_23_17_43_30_206 1571870610206 6218 6179 818 403.877  
2019_10_23_17_43_30_211 1571870610211 6223 6183 1333 666.581  
2019_10_23_17_43_30_224 1571870610224 6236 6196 302 148.53  
2019_10_23_17_43_30_225 1571870610225 6237 6197 392 192.5  
2019_10_23_17_43_30_226 1571870610226 6238 6198 1345 672.796  
2019_10_23_17_43_30_228 1571870610228 6240 6200 346 169.996  
2019_10_23_17_43_30_232 1571870610232 6244 6204 213 105.283  
2019_10_23_17_43_30_240 1571870610240 6252 6212 674 331.825  
2019_10_23_17_43_30_246 1571870610246 6258 6218 144 71.9162  
2019_10_23_17_43_30_256 1571870610256 6268 6228 259 127.606  
2019_10_23_17_43_30_276 1571870610276 6288 6248 1416 709.653  
2019_10_23_17_43_30_286 1571870610286 6298 6258 345 169.508  
2019_10_23_17_43_30_300 1571870610300 6312 6272 229 113.041  
2019_10_23_17_43_30_315 1571870610315 6327 6287 73 37.7291  
2019_10_23_17_43_30_326 1571870610326 6338 6298 236 116.437  
2019_10_23_17_43_30_337 1571870610337 6349 6309 498 244.595  
2019_10_23_17_43_30_342 1571870610342 6354 6314 563 276.704  
2019_10_23_17_43_30_356 1571870610356 6368 6328 1330 665.028  
2019_10_23_17_43_30_368 1571870610368 6380 6340 254 125.177  
2019_10_23_17_43_30_373 1571870610373 6385 6344 449 220.472  
2019_10_23_17_43_30_410 1571870610410 6422 6381 1001 496.328  
2019_10_23_17_43_30_414 1571870610414 6426 6385 257 126.634  
2019_10_23_17_43_30_443 1571870610443 6455 6414 113 56.9711  
2019_10_23_17_43_30_451 1571870610451 6463 6422 329 161.696  
2019_10_23_17_43_30_458 1571870610458 6470 6429 131 65.6455  
2019_10_23_17_43_30_461 1571870610461 6473 6432 321 157.792  
2019_10_23_17_43_30_468 1571870610468 6480 6439 896 443.161  
2019_10_23_17_43_30_488 1571870610488 6500 6459 104 52.6376  
2019_10_23_17_43_30_507 1571870610507 6519 6478 278 136.845  
2019_10_23_17_43_30_510 1571870610510 6522 6481 567 278.684  
2019_10_23_17_43_30_550 1571870610550 6562 6521 308 151.453  
2019_10_23_17_43_30_551 1571870610551 6563 6522 1645 829.548  
2019_10_23_17_43_30_561 1571870610561 6573 6532 274 134.899  
2019_10_23_17_43_30_564 1571870610564 6576 6535 379 186.134  
2019_10_23_17_43_30_569 1571870610569 6581 6540 1282 640.216  
2019_10_23_17_43_30_586 1571870610586 6598 6557 447 219.489  
2019_10_23_17_43_30_587 1571870610587 6599 6557 493 242.13  
2019_10_23_17_43_30_594 1571870610594 6606 6564 195 96.5652  
2019_10_23_17_43_30_602 1571870610602 6614 6572 441 216.54  
2019_10_23_17_43_30_632 1571870610632 6644 6602 311 152.916  
2019_10_23_17_43_30_647 1571870610647 6659 6617 218 107.707  
2019_10_23_17_43_30_926 1571870610926 6938 6896 126 63.235  
2019_10_23_17_43_30_926 1571870610926 6938 6896 207 102.376  
2019_10_23_17_43_30_927 1571870610927 6939 6897 109 55.0448  
2019_10_23_17_43_30_928 1571870610928 6940 6898 550 270.272  
2019_10_23_17_43_30_928 1571870610928 6940 6898 134 67.0921  
2019_10_23_17_43_30_928 1571870610928 6940 6898 298 146.581  
2019_10_23_17_43_30_928 1571870610928 6940 6898 1323 661.405  
2019_10_23_17_43_30_928 1571870610928 6940 6898 173 85.9229  
2019_10_23_17_43_30_928 1571870610928 6940 6898 252 124.205  
2019_10_23_17_43_30_928 1571870610928 6940 6898 398 195.44  
2019_10_23_17_43_30_928 1571870610928 6940 6898 1091 542.159  
2019_10_23_17_43_30_928 1571870610928 6940 6898 611 300.496  
2019_10_23_17_43_30_929 1571870610929 6941 6898 374 183.687  
2019_10_23_17_43_30_929 1571870610929 6941 6898 395 193.97  
2019_10_23_17_43_30_929 1571870610929 6941 6898 184 91.2422  
2019_10_23_17_43_30_929 1571870610929 6941 6898 1372 686.794  
2019_10_23_17_43_30_929 1571870610929 6941 6898 81 41.5738  
2019_10_23_17_43_30_929 1571870610929 6941 6898 542 266.317  
2019_10_23_17_43_30_929 1571870610929 6941 6898 260 128.092  
2019_10_23_17_43_30_929 1571870610929 6941 6898 1919 975.041  
2019_10_23_17_43_30_930 1571870610930 6942 6899 963 477.049  
2019_10_23_17_43_30_930 1571870610930 6942 6899 1317 658.301  
2019_10_23_17_43_30_930 1571870610930 6942 6899 364 178.795  
2019_10_23_17_43_30_930 1571870610930 6942 6899 403 197.891  
2019_10_23_17_43_30_930 1571870610930 6942 6899 66 34.3667  
2019_10_23_17_43_30_930 1571870610930 6942 6899 1313 656.232  
2019_10_23_17_43_30_930 1571870610930 6942 6899 312 153.403  
2019_10_23_17_43_30_931 1571870610931 6943 6900 166 82.5397  
2019_10_23_17_43_30_931 1571870610931 6943 6900 440 216.049  
2019_10_23_17_43_30_931 1571870610931 6943 6899 1340 670.206  
2019_10_23_17_43_30_931 1571870610931 6943 6899 1007 499.376  
2019_10_23_17_43_30_931 1571870610931 6943 6899 990 490.743  
2019_10_23_17_43_30_931 1571870610931 6943 6899 166 82.5397  
2019_10_23_17_43_30_937 1571870610937 6949 6905 558 274.23  
2019_10_23_17_43_30_942 1571870610942 6954 6910 342 168.042  
2019_10_23_17_43_30_947 1571870610947 6959 6915 1311 655.198  
2019_10_23_17_43_30_974 1571870610974 6986 6942 235 115.951  
2019_10_23_17_43_30_998 1571870610998 7010 6966 1198 596.958  
2019_10_23_17_43_30_998 1571870610998 7010 6966 902 446.191  
2019_10_23_17_43_31_008 1571870611008 7020 6976 524 257.423  
2019_10_23_17_43_31_021 1571870611021 7033 6989 319 156.817  
2019_10_23_17_43_31_028 1571870611028 7040 6996 2294 1177.76  
2019_10_23_17_43_31_036 1571870611036 7048 7004 197 97.5334  
2019_10_23_17_43_31_056 1571870611056 7068 7024 470 230.802  
2019_10_23_17_43_31_059 1571870611059 7071 7027 915 452.758  
2019_10_23_17_43_31_071 1571870611071 7083 7039 1378 689.908  
2019_10_23_17_43_31_100 1571870611100 7112 7067 261 128.578  
2019_10_23_17_43_31_106 1571870611106 7118 7073 1284 641.248  
2019_10_23_17_43_31_108 1571870611108 7120 7075 542 266.317  
2019_10_23_17_43_31_113 1571870611113 7125 7080 1041 516.668  
2019_10_23_17_43_31_113 1571870611113 7125 7080 419 205.738  
2019_10_23_17_43_31_114 1571870611114 7126 7081 237 116.922  
2019_10_23_17_43_31_126 1571870611126 7138 7093 208 102.861  
2019_10_23_17_43_31_140 1571870611140 7152 7107 760 374.783  
2019_10_23_17_43_31_155 1571870611155 7167 7122 196 97.0493  
2019_10_23_17_43_31_156 1571870611156 7168 7123 634 311.92  
2019_10_23_17_43_31_180 1571870611180 7192 7147 2487 1283.72  
2019_10_23_17_43_31_189 1571870611189 7201 7156 407 199.852  
2019_10_23_17_43_31_197 1571870611197 7209 7164 164 81.5733  
2019_10_23_17_43_31_206 1571870611206 7218 7173 193 95.5971  
2019_10_23_17_43_31_242 1571870611242 7254 7209 441 216.54  
2019_10_23_17_43_31_278 1571870611278 7290 7245 1350 675.386  
2019_10_23_17_43_31_285 1571870611285 7297 7252 1366 683.682  
2019_10_23_17_43_31_289 1571870611289 7301 7256 585 287.6  
2019_10_23_17_43_31_294 1571870611294 7306 7260 373 183.197  
2019_10_23_17_43_31_302 1571870611302 7314 7268 707 348.283  
2019_10_23_17_43_31_309 1571870611309 7321 7275 645 317.389  
2019_10_23_17_43_31_325 1571870611325 7337 7291 402 197.4  
2019_10_23_17_43_31_328 1571870611328 7340 7294 568 279.179  
2019_10_23_17_43_31_329 1571870611329 7341 7295 905 447.706  
2019_10_23_17_43_31_347 1571870611347 7359 7313 80 41.0931  
2019_10_23_17_43_31_356 1571870611356 7368 7322 590 290.078  
2019_10_23_17_43_31_369 1571870611369 7381 7335 804 396.845  
2019_10_23_17_43_31_413 1571870611413 7425 7379 2271 1165.21  
2019_10_23_17_43_31_460 1571870611460 7472 7426 151 75.2949  
2019_10_23_17_43_31_468 1571870611468 7480 7434 1195 595.417  
2019_10_23_17_43_31_473 1571870611473 7485 7439 404 198.381  
2019_10_23_17_43_31_485 1571870611485 7497 7451 1513 760.249  
2019_10_23_17_43_31_500 1571870611500 7512 7466 912 451.242  
2019_10_23_17_43_31_516 1571870611516 7528 7482 301 148.042  
2019_10_23_17_43_31_522 1571870611522 7534 7488 237 116.922  
2019_10_23_17_43_31_532 1571870611532 7544 7497 343 168.531  
2019_10_23_17_43_31_558 1571870611558 7570 7523 560 275.219  
2019_10_23_17_43_31_578 1571870611578 7590 7543 1347 673.832  
2019_10_23_17_43_31_613 1571870611613 7625 7578 142 70.9512  
2019_10_23_17_43_31_646 1571870611646 7658 7611 1313 656.232  
2019_10_23_17_43_31_666 1571870611666 7678 7631 377 185.155  
2019_10_23_17_43_31_672 1571870611672 7684 7637 318 156.329  
2019_10_23_17_43_31_696 1571870611696 7708 7661 285 140.251  
2019_10_23_17_43_31_701 1571870611701 7713 7666 1260 628.866  
2019_10_23_17_43_31_712 1571870611712 7724 7677 269 132.467  
2019_10_23_17_43_31_719 1571870611719 7731 7684 1309 654.164  
2019_10_23_17_43_31_720 1571870611720 7732 7685 579 284.627  
2019_10_23_17_43_31_753 1571870611753 7765 7718 642 315.897  
2019_10_23_17_43_31_772 1571870611772 7784 7737 175 86.8898  
2019_10_23_17_43_31_778 1571870611778 7790 7743 143 71.4337  
2019_10_23_17_43_31_818 1571870611818 7830 7783 281 138.304  
2019_10_23_17_43_31_833 1571870611833 7845 7798 158 78.675  
2019_10_23_17_43_31_847 1571870611847 7859 7811 329 161.696  
2019_10_23_17_43_31_852 1571870611852 7864 7816 1283 640.732  
2019_10_23_17_43_31_872 1571870611872 7884 7836 467 229.325  
2019_10_23_17_43_31_874 1571870611874 7886 7838 553 271.756  
2019_10_23_17_43_31_876 1571870611876 7888 7840 63 32.926  
2019_10_23_17_43_31_895 1571870611895 7907 7859 609 299.503  
2019_10_23_17_43_31_897 1571870611897 7909 7861 340 167.066  
2019_10_23_17_43_31_929 1571870611929 7941 7893 1376 688.87  
2019_10_23_17_43_31_958 1571870611958 7970 7922 1072 532.464  
2019_10_23_17_43_31_975 1571870611975 7987 7939 565 277.694  
2019_10_23_17_43_31_977 1571870611977 7989 7941 382 187.603  
2019_10_23_17_43_31_978 1571870611978 7990 7942 541 265.822  
2019_10_23_17_43_31_979 1571870611979 7991 7943 452 221.947  
2019_10_23_17_43_31_995 1571870611995 8007 7959 442 217.032  
2019_10_23_17_43_32_014 1571870612014 8026 7978 101 51.1936  
2019_10_23_17_43_32_048 1571870612048 8060 8012 1278 638.151  
2019_10_23_17_43_32_053 1571870612053 8065 8017 179 88.8239  
2019_10_23_17_43_32_054 1571870612054 8066 8017 149 74.3294  
2019_10_23_17_43_32_056 1571870612056 8068 8019 159 79.1579  
2019_10_23_17_43_32_057 1571870612057 8069 8020 103 52.1562  
2019_10_23_17_43_32_067 1571870612067 8079 8030 752 370.777  
2019_10_23_17_43_32_075 1571870612075 8087 8038 1306 652.613  
2019_10_23_17_43_32_079 1571870612079 8091 8042 211 104.314  
2019_10_23_17_43_32_085 1571870612085 8097 8048 496 243.609  
2019_10_23_17_43_32_106 1571870612106 8118 8069 237 116.922  
2019_10_23_17_43_32_118 1571870612118 8130 8081 175 86.8898  
2019_10_23_17_43_32_150 1571870612150 8162 8113 664 326.845  
2019_10_23_17_43_32_171 1571870612171 8183 8134 331 162.672  
2019_10_23_17_43_32_172 1571870612172 8184 8135 371 182.219  
2019_10_23_17_43_32_177 1571870612177 8189 8140 306 150.479  
2019_10_23_17_43_32_196 1571870612196 8208 8159 169 83.9894  
2019_10_23_17_43_32_205 1571870612205 8217 8168 1349 674.868  
2019_10_23_17_43_32_207 1571870612207 8219 8170 843 416.449  
2019_10_23_17_43_32_225 1571870612225 8237 8188 196 97.0493  
2019_10_23_17_43_32_238 1571870612238 8250 8200 418 205.247  
2019_10_23_17_43_32_243 1571870612243 8255 8205 1349 674.868  
2019_10_23_17_43_32_250 1571870612250 8262 8212 657 323.36  
2019_10_23_17_43_32_255 1571870612255 8267 8217 689 339.302  
2019_10_23_17_43_32_256 1571870612256 8268 8218 427 209.664  
2019_10_23_17_43_32_260 1571870612260 8272 8222 163 81.0902  
2019_10_23_17_43_32_287 1571870612287 8299 8249 625 307.448  
2019_10_23_17_43_32_310 1571870612310 8322 8272 1287 642.797  
2019_10_23_17_43_32_333 1571870612333 8345 8295 1355 677.978  
2019_10_23_17_43_32_335 1571870612335 8347 8297 1346 673.314  
2019_10_23_17_43_32_349 1571870612349 8361 8311 764 376.786  
2019_10_23_17_43_32_368 1571870612368 8380 8330 361 177.328  
2019_10_23_17_43_32_371 1571870612371 8383 8333 559 274.724  
2019_10_23_17_43_32_382 1571870612382 8394 8344 893 441.647  
2019_10_23_17_43_32_409 1571870612409 8421 8371 165 82.0565  
2019_10_23_17_43_32_411 1571870612411 8423 8373 1309 654.164  
2019_10_23_17_43_32_416 1571870612416 8428 8378 1169 582.073  
2019_10_23_17_43_32_461 1571870612461 8473 8423 211 104.314  
2019_10_23_17_43_32_467 1571870612467 8479 8428 225 111.1  
2019_10_23_17_43_32_479 1571870612479 8491 8440 180 89.3075  
2019_10_23_17_43_32_480 1571870612480 8492 8441 511 251.007  
2019_10_23_17_43_32_498 1571870612498 8510 8459 161 80.124  
2019_10_23_17_43_32_499 1571870612499 8511 8460 362 177.817  
2019_10_23_17_43_32_518 1571870612518 8530 8479 243 119.834  
2019_10_23_17_43_32_521 1571870612521 8533 8482 933 461.859  
2019_10_23_17_43_32_528 1571870612528 8540 8489 235 115.951  
2019_10_23_17_43_32_535 1571870612535 8547 8496 345 169.508  
2019_10_23_17_43_32_540 1571870612540 8552 8501 202 99.9544  
2019_10_23_17_43_32_546 1571870612546 8558 8507 659 324.355  
2019_10_23_17_43_32_556 1571870612556 8568 8517 379 186.134  
2019_10_23_17_43_32_573 1571870612573 8585 8534 371 182.219  
2019_10_23_17_43_32_575 1571870612575 8587 8536 760 374.783  
2019_10_23_17_43_32_578 1571870612578 8590 8539 387 190.051  
2019_10_23_17_43_32_586 1571870612586 8598 8547 959 475.022  
2019_10_23_17_43_32_592 1571870612592 8604 8553 370 181.73  
2019_10_23_17_43_32_602 1571870612602 8614 8562 92 46.8632  
2019_10_23_17_43_32_605 1571870612605 8617 8565 125 62.753  
2019_10_23_17_43_32_608 1571870612608 8620 8568 155 77.2262  
2019_10_23_17_43_32_622 1571870612622 8634 8582 496 243.609  
2019_10_23_17_43_32_630 1571870612630 8642 8590 463 227.357  
2019_10_23_17_43_32_637 1571870612637 8649 8597 254 125.177  
2019_10_23_17_43_32_648 1571870612648 8660 8608 1332 666.063  
2019_10_23_17_43_32_650 1571870612650 8662 8610 181 89.7911  
2019_10_23_17_43_32_657 1571870612657 8669 8617 425 208.683  
2019_10_23_17_43_32_664 1571870612664 8676 8624 135 67.5744  
2019_10_23_17_43_32_668 1571870612668 8680 8628 1165 580.021  
2019_10_23_17_43_32_671 1571870612671 8683 8631 180 89.3075  
2019_10_23_17_43_32_677 1571870612677 8689 8637 347 170.485  
2019_10_23_17_43_32_679 1571870612679 8691 8639 401 196.91  
2019_10_23_17_43_32_687 1571870612687 8699 8647 1385 693.542  
2019_10_23_17_43_32_692 1571870612692 8704 8652 293 144.146  
2019_10_23_17_43_32_698 1571870612698 8710 8658 90 45.9012  
2019_10_23_17_43_32_700 1571870612700 8712 8659 317 155.841  
2019_10_23_17_43_32_707 1571870612707 8719 8666 1337 668.652  
2019_10_23_17_43_32_710 1571870612710 8722 8669 342 168.042  
2019_10_23_17_43_32_974 1571870612974 8986 8933 899 444.676  
2019_10_23_17_43_32_975 1571870612975 8987 8934 218 107.707  
2019_10_23_17_43_32_976 1571870612976 8988 8935 504 247.553  
2019_10_23_17_43_32_976 1571870612976 8988 8935 346 169.996  
2019_10_23_17_43_32_976 1571870612976 8988 8935 1036 514.123  
2019_10_23_17_43_32_976 1571870612976 8988 8935 354 173.906  
2019_10_23_17_43_32_976 1571870612976 8988 8935 79 40.6124  
2019_10_23_17_43_32_976 1571870612976 8988 8935 545 267.8  
2019_10_23_17_43_32_976 1571870612976 8988 8935 522 256.436  
2019_10_23_17_43_32_976 1571870612976 8988 8935 390 191.52  
2019_10_23_17_43_32_977 1571870612977 8989 8936 372 182.708  
2019_10_23_17_43_32_977 1571870612977 8989 8936 1205 600.555  
2019_10_23_17_43_32_977 1571870612977 8989 8936 382 187.603  
2019_10_23_17_43_32_977 1571870612977 8989 8936 238 117.407  
2019_10_23_17_43_32_977 1571870612977 8989 8935 1319 659.336  
2019_10_23_17_43_32_977 1571870612977 8989 8935 1277 637.635  
2019_10_23_17_43_32_977 1571870612977 8989 8935 784 386.81  
2019_10_23_17_43_32_977 1571870612977 8989 8935 122 61.3071  
2019_10_23_17_43_32_978 1571870612978 8990 8936 395 193.97  
2019_10_23_17_43_32_978 1571870612978 8990 8936 893 441.647  
2019_10_23_17_43_32_978 1571870612978 8990 8936 458 224.897  
2019_10_23_17_43_32_978 1571870612978 8990 8936 216 106.737  
2019_10_23_17_43_32_978 1571870612978 8990 8936 128 64.1991  
2019_10_23_17_43_33_000 1571870613000 9012 8958 679 334.317  
2019_10_23_17_43_33_002 1571870613002 9014 8960 1337 668.652  
2019_10_23_17_43_33_010 1571870613010 9022 8968 1579 794.834  
2019_10_23_17_43_33_012 1571870613012 9024 8970 628 308.938  
2019_10_23_17_43_33_016 1571870613016 9028 8974 575 282.645  
2019_10_23_17_43_33_022 1571870613022 9034 8980 604 297.022  
2019_10_23_17_43_33_030 1571870613030 9042 8988 945 467.932  
2019_10_23_17_43_33_036 1571870613036 9048 8994 555 272.745  
2019_10_23_17_43_33_037 1571870613037 9049 8994 326 160.232  
2019_10_23_17_43_33_038 1571870613038 9050 8995 924 457.307  
2019_10_23_17_43_33_061 1571870613061 9073 9018 242 119.349  
2019_10_23_17_43_33_062 1571870613062 9074 9019 1305 652.096  
2019_10_23_17_43_33_064 1571870613064 9076 9021 334 164.136  
2019_10_23_17_43_33_070 1571870613070 9082 9027 1004 497.852  
2019_10_23_17_43_33_091 1571870613091 9103 9048 470 230.802  
2019_10_23_17_43_33_092 1571870613092 9104 9049 1348 674.35  
2019_10_23_17_43_33_096 1571870613096 9108 9053 323 158.768  
2019_10_23_17_43_33_108 1571870613108 9120 9065 245 120.805  
2019_10_23_17_43_33_109 1571870613109 9121 9066 500 245.581  
2019_10_23_17_43_33_122 1571870613122 9134 9079 191 94.6291  
2019_10_23_17_43_33_136 1571870613136 9148 9093 153 76.2605  
2019_10_23_17_43_33_155 1571870613155 9167 9112 1031 511.578  
2019_10_23_17_43_33_157 1571870613157 9169 9114 274 134.899  
2019_10_23_17_43_33_158 1571870613158 9170 9115 959 475.022  
2019_10_23_17_43_33_162 1571870613162 9174 9119 1001 496.328  
2019_10_23_17_43_33_168 1571870613168 9180 9125 1310 654.681  
2019_10_23_17_43_33_171 1571870613171 9183 9127 727 358.273  
2019_10_23_17_43_33_173 1571870613173 9185 9129 1218 607.239  
2019_10_23_17_43_33_180 1571870613180 9192 9136 536 263.351  
2019_10_23_17_43_33_193 1571870613193 9205 9149 294 144.633  
2019_10_23_17_43_33_215 1571870613215 9227 9171 92 46.8632  
2019_10_23_17_43_33_219 1571870613219 9231 9175 907 448.716  
2019_10_23_17_43_33_230 1571870613230 9242 9186 201 99.4701  
2019_10_23_17_43_33_237 1571870613237 9249 9193 1349 674.868  
2019_10_23_17_43_33_241 1571870613241 9253 9197 300 147.555  
2019_10_23_17_43_33_251 1571870613251 9263 9207 1342 671.242  
2019_10_23_17_43_33_252 1571870613252 9264 9208 826 407.898  
2019_10_23_17_43_33_254 1571870613254 9266 9210 1407 704.973  
2019_10_23_17_43_33_285 1571870613285 9297 9241 82 42.0545  
2019_10_23_17_43_33_292 1571870613292 9304 9248 290 142.685  
2019_10_23_17_43_33_306 1571870613306 9318 9262 647 318.384  
2019_10_23_17_43_33_325 1571870613325 9337 9281 247 121.777  
2019_10_23_17_43_33_333 1571870613333 9345 9289 358 175.861  
2019_10_23_17_43_33_356 1571870613356 9368 9311 973 482.118  
2019_10_23_17_43_33_362 1571870613362 9374 9317 2164 1107.02  
2019_10_23_17_43_33_376 1571870613376 9388 9331 77 39.6512  
2019_10_23_17_43_33_377 1571870613377 9389 9332 571 280.664  
2019_10_23_17_43_33_380 1571870613380 9392 9335 479 235.233  
2019_10_23_17_43_33_394 1571870613394 9406 9349 726 357.773  
2019_10_23_17_43_33_405 1571870613405 9417 9360 122 61.3071  
2019_10_23_17_43_33_430 1571870613430 9442 9385 684 336.809  
2019_10_23_17_43_33_439 1571870613439 9451 9394 1243 620.106  
2019_10_23_17_43_33_441 1571870613441 9453 9396 402 197.4  
2019_10_23_17_43_33_450 1571870613450 9462 9405 1095 544.201  
2019_10_23_17_43_33_456 1571870613456 9468 9411 231 114.011  
2019_10_23_17_43_33_461 1571870613461 9473 9416 724 356.774  
2019_10_23_17_43_33_462 1571870613462 9474 9417 159 79.1579  
2019_10_23_17_43_33_466 1571870613466 9478 9421 215 106.252  
2019_10_23_17_43_33_468 1571870613468 9480 9423 221 109.161  
2019_10_23_17_43_33_471 1571870613471 9483 9426 930 460.342  
2019_10_23_17_43_33_474 1571870613474 9486 9428 169 83.9894  
2019_10_23_17_43_33_499 1571870613499 9511 9453 190 94.1452  
2019_10_23_17_43_33_500 1571870613500 9512 9454 1177 586.177  
2019_10_23_17_43_33_509 1571870613509 9521 9463 297 146.094  
2019_10_23_17_43_33_518 1571870613518 9530 9472 212 104.799  
2019_10_23_17_43_33_532 1571870613532 9544 9486 1319 659.336  
2019_10_23_17_43_33_539 1571870613539 9551 9493 364 178.795  
2019_10_23_17_43_33_541 1571870613541 9553 9495 1335 667.616  
2019_10_23_17_43_33_548 1571870613548 9560 9502 712 350.78  
2019_10_23_17_43_33_556 1571870613556 9568 9510 1324 661.923  
2019_10_23_17_43_33_575 1571870613575 9587 9529 855 422.49  
2019_10_23_17_43_33_592 1571870613592 9604 9546 427 209.664  
2019_10_23_17_43_33_601 1571870613601 9613 9555 1330 665.028  
2019_10_23_17_43_33_602 1571870613602 9614 9556 361 177.328  
2019_10_23_17_43_33_603 1571870613603 9615 9557 1335 667.616  
2019_10_23_17_43_33_606 1571870613606 9618 9560 235 115.951  
2019_10_23_17_43_33_607 1571870613607 9619 9561 168 83.5062  
2019_10_23_17_43_33_619 1571870613619 9631 9572 1284 641.248  
2019_10_23_17_43_33_629 1571870613629 9641 9582 1251 624.227  
2019_10_23_17_43_33_630 1571870613630 9642 9583 329 161.696  
2019_10_23_17_43_33_660 1571870613660 9672 9613 1289 643.83  
2019_10_23_17_43_33_666 1571870613666 9678 9619 630 309.932  
2019_10_23_17_43_33_667 1571870613667 9679 9620 161 80.124  
2019_10_23_17_43_33_668 1571870613668 9680 9621 721 355.275  
2019_10_23_17_43_33_669 1571870613669 9681 9622 71 36.7683  
2019_10_23_17_43_33_672 1571870613672 9684 9625 334 164.136  
2019_10_23_17_43_33_673 1571870613673 9685 9626 352 172.928  
2019_10_23_17_43_33_674 1571870613674 9686 9627 1318 658.818  
2019_10_23_17_43_33_683 1571870613683 9695 9636 751 370.277  
2019_10_23_17_43_33_686 1571870613686 9698 9639 245 120.805  
2019_10_23_17_43_33_690 1571870613690 9702 9643 132 66.1277  
2019_10_23_17_43_33_692 1571870613692 9704 9645 263 129.55  
2019_10_23_17_43_33_696 1571870613696 9708 9649 1218 607.239  
2019_10_23_17_43_33_705 1571870613705 9717 9658 1332 666.063  
2019_10_23_17_43_33_719 1571870613719 9731 9671 649 319.379  
2019_10_23_17_43_33_721 1571870613721 9733 9673 517 253.968  
2019_10_23_17_43_33_726 1571870613726 9738 9678 404 198.381  
2019_10_23_17_43_33_757 1571870613757 9769 9709 127 63.717  
2019_10_23_17_43_33_762 1571870613762 9774 9714 1329 664.51  
2019_10_23_17_43_33_767 1571870613767 9779 9719 268 131.981  
2019_10_23_17_43_33_782 1571870613782 9794 9734 1260 628.866  
2019_10_23_17_43_33_815 1571870613815 9827 9767 228 112.555  
2019_10_23_17_43_33_824 1571870613824 9836 9776 272 133.926  
2019_10_23_17_43_33_867 1571870613867 9879 9819 1131 562.605  
2019_10_23_17_43_33_880 1571870613880 9892 9832 399 195.93  
2019_10_23_17_43_33_882 1571870613882 9894 9834 602 296.029  
2019_10_23_17_43_33_926 1571870613926 9938 9878 255 125.662  
2019_10_23_17_43_33_927 1571870613927 9939 9879 211 104.314  
2019_10_23_17_43_33_954 1571870613954 9966 9906 380 186.624  
2019_10_23_17_43_33_965 1571870613965 9977 9917 116 58.4162  
2019_10_23_17_43_33_971 1571870613971 9983 9923 323 158.768  
2019_10_23_17_43_33_976 1571870613976 9988 9928 785 387.311  
2019_10_23_17_43_33_992 1571870613992 10004 9943 1394 698.217  
