1571934607877 2019_10_24_11_30_07_877 2.734449 0.478300  0.000014786
2019_10_24_11_30_07_886 1571934607886 9 8 96 48.7875  
2019_10_24_11_30_07_908 1571934607908 31 30 368 180.751  
2019_10_24_11_30_07_911 1571934607911 34 33 439 215.558  
2019_10_24_11_30_07_943 1571934607943 66 65 739 364.273  
2019_10_24_11_30_07_957 1571934607957 80 79 161 80.124  
2019_10_24_11_30_08_004 1571934608004 127 126 90 45.9012  
2019_10_24_11_30_08_020 1571934608020 143 142 198 98.0175  
2019_10_24_11_30_08_118 1571934608118 241 240 342 168.042  
2019_10_24_11_30_08_119 1571934608119 242 241 2560 1324.08  
2019_10_24_11_30_08_120 1571934608120 243 242 1296 647.446  
2019_10_24_11_30_08_134 1571934608134 257 256 477 234.248  
2019_10_24_11_30_08_138 1571934608138 261 260 141 70.4687  
2019_10_24_11_30_08_169 1571934608169 292 291 284 139.764  
2019_10_24_11_30_08_176 1571934608176 299 298 4095 2209.31  
2019_10_24_11_30_08_194 1571934608194 317 316 2082 1062.65  
2019_10_24_11_30_08_225 1571934608225 348 347 363 178.306  
2019_10_24_11_30_08_256 1571934608256 379 378 297 146.094  
2019_10_24_11_30_08_276 1571934608276 399 397 420 206.229  
2019_10_24_11_30_08_298 1571934608298 421 419 271 133.44  
2019_10_24_11_30_08_331 1571934608331 454 452 263 129.55  
2019_10_24_11_30_08_411 1571934608411 534 532 189 93.6613  
2019_10_24_11_30_08_511 1571934608511 634 632 267 131.495  
2019_10_24_11_30_08_522 1571934608522 645 643 1354 677.46  
2019_10_24_11_30_08_568 1571934608568 691 689 417 204.757  
2019_10_24_11_30_08_603 1571934608603 726 724 1346 673.314  
2019_10_24_11_30_08_622 1571934608622 745 743 167 83.0229  
2019_10_24_11_30_08_683 1571934608683 806 804 186 92.2098  
2019_10_24_11_30_08_690 1571934608690 813 811 314 154.378  
2019_10_24_11_30_08_703 1571934608703 826 824 411 201.813  
2019_10_24_11_30_08_707 1571934608707 830 828 371 182.219  
2019_10_24_11_30_08_712 1571934608712 835 833 313 153.891  
2019_10_24_11_30_08_726 1571934608726 849 847 178 88.3403  
2019_10_24_11_30_08_779 1571934608779 902 900 205 101.407  
2019_10_24_11_30_08_832 1571934608832 955 953 250 123.234  
2019_10_24_11_30_08_846 1571934608846 969 966 330 162.184  
2019_10_24_11_30_08_959 1571934608959 1082 1079 64 33.4062  
2019_10_24_11_30_09_024 1571934609024 1147 1144 1330 665.028  
2019_10_24_11_30_09_025 1571934609025 1148 1145 714 351.778  
2019_10_24_11_30_09_033 1571934609033 1156 1153 703 346.287  
2019_10_24_11_30_09_042 1571934609042 1165 1162 211 104.314  
2019_10_24_11_30_09_064 1571934609064 1187 1184 368 180.751  
2019_10_24_11_30_09_067 1571934609067 1190 1187 260 128.092  
2019_10_24_11_30_09_080 1571934609080 1203 1200 1885 956.867  
2019_10_24_11_30_09_086 1571934609086 1209 1206 964 477.556  
2019_10_24_11_30_09_091 1571934609091 1214 1211 235 115.951  
2019_10_24_11_30_09_139 1571934609139 1262 1259 1238 617.531  
2019_10_24_11_30_09_143 1571934609143 1266 1263 3691 1969.57  
2019_10_24_11_30_09_159 1571934609159 1282 1279 3013 1578.08  
2019_10_24_11_30_09_173 1571934609173 1296 1293 413 202.794  
2019_10_24_11_30_09_226 1571934609226 1349 1346 79 40.6124  
2019_10_24_11_30_09_232 1571934609232 1355 1352 1308 653.647  
2019_10_24_11_30_09_388 1571934609388 1511 1507 763 376.285  
2019_10_24_11_30_09_406 1571934609406 1529 1525 157 78.192  
2019_10_24_11_30_09_415 1571934609415 1538 1534 159 79.1579  
2019_10_24_11_30_09_422 1571934609422 1545 1541 318 156.329  
2019_10_24_11_30_09_452 1571934609452 1575 1571 242 119.349  
2019_10_24_11_30_09_457 1571934609457 1580 1576 533 261.869  
2019_10_24_11_30_09_469 1571934609469 1592 1588 4095 2209.31  
2019_10_24_11_30_09_475 1571934609475 1598 1594 619 304.467  
2019_10_24_11_30_09_477 1571934609477 1600 1596 973 482.118  
2019_10_24_11_30_09_523 1571934609523 1646 1642 535 262.857  
2019_10_24_11_30_09_541 1571934609541 1664 1660 627 308.441  
2019_10_24_11_30_09_556 1571934609556 1679 1675 2332 1198.54  
2019_10_24_11_30_09_562 1571934609562 1685 1681 687 338.305  
2019_10_24_11_30_09_575 1571934609575 1698 1694 1778 899.894  
2019_10_24_11_30_09_612 1571934609612 1735 1731 255 125.662  
2019_10_24_11_30_09_645 1571934609645 1768 1764 482 236.71  
2019_10_24_11_30_09_649 1571934609649 1772 1768 160 79.641  
2019_10_24_11_30_09_663 1571934609663 1786 1781 4095 2209.31  
2019_10_24_11_30_09_678 1571934609678 1801 1796 497 244.102  
2019_10_24_11_30_09_708 1571934609708 1831 1826 726 357.773  
2019_10_24_11_30_09_728 1571934609728 1851 1846 234 115.466  
2019_10_24_11_30_09_742 1571934609742 1865 1860 81 41.5738  
2019_10_24_11_30_09_766 1571934609766 1889 1884 197 97.5334  
2019_10_24_11_30_09_787 1571934609787 1910 1905 287 141.224  
2019_10_24_11_30_09_794 1571934609794 1917 1912 416 204.266  
2019_10_24_11_30_09_829 1571934609829 1952 1947 160 79.641  
2019_10_24_11_30_09_870 1571934609870 1993 1988 184 91.2422  
2019_10_24_11_30_09_880 1571934609880 2003 1998 198 98.0175  
2019_10_24_11_30_09_895 1571934609895 2018 2013 1397 699.775  
2019_10_24_11_30_09_898 1571934609898 2021 2016 728 358.773  
2019_10_24_11_30_09_912 1571934609912 2035 2030 1192 593.877  
2019_10_24_11_30_09_916 1571934609916 2039 2034 840 414.939  
2019_10_24_11_30_09_935 1571934609935 2058 2053 205 101.407  
2019_10_24_11_30_09_971 1571934609971 2094 2089 428 210.155  
2019_10_24_11_30_09_984 1571934609984 2107 2102 718 353.776  
2019_10_24_11_30_09_985 1571934609985 2108 2102 358 175.861  
2019_10_24_11_30_09_992 1571934609992 2115 2109 311 152.916  
2019_10_24_11_30_10_011 1571934610011 2134 2128 1105 549.31  
2019_10_24_11_30_10_012 1571934610012 2135 2129 383 188.092  
2019_10_24_11_30_10_014 1571934610014 2137 2131 294 144.633  
2019_10_24_11_30_10_019 1571934610019 2142 2136 219 108.191  
2019_10_24_11_30_10_052 1571934610052 2175 2169 654 321.867  
2019_10_24_11_30_10_064 1571934610064 2187 2181 536 263.351  
2019_10_24_11_30_10_074 1571934610074 2197 2191 1370 685.757  
2019_10_24_11_30_10_078 1571934610078 2201 2195 558 274.23  
2019_10_24_11_30_10_081 1571934610081 2204 2198 1052 522.269  
2019_10_24_11_30_10_094 1571934610094 2217 2211 196 97.0493  
2019_10_24_11_30_10_112 1571934610112 2235 2229 540 265.328  
2019_10_24_11_30_10_178 1571934610178 2301 2295 4095 2209.31  
2019_10_24_11_30_10_182 1571934610182 2305 2299 1862 944.592  
2019_10_24_11_30_10_332 1571934610332 2455 2449 1374 687.832  
2019_10_24_11_30_10_333 1571934610333 2456 2450 92 46.8632  
2019_10_24_11_30_10_334 1571934610334 2457 2450 317 155.841  
2019_10_24_11_30_10_334 1571934610334 2457 2450 1278 638.151  
2019_10_24_11_30_10_334 1571934610334 2457 2450 554 272.251  
2019_10_24_11_30_10_334 1571934610334 2457 2450 3966 2132.24  
2019_10_24_11_30_10_334 1571934610334 2457 2450 1185 590.282  
2019_10_24_11_30_10_334 1571934610334 2457 2450 390 191.52  
2019_10_24_11_30_10_335 1571934610335 2458 2451 1003 497.344  
2019_10_24_11_30_10_335 1571934610335 2458 2451 873 431.559  
2019_10_24_11_30_10_335 1571934610335 2458 2451 1264 630.929  
2019_10_24_11_30_10_350 1571934610350 2473 2466 1325 662.44  
2019_10_24_11_30_10_363 1571934610363 2486 2479 331 162.672  
2019_10_24_11_30_10_378 1571934610378 2501 2494 177 87.8568  
2019_10_24_11_30_10_379 1571934610379 2502 2495 570 280.169  
2019_10_24_11_30_10_427 1571934610427 2550 2543 243 119.834  
2019_10_24_11_30_10_440 1571934610440 2563 2556 365 179.284  
2019_10_24_11_30_10_450 1571934610450 2573 2566 331 162.672  
2019_10_24_11_30_10_459 1571934610459 2582 2575 221 109.161  
2019_10_24_11_30_10_462 1571934610462 2585 2577 441 216.54  
2019_10_24_11_30_10_471 1571934610471 2594 2586 1313 656.232  
2019_10_24_11_30_10_486 1571934610486 2609 2601 1283 640.732  
2019_10_24_11_30_10_510 1571934610510 2633 2625 619 304.467  
2019_10_24_11_30_10_521 1571934610521 2644 2636 1308 653.647  
2019_10_24_11_30_10_523 1571934610523 2646 2638 409 200.833  
2019_10_24_11_30_10_526 1571934610526 2649 2641 597 293.549  
2019_10_24_11_30_10_558 1571934610558 2681 2673 1282 640.216  
2019_10_24_11_30_10_561 1571934610561 2684 2676 617 303.474  
2019_10_24_11_30_10_579 1571934610579 2702 2694 1041 516.668  
2019_10_24_11_30_10_581 1571934610581 2704 2696 313 153.891  
2019_10_24_11_30_10_596 1571934610596 2719 2711 228 112.555  
2019_10_24_11_30_10_601 1571934610601 2724 2716 228 112.555  
2019_10_24_11_30_10_609 1571934610609 2732 2724 204 100.923  
2019_10_24_11_30_10_615 1571934610615 2738 2730 906 448.211  
2019_10_24_11_30_10_620 1571934610620 2743 2735 241 118.864  
2019_10_24_11_30_10_634 1571934610634 2757 2749 543 266.811  
2019_10_24_11_30_10_661 1571934610661 2784 2775 807 398.352  
2019_10_24_11_30_10_685 1571934610685 2808 2799 354 173.906  
2019_10_24_11_30_10_698 1571934610698 2821 2812 344 169.019  
2019_10_24_11_30_10_700 1571934610700 2823 2814 135 67.5744  
2019_10_24_11_30_10_701 1571934610701 2824 2815 171 84.9561  
2019_10_24_11_30_10_702 1571934610702 2825 2816 146 72.8814  
2019_10_24_11_30_10_708 1571934610708 2831 2822 848 418.965  
2019_10_24_11_30_10_715 1571934610715 2838 2829 258 127.12  
2019_10_24_11_30_10_718 1571934610718 2841 2832 91 46.3822  
2019_10_24_11_30_10_720 1571934610720 2843 2834 1414 708.613  
2019_10_24_11_30_10_721 1571934610721 2844 2835 1376 688.87  
2019_10_24_11_30_10_740 1571934610740 2863 2854 1286 642.281  
2019_10_24_11_30_10_791 1571934610791 2914 2905 496 243.609  
2019_10_24_11_30_10_795 1571934610795 2918 2909 143 71.4337  
2019_10_24_11_30_10_797 1571934610797 2920 2911 403 197.891  
2019_10_24_11_30_10_836 1571934610836 2959 2950 1344 672.278  
2019_10_24_11_30_10_836 1571934610836 2959 2950 2439 1257.26  
2019_10_24_11_30_10_838 1571934610838 2961 2951 991 491.251  
2019_10_24_11_30_10_839 1571934610839 2962 2952 1341 670.724  
2019_10_24_11_30_10_840 1571934610840 2963 2953 172 85.4395  
2019_10_24_11_30_10_843 1571934610843 2966 2956 922 456.296  
2019_10_24_11_30_10_848 1571934610848 2971 2961 806 397.85  
2019_10_24_11_30_10_850 1571934610850 2973 2963 641 315.4  
2019_10_24_11_30_10_851 1571934610851 2974 2964 109 55.0448  
2019_10_24_11_30_10_855 1571934610855 2978 2968 551 270.767  
2019_10_24_11_30_10_864 1571934610864 2987 2977 474 232.771  
2019_10_24_11_30_10_868 1571934610868 2991 2981 533 261.869  
2019_10_24_11_30_10_871 1571934610871 2994 2984 393 192.99  
2019_10_24_11_30_10_884 1571934610884 3007 2997 426 209.173  
2019_10_24_11_30_10_890 1571934610890 3013 3003 1287 642.797  
2019_10_24_11_30_10_910 1571934610910 3033 3023 1291 644.863  
2019_10_24_11_30_10_928 1571934610928 3051 3041 446 218.997  
2019_10_24_11_30_10_942 1571934610942 3065 3055 1137 565.676  
2019_10_24_11_30_10_954 1571934610954 3077 3067 1125 559.535  
2019_10_24_11_30_10_962 1571934610962 3085 3075 129 64.6812  
2019_10_24_11_30_10_966 1571934610966 3089 3078 434 213.102  
2019_10_24_11_30_10_967 1571934610967 3090 3079 402 197.4  
2019_10_24_11_30_10_973 1571934610973 3096 3085 1285 641.764  
2019_10_24_11_30_10_978 1571934610978 3101 3090 201 99.4701  
2019_10_24_11_30_10_993 1571934610993 3116 3105 290 142.685  
2019_10_24_11_30_10_995 1571934610995 3118 3107 512 251.5  
2019_10_24_11_30_10_998 1571934610998 3121 3110 1388 695.1  
2019_10_24_11_30_11_021 1571934611021 3144 3133 1287 642.797  
2019_10_24_11_30_11_023 1571934611023 3146 3135 1328 663.993  
2019_10_24_11_30_11_029 1571934611029 3152 3141 616 302.978  
2019_10_24_11_30_11_055 1571934611055 3178 3167 98 49.7499  
2019_10_24_11_30_11_085 1571934611085 3208 3197 226 111.585  
2019_10_24_11_30_11_091 1571934611091 3214 3203 310 152.428  
2019_10_24_11_30_11_098 1571934611098 3221 3210 1284 641.248  
2019_10_24_11_30_11_103 1571934611103 3226 3215 421 206.719  
2019_10_24_11_30_11_104 1571934611104 3227 3216 1230 613.413  
2019_10_24_11_30_11_107 1571934611107 3230 3219 432 212.119  
2019_10_24_11_30_11_109 1571934611109 3232 3220 249 122.748  
2019_10_24_11_30_11_111 1571934611111 3234 3222 739 364.273  
2019_10_24_11_30_11_114 1571934611114 3237 3225 402 197.4  
2019_10_24_11_30_11_115 1571934611115 3238 3226 427 209.664  
2019_10_24_11_30_11_128 1571934611128 3251 3239 267 131.495  
2019_10_24_11_30_11_163 1571934611163 3286 3274 338 166.089  
2019_10_24_11_30_11_200 1571934611200 3323 3311 137 68.5391  
2019_10_24_11_30_11_212 1571934611212 3335 3323 291 143.172  
2019_10_24_11_30_11_235 1571934611235 3358 3346 337 165.601  
2019_10_24_11_30_11_237 1571934611237 3360 3348 506 248.54  
2019_10_24_11_30_11_260 1571934611260 3383 3371 436 214.084  
2019_10_24_11_30_11_261 1571934611261 3384 3372 589 289.583  
2019_10_24_11_30_11_263 1571934611263 3386 3374 134 67.0921  
2019_10_24_11_30_11_269 1571934611269 3392 3380 1082 537.565  
2019_10_24_11_30_11_292 1571934611292 3415 3403 1240 618.561  
2019_10_24_11_30_11_313 1571934611313 3436 3424 85 43.4968  
2019_10_24_11_30_11_328 1571934611328 3451 3439 477 234.248  
2019_10_24_11_30_11_339 1571934611339 3462 3449 1359 680.052  
2019_10_24_11_30_11_354 1571934611354 3477 3464 864 427.023  
2019_10_24_11_30_11_360 1571934611360 3483 3470 436 214.084  
2019_10_24_11_30_11_369 1571934611369 3492 3479 1260 628.866  
2019_10_24_11_30_11_372 1571934611372 3495 3482 422 207.21  
2019_10_24_11_30_11_375 1571934611375 3498 3485 1394 698.217  
2019_10_24_11_30_11_382 1571934611382 3505 3492 1305 652.096  
2019_10_24_11_30_11_404 1571934611404 3527 3514 331 162.672  
2019_10_24_11_30_11_409 1571934611409 3532 3519 267 131.495  
2019_10_24_11_30_11_411 1571934611411 3534 3521 352 172.928  
2019_10_24_11_30_11_442 1571934611442 3565 3552 998 494.804  
2019_10_24_11_30_11_455 1571934611455 3578 3565 424 208.192  
2019_10_24_11_30_11_487 1571934611487 3610 3597 1535 771.763  
2019_10_24_11_30_11_493 1571934611493 3616 3603 64 33.4062  
2019_10_24_11_30_11_497 1571934611497 3620 3607 1354 677.46  
2019_10_24_11_30_11_503 1571934611503 3626 3613 1356 678.496  
2019_10_24_11_30_11_507 1571934611507 3630 3617 560 275.219  
2019_10_24_11_30_11_508 1571934611508 3631 3617 801 395.339  
2019_10_24_11_30_11_520 1571934611520 3643 3629 1295 646.929  
2019_10_24_11_30_11_521 1571934611521 3644 3630 829 409.406  
2019_10_24_11_30_11_530 1571934611530 3653 3639 210 103.829  
2019_10_24_11_30_11_573 1571934611573 3696 3682 1206 601.069  
2019_10_24_11_30_11_580 1571934611580 3703 3689 1173 584.124  
2019_10_24_11_30_11_589 1571934611589 3712 3698 2021 1029.77  
2019_10_24_11_30_11_616 1571934611616 3739 3725 870 430.047  
2019_10_24_11_30_11_619 1571934611619 3742 3728 237 116.922  
2019_10_24_11_30_11_626 1571934611626 3749 3735 420 206.229  
2019_10_24_11_30_11_633 1571934611633 3756 3742 302 148.53  
2019_10_24_11_30_11_635 1571934611635 3758 3744 365 179.284  
2019_10_24_11_30_11_642 1571934611642 3765 3751 1333 666.581  
2019_10_24_11_30_11_649 1571934611649 3772 3758 2575 1332.4  
2019_10_24_11_30_11_652 1571934611652 3775 3761 571 280.664  
2019_10_24_11_30_11_660 1571934611660 3783 3769 1045 518.704  
2019_10_24_11_30_11_679 1571934611679 3802 3788 1247 622.166  
2019_10_24_11_30_11_686 1571934611686 3809 3794 80 41.0931  
2019_10_24_11_30_11_687 1571934611687 3810 3795 582 286.113  
2019_10_24_11_30_11_712 1571934611712 3835 3820 269 132.467  
2019_10_24_11_30_11_714 1571934611714 3837 3822 231 114.011  
2019_10_24_11_30_11_719 1571934611719 3842 3827 465 228.341  
2019_10_24_11_30_11_721 1571934611721 3844 3829 203 100.439  
2019_10_24_11_30_11_759 1571934611759 3882 3867 183 90.7585  
2019_10_24_11_30_11_817 1571934611817 3940 3925 440 216.049  
2019_10_24_11_30_11_847 1571934611847 3970 3955 191 94.6291  
2019_10_24_11_30_11_862 1571934611862 3985 3970 186 92.2098  
2019_10_24_11_30_11_864 1571934611864 3987 3972 237 116.922  
2019_10_24_11_30_11_907 1571934611907 4030 4015 451 221.455  
2019_10_24_11_30_11_944 1571934611944 4067 4052 309 151.941  
2019_10_24_11_30_11_952 1571934611952 4075 4060 810 399.858  
2019_10_24_11_30_11_958 1571934611958 4081 4066 752 370.777  
2019_10_24_11_30_12_011 1571934612011 4134 4119 483 237.203  
2019_10_24_11_30_12_012 1571934612012 4135 4120 181 89.7911  
2019_10_24_11_30_12_014 1571934612014 4137 4122 594 292.062  
2019_10_24_11_30_12_048 1571934612048 4171 4155 159 79.1579  
2019_10_24_11_30_12_080 1571934612080 4203 4187 1221 608.782  
2019_10_24_11_30_12_103 1571934612103 4226 4210 450 220.964  
2019_10_24_11_30_12_104 1571934612104 4227 4211 223 110.131  
2019_10_24_11_30_12_119 1571934612119 4242 4226 203 100.439  
2019_10_24_11_30_12_135 1571934612135 4258 4242 78 40.1318  
2019_10_24_11_30_12_146 1571934612146 4269 4253 1355 677.978  
2019_10_24_11_30_12_154 1571934612154 4277 4261 651 320.374  
2019_10_24_11_30_12_225 1571934612225 4348 4332 906 448.211  
2019_10_24_11_30_12_348 1571934612348 4471 4455 372 182.708  
2019_10_24_11_30_12_349 1571934612349 4472 4456 383 188.092  
2019_10_24_11_30_12_350 1571934612350 4473 4457 87 44.4585  
2019_10_24_11_30_12_350 1571934612350 4473 4457 151 75.2949  
2019_10_24_11_30_12_491 1571934612491 4614 4598 356 174.883  
2019_10_24_11_30_12_505 1571934612505 4628 4612 314 154.378  
2019_10_24_11_30_12_535 1571934612535 4658 4642 98 49.7499  
2019_10_24_11_30_12_536 1571934612536 4659 4643 83 42.5352  
2019_10_24_11_30_12_563 1571934612563 4686 4669 704 346.786  
2019_10_24_11_30_12_579 1571934612579 4702 4685 929 459.836  
2019_10_24_11_30_12_583 1571934612583 4706 4689 484 237.695  
2019_10_24_11_30_12_614 1571934612614 4737 4720 308 151.453  
2019_10_24_11_30_12_680 1571934612680 4803 4786 452 221.947  
2019_10_24_11_30_12_697 1571934612697 4820 4803 197 97.5334  
2019_10_24_11_30_12_731 1571934612731 4854 4837 166 82.5397  
2019_10_24_11_30_12_776 1571934612776 4899 4882 1321 660.37  
2019_10_24_11_30_12_793 1571934612793 4916 4899 339 166.577  
2019_10_24_11_30_12_820 1571934612820 4943 4926 506 248.54  
2019_10_24_11_30_12_832 1571934612832 4955 4938 170 84.4728  
2019_10_24_11_30_12_834 1571934612834 4957 4940 641 315.4  
2019_10_24_11_30_12_868 1571934612868 4991 4974 167 83.0229  
2019_10_24_11_30_12_904 1571934612904 5027 5010 1118 555.955  
2019_10_24_11_30_12_946 1571934612946 5069 5052 281 138.304  
2019_10_24_11_30_12_950 1571934612950 5073 5056 147 73.3641  
2019_10_24_11_30_12_969 1571934612969 5092 5075 960 475.529  
2019_10_24_11_30_12_974 1571934612974 5097 5079 275 135.385  
2019_10_24_11_30_12_982 1571934612982 5105 5087 1622 817.437  
2019_10_24_11_30_13_006 1571934613006 5129 5111 423 207.701  
2019_10_24_11_30_13_034 1571934613034 5157 5139 787 388.314  
2019_10_24_11_30_13_044 1571934613044 5167 5149 437 214.575  
2019_10_24_11_30_13_054 1571934613054 5177 5159 1401 701.854  
2019_10_24_11_30_13_059 1571934613059 5182 5164 99 50.2311  
2019_10_24_11_30_13_069 1571934613069 5192 5174 247 121.777  
2019_10_24_11_30_13_077 1571934613077 5200 5182 188 93.1774  
2019_10_24_11_30_13_105 1571934613105 5228 5210 251 123.719  
2019_10_24_11_30_13_116 1571934613116 5239 5221 288 141.711  
2019_10_24_11_30_13_120 1571934613120 5243 5225 1708 862.805  
2019_10_24_11_30_13_124 1571934613124 5247 5229 920 455.285  
2019_10_24_11_30_13_126 1571934613126 5249 5231 341 167.554  
2019_10_24_11_30_13_274 1571934613274 5397 5379 1378 689.908  
2019_10_24_11_30_13_319 1571934613319 5442 5424 372 182.708  
2019_10_24_11_30_13_331 1571934613331 5454 5436 214 105.768  
2019_10_24_11_30_13_383 1571934613383 5506 5487 268 131.981  
2019_10_24_11_30_13_410 1571934613410 5533 5514 417 204.757  
2019_10_24_11_30_13_413 1571934613413 5536 5517 235 115.951  
2019_10_24_11_30_13_419 1571934613419 5542 5523 261 128.578  
2019_10_24_11_30_13_428 1571934613428 5551 5532 351 172.439  
2019_10_24_11_30_13_430 1571934613430 5553 5534 181 89.7911  
2019_10_24_11_30_13_446 1571934613446 5569 5550 540 265.328  
2019_10_24_11_30_13_500 1571934613500 5623 5604 444 218.014  
2019_10_24_11_30_13_557 1571934613557 5680 5661 243 119.834  
2019_10_24_11_30_13_563 1571934613563 5686 5667 306 150.479  
2019_10_24_11_30_13_611 1571934613611 5734 5715 505 248.047  
2019_10_24_11_30_13_627 1571934613627 5750 5731 344 169.019  
2019_10_24_11_30_13_635 1571934613635 5758 5739 467 229.325  
2019_10_24_11_30_13_636 1571934613636 5759 5740 722 355.775  
2019_10_24_11_30_13_637 1571934613637 5760 5741 146 72.8814  
2019_10_24_11_30_13_645 1571934613645 5768 5749 1162 578.483  
2019_10_24_11_30_13_714 1571934613714 5837 5818 346 169.996  
2019_10_24_11_30_13_736 1571934613736 5859 5839 146 72.8814  
2019_10_24_11_30_13_738 1571934613738 5861 5841 179 88.8239  
2019_10_24_11_30_13_753 1571934613753 5876 5856 379 186.134  
2019_10_24_11_30_13_793 1571934613793 5916 5896 186 92.2098  
2019_10_24_11_30_13_829 1571934613829 5952 5932 493 242.13  
2019_10_24_11_30_13_870 1571934613870 5993 5973 811 400.361  
2019_10_24_11_30_13_887 1571934613887 6010 5990 212 104.799  
2019_10_24_11_30_13_893 1571934613893 6016 5996 240 118.378  
2019_10_24_11_30_13_908 1571934613908 6031 6011 175 86.8898  
2019_10_24_11_30_13_996 1571934613996 6119 6099 451 221.455  
2019_10_24_11_30_14_096 1571934614096 6219 6199 491 241.144  
2019_10_24_11_30_14_125 1571934614125 6248 6228 152 75.7777  
2019_10_24_11_30_14_137 1571934614137 6260 6240 249 122.748  
2019_10_24_11_30_14_169 1571934614169 6292 6272 198 98.0175  
2019_10_24_11_30_14_187 1571934614187 6310 6290 1233 614.957  
2019_10_24_11_30_14_188 1571934614188 6311 6291 692 340.798  
2019_10_24_11_30_14_189 1571934614189 6312 6292 135 67.5744  
2019_10_24_11_30_14_195 1571934614195 6318 6298 627 308.441  
2019_10_24_11_30_14_264 1571934614264 6387 6366 211 104.314  
2019_10_24_11_30_14_269 1571934614269 6392 6371 561 275.714  
2019_10_24_11_30_14_364 1571934614364 6487 6466 462 226.865  
2019_10_24_11_30_14_364 1571934614364 6487 6466 873 431.559  
2019_10_24_11_30_14_365 1571934614365 6488 6467 276 135.872  
2019_10_24_11_30_14_367 1571934614367 6490 6469 4095 2209.31  
2019_10_24_11_30_14_429 1571934614429 6552 6531 3120 1638.96  
2019_10_24_11_30_14_445 1571934614445 6568 6547 222 109.646  
2019_10_24_11_30_14_485 1571934614485 6608 6587 445 218.506  
2019_10_24_11_30_14_494 1571934614494 6617 6596 1103 548.288  
2019_10_24_11_30_14_504 1571934614504 6627 6606 3254 1715.68  
2019_10_24_11_30_14_508 1571934614508 6631 6610 534 262.363  
2019_10_24_11_30_14_520 1571934614520 6643 6622 4095 2209.31  
2019_10_24_11_30_14_559 1571934614559 6682 6661 855 422.49  
2019_10_24_11_30_14_580 1571934614580 6703 6682 74 38.2096  
2019_10_24_11_30_14_644 1571934614644 6767 6746 95 48.3064  
2019_10_24_11_30_14_654 1571934614654 6777 6756 463 227.357  
2019_10_24_11_30_14_660 1571934614660 6783 6761 130 65.1633  
2019_10_24_11_30_14_669 1571934614669 6792 6770 1235 615.986  
2019_10_24_11_30_14_675 1571934614675 6798 6776 102 51.6749  
2019_10_24_11_30_14_699 1571934614699 6822 6800 305 149.991  
2019_10_24_11_30_14_751 1571934614751 6874 6852 273 134.412  
2019_10_24_11_30_14_764 1571934614764 6887 6865 162 80.6071  
2019_10_24_11_30_14_792 1571934614792 6915 6893 440 216.049  
2019_10_24_11_30_14_806 1571934614806 6929 6907 626 307.944  
2019_10_24_11_30_14_879 1571934614879 7002 6980 182 90.2748  
2019_10_24_11_30_14_882 1571934614882 7005 6983 696 342.794  
2019_10_24_11_30_14_897 1571934614897 7020 6998 158 78.675  
2019_10_24_11_30_14_909 1571934614909 7032 7010 4095 2209.31  
2019_10_24_11_30_14_934 1571934614934 7057 7035 1759 889.812  
2019_10_24_11_30_14_962 1571934614962 7085 7063 122 61.3071  
2019_10_24_11_30_14_982 1571934614982 7105 7083 218 107.707  
2019_10_24_11_30_14_989 1571934614989 7112 7090 195 96.5652  
2019_10_24_11_30_15_032 1571934615032 7155 7133 475 233.263  
2019_10_24_11_30_15_077 1571934615077 7200 7177 303 149.017  
2019_10_24_11_30_15_078 1571934615078 7201 7178 2099 1071.83  
2019_10_24_11_30_15_080 1571934615080 7203 7180 297 146.094  
2019_10_24_11_30_15_091 1571934615091 7214 7191 292 143.659  
2019_10_24_11_30_15_124 1571934615124 7247 7224 165 82.0565  
2019_10_24_11_30_15_134 1571934615134 7257 7234 199 98.5017  
2019_10_24_11_30_15_163 1571934615163 7286 7263 490 240.651  
2019_10_24_11_30_15_193 1571934615193 7316 7293 550 270.272  
2019_10_24_11_30_15_230 1571934615230 7353 7330 112 56.4895  
2019_10_24_11_30_15_249 1571934615249 7372 7349 78 40.1318  
2019_10_24_11_30_15_252 1571934615252 7375 7352 541 265.822  
2019_10_24_11_30_15_260 1571934615260 7383 7360 186 92.2098  
2019_10_24_11_30_15_278 1571934615278 7401 7378 417 204.757  
2019_10_24_11_30_15_353 1571934615353 7476 7453 230 113.526  
2019_10_24_11_30_15_437 1571934615437 7560 7537 339 166.577  
2019_10_24_11_30_15_475 1571934615475 7598 7575 188 93.1774  
2019_10_24_11_30_15_508 1571934615508 7631 7608 391 192.01  
2019_10_24_11_30_15_515 1571934615515 7638 7614 131 65.6455  
2019_10_24_11_30_15_530 1571934615530 7653 7629 999 495.312  
2019_10_24_11_30_15_543 1571934615543 7666 7642 170 84.4728  
2019_10_24_11_30_15_553 1571934615553 7676 7652 529 259.893  
2019_10_24_11_30_15_675 1571934615675 7798 7774 447 219.489  
2019_10_24_11_30_15_703 1571934615703 7826 7802 365 179.284  
2019_10_24_11_30_15_743 1571934615743 7866 7842 649 319.379  
2019_10_24_11_30_15_840 1571934615840 7963 7939 197 97.5334  
2019_10_24_11_30_15_842 1571934615842 7965 7941 372 182.708  
2019_10_24_11_30_15_900 1571934615900 8023 7999 522 256.436  
2019_10_24_11_30_15_936 1571934615936 8059 8035 373 183.197  
2019_10_24_11_30_15_937 1571934615937 8060 8036 195 96.5652  
2019_10_24_11_30_15_943 1571934615943 8066 8042 156 77.7091  
2019_10_24_11_30_16_065 1571934616065 8188 8164 153 76.2605  
2019_10_24_11_30_16_072 1571934616072 8195 8171 100 50.7123  
2019_10_24_11_30_16_084 1571934616084 8207 8183 726 357.773  
2019_10_24_11_30_16_091 1571934616091 8214 8190 247 121.777  
2019_10_24_11_30_16_116 1571934616116 8239 8214 874 432.063  
2019_10_24_11_30_16_139 1571934616139 8262 8237 226 111.585  
2019_10_24_11_30_16_160 1571934616160 8283 8258 1295 646.929  
2019_10_24_11_30_16_168 1571934616168 8291 8266 196 97.0493  
2019_10_24_11_30_16_171 1571934616171 8294 8269 635 312.417  
2019_10_24_11_30_16_218 1571934616218 8341 8316 315 154.866  
2019_10_24_11_30_16_263 1571934616263 8386 8361 782 385.807  
2019_10_24_11_30_16_298 1571934616298 8421 8396 215 106.252  
2019_10_24_11_30_16_319 1571934616319 8442 8417 394 193.48  
2019_10_24_11_30_16_320 1571934616320 8443 8418 2492 1286.48  
2019_10_24_11_30_16_380 1571934616380 8503 8478 157 78.192  
2019_10_24_11_30_16_404 1571934616404 8527 8502 430 211.137  
2019_10_24_11_30_16_435 1571934616435 8558 8533 206 101.892  
2019_10_24_11_30_16_463 1571934616463 8586 8561 159 79.1579  
2019_10_24_11_30_16_517 1571934616517 8640 8615 376 184.666  
2019_10_24_11_30_16_607 1571934616607 8730 8705 96 48.7875  
2019_10_24_11_30_16_646 1571934616646 8769 8744 440 216.049  
2019_10_24_11_30_16_662 1571934616662 8785 8760 157 78.192  
2019_10_24_11_30_16_690 1571934616690 8813 8787 239 117.893  
2019_10_24_11_30_16_698 1571934616698 8821 8795 156 77.7091  
2019_10_24_11_30_16_703 1571934616703 8826 8800 236 116.437  
2019_10_24_11_30_16_716 1571934616716 8839 8813 326 160.232  
2019_10_24_11_30_16_778 1571934616778 8901 8875 392 192.5  
2019_10_24_11_30_16_800 1571934616800 8923 8897 327 160.72  
2019_10_24_11_30_16_806 1571934616806 8929 8903 702 345.788  
2019_10_24_11_30_16_809 1571934616809 8932 8906 462 226.865  
2019_10_24_11_30_16_872 1571934616872 8995 8969 118 59.3797  
2019_10_24_11_30_16_887 1571934616887 9010 8984 249 122.748  
2019_10_24_11_30_16_894 1571934616894 9017 8991 663 326.347  
2019_10_24_11_30_16_903 1571934616903 9026 9000 568 279.179  
2019_10_24_11_30_16_940 1571934616940 9063 9037 2005 1021.16  
2019_10_24_11_30_16_942 1571934616942 9065 9039 99 50.2311  
2019_10_24_11_30_16_965 1571934616965 9088 9062 182 90.2748  
2019_10_24_11_30_16_970 1571934616970 9093 9067 599 294.541  
2019_10_24_11_30_16_977 1571934616977 9100 9074 202 99.9544  
2019_10_24_11_30_16_988 1571934616988 9111 9084 156 77.7091  
2019_10_24_11_30_16_990 1571934616990 9113 9086 733 361.273  
2019_10_24_11_30_17_097 1571934617097 9220 9193 515 252.98  
2019_10_24_11_30_17_122 1571934617122 9245 9218 341 167.554  
2019_10_24_11_30_17_139 1571934617139 9262 9235 397 194.95  
2019_10_24_11_30_17_145 1571934617145 9268 9241 104 52.6376  
2019_10_24_11_30_17_178 1571934617178 9301 9274 284 139.764  
2019_10_24_11_30_17_194 1571934617194 9317 9290 184 91.2422  
2019_10_24_11_30_17_200 1571934617200 9323 9296 384 188.582  
2019_10_24_11_30_17_272 1571934617272 9395 9368 1386 694.062  
2019_10_24_11_30_17_387 1571934617387 9510 9483 228 112.555  
2019_10_24_11_30_17_397 1571934617397 9520 9493 114 57.4528  
2019_10_24_11_30_17_422 1571934617422 9545 9518 666 327.841  
2019_10_24_11_30_17_423 1571934617423 9546 9519 641 315.4  
2019_10_24_11_30_17_460 1571934617460 9583 9556 90 45.9012  
2019_10_24_11_30_17_515 1571934617515 9638 9611 200 98.9859  
2019_10_24_11_30_17_572 1571934617572 9695 9668 687 338.305  
2019_10_24_11_30_17_694 1571934617694 9817 9789 363 178.306  
2019_10_24_11_30_17_717 1571934617717 9840 9812 582 286.113  
2019_10_24_11_30_17_761 1571934617761 9884 9856 120 60.3434  
2019_10_24_11_30_17_777 1571934617777 9900 9872 966 478.57  
2019_10_24_11_30_17_825 1571934617825 9948 9920 518 254.461  
2019_10_24_11_30_17_889 1571934617889 10012 9984 184 91.2422  
2019_10_24_11_30_17_940 1571934617940 10063 10035 100 50.7123  
2019_10_24_11_30_17_980 1571934617980 10103 10075 74 38.2096  
2019_10_24_11_30_18_004 1571934618004 10127 10099 175 86.8898  
2019_10_24_11_30_18_007 1571934618007 10130 10102 645 317.389  
2019_10_24_11_30_18_061 1571934618061 10184 10156 1333 666.581  
2019_10_24_11_30_18_071 1571934618071 10194 10166 172 85.4395  
2019_10_24_11_30_18_086 1571934618086 10209 10181 431 211.628  
2019_10_24_11_30_18_105 1571934618105 10228 10200 188 93.1774  
2019_10_24_11_30_18_106 1571934618106 10229 10201 285 140.251  
2019_10_24_11_30_18_148 1571934618148 10271 10243 349 171.462  
2019_10_24_11_30_18_251 1571934618251 10374 10346 450 220.964  
2019_10_24_11_30_18_285 1571934618285 10408 10379 395 193.97  
2019_10_24_11_30_18_326 1571934618326 10449 10420 190 94.1452  
2019_10_24_11_30_18_331 1571934618331 10454 10425 4095 2209.31  
2019_10_24_11_30_18_435 1571934618435 10558 10529 306 150.479  
2019_10_24_11_30_18_438 1571934618438 10561 10532 359 176.35  
2019_10_24_11_30_18_457 1571934618457 10580 10551 280 137.818  
2019_10_24_11_30_18_495 1571934618495 10618 10589 208 102.861  
2019_10_24_11_30_18_561 1571934618561 10684 10655 305 149.991  
2019_10_24_11_30_18_562 1571934618562 10685 10656 2679 1390.22  
2019_10_24_11_30_18_604 1571934618604 10727 10698 94 47.8253  
2019_10_24_11_30_18_628 1571934618628 10751 10722 434 213.102  
2019_10_24_11_30_18_655 1571934618655 10778 10749 170 84.4728  
2019_10_24_11_30_18_751 1571934618751 10874 10845 277 136.358  
2019_10_24_11_30_18_821 1571934618821 10944 10915 847 418.462  
2019_10_24_11_30_18_840 1571934618840 10963 10934 2951 1542.96  
2019_10_24_11_30_18_878 1571934618878 11001 10972 1663 839.038  
2019_10_24_11_30_18_920 1571934618920 11043 11014 406 199.361  
2019_10_24_11_30_19_033 1571934619033 11156 11126 200 98.9859  
2019_10_24_11_30_19_041 1571934619041 11164 11134 355 174.394  
2019_10_24_11_30_19_046 1571934619046 11169 11139 126 63.235  
2019_10_24_11_30_19_059 1571934619059 11182 11152 299 147.068  
2019_10_24_11_30_19_069 1571934619069 11192 11162 286 140.738  
2019_10_24_11_30_19_070 1571934619070 11193 11163 134 67.0921  
2019_10_24_11_30_19_108 1571934619108 11231 11201 270 132.953  
2019_10_24_11_30_19_161 1571934619161 11284 11254 477 234.248  
2019_10_24_11_30_19_211 1571934619211 11334 11304 357 175.372  
2019_10_24_11_30_19_220 1571934619220 11343 11313 302 148.53  
2019_10_24_11_30_19_228 1571934619228 11351 11321 300 147.555  
2019_10_24_11_30_19_255 1571934619255 11378 11348 176 87.3733  
2019_10_24_11_30_19_258 1571934619258 11381 11351 258 127.12  
2019_10_24_11_30_19_301 1571934619301 11424 11394 1196 595.931  
2019_10_24_11_30_19_304 1571934619304 11427 11397 1143 568.748  
2019_10_24_11_30_19_304 1571934619304 11427 11397 1561 785.389  
2019_10_24_11_30_19_307 1571934619307 11430 11400 474 232.771  
2019_10_24_11_30_19_338 1571934619338 11461 11431 173 85.9229  
2019_10_24_11_30_19_339 1571934619339 11462 11431 3958 2127.48  
2019_10_24_11_30_19_391 1571934619391 11514 11483 428 210.155  
2019_10_24_11_30_19_416 1571934619416 11539 11508 473 232.278  
2019_10_24_11_30_19_426 1571934619426 11549 11518 262 129.064  
2019_10_24_11_30_19_431 1571934619431 11554 11523 188 93.1774  
2019_10_24_11_30_19_432 1571934619432 11555 11524 246 121.291  
2019_10_24_11_30_19_448 1571934619448 11571 11540 391 192.01  
2019_10_24_11_30_19_489 1571934619489 11612 11581 489 240.159  
2019_10_24_11_30_19_603 1571934619603 11726 11695 113 56.9711  
2019_10_24_11_30_19_613 1571934619613 11736 11705 131 65.6455  
2019_10_24_11_30_19_715 1571934619715 11838 11807 644 316.892  
2019_10_24_11_30_19_716 1571934619716 11839 11808 437 214.575  
2019_10_24_11_30_19_720 1571934619720 11843 11812 238 117.407  
2019_10_24_11_30_19_741 1571934619741 11864 11833 83 42.5352  
2019_10_24_11_30_19_771 1571934619771 11894 11863 163 81.0902  
2019_10_24_11_30_19_779 1571934619779 11902 11871 372 182.708  
2019_10_24_11_30_19_833 1571934619833 11956 11925 887 438.619  
2019_10_24_11_30_19_878 1571934619878 12001 11969 1114 553.91  
2019_10_24_11_30_19_913 1571934619913 12036 12004 181 89.7911  
2019_10_24_11_30_19_925 1571934619925 12048 12016 694 341.796  
2019_10_24_11_30_19_940 1571934619940 12063 12031 168 83.5062  
2019_10_24_11_30_19_971 1571934619971 12094 12062 188 93.1774  
2019_10_24_11_30_19_973 1571934619973 12096 12064 320 157.305  
2019_10_24_11_30_19_996 1571934619996 12119 12087 510 250.513  
2019_10_24_11_30_20_020 1571934620020 12143 12111 399 195.93  
2019_10_24_11_30_20_030 1571934620030 12153 12121 303 149.017  
2019_10_24_11_30_20_066 1571934620066 12189 12157 4095 2209.31  
2019_10_24_11_30_20_118 1571934620118 12241 12209 197 97.5334  
2019_10_24_11_30_20_147 1571934620147 12270 12238 364 178.795  
2019_10_24_11_30_20_192 1571934620192 12315 12283 101 51.1936  
2019_10_24_11_30_20_193 1571934620193 12316 12284 163 81.0902  
2019_10_24_11_30_20_196 1571934620196 12319 12287 691 340.3  
2019_10_24_11_30_20_270 1571934620270 12393 12361 747 368.275  
2019_10_24_11_30_20_286 1571934620286 12409 12377 203 100.439  
2019_10_24_11_30_20_300 1571934620300 12423 12390 372 182.708  
2019_10_24_11_30_20_365 1571934620365 12488 12455 290 142.685  
2019_10_24_11_30_20_366 1571934620366 12489 12456 439 215.558  
2019_10_24_11_30_20_453 1571934620453 12576 12543 79 40.6124  
2019_10_24_11_30_20_458 1571934620458 12581 12548 152 75.7777  
2019_10_24_11_30_20_473 1571934620473 12596 12563 311 152.916  
2019_10_24_11_30_20_489 1571934620489 12612 12579 294 144.633  
2019_10_24_11_30_20_495 1571934620495 12618 12585 191 94.6291  
2019_10_24_11_30_20_496 1571934620496 12619 12586 469 230.309  
2019_10_24_11_30_20_543 1571934620543 12666 12633 312 153.403  
2019_10_24_11_30_20_604 1571934620604 12727 12694 1166 580.534  
2019_10_24_11_30_20_626 1571934620626 12749 12716 199 98.5017  
2019_10_24_11_30_20_637 1571934620637 12760 12727 280 137.818  
2019_10_24_11_30_20_672 1571934620672 12795 12762 491 241.144  
2019_10_24_11_30_20_676 1571934620676 12799 12766 148 73.8467  
2019_10_24_11_30_20_691 1571934620691 12814 12781 169 83.9894  
2019_10_24_11_30_20_744 1571934620744 12867 12834 3597 1914.48  
2019_10_24_11_30_20_811 1571934620811 12934 12900 410 201.323  
2019_10_24_11_30_20_817 1571934620817 12940 12906 1020 505.983  
2019_10_24_11_30_20_870 1571934620870 12993 12959 356 174.883  
2019_10_24_11_30_20_882 1571934620882 13005 12971 392 192.5  
2019_10_24_11_30_20_910 1571934620910 13033 12999 574 282.15  
2019_10_24_11_30_20_917 1571934620917 13040 13006 367 180.262  
2019_10_24_11_30_20_984 1571934620984 13107 13073 90 45.9012  
2019_10_24_11_30_21_002 1571934621002 13125 13091 196 97.0493  
2019_10_24_11_30_21_035 1571934621035 13158 13124 2123 1084.81  
2019_10_24_11_30_21_055 1571934621055 13178 13144 196 97.0493  
2019_10_24_11_30_21_064 1571934621064 13187 13153 350 171.951  
2019_10_24_11_30_21_118 1571934621118 13241 13207 81 41.5738  
2019_10_24_11_30_21_140 1571934621140 13263 13229 151 75.2949  
2019_10_24_11_30_21_149 1571934621149 13272 13238 273 134.412  
2019_10_24_11_30_21_160 1571934621160 13283 13249 2482 1280.96  
2019_10_24_11_30_21_175 1571934621175 13298 13264 259 127.606  
2019_10_24_11_30_21_189 1571934621189 13312 13278 164 81.5733  
2019_10_24_11_30_21_206 1571934621206 13329 13294 251 123.719  
2019_10_24_11_30_21_276 1571934621276 13399 13364 471 231.294  
2019_10_24_11_30_21_309 1571934621309 13432 13397 262 129.064  
2019_10_24_11_30_21_341 1571934621341 13464 13429 1288 643.313  
2019_10_24_11_30_21_385 1571934621385 13508 13473 231 114.011  
2019_10_24_11_30_21_411 1571934621411 13534 13499 331 162.672  
2019_10_24_11_30_21_470 1571934621470 13593 13558 557 273.735  
2019_10_24_11_30_21_518 1571934621518 13641 13606 169 83.9894  
2019_10_24_11_30_21_597 1571934621597 13720 13685 146 72.8814  
2019_10_24_11_30_21_652 1571934621652 13775 13740 323 158.768  
2019_10_24_11_30_21_673 1571934621673 13796 13761 932 461.353  
2019_10_24_11_30_21_710 1571934621710 13833 13798 747 368.275  
2019_10_24_11_30_21_785 1571934621785 13908 13873 104 52.6376  
2019_10_24_11_30_21_861 1571934621861 13984 13949 1024 508.018  
2019_10_24_11_30_21_866 1571934621866 13989 13954 221 109.161  
2019_10_24_11_30_21_868 1571934621868 13991 13956 203 100.439  
2019_10_24_11_30_21_887 1571934621887 14010 13975 249 122.748  
2019_10_24_11_30_21_889 1571934621889 14012 13977 415 203.775  
2019_10_24_11_30_21_935 1571934621935 14058 14022 612 300.992  
2019_10_24_11_30_22_074 1571934622074 14197 14161 1050 521.251  
2019_10_24_11_30_22_089 1571934622089 14212 14176 898 444.171  
2019_10_24_11_30_22_109 1571934622109 14232 14196 173 85.9229  
2019_10_24_11_30_22_110 1571934622110 14233 14197 482 236.71  
2019_10_24_11_30_22_130 1571934622130 14253 14217 296 145.607  
2019_10_24_11_30_22_275 1571934622275 14398 14362 2131 1089.14  
2019_10_24_11_30_22_278 1571934622278 14401 14365 202 99.9544  
2019_10_24_11_30_22_280 1571934622280 14403 14367 1278 638.151  
2019_10_24_11_30_22_285 1571934622285 14408 14372 163 81.0902  
2019_10_24_11_30_22_297 1571934622297 14420 14384 364 178.795  
2019_10_24_11_30_22_335 1571934622335 14458 14422 309 151.941  
2019_10_24_11_30_22_445 1571934622445 14568 14532 299 147.068  
2019_10_24_11_30_22_446 1571934622446 14569 14533 374 183.687  
2019_10_24_11_30_22_499 1571934622499 14622 14586 478 234.74  
2019_10_24_11_30_22_508 1571934622508 14631 14595 680 334.815  
2019_10_24_11_30_22_512 1571934622512 14635 14599 203 100.439  
2019_10_24_11_30_22_517 1571934622517 14640 14603 217 107.222  
2019_10_24_11_30_22_594 1571934622594 14717 14680 543 266.811  
2019_10_24_11_30_22_608 1571934622608 14731 14694 81 41.5738  
2019_10_24_11_30_22_624 1571934622624 14747 14710 505 248.047  
2019_10_24_11_30_22_626 1571934622626 14749 14712 186 92.2098  
2019_10_24_11_30_22_653 1571934622653 14776 14739 390 191.52  
2019_10_24_11_30_22_718 1571934622718 14841 14804 538 264.339  
2019_10_24_11_30_22_818 1571934622818 14941 14904 180 89.3075  
2019_10_24_11_30_22_854 1571934622854 14977 14940 647 318.384  
2019_10_24_11_30_22_863 1571934622863 14986 14949 298 146.581  
2019_10_24_11_30_22_920 1571934622920 15043 15006 1357 679.015  
2019_10_24_11_30_22_991 1571934622991 15114 15077 306 150.479  
2019_10_24_11_30_23_020 1571934623020 15143 15106 80 41.0931  
2019_10_24_11_30_23_025 1571934623025 15148 15111 186 92.2098  
2019_10_24_11_30_23_057 1571934623057 15180 15143 210 103.829  
2019_10_24_11_30_23_078 1571934623078 15201 15164 243 119.834  
2019_10_24_11_30_23_083 1571934623083 15206 15169 375 184.176  
2019_10_24_11_30_23_084 1571934623084 15207 15169 879 434.584  
2019_10_24_11_30_23_107 1571934623107 15230 15192 296 145.607  
2019_10_24_11_30_23_140 1571934623140 15263 15225 1415 709.133  
2019_10_24_11_30_23_168 1571934623168 15291 15253 569 279.674  
2019_10_24_11_30_23_190 1571934623190 15313 15275 82 42.0545  
2019_10_24_11_30_23_207 1571934623207 15330 15292 622 305.957  
2019_10_24_11_30_23_213 1571934623213 15336 15298 1350 675.386  
2019_10_24_11_30_23_216 1571934623216 15339 15301 140 69.9862  
2019_10_24_11_30_23_217 1571934623217 15340 15302 626 307.944  
2019_10_24_11_30_23_234 1571934623234 15357 15319 835 412.424  
2019_10_24_11_30_23_237 1571934623237 15360 15322 846 417.959  
2019_10_24_11_30_23_246 1571934623246 15369 15331 1454 729.441  
2019_10_24_11_30_23_277 1571934623277 15400 15362 1144 569.26  
2019_10_24_11_30_23_289 1571934623289 15412 15374 184 91.2422  
2019_10_24_11_30_23_295 1571934623295 15418 15380 423 207.701  
2019_10_24_11_30_23_296 1571934623296 15419 15381 584 287.104  
2019_10_24_11_30_23_299 1571934623299 15422 15384 419 205.738  
2019_10_24_11_30_23_311 1571934623311 15434 15395 1252 624.743  
2019_10_24_11_30_23_330 1571934623330 15453 15414 129 64.6812  
2019_10_24_11_30_23_333 1571934623333 15456 15417 174 86.4063  
2019_10_24_11_30_23_350 1571934623350 15473 15434 1396 699.256  
2019_10_24_11_30_23_353 1571934623353 15476 15437 895 442.657  
2019_10_24_11_30_23_377 1571934623377 15500 15461 329 161.696  
2019_10_24_11_30_23_383 1571934623383 15506 15467 1288 643.313  
2019_10_24_11_30_23_393 1571934623393 15516 15477 1314 656.75  
2019_10_24_11_30_23_406 1571934623406 15529 15490 236 116.437  
2019_10_24_11_30_23_410 1571934623410 15533 15494 411 201.813  
2019_10_24_11_30_23_420 1571934623420 15543 15504 486 238.681  
2019_10_24_11_30_23_424 1571934623424 15547 15508 127 63.717  
2019_10_24_11_30_23_434 1571934623434 15557 15518 446 218.997  
2019_10_24_11_30_23_437 1571934623437 15560 15521 162 80.6071  
2019_10_24_11_30_23_438 1571934623438 15561 15522 239 117.893  
2019_10_24_11_30_23_463 1571934623463 15586 15547 1333 666.581  
2019_10_24_11_30_23_470 1571934623470 15593 15554 1347 673.832  
2019_10_24_11_30_23_474 1571934623474 15597 15557 396 194.46  
2019_10_24_11_30_23_481 1571934623481 15604 15564 177 87.8568  
2019_10_24_11_30_23_487 1571934623487 15610 15570 921 455.791  
2019_10_24_11_30_23_501 1571934623501 15624 15584 502 246.567  
2019_10_24_11_30_23_504 1571934623504 15627 15587 935 462.871  
2019_10_24_11_30_23_508 1571934623508 15631 15591 187 92.6936  
2019_10_24_11_30_23_519 1571934623519 15642 15602 187 92.6936  
2019_10_24_11_30_23_520 1571934623520 15643 15603 380 186.624  
2019_10_24_11_30_23_559 1571934623559 15682 15642 522 256.436  
2019_10_24_11_30_23_581 1571934623581 15704 15664 315 154.866  
2019_10_24_11_30_23_608 1571934623608 15731 15691 892 441.142  
2019_10_24_11_30_23_613 1571934623613 15736 15696 846 417.959  
2019_10_24_11_30_23_630 1571934623630 15753 15713 749 369.276  
2019_10_24_11_30_23_646 1571934623646 15769 15729 261 128.578  
2019_10_24_11_30_23_653 1571934623653 15776 15736 196 97.0493  
2019_10_24_11_30_23_656 1571934623656 15779 15739 468 229.817  
2019_10_24_11_30_23_657 1571934623657 15780 15740 1416 709.653  
2019_10_24_11_30_23_660 1571934623660 15783 15743 432 212.119  
2019_10_24_11_30_23_667 1571934623667 15790 15749 1527 767.575  
2019_10_24_11_30_23_689 1571934623689 15812 15771 505 248.047  
2019_10_24_11_30_23_716 1571934623716 15839 15798 2013 1025.47  
2019_10_24_11_30_23_725 1571934623725 15848 15807 370 181.73  
2019_10_24_11_30_23_731 1571934623731 15854 15813 257 126.634  
2019_10_24_11_30_23_746 1571934623746 15869 15828 224 110.616  
2019_10_24_11_30_23_769 1571934623769 15892 15851 76 39.1707  
2019_10_24_11_30_23_799 1571934623799 15922 15881 370 181.73  
2019_10_24_11_30_23_807 1571934623807 15930 15889 216 106.737  
2019_10_24_11_30_23_827 1571934623827 15950 15909 201 99.4701  
2019_10_24_11_30_23_828 1571934623828 15951 15910 416 204.266  
2019_10_24_11_30_23_844 1571934623844 15967 15926 259 127.606  
2019_10_24_11_30_23_866 1571934623866 15989 15948 809 399.356  
2019_10_24_11_30_23_891 1571934623891 16014 15973 2709 1406.96  
2019_10_24_11_30_23_909 1571934623909 16032 15991 2278 1169.03  
2019_10_24_11_30_23_943 1571934623943 16066 16025 474 232.771  
2019_10_24_11_30_23_972 1571934623972 16095 16054 325 159.744  
2019_10_24_11_30_24_045 1571934624045 16168 16126 1312 655.715  
2019_10_24_11_30_24_087 1571934624087 16210 16168 299 147.068  
2019_10_24_11_30_24_092 1571934624092 16215 16173 234 115.466  
2019_10_24_11_30_24_122 1571934624122 16245 16203 999 495.312  
2019_10_24_11_30_24_169 1571934624169 16292 16250 263 129.55  
2019_10_24_11_30_24_218 1571934624218 16341 16299 309 151.941  
2019_10_24_11_30_24_219 1571934624219 16342 16300 862 426.015  
2019_10_24_11_30_24_225 1571934624225 16348 16306 576 283.141  
2019_10_24_11_30_24_228 1571934624228 16351 16309 246 121.291  
2019_10_24_11_30_24_247 1571934624247 16370 16328 282 138.791  
2019_10_24_11_30_24_279 1571934624279 16402 16360 469 230.309  
2019_10_24_11_30_24_368 1571934624368 16491 16449 331 162.672  
2019_10_24_11_30_24_389 1571934624389 16512 16470 615 302.481  
2019_10_24_11_30_24_417 1571934624417 16540 16498 165 82.0565  
2019_10_24_11_30_24_478 1571934624478 16601 16559 500 245.581  
2019_10_24_11_30_24_496 1571934624496 16619 16577 433 212.611  
2019_10_24_11_30_24_528 1571934624528 16651 16609 703 346.287  
2019_10_24_11_30_24_569 1571934624569 16692 16649 680 334.815  
2019_10_24_11_30_24_630 1571934624630 16753 16710 386 189.561  
2019_10_24_11_30_24_636 1571934624636 16759 16716 143 71.4337  
2019_10_24_11_30_24_723 1571934624723 16846 16803 303 149.017  
2019_10_24_11_30_24_731 1571934624731 16854 16811 1215 605.696  
2019_10_24_11_30_24_779 1571934624779 16902 16859 257 126.634  
2019_10_24_11_30_24_815 1571934624815 16938 16895 501 246.074  
2019_10_24_11_30_24_921 1571934624921 17044 17001 309 151.941  
2019_10_24_11_30_24_963 1571934624963 17086 17043 1351 675.905  
2019_10_24_11_30_24_973 1571934624973 17096 17053 565 277.694  
2019_10_24_11_30_25_003 1571934625003 17126 17083 285 140.251  
2019_10_24_11_30_25_010 1571934625010 17133 17090 95 48.3064  
2019_10_24_11_30_25_028 1571934625028 17151 17108 852 420.979  
2019_10_24_11_30_25_065 1571934625065 17188 17145 163 81.0902  
2019_10_24_11_30_25_084 1571934625084 17207 17164 227 112.07  
2019_10_24_11_30_25_158 1571934625158 17281 17238 1332 666.063  
2019_10_24_11_30_25_188 1571934625188 17311 17268 375 184.176  
2019_10_24_11_30_25_191 1571934625191 17314 17270 116 58.4162  
2019_10_24_11_30_25_229 1571934625229 17352 17308 4095 2209.31  
2019_10_24_11_30_25_233 1571934625233 17356 17312 4095 2209.31  
2019_10_24_11_30_25_244 1571934625244 17367 17323 1511 759.203  
2019_10_24_11_30_25_372 1571934625372 17495 17451 640 314.903  
2019_10_24_11_30_25_401 1571934625401 17524 17480 188 93.1774  
2019_10_24_11_30_25_475 1571934625475 17598 17554 232 114.496  
2019_10_24_11_30_25_476 1571934625476 17599 17555 237 116.922  
2019_10_24_11_30_25_546 1571934625546 17669 17625 73 37.7291  
2019_10_24_11_30_25_560 1571934625560 17683 17639 1415 709.133  
2019_10_24_11_30_25_576 1571934625576 17699 17655 1128 561.07  
2019_10_24_11_30_25_633 1571934625633 17756 17712 4095 2209.31  
2019_10_24_11_30_25_656 1571934625656 17779 17735 2101 1072.91  
2019_10_24_11_30_25_668 1571934625668 17791 17747 133 66.6099  
2019_10_24_11_30_25_693 1571934625693 17816 17772 1619 815.858  
2019_10_24_11_30_25_697 1571934625697 17820 17776 689 339.302  
2019_10_24_11_30_25_715 1571934625715 17838 17794 182 90.2748  
2019_10_24_11_30_25_730 1571934625730 17853 17808 714 351.778  
2019_10_24_11_30_25_731 1571934625731 17854 17809 257 126.634  
2019_10_24_11_30_25_745 1571934625745 17868 17823 345 169.508  
2019_10_24_11_30_25_754 1571934625754 17877 17832 325 159.744  
2019_10_24_11_30_25_771 1571934625771 17894 17849 308 151.453  
2019_10_24_11_30_25_775 1571934625775 17898 17853 1384 693.023  
2019_10_24_11_30_25_802 1571934625802 17925 17880 18 11.3486  
2019_10_24_11_30_25_803 1571934625803 17926 17881 53 28.1259  
2019_10_24_11_30_25_842 1571934625842 17965 17920 122 61.3071  
2019_10_24_11_30_25_846 1571934625846 17969 17924 218 107.707  
2019_10_24_11_30_26_028 1571934626028 18151 18106 341 167.554  
2019_10_24_11_30_26_097 1571934626097 18220 18175 232 114.496  
2019_10_24_11_30_26_119 1571934626119 18242 18197 199 98.5017  
2019_10_24_11_30_26_151 1571934626151 18274 18229 610 299.999  
2019_10_24_11_30_26_162 1571934626162 18285 18240 385 189.072  
2019_10_24_11_30_26_182 1571934626182 18305 18260 263 129.55  
2019_10_24_11_30_26_183 1571934626183 18306 18261 130 65.1633  
2019_10_24_11_30_26_192 1571934626192 18315 18270 214 105.768  
2019_10_24_11_30_26_208 1571934626208 18331 18285 514 252.487  
2019_10_24_11_30_26_214 1571934626214 18337 18291 1859 942.992  
2019_10_24_11_30_26_217 1571934626217 18340 18294 4095 2209.31  
2019_10_24_11_30_26_233 1571934626233 18356 18310 402 197.4  
2019_10_24_11_30_26_239 1571934626239 18362 18316 399 195.93  
2019_10_24_11_30_26_256 1571934626256 18379 18333 142 70.9512  
2019_10_24_11_30_26_294 1571934626294 18417 18371 352 172.928  
2019_10_24_11_30_26_320 1571934626320 18443 18397 231 114.011  
2019_10_24_11_30_26_332 1571934626332 18455 18409 481 236.218  
2019_10_24_11_30_26_337 1571934626337 18460 18414 534 262.363  
2019_10_24_11_30_26_338 1571934626338 18461 18415 137 68.5391  
2019_10_24_11_30_26_347 1571934626347 18470 18424 409 200.833  
2019_10_24_11_30_26_355 1571934626355 18478 18432 133 66.6099  
2019_10_24_11_30_26_371 1571934626371 18494 18448 4095 2209.31  
2019_10_24_11_30_26_398 1571934626398 18521 18475 1863 945.125  
2019_10_24_11_30_26_472 1571934626472 18595 18549 453 222.439  
2019_10_24_11_30_26_476 1571934626476 18599 18553 1269 633.507  
2019_10_24_11_30_26_491 1571934626491 18614 18567 405 198.871  
2019_10_24_11_30_26_538 1571934626538 18661 18614 241 118.864  
2019_10_24_11_30_26_557 1571934626557 18680 18633 153 76.2605  
2019_10_24_11_30_26_613 1571934626613 18736 18689 531 260.881  
2019_10_24_11_30_26_616 1571934626616 18739 18692 151 75.2949  
2019_10_24_11_30_26_624 1571934626624 18747 18700 434 213.102  
2019_10_24_11_30_26_673 1571934626673 18796 18749 438 215.066  
2019_10_24_11_30_26_694 1571934626694 18817 18770 109 55.0448  
2019_10_24_11_30_26_697 1571934626697 18820 18773 305 149.991  
2019_10_24_11_30_26_735 1571934626735 18858 18811 310 152.428  
2019_10_24_11_30_26_736 1571934626736 18859 18812 523 256.93  
2019_10_24_11_30_26_780 1571934626780 18903 18856 516 253.474  
2019_10_24_11_30_26_794 1571934626794 18917 18870 192 95.1131  
2019_10_24_11_30_26_811 1571934626811 18934 18887 342 168.042  
2019_10_24_11_30_26_836 1571934626836 18959 18912 166 82.5397  
2019_10_24_11_30_26_867 1571934626867 18990 18943 406 199.361  
2019_10_24_11_30_26_868 1571934626868 18991 18944 249 122.748  
2019_10_24_11_30_26_896 1571934626896 19019 18971 194 96.0811  
2019_10_24_11_30_26_967 1571934626967 19090 19042 167 83.0229  
2019_10_24_11_30_26_972 1571934626972 19095 19047 276 135.872  
2019_10_24_11_30_27_018 1571934627018 19141 19093 1488 747.183  
2019_10_24_11_30_27_069 1571934627069 19192 19144 1533 770.716  
2019_10_24_11_30_27_115 1571934627115 19238 19190 216 106.737  
2019_10_24_11_30_27_127 1571934627127 19250 19202 261 128.578  
2019_10_24_11_30_27_158 1571934627158 19281 19233 295 145.12  
2019_10_24_11_30_27_184 1571934627184 19307 19259 69 35.8075  
2019_10_24_11_30_27_233 1571934627233 19356 19308 107 54.0818  
2019_10_24_11_30_27_234 1571934627234 19357 19309 230 113.526  
2019_10_24_11_30_27_372 1571934627372 19495 19447 1215 605.696  
2019_10_24_11_30_27_387 1571934627387 19510 19462 307 150.966  
2019_10_24_11_30_27_409 1571934627409 19532 19484 229 113.041  
2019_10_24_11_30_27_421 1571934627421 19544 19496 371 182.219  
2019_10_24_11_30_27_447 1571934627447 19570 19522 149 74.3294  
2019_10_24_11_30_27_482 1571934627482 19605 19557 484 237.695  
2019_10_24_11_30_27_499 1571934627499 19622 19573 251 123.719  
2019_10_24_11_30_27_525 1571934627525 19648 19599 1036 514.123  
2019_10_24_11_30_27_530 1571934627530 19653 19604 238 117.407  
2019_10_24_11_30_27_552 1571934627552 19675 19626 254 125.177  
2019_10_24_11_30_27_553 1571934627553 19676 19627 250 123.234  
2019_10_24_11_30_27_559 1571934627559 19682 19633 365 179.284  
2019_10_24_11_30_27_610 1571934627610 19733 19684 248 122.262  
2019_10_24_11_30_27_620 1571934627620 19743 19694 961 476.036  
2019_10_24_11_30_27_665 1571934627665 19788 19739 649 319.379  
2019_10_24_11_30_27_674 1571934627674 19797 19748 498 244.595  
2019_10_24_11_30_27_681 1571934627681 19804 19755 480 235.725  
2019_10_24_11_30_27_692 1571934627692 19815 19766 332 163.16  
2019_10_24_11_30_27_704 1571934627704 19827 19778 132 66.1277  
2019_10_24_11_30_27_710 1571934627710 19833 19784 321 157.792  
2019_10_24_11_30_27_737 1571934627737 19860 19811 4095 2209.31  
2019_10_24_11_30_27_765 1571934627765 19888 19839 392 192.5  
2019_10_24_11_30_27_788 1571934627788 19911 19862 164 81.5733  
2019_10_24_11_30_27_794 1571934627794 19917 19867 83 42.5352  
2019_10_24_11_30_27_854 1571934627854 19977 19927 1019 505.475  
2019_10_24_11_30_27_870 1571934627870 19993 19943 140 69.9862  
2019_10_24_11_30_27_877 1571934627877 20000 19950 831 410.412  
