1571937101073 2019_10_24_12_11_41_073 2.734449 0.478300  0.000014786
2019_10_24_12_11_41_160 1571937101160 87 86 105 53.119  
2019_10_24_12_11_41_161 1571937101161 88 87 333 163.648  
2019_10_24_12_11_41_162 1571937101162 89 88 534 262.363  
2019_10_24_12_11_41_162 1571937101162 89 88 580 285.122  
2019_10_24_12_11_41_162 1571937101162 89 88 2760 1435.47  
2019_10_24_12_11_41_162 1571937101162 89 88 972 481.611  
2019_10_24_12_11_41_163 1571937101163 90 89 213 105.283  
2019_10_24_12_11_41_163 1571937101163 90 89 974 482.625  
2019_10_24_12_11_41_163 1571937101163 90 89 186 92.2098  
2019_10_24_12_11_41_163 1571937101163 90 89 778 383.801  
2019_10_24_12_11_41_163 1571937101163 90 89 144 71.9162  
2019_10_24_12_11_41_163 1571937101163 90 89 570 280.169  
2019_10_24_12_11_41_163 1571937101163 90 89 237 116.922  
2019_10_24_12_11_41_163 1571937101163 90 89 946 468.438  
2019_10_24_12_11_41_163 1571937101163 90 89 90 45.9012  
2019_10_24_12_11_41_164 1571937101164 91 90 559 274.724  
2019_10_24_12_11_41_164 1571937101164 91 90 101 51.1936  
2019_10_24_12_11_41_164 1571937101164 91 89 329 161.696  
2019_10_24_12_11_41_164 1571937101164 91 89 144 71.9162  
2019_10_24_12_11_41_164 1571937101164 91 89 242 119.349  
2019_10_24_12_11_41_164 1571937101164 91 89 237 116.922  
2019_10_24_12_11_41_164 1571937101164 91 89 265 130.522  
2019_10_24_12_11_41_164 1571937101164 91 89 247 121.777  
2019_10_24_12_11_41_165 1571937101165 92 90 460 225.881  
2019_10_24_12_11_41_165 1571937101165 92 90 201 99.4701  
2019_10_24_12_11_41_165 1571937101165 92 90 78 40.1318  
2019_10_24_12_11_41_165 1571937101165 92 90 417 204.757  
2019_10_24_12_11_41_165 1571937101165 92 90 551 270.767  
2019_10_24_12_11_41_165 1571937101165 92 90 1831 928.072  
2019_10_24_12_11_41_165 1571937101165 92 90 525 257.917  
2019_10_24_12_11_41_165 1571937101165 92 90 463 227.357  
2019_10_24_12_11_41_166 1571937101166 93 91 101 51.1936  
2019_10_24_12_11_41_166 1571937101166 93 91 153 76.2605  
2019_10_24_12_11_41_166 1571937101166 93 91 834 411.921  
2019_10_24_12_11_41_170 1571937101170 97 94 214 105.768  
2019_10_24_12_11_41_200 1571937101200 127 124 1988 1012.03  
2019_10_24_12_11_41_211 1571937101211 138 135 99 50.2311  
2019_10_24_12_11_41_216 1571937101216 143 140 133 66.6099  
2019_10_24_12_11_41_297 1571937101297 224 221 234 115.466  
2019_10_24_12_11_41_350 1571937101350 277 274 118 59.3797  
2019_10_24_12_11_41_365 1571937101365 292 289 438 215.066  
2019_10_24_12_11_41_399 1571937101399 326 323 474 232.771  
2019_10_24_12_11_41_400 1571937101400 327 324 238 117.407  
2019_10_24_12_11_41_401 1571937101401 328 325 555 272.745  
2019_10_24_12_11_41_410 1571937101410 337 334 146 72.8814  
2019_10_24_12_11_41_416 1571937101416 343 340 204 100.923  
2019_10_24_12_11_41_425 1571937101425 352 349 318 156.329  
2019_10_24_12_11_41_442 1571937101442 369 366 268 131.981  
2019_10_24_12_11_41_484 1571937101484 411 408 167 83.0229  
2019_10_24_12_11_41_524 1571937101524 451 448 873 431.559  
2019_10_24_12_11_41_538 1571937101538 465 462 1310 654.681  
2019_10_24_12_11_41_553 1571937101553 480 476 107 54.0818  
2019_10_24_12_11_41_737 1571937101737 664 660 758 373.781  
2019_10_24_12_11_41_749 1571937101749 676 672 196 97.0493  
2019_10_24_12_11_41_752 1571937101752 679 675 1581 795.885  
2019_10_24_12_11_41_753 1571937101753 680 676 224 110.616  
2019_10_24_12_11_41_779 1571937101779 706 702 4095 2209.31  
2019_10_24_12_11_41_861 1571937101861 788 784 2043 1041.61  
2019_10_24_12_11_41_918 1571937101918 845 841 160 79.641  
2019_10_24_12_11_41_993 1571937101993 920 916 119 59.8615  
2019_10_24_12_11_42_156 1571937102156 1083 1079 398 195.44  
2019_10_24_12_11_42_176 1571937102176 1103 1099 169 83.9894  
2019_10_24_12_11_42_204 1571937102204 1131 1127 124 62.271  
2019_10_24_12_11_42_239 1571937102239 1166 1162 120 60.3434  
2019_10_24_12_11_42_256 1571937102256 1183 1179 161 80.124  
2019_10_24_12_11_42_351 1571937102351 1278 1274 196 97.0493  
2019_10_24_12_11_42_402 1571937102402 1329 1325 279 137.331  
2019_10_24_12_11_42_410 1571937102410 1337 1333 292 143.659  
2019_10_24_12_11_42_418 1571937102418 1345 1340 189 93.6613  
2019_10_24_12_11_42_435 1571937102435 1362 1357 194 96.0811  
2019_10_24_12_11_42_456 1571937102456 1383 1378 244 120.32  
2019_10_24_12_11_42_601 1571937102601 1528 1523 1863 945.125  
2019_10_24_12_11_42_617 1571937102617 1544 1539 91 46.3822  
2019_10_24_12_11_42_619 1571937102619 1546 1541 216 106.737  
2019_10_24_12_11_42_626 1571937102626 1553 1548 232 114.496  
2019_10_24_12_11_42_637 1571937102637 1564 1559 1316 657.784  
2019_10_24_12_11_42_682 1571937102682 1609 1604 137 68.5391  
2019_10_24_12_11_42_702 1571937102702 1629 1624 304 149.504  
2019_10_24_12_11_42_736 1571937102736 1663 1658 1055 523.798  
2019_10_24_12_11_42_737 1571937102737 1664 1659 154 76.7433  
2019_10_24_12_11_42_757 1571937102757 1684 1679 221 109.161  
2019_10_24_12_11_42_763 1571937102763 1690 1685 274 134.899  
2019_10_24_12_11_42_774 1571937102774 1701 1696 359 176.35  
2019_10_24_12_11_42_775 1571937102775 1702 1697 189 93.6613  
2019_10_24_12_11_42_807 1571937102807 1734 1729 262 129.064  
2019_10_24_12_11_42_834 1571937102834 1761 1756 279 137.331  
2019_10_24_12_11_42_842 1571937102842 1769 1763 564 277.199  
2019_10_24_12_11_42_855 1571937102855 1782 1776 88 44.9393  
2019_10_24_12_11_42_892 1571937102892 1819 1813 233 114.981  
2019_10_24_12_11_42_934 1571937102934 1861 1855 247 121.777  
2019_10_24_12_11_42_958 1571937102958 1885 1879 163 81.0902  
2019_10_24_12_11_42_989 1571937102989 1916 1910 278 136.845  
2019_10_24_12_11_42_995 1571937102995 1922 1916 103 52.1562  
2019_10_24_12_11_43_033 1571937103033 1960 1954 171 84.9561  
2019_10_24_12_11_43_322 1571937103322 2249 2243 410 201.323  
2019_10_24_12_11_43_323 1571937103323 2250 2244 1425 714.336  
2019_10_24_12_11_43_324 1571937103324 2251 2245 301 148.042  
2019_10_24_12_11_43_324 1571937103324 2251 2245 959 475.022  
2019_10_24_12_11_43_324 1571937103324 2251 2245 89 45.4203  
2019_10_24_12_11_43_324 1571937103324 2251 2245 3772 2017.25  
2019_10_24_12_11_43_324 1571937103324 2251 2245 773 381.295  
2019_10_24_12_11_43_325 1571937103325 2252 2246 391 192.01  
2019_10_24_12_11_43_344 1571937103344 2271 2265 315 154.866  
2019_10_24_12_11_43_369 1571937103369 2296 2289 180 89.3075  
2019_10_24_12_11_43_477 1571937103477 2404 2397 2047 1043.77  
2019_10_24_12_11_43_485 1571937103485 2412 2405 170 84.4728  
2019_10_24_12_11_43_508 1571937103508 2435 2428 98 49.7499  
2019_10_24_12_11_43_509 1571937103509 2436 2429 156 77.7091  
2019_10_24_12_11_43_555 1571937103555 2482 2475 177 87.8568  
2019_10_24_12_11_43_588 1571937103588 2515 2508 181 89.7911  
2019_10_24_12_11_43_630 1571937103630 2557 2550 644 316.892  
2019_10_24_12_11_43_646 1571937103646 2573 2566 696 342.794  
2019_10_24_12_11_43_687 1571937103687 2614 2607 552 271.261  
2019_10_24_12_11_43_690 1571937103690 2617 2610 479 235.233  
2019_10_24_12_11_43_704 1571937103704 2631 2624 256 126.148  
2019_10_24_12_11_43_787 1571937103787 2714 2707 160 79.641  
2019_10_24_12_11_43_801 1571937103801 2728 2721 78 40.1318  
2019_10_24_12_11_43_842 1571937103842 2769 2762 610 299.999  
2019_10_24_12_11_43_892 1571937103892 2819 2812 180 89.3075  
2019_10_24_12_11_43_900 1571937103900 2827 2820 186 92.2098  
2019_10_24_12_11_44_054 1571937104054 2981 2973 450 220.964  
2019_10_24_12_11_44_073 1571937104073 3000 2992 289 142.198  
2019_10_24_12_11_44_080 1571937104080 3007 2999 1803 913.175  
2019_10_24_12_11_44_142 1571937104142 3069 3061 149 74.3294  
2019_10_24_12_11_44_161 1571937104161 3088 3080 737 363.273  
2019_10_24_12_11_44_205 1571937104205 3132 3124 127 63.717  
2019_10_24_12_11_44_223 1571937104223 3150 3142 112 56.4895  
2019_10_24_12_11_44_229 1571937104229 3156 3148 144 71.9162  
2019_10_24_12_11_44_231 1571937104231 3158 3150 193 95.5971  
2019_10_24_12_11_44_235 1571937104235 3162 3154 454 222.93  
2019_10_24_12_11_44_236 1571937104236 3163 3155 100 50.7123  
2019_10_24_12_11_44_289 1571937104289 3216 3208 156 77.7091  
2019_10_24_12_11_44_303 1571937104303 3230 3222 182 90.2748  
2019_10_24_12_11_44_309 1571937104309 3236 3228 367 180.262  
2019_10_24_12_11_44_350 1571937104350 3277 3269 118 59.3797  
2019_10_24_12_11_44_363 1571937104363 3290 3282 952 471.476  
2019_10_24_12_11_44_364 1571937104364 3291 3283 176 87.3733  
2019_10_24_12_11_44_370 1571937104370 3297 3288 820 404.882  
2019_10_24_12_11_44_393 1571937104393 3320 3311 4095 2209.31  
2019_10_24_12_11_44_401 1571937104401 3328 3319 1323 661.405  
2019_10_24_12_11_44_408 1571937104408 3335 3326 186 92.2098  
2019_10_24_12_11_44_426 1571937104426 3353 3344 77 39.6512  
2019_10_24_12_11_44_429 1571937104429 3356 3347 129 64.6812  
2019_10_24_12_11_44_485 1571937104485 3412 3403 830 409.909  
2019_10_24_12_11_44_489 1571937104489 3416 3407 407 199.852  
2019_10_24_12_11_44_504 1571937104504 3431 3422 125 62.753  
2019_10_24_12_11_44_561 1571937104561 3488 3479 141 70.4687  
2019_10_24_12_11_44_603 1571937104603 3530 3521 152 75.7777  
2019_10_24_12_11_44_650 1571937104650 3577 3568 1143 568.748  
2019_10_24_12_11_44_652 1571937104652 3579 3570 1240 618.561  
2019_10_24_12_11_44_676 1571937104676 3603 3594 190 94.1452  
2019_10_24_12_11_44_700 1571937104700 3627 3618 232 114.496  
2019_10_24_12_11_44_729 1571937104729 3656 3647 209 103.345  
2019_10_24_12_11_44_754 1571937104754 3681 3672 376 184.666  
2019_10_24_12_11_44_768 1571937104768 3695 3685 716 352.777  
2019_10_24_12_11_44_849 1571937104849 3776 3766 182 90.2748  
2019_10_24_12_11_44_956 1571937104956 3883 3873 185 91.726  
2019_10_24_12_11_44_963 1571937104963 3890 3880 436 214.084  
2019_10_24_12_11_44_976 1571937104976 3903 3893 182 90.2748  
2019_10_24_12_11_44_978 1571937104978 3905 3895 535 262.857  
2019_10_24_12_11_45_006 1571937105006 3933 3923 260 128.092  
2019_10_24_12_11_45_023 1571937105023 3950 3940 220 108.676  
2019_10_24_12_11_45_059 1571937105059 3986 3976 138 69.0214  
2019_10_24_12_11_45_060 1571937105060 3987 3977 243 119.834  
2019_10_24_12_11_45_104 1571937105104 4031 4021 126 63.235  
2019_10_24_12_11_45_111 1571937105111 4038 4028 396 194.46  
2019_10_24_12_11_45_121 1571937105121 4048 4038 107 54.0818  
2019_10_24_12_11_45_177 1571937105177 4104 4094 262 129.064  
2019_10_24_12_11_45_188 1571937105188 4115 4105 347 170.485  
2019_10_24_12_11_45_250 1571937105250 4177 4167 468 229.817  
2019_10_24_12_11_45_280 1571937105280 4207 4197 363 178.306  
2019_10_24_12_11_45_285 1571937105285 4212 4202 816 402.872  
2019_10_24_12_11_45_286 1571937105286 4213 4202 180 89.3075  
2019_10_24_12_11_45_310 1571937105310 4237 4226 201 99.4701  
2019_10_24_12_11_45_338 1571937105338 4265 4254 275 135.385  
2019_10_24_12_11_45_397 1571937105397 4324 4313 744 366.774  
2019_10_24_12_11_45_401 1571937105401 4328 4317 619 304.467  
2019_10_24_12_11_45_438 1571937105438 4365 4354 509 250.02  
2019_10_24_12_11_45_444 1571937105444 4371 4360 183 90.7585  
2019_10_24_12_11_45_447 1571937105447 4374 4363 374 183.687  
2019_10_24_12_11_45_448 1571937105448 4375 4364 424 208.192  
2019_10_24_12_11_45_477 1571937105477 4404 4393 193 95.5971  
2019_10_24_12_11_45_498 1571937105498 4425 4414 155 77.2262  
2019_10_24_12_11_45_523 1571937105523 4450 4439 249 122.748  
2019_10_24_12_11_45_618 1571937105618 4545 4534 187 92.6936  
2019_10_24_12_11_45_684 1571937105684 4611 4600 253 124.691  
2019_10_24_12_11_45_734 1571937105734 4661 4650 477 234.248  
2019_10_24_12_11_45_738 1571937105738 4665 4654 346 169.996  
2019_10_24_12_11_45_744 1571937105744 4671 4660 4095 2209.31  
2019_10_24_12_11_45_745 1571937105745 4672 4660 209 103.345  
2019_10_24_12_11_45_746 1571937105746 4673 4661 170 84.4728  
2019_10_24_12_11_45_780 1571937105780 4707 4695 85 43.4968  
2019_10_24_12_11_45_796 1571937105796 4723 4711 89 45.4203  
2019_10_24_12_11_45_849 1571937105849 4776 4764 2173 1111.9  
2019_10_24_12_11_45_866 1571937105866 4793 4781 660 324.853  
2019_10_24_12_11_45_935 1571937105935 4862 4850 629 309.435  
2019_10_24_12_11_45_944 1571937105944 4871 4859 995 493.281  
2019_10_24_12_11_45_951 1571937105951 4878 4866 236 116.437  
2019_10_24_12_11_45_969 1571937105969 4896 4884 278 136.845  
2019_10_24_12_11_46_002 1571937106002 4929 4917 849 419.469  
2019_10_24_12_11_46_013 1571937106013 4940 4928 347 170.485  
2019_10_24_12_11_46_042 1571937106042 4969 4957 371 182.219  
2019_10_24_12_11_46_072 1571937106072 4999 4987 310 152.428  
2019_10_24_12_11_46_139 1571937106139 5066 5054 89 45.4203  
2019_10_24_12_11_46_145 1571937106145 5072 5060 206 101.892  
2019_10_24_12_11_46_157 1571937106157 5084 5072 157 78.192  
2019_10_24_12_11_46_205 1571937106205 5132 5119 375 184.176  
2019_10_24_12_11_46_225 1571937106225 5152 5139 224 110.616  
2019_10_24_12_11_46_263 1571937106263 5190 5177 2092 1068.05  
2019_10_24_12_11_46_286 1571937106286 5213 5200 219 108.191  
2019_10_24_12_11_46_376 1571937106376 5303 5290 857 423.497  
2019_10_24_12_11_46_390 1571937106390 5317 5304 105 53.119  
2019_10_24_12_11_46_440 1571937106440 5367 5354 330 162.184  
2019_10_24_12_11_46_445 1571937106445 5372 5359 215 106.252  
2019_10_24_12_11_46_490 1571937106490 5417 5404 146 72.8814  
2019_10_24_12_11_46_512 1571937106512 5439 5426 254 125.177  
2019_10_24_12_11_46_513 1571937106513 5440 5427 210 103.829  
2019_10_24_12_11_46_514 1571937106514 5441 5428 176 87.3733  
2019_10_24_12_11_46_516 1571937106516 5443 5430 387 190.051  
2019_10_24_12_11_46_526 1571937106526 5453 5440 357 175.372  
2019_10_24_12_11_46_534 1571937106534 5461 5448 140 69.9862  
2019_10_24_12_11_46_598 1571937106598 5525 5512 199 98.5017  
2019_10_24_12_11_46_609 1571937106609 5536 5523 597 293.549  
2019_10_24_12_11_46_647 1571937106647 5574 5560 305 149.991  
2019_10_24_12_11_46_663 1571937106663 5590 5576 536 263.351  
2019_10_24_12_11_46_719 1571937106719 5646 5632 205 101.407  
2019_10_24_12_11_46_768 1571937106768 5695 5681 125 62.753  
2019_10_24_12_11_46_769 1571937106769 5696 5682 1030 511.07  
2019_10_24_12_11_46_799 1571937106799 5726 5712 210 103.829  
2019_10_24_12_11_46_885 1571937106885 5812 5798 93 47.3442  
2019_10_24_12_11_46_905 1571937106905 5832 5818 146 72.8814  
2019_10_24_12_11_46_936 1571937106936 5863 5849 163 81.0902  
2019_10_24_12_11_46_947 1571937106947 5874 5860 291 143.172  
2019_10_24_12_11_46_971 1571937106971 5898 5884 72 37.2487  
2019_10_24_12_11_46_979 1571937106979 5906 5892 86 43.9776  
2019_10_24_12_11_46_992 1571937106992 5919 5905 30 17.0968  
2019_10_24_12_11_46_993 1571937106993 5920 5906 59 31.0056  
2019_10_24_12_11_46_995 1571937106995 5922 5908 1854 940.326  
2019_10_24_12_11_47_015 1571937107015 5942 5928 326 160.232  
2019_10_24_12_11_47_022 1571937107022 5949 5935 435 213.593  
2019_10_24_12_11_47_062 1571937107062 5989 5974 122 61.3071  
2019_10_24_12_11_47_097 1571937107097 6024 6009 322 158.28  
2019_10_24_12_11_47_103 1571937107103 6030 6015 293 144.146  
2019_10_24_12_11_47_122 1571937107122 6049 6034 909 449.726  
2019_10_24_12_11_47_177 1571937107177 6104 6089 576 283.141  
2019_10_24_12_11_47_199 1571937107199 6126 6111 356 174.883  
2019_10_24_12_11_47_212 1571937107212 6139 6124 630 309.932  
2019_10_24_12_11_47_249 1571937107249 6176 6161 360 176.839  
2019_10_24_12_11_47_282 1571937107282 6209 6194 250 123.234  
2019_10_24_12_11_47_307 1571937107307 6234 6219 917 453.769  
2019_10_24_12_11_47_324 1571937107324 6251 6236 2240 1148.32  
2019_10_24_12_11_47_386 1571937107386 6313 6298 177 87.8568  
2019_10_24_12_11_47_404 1571937107404 6331 6316 201 99.4701  
2019_10_24_12_11_47_421 1571937107421 6348 6333 536 263.351  
2019_10_24_12_11_47_439 1571937107439 6366 6351 390 191.52  
2019_10_24_12_11_47_502 1571937107502 6429 6414 236 116.437  
2019_10_24_12_11_47_513 1571937107513 6440 6425 386 189.561  
2019_10_24_12_11_47_556 1571937107556 6483 6468 3798 2032.6  
2019_10_24_12_11_47_559 1571937107559 6486 6470 421 206.719  
2019_10_24_12_11_47_595 1571937107595 6522 6506 417 204.757  
2019_10_24_12_11_47_639 1571937107639 6566 6550 221 109.161  
2019_10_24_12_11_47_668 1571937107668 6595 6579 895 442.657  
2019_10_24_12_11_47_678 1571937107678 6605 6589 324 159.256  
2019_10_24_12_11_47_693 1571937107693 6620 6604 1122 558.001  
2019_10_24_12_11_47_698 1571937107698 6625 6609 146 72.8814  
2019_10_24_12_11_47_699 1571937107699 6626 6610 190 94.1452  
2019_10_24_12_11_47_710 1571937107710 6637 6621 143 71.4337  
2019_10_24_12_11_47_715 1571937107715 6642 6626 186 92.2098  
2019_10_24_12_11_47_719 1571937107719 6646 6630 175 86.8898  
2019_10_24_12_11_47_836 1571937107836 6763 6747 2887 1506.82  
2019_10_24_12_11_47_838 1571937107838 6765 6749 779 384.303  
2019_10_24_12_11_47_894 1571937107894 6821 6805 168 83.5062  
2019_10_24_12_11_47_895 1571937107895 6822 6806 239 117.893  
2019_10_24_12_11_47_927 1571937107927 6854 6838 121 60.8252  
2019_10_24_12_11_47_974 1571937107974 6901 6885 188 93.1774  
2019_10_24_12_11_47_992 1571937107992 6919 6902 195 96.5652  
2019_10_24_12_11_48_063 1571937108063 6990 6973 137 68.5391  
2019_10_24_12_11_48_099 1571937108099 7026 7009 990 490.743  
2019_10_24_12_11_48_107 1571937108107 7034 7017 324 159.256  
2019_10_24_12_11_48_113 1571937108113 7040 7023 431 211.628  
2019_10_24_12_11_48_118 1571937108118 7045 7028 508 249.527  
2019_10_24_12_11_48_152 1571937108152 7079 7062 592 291.07  
2019_10_24_12_11_48_194 1571937108194 7121 7104 503 247.06  
2019_10_24_12_11_48_195 1571937108195 7122 7105 266 131.008  
2019_10_24_12_11_48_219 1571937108219 7146 7129 102 51.6749  
2019_10_24_12_11_48_233 1571937108233 7160 7143 142 70.9512  
2019_10_24_12_11_48_255 1571937108255 7182 7165 477 234.248  
2019_10_24_12_11_48_260 1571937108260 7187 7170 198 98.0175  
2019_10_24_12_11_48_272 1571937108272 7199 7182 98 49.7499  
2019_10_24_12_11_48_321 1571937108321 7248 7231 316 155.354  
2019_10_24_12_11_48_325 1571937108325 7252 7235 220 108.676  
2019_10_24_12_11_48_357 1571937108357 7284 7267 95 48.3064  
2019_10_24_12_11_48_366 1571937108366 7293 7275 209 103.345  
2019_10_24_12_11_48_402 1571937108402 7329 7311 267 131.495  
2019_10_24_12_11_48_581 1571937108581 7508 7490 153 76.2605  
2019_10_24_12_11_48_674 1571937108674 7601 7583 1550 779.622  
2019_10_24_12_11_48_753 1571937108753 7680 7662 227 112.07  
2019_10_24_12_11_48_756 1571937108756 7683 7665 192 95.1131  
2019_10_24_12_11_48_802 1571937108802 7729 7711 182 90.2748  
2019_10_24_12_11_48_804 1571937108804 7731 7713 1205 600.555  
2019_10_24_12_11_48_850 1571937108850 7777 7759 183 90.7585  
2019_10_24_12_11_48_871 1571937108871 7798 7780 773 381.295  
2019_10_24_12_11_48_995 1571937108995 7922 7904 221 109.161  
2019_10_24_12_11_49_015 1571937109015 7942 7924 1300 649.512  
2019_10_24_12_11_49_044 1571937109044 7971 7953 205 101.407  
2019_10_24_12_11_49_074 1571937109074 8001 7983 99 50.2311  
2019_10_24_12_11_49_084 1571937109084 8011 7993 614 301.985  
2019_10_24_12_11_49_093 1571937109093 8020 8002 233 114.981  
2019_10_24_12_11_49_095 1571937109095 8022 8004 248 122.262  
2019_10_24_12_11_49_097 1571937109097 8024 8005 3136 1648.09  
2019_10_24_12_11_49_113 1571937109113 8040 8021 2448 1262.22  
2019_10_24_12_11_49_122 1571937109122 8049 8030 229 113.041  
2019_10_24_12_11_49_127 1571937109127 8054 8035 290 142.685  
2019_10_24_12_11_49_146 1571937109146 8073 8054 682 335.812  
2019_10_24_12_11_49_184 1571937109184 8111 8092 165 82.0565  
2019_10_24_12_11_49_466 1571937109466 8393 8374 1170 582.586  
2019_10_24_12_11_49_467 1571937109467 8394 8375 1634 823.754  
2019_10_24_12_11_49_468 1571937109468 8395 8376 151 75.2949  
2019_10_24_12_11_49_468 1571937109468 8395 8376 148 73.8467  
2019_10_24_12_11_49_468 1571937109468 8395 8376 271 133.44  
2019_10_24_12_11_49_468 1571937109468 8395 8376 807 398.352  
2019_10_24_12_11_49_468 1571937109468 8395 8376 210 103.829  
2019_10_24_12_11_49_468 1571937109468 8395 8376 157 78.192  
2019_10_24_12_11_49_468 1571937109468 8395 8376 874 432.063  
2019_10_24_12_11_49_469 1571937109469 8396 8377 295 145.12  
2019_10_24_12_11_49_481 1571937109481 8408 8389 352 172.928  
2019_10_24_12_11_49_542 1571937109542 8469 8449 509 250.02  
2019_10_24_12_11_49_549 1571937109549 8476 8456 208 102.861  
2019_10_24_12_11_49_558 1571937109558 8485 8465 181 89.7911  
2019_10_24_12_11_49_592 1571937109592 8519 8499 134 67.0921  
2019_10_24_12_11_49_600 1571937109600 8527 8507 464 227.849  
2019_10_24_12_11_49_665 1571937109665 8592 8572 282 138.791  
2019_10_24_12_11_49_672 1571937109672 8599 8579 362 177.817  
2019_10_24_12_11_49_756 1571937109756 8683 8663 318 156.329  
2019_10_24_12_11_49_784 1571937109784 8711 8691 1139 566.7  
2019_10_24_12_11_49_795 1571937109795 8722 8702 226 111.585  
2019_10_24_12_11_49_803 1571937109803 8730 8710 71 36.7683  
2019_10_24_12_11_49_812 1571937109812 8739 8719 463 227.357  
2019_10_24_12_11_49_822 1571937109822 8749 8729 184 91.2422  
2019_10_24_12_11_49_850 1571937109850 8777 8757 779 384.303  
2019_10_24_12_11_49_866 1571937109866 8793 8773 79 40.6124  
2019_10_24_12_11_49_936 1571937109936 8863 8843 68 35.3272  
2019_10_24_12_11_49_937 1571937109937 8864 8844 176 87.3733  
2019_10_24_12_11_49_940 1571937109940 8867 8847 442 217.032  
2019_10_24_12_11_49_941 1571937109941 8868 8847 1117 555.444  
2019_10_24_12_11_50_059 1571937110059 8986 8965 902 446.191  
2019_10_24_12_11_50_074 1571937110074 9001 8980 68 35.3272  
2019_10_24_12_11_50_162 1571937110162 9089 9068 168 83.5062  
2019_10_24_12_11_50_175 1571937110175 9102 9081 188 93.1774  
2019_10_24_12_11_50_188 1571937110188 9115 9094 240 118.378  
2019_10_24_12_11_50_210 1571937110210 9137 9116 418 205.247  
2019_10_24_12_11_50_245 1571937110245 9172 9151 214 105.768  
2019_10_24_12_11_50_278 1571937110278 9205 9184 308 151.453  
2019_10_24_12_11_50_300 1571937110300 9227 9206 397 194.95  
2019_10_24_12_11_50_335 1571937110335 9262 9241 402 197.4  
2019_10_24_12_11_50_426 1571937110426 9353 9332 204 100.923  
2019_10_24_12_11_50_485 1571937110485 9412 9391 841 415.442  
2019_10_24_12_11_50_497 1571937110497 9424 9403 438 215.066  
2019_10_24_12_11_50_508 1571937110508 9435 9414 211 104.314  
2019_10_24_12_11_50_520 1571937110520 9447 9426 968 479.583  
2019_10_24_12_11_50_525 1571937110525 9452 9431 139 69.5038  
2019_10_24_12_11_50_549 1571937110549 9476 9454 728 358.773  
2019_10_24_12_11_50_550 1571937110550 9477 9455 1170 582.586  
2019_10_24_12_11_50_554 1571937110554 9481 9459 4095 2209.31  
2019_10_24_12_11_50_565 1571937110565 9492 9470 425 208.683  
2019_10_24_12_11_50_590 1571937110590 9517 9495 677 333.32  
2019_10_24_12_11_50_625 1571937110625 9552 9530 331 162.672  
2019_10_24_12_11_50_666 1571937110666 9593 9571 105 53.119  
2019_10_24_12_11_50_675 1571937110675 9602 9580 1353 676.941  
2019_10_24_12_11_50_689 1571937110689 9616 9594 172 85.4395  
2019_10_24_12_11_50_695 1571937110695 9622 9600 431 211.628  
2019_10_24_12_11_50_770 1571937110770 9697 9675 200 98.9859  
2019_10_24_12_11_50_785 1571937110785 9712 9690 4095 2209.31  
2019_10_24_12_11_50_830 1571937110830 9757 9735 553 271.756  
2019_10_24_12_11_50_873 1571937110873 9800 9778 355 174.394  
2019_10_24_12_11_50_874 1571937110874 9801 9779 194 96.0811  
2019_10_24_12_11_50_916 1571937110916 9843 9821 462 226.865  
2019_10_24_12_11_50_918 1571937110918 9845 9823 266 131.008  
2019_10_24_12_11_50_952 1571937110952 9879 9856 286 140.738  
2019_10_24_12_11_50_978 1571937110978 9905 9882 294 144.633  
2019_10_24_12_11_51_030 1571937111030 9957 9934 876 433.071  
2019_10_24_12_11_51_052 1571937111052 9979 9956 241 118.864  
2019_10_24_12_11_51_063 1571937111063 9990 9967 188 93.1774  
2019_10_24_12_11_51_108 1571937111108 10035 10012 197 97.5334  
2019_10_24_12_11_51_156 1571937111156 10083 10060 72 37.2487  
2019_10_24_12_11_51_164 1571937111164 10091 10068 191 94.6291  
2019_10_24_12_11_51_301 1571937111301 10228 10205 765 377.287  
2019_10_24_12_11_51_361 1571937111361 10288 10265 819 404.38  
2019_10_24_12_11_51_371 1571937111371 10298 10275 273 134.412  
2019_10_24_12_11_51_373 1571937111373 10300 10277 245 120.805  
2019_10_24_12_11_51_412 1571937111412 10339 10316 97 49.2687  
2019_10_24_12_11_51_420 1571937111420 10347 10324 247 121.777  
2019_10_24_12_11_51_435 1571937111435 10362 10339 502 246.567  
2019_10_24_12_11_51_462 1571937111462 10389 10366 178 88.3403  
2019_10_24_12_11_51_463 1571937111463 10390 10367 122 61.3071  
2019_10_24_12_11_51_535 1571937111535 10462 10438 476 233.755  
2019_10_24_12_11_51_609 1571937111609 10536 10512 526 258.411  
2019_10_24_12_11_51_626 1571937111626 10553 10529 3797 2032.01  
2019_10_24_12_11_51_633 1571937111633 10560 10536 223 110.131  
2019_10_24_12_11_51_634 1571937111634 10561 10537 196 97.0493  
2019_10_24_12_11_51_645 1571937111645 10572 10548 424 208.192  
2019_10_24_12_11_51_701 1571937111701 10628 10604 150 74.8121  
2019_10_24_12_11_51_778 1571937111778 10705 10681 4095 2209.31  
2019_10_24_12_11_51_834 1571937111834 10761 10737 337 165.601  
2019_10_24_12_11_51_888 1571937111888 10815 10791 89 45.4203  
2019_10_24_12_11_52_076 1571937112076 11003 10979 267 131.495  
2019_10_24_12_11_52_146 1571937112146 11073 11049 246 121.291  
2019_10_24_12_11_52_168 1571937112168 11095 11071 488 239.666  
2019_10_24_12_11_52_233 1571937112233 11160 11136 156 77.7091  
2019_10_24_12_11_52_309 1571937112309 11236 11212 179 88.8239  
2019_10_24_12_11_52_346 1571937112346 11273 11249 264 130.036  
2019_10_24_12_11_52_366 1571937112366 11293 11269 2493 1287.03  
2019_10_24_12_11_52_407 1571937112407 11334 11309 89 45.4203  
2019_10_24_12_11_52_423 1571937112423 11350 11325 652 320.872  
2019_10_24_12_11_52_426 1571937112426 11353 11328 237 116.922  
2019_10_24_12_11_52_447 1571937112447 11374 11349 334 164.136  
2019_10_24_12_11_52_449 1571937112449 11376 11351 485 238.188  
2019_10_24_12_11_52_572 1571937112572 11499 11474 265 130.522  
2019_10_24_12_11_52_609 1571937112609 11536 11511 108 54.5633  
2019_10_24_12_11_52_621 1571937112621 11548 11523 405 198.871  
2019_10_24_12_11_52_637 1571937112637 11564 11539 103 52.1562  
2019_10_24_12_11_52_652 1571937112652 11579 11554 243 119.834  
2019_10_24_12_11_52_695 1571937112695 11622 11597 469 230.309  
2019_10_24_12_11_52_709 1571937112709 11636 11611 354 173.906  
2019_10_24_12_11_52_754 1571937112754 11681 11656 459 225.389  
2019_10_24_12_11_52_815 1571937112815 11742 11717 910 450.231  
2019_10_24_12_11_52_853 1571937112853 11780 11755 353 173.417  
2019_10_24_12_11_52_879 1571937112879 11806 11781 225 111.1  
2019_10_24_12_11_52_919 1571937112919 11846 11821 4095 2209.31  
2019_10_24_12_11_52_971 1571937112971 11898 11873 896 443.161  
2019_10_24_12_11_52_997 1571937112997 11924 11898 160 79.641  
2019_10_24_12_11_53_017 1571937113017 11944 11918 185 91.726  
2019_10_24_12_11_53_107 1571937113107 12034 12008 554 272.251  
2019_10_24_12_11_53_117 1571937113117 12044 12018 171 84.9561  
2019_10_24_12_11_53_139 1571937113139 12066 12040 938 464.389  
2019_10_24_12_11_53_141 1571937113141 12068 12042 133 66.6099  
2019_10_24_12_11_53_143 1571937113143 12070 12044 130 65.1633  
2019_10_24_12_11_53_167 1571937113167 12094 12068 233 114.981  
2019_10_24_12_11_53_302 1571937113302 12229 12203 456 223.914  
2019_10_24_12_11_53_422 1571937113422 12349 12323 625 307.448  
2019_10_24_12_11_53_455 1571937113455 12382 12356 274 134.899  
2019_10_24_12_11_53_480 1571937113480 12407 12381 318 156.329  
2019_10_24_12_11_53_505 1571937113505 12432 12406 247 121.777  
2019_10_24_12_11_53_523 1571937113523 12450 12424 167 83.0229  
2019_10_24_12_11_53_531 1571937113531 12458 12432 468 229.817  
2019_10_24_12_11_53_637 1571937113637 12564 12538 533 261.869  
2019_10_24_12_11_53_660 1571937113660 12587 12561 222 109.646  
2019_10_24_12_11_53_750 1571937113750 12677 12650 199 98.5017  
2019_10_24_12_11_53_815 1571937113815 12742 12715 1214 605.182  
2019_10_24_12_11_53_904 1571937113904 12831 12804 469 230.309  
2019_10_24_12_11_53_949 1571937113949 12876 12849 312 153.403  
2019_10_24_12_11_53_959 1571937113959 12886 12859 311 152.916  
2019_10_24_12_11_54_017 1571937114017 12944 12917 68 35.3272  
2019_10_24_12_11_54_103 1571937114103 13030 13003 240 118.378  
2019_10_24_12_11_54_110 1571937114110 13037 13010 4095 2209.31  
2019_10_24_12_11_54_116 1571937114116 13043 13016 4095 2209.31  
2019_10_24_12_11_54_164 1571937114164 13091 13064 1348 674.35  
2019_10_24_12_11_54_183 1571937114183 13110 13083 605 297.518  
2019_10_24_12_11_54_188 1571937114188 13115 13088 154 76.7433  
2019_10_24_12_11_54_195 1571937114195 13122 13095 321 157.792  
2019_10_24_12_11_54_227 1571937114227 13154 13127 84 43.016  
2019_10_24_12_11_54_239 1571937114239 13166 13139 129 64.6812  
2019_10_24_12_11_54_261 1571937114261 13188 13161 154 76.7433  
2019_10_24_12_11_54_313 1571937114313 13240 13213 80 41.0931  
2019_10_24_12_11_54_331 1571937114331 13258 13230 767 378.289  
2019_10_24_12_11_54_365 1571937114365 13292 13264 155 77.2262  
2019_10_24_12_11_54_408 1571937114408 13335 13307 104 52.6376  
2019_10_24_12_11_54_563 1571937114563 13490 13462 1645 829.548  
2019_10_24_12_11_54_567 1571937114567 13494 13466 1323 661.405  
2019_10_24_12_11_54_633 1571937114633 13560 13532 410 201.323  
2019_10_24_12_11_54_652 1571937114652 13579 13551 282 138.791  
2019_10_24_12_11_54_688 1571937114688 13615 13587 146 72.8814  
2019_10_24_12_11_54_716 1571937114716 13643 13615 1080 536.544  
2019_10_24_12_11_54_721 1571937114721 13648 13620 317 155.841  
2019_10_24_12_11_54_728 1571937114728 13655 13627 266 131.008  
2019_10_24_12_11_54_760 1571937114760 13687 13659 153 76.2605  
2019_10_24_12_11_54_791 1571937114791 13718 13690 138 69.0214  
2019_10_24_12_11_54_862 1571937114862 13789 13761 447 219.489  
2019_10_24_12_11_54_905 1571937114905 13832 13804 172 85.4395  
2019_10_24_12_11_54_974 1571937114974 13901 13873 148 73.8467  
2019_10_24_12_11_55_086 1571937115086 14013 13985 328 161.208  
2019_10_24_12_11_55_101 1571937115101 14028 13999 181 89.7911  
2019_10_24_12_11_55_110 1571937115110 14037 14008 339 166.577  
2019_10_24_12_11_55_181 1571937115181 14108 14079 102 51.6749  
2019_10_24_12_11_55_350 1571937115350 14277 14248 476 233.755  
2019_10_24_12_11_55_385 1571937115385 14312 14283 341 167.554  
2019_10_24_12_11_55_402 1571937115402 14329 14300 171 84.9561  
2019_10_24_12_11_55_411 1571937115411 14338 14309 187 92.6936  
2019_10_24_12_11_55_440 1571937115440 14367 14338 86 43.9776  
2019_10_24_12_11_55_468 1571937115468 14395 14366 213 105.283  
2019_10_24_12_11_55_556 1571937115556 14483 14454 274 134.899  
2019_10_24_12_11_55_610 1571937115610 14537 14508 199 98.5017  
2019_10_24_12_11_55_613 1571937115613 14540 14511 347 170.485  
2019_10_24_12_11_55_617 1571937115617 14544 14515 263 129.55  
2019_10_24_12_11_55_634 1571937115634 14561 14532 244 120.32  
2019_10_24_12_11_55_680 1571937115680 14607 14578 738 363.773  
2019_10_24_12_11_55_706 1571937115706 14633 14604 295 145.12  
2019_10_24_12_11_55_716 1571937115716 14643 14614 210 103.829  
2019_10_24_12_11_55_844 1571937115844 14771 14741 105 53.119  
2019_10_24_12_11_55_947 1571937115947 14874 14844 154 76.7433  
2019_10_24_12_11_55_948 1571937115948 14875 14845 657 323.36  
2019_10_24_12_11_55_993 1571937115993 14920 14890 179 88.8239  
2019_10_24_12_11_56_061 1571937116061 14988 14958 466 228.833  
2019_10_24_12_11_56_074 1571937116074 15001 14971 277 136.358  
2019_10_24_12_11_56_162 1571937116162 15089 15059 432 212.119  
2019_10_24_12_11_56_168 1571937116168 15095 15065 432 212.119  
2019_10_24_12_11_56_169 1571937116169 15096 15066 4095 2209.31  
2019_10_24_12_11_56_207 1571937116207 15134 15104 833 411.418  
2019_10_24_12_11_56_215 1571937116215 15142 15112 652 320.872  
2019_10_24_12_11_56_253 1571937116253 15180 15150 281 138.304  
2019_10_24_12_11_56_389 1571937116389 15316 15286 3322 1754.82  
2019_10_24_12_11_56_393 1571937116393 15320 15290 330 162.184  
2019_10_24_12_11_56_445 1571937116445 15372 15342 422 207.21  
2019_10_24_12_11_56_484 1571937116484 15411 15381 319 156.817  
2019_10_24_12_11_56_545 1571937116545 15472 15442 302 148.53  
2019_10_24_12_11_56_546 1571937116546 15473 15443 145 72.3988  
2019_10_24_12_11_56_548 1571937116548 15475 15444 626 307.944  
2019_10_24_12_11_56_639 1571937116639 15566 15535 302 148.53  
2019_10_24_12_11_56_777 1571937116777 15704 15673 537 263.845  
2019_10_24_12_11_56_784 1571937116784 15711 15680 117 58.898  
2019_10_24_12_11_56_785 1571937116785 15712 15681 212 104.799  
2019_10_24_12_11_56_795 1571937116795 15722 15691 281 138.304  
2019_10_24_12_11_56_806 1571937116806 15733 15702 113 56.9711  
2019_10_24_12_11_56_835 1571937116835 15762 15731 223 110.131  
2019_10_24_12_11_56_923 1571937116923 15850 15819 465 228.341  
2019_10_24_12_11_56_966 1571937116966 15893 15862 183 90.7585  
2019_10_24_12_11_57_010 1571937117010 15937 15906 149 74.3294  
2019_10_24_12_11_57_076 1571937117076 16003 15972 301 148.042  
2019_10_24_12_11_57_162 1571937117162 16089 16058 264 130.036  
2019_10_24_12_11_57_166 1571937117166 16093 16062 563 276.704  
2019_10_24_12_11_57_239 1571937117239 16166 16135 194 96.0811  
2019_10_24_12_11_57_244 1571937117244 16171 16140 217 107.222  
2019_10_24_12_11_57_302 1571937117302 16229 16198 170 84.4728  
2019_10_24_12_11_57_306 1571937117306 16233 16201 201 99.4701  
2019_10_24_12_11_57_371 1571937117371 16298 16266 269 132.467  
2019_10_24_12_11_57_429 1571937117429 16356 16324 631 310.429  
2019_10_24_12_11_57_530 1571937117530 16457 16425 622 305.957  
2019_10_24_12_11_57_563 1571937117563 16490 16458 2302 1182.13  
2019_10_24_12_11_57_597 1571937117597 16524 16492 554 272.251  
2019_10_24_12_11_57_643 1571937117643 16570 16538 79 40.6124  
2019_10_24_12_11_57_659 1571937117659 16586 16554 68 35.3272  
2019_10_24_12_11_57_774 1571937117774 16701 16669 465 228.341  
2019_10_24_12_11_57_811 1571937117811 16738 16706 147 73.3641  
2019_10_24_12_11_57_903 1571937117903 16830 16798 509 250.02  
2019_10_24_12_11_57_937 1571937117937 16864 16832 241 118.864  
2019_10_24_12_11_58_050 1571937118050 16977 16945 201 99.4701  
2019_10_24_12_11_58_079 1571937118079 17006 16974 442 217.032  
2019_10_24_12_11_58_133 1571937118133 17060 17028 719 354.276  
2019_10_24_12_11_58_172 1571937118172 17099 17067 4095 2209.31  
2019_10_24_12_11_58_238 1571937118238 17165 17133 1326 662.958  
2019_10_24_12_11_58_259 1571937118259 17186 17153 195 96.5652  
2019_10_24_12_11_58_259 1571937118259 17186 17153 584 287.104  
2019_10_24_12_11_58_279 1571937118279 17206 17173 200 98.9859  
2019_10_24_12_11_58_280 1571937118280 17207 17174 268 131.981  
2019_10_24_12_11_58_319 1571937118319 17246 17213 833 411.418  
2019_10_24_12_11_58_332 1571937118332 17259 17226 251 123.719  
2019_10_24_12_11_58_361 1571937118361 17288 17255 531 260.881  
2019_10_24_12_11_58_383 1571937118383 17310 17277 136 68.0567  
2019_10_24_12_11_58_422 1571937118422 17349 17316 164 81.5733  
2019_10_24_12_11_58_473 1571937118473 17400 17367 347 170.485  
2019_10_24_12_11_58_587 1571937118587 17514 17481 474 232.771  
2019_10_24_12_11_58_618 1571937118618 17545 17512 4095 2209.31  
2019_10_24_12_11_58_640 1571937118640 17567 17534 592 291.07  
2019_10_24_12_11_58_656 1571937118656 17583 17550 654 321.867  
2019_10_24_12_11_58_688 1571937118688 17615 17582 384 188.582  
2019_10_24_12_11_58_702 1571937118702 17629 17596 515 252.98  
2019_10_24_12_11_58_785 1571937118785 17712 17679 110 55.5264  
2019_10_24_12_11_58_796 1571937118796 17723 17689 1266 631.96  
2019_10_24_12_11_58_811 1571937118811 17738 17704 960 475.529  
2019_10_24_12_11_58_812 1571937118812 17739 17705 219 108.191  
2019_10_24_12_11_58_854 1571937118854 17781 17747 179 88.8239  
2019_10_24_12_11_58_968 1571937118968 17895 17861 282 138.791  
2019_10_24_12_11_59_009 1571937119009 17936 17902 1090 541.648  
2019_10_24_12_11_59_026 1571937119026 17953 17919 264 130.036  
2019_10_24_12_11_59_041 1571937119041 17968 17934 615 302.481  
2019_10_24_12_11_59_063 1571937119063 17990 17956 347 170.485  
2019_10_24_12_11_59_077 1571937119077 18004 17970 326 160.232  
2019_10_24_12_11_59_078 1571937119078 18005 17971 121 60.8252  
2019_10_24_12_11_59_092 1571937119092 18019 17985 479 235.233  
2019_10_24_12_11_59_112 1571937119112 18039 18005 165 82.0565  
2019_10_24_12_11_59_121 1571937119121 18048 18014 431 211.628  
2019_10_24_12_11_59_124 1571937119124 18051 18017 2708 1406.4  
2019_10_24_12_11_59_136 1571937119136 18063 18029 248 122.262  
2019_10_24_12_11_59_213 1571937119213 18140 18106 296 145.607  
2019_10_24_12_11_59_215 1571937119215 18142 18107 127 63.717  
2019_10_24_12_11_59_234 1571937119234 18161 18126 465 228.341  
2019_10_24_12_11_59_323 1571937119323 18250 18215 1566 788.012  
2019_10_24_12_11_59_358 1571937119358 18285 18250 222 109.646  
2019_10_24_12_11_59_360 1571937119360 18287 18252 474 232.771  
2019_10_24_12_11_59_390 1571937119390 18317 18282 255 125.662  
2019_10_24_12_11_59_494 1571937119494 18421 18386 100 50.7123  
2019_10_24_12_11_59_537 1571937119537 18464 18429 110 55.5264  
2019_10_24_12_11_59_573 1571937119573 18500 18465 92 46.8632  
2019_10_24_12_11_59_589 1571937119589 18516 18481 451 221.455  
2019_10_24_12_11_59_627 1571937119627 18554 18519 295 145.12  
2019_10_24_12_11_59_650 1571937119650 18577 18542 221 109.161  
2019_10_24_12_11_59_653 1571937119653 18580 18545 275 135.385  
2019_10_24_12_11_59_659 1571937119659 18586 18551 567 278.684  
2019_10_24_12_11_59_691 1571937119691 18618 18583 174 86.4063  
2019_10_24_12_11_59_714 1571937119714 18641 18606 269 132.467  
2019_10_24_12_11_59_796 1571937119796 18723 18688 172 85.4395  
2019_10_24_12_11_59_801 1571937119801 18728 18693 213 105.283  
2019_10_24_12_11_59_813 1571937119813 18740 18704 144 71.9162  
2019_10_24_12_11_59_831 1571937119831 18758 18722 980 485.669  
2019_10_24_12_11_59_939 1571937119939 18866 18830 88 44.9393  
2019_10_24_12_11_59_962 1571937119962 18889 18853 299 147.068  
2019_10_24_12_12_00_047 1571937120047 18974 18938 107 54.0818  
2019_10_24_12_12_00_082 1571937120082 19009 18973 357 175.372  
2019_10_24_12_12_00_102 1571937120102 19029 18993 86 43.9776  
2019_10_24_12_12_00_202 1571937120202 19129 19093 1386 694.062  
2019_10_24_12_12_00_235 1571937120235 19162 19126 351 172.439  
2019_10_24_12_12_00_273 1571937120273 19200 19164 151 75.2949  
2019_10_24_12_12_00_311 1571937120311 19238 19202 1324 661.923  
2019_10_24_12_12_00_380 1571937120380 19307 19271 741 365.273  
2019_10_24_12_12_00_406 1571937120406 19333 19297 368 180.751  
2019_10_24_12_12_00_430 1571937120430 19357 19321 427 209.664  
2019_10_24_12_12_00_431 1571937120431 19358 19322 262 129.064  
2019_10_24_12_12_00_432 1571937120432 19359 19323 538 264.339  
2019_10_24_12_12_00_443 1571937120443 19370 19334 4095 2209.31  
2019_10_24_12_12_00_473 1571937120473 19400 19363 598 294.045  
2019_10_24_12_12_00_491 1571937120491 19418 19381 502 246.567  
2019_10_24_12_12_00_540 1571937120540 19467 19430 445 218.506  
2019_10_24_12_12_00_619 1571937120619 19546 19509 86 43.9776  
2019_10_24_12_12_00_708 1571937120708 19635 19598 189 93.6613  
2019_10_24_12_12_00_732 1571937120732 19659 19622 147 73.3641  
2019_10_24_12_12_00_767 1571937120767 19694 19657 228 112.555  
2019_10_24_12_12_00_768 1571937120768 19695 19658 228 112.555  
2019_10_24_12_12_00_801 1571937120801 19728 19691 433 212.611  
2019_10_24_12_12_00_855 1571937120855 19782 19745 208 102.861  
2019_10_24_12_12_00_859 1571937120859 19786 19749 2768 1439.95  
2019_10_24_12_12_00_860 1571937120860 19787 19750 142 70.9512  
2019_10_24_12_12_00_883 1571937120883 19810 19773 177 87.8568  
2019_10_24_12_12_00_884 1571937120884 19811 19774 462 226.865  
2019_10_24_12_12_00_900 1571937120900 19827 19790 92 46.8632  
2019_10_24_12_12_00_906 1571937120906 19833 19796 459 225.389  
2019_10_24_12_12_00_929 1571937120929 19856 19819 224 110.616  
2019_10_24_12_12_00_934 1571937120934 19861 19823 267 131.495  
2019_10_24_12_12_00_952 1571937120952 19879 19841 739 364.273  
2019_10_24_12_12_00_957 1571937120957 19884 19846 498 244.595  
2019_10_24_12_12_01_013 1571937121013 19940 19902 202 99.9544  
2019_10_24_12_12_01_060 1571937121060 19987 19949 247 121.777  
2019_10_24_12_12_01_115 1571937121115 20042 20004 236 116.437  
2019_10_24_12_12_01_148 1571937121148 20075 20037 385 189.072  
2019_10_24_12_12_01_177 1571937121177 20104 20066 277 136.358  
2019_10_24_12_12_01_182 1571937121182 20109 20071 166 82.5397  
2019_10_24_12_12_01_282 1571937121282 20209 20171 148 73.8467  
2019_10_24_12_12_01_344 1571937121344 20271 20233 529 259.893  
2019_10_24_12_12_01_378 1571937121378 20305 20267 237 116.922  
2019_10_24_12_12_01_450 1571937121450 20377 20339 204 100.923  
2019_10_24_12_12_01_452 1571937121452 20379 20341 284 139.764  
2019_10_24_12_12_01_453 1571937121453 20380 20342 144 71.9162  
2019_10_24_12_12_01_463 1571937121463 20390 20352 95 48.3064  
2019_10_24_12_12_01_548 1571937121548 20475 20437 103 52.1562  
2019_10_24_12_12_01_568 1571937121568 20495 20456 542 266.317  
2019_10_24_12_12_01_571 1571937121571 20498 20459 386 189.561  
2019_10_24_12_12_01_636 1571937121636 20563 20524 465 228.341  
2019_10_24_12_12_01_646 1571937121646 20573 20534 164 81.5733  
2019_10_24_12_12_01_710 1571937121710 20637 20598 238 117.407  
2019_10_24_12_12_01_765 1571937121765 20692 20653 394 193.48  
2019_10_24_12_12_01_782 1571937121782 20709 20670 344 169.019  
2019_10_24_12_12_01_917 1571937121917 20844 20805 385 189.072  
2019_10_24_12_12_01_920 1571937121920 20847 20808 375 184.176  
2019_10_24_12_12_01_921 1571937121921 20848 20809 3641 1940.24  
2019_10_24_12_12_01_941 1571937121941 20868 20829 327 160.72  
2019_10_24_12_12_01_971 1571937121971 20898 20859 153 76.2605  
2019_10_24_12_12_01_992 1571937121992 20919 20880 303 149.017  
2019_10_24_12_12_01_997 1571937121997 20924 20885 217 107.222  
2019_10_24_12_12_02_051 1571937122051 20978 20939 801 395.339  
2019_10_24_12_12_02_087 1571937122087 21014 20975 2675 1387.99  
2019_10_24_12_12_02_117 1571937122117 21044 21005 244 120.32  
2019_10_24_12_12_02_137 1571937122137 21064 21024 372 182.708  
2019_10_24_12_12_02_168 1571937122168 21095 21055 98 49.7499  
2019_10_24_12_12_02_188 1571937122188 21115 21075 163 81.0902  
2019_10_24_12_12_02_197 1571937122197 21124 21084 248 122.262  
2019_10_24_12_12_02_260 1571937122260 21187 21147 151 75.2949  
2019_10_24_12_12_02_292 1571937122292 21219 21179 126 63.235  
2019_10_24_12_12_02_376 1571937122376 21303 21263 581 285.618  
2019_10_24_12_12_02_433 1571937122433 21360 21320 226 111.585  
2019_10_24_12_12_02_439 1571937122439 21366 21326 268 131.981  
2019_10_24_12_12_02_454 1571937122454 21381 21341 259 127.606  
2019_10_24_12_12_02_456 1571937122456 21383 21343 626 307.944  
2019_10_24_12_12_02_464 1571937122464 21391 21351 198 98.0175  
2019_10_24_12_12_02_481 1571937122481 21408 21368 1648 831.129  
2019_10_24_12_12_02_524 1571937122524 21451 21411 222 109.646  
2019_10_24_12_12_02_533 1571937122533 21460 21420 292 143.659  
2019_10_24_12_12_02_536 1571937122536 21463 21423 46 24.7675  
2019_10_24_12_12_02_549 1571937122549 21476 21436 185 91.726  
2019_10_24_12_12_02_641 1571937122641 21568 21528 147 73.3641  
2019_10_24_12_12_02_657 1571937122657 21584 21543 616 302.978  
2019_10_24_12_12_02_767 1571937122767 21694 21653 287 141.224  
2019_10_24_12_12_02_785 1571937122785 21712 21671 215 106.252  
2019_10_24_12_12_02_787 1571937122787 21714 21673 350 171.951  
2019_10_24_12_12_02_833 1571937122833 21760 21719 709 349.282  
2019_10_24_12_12_02_834 1571937122834 21761 21720 241 118.864  
2019_10_24_12_12_02_862 1571937122862 21789 21748 159 79.1579  
2019_10_24_12_12_02_889 1571937122889 21816 21775 714 351.778  
2019_10_24_12_12_02_921 1571937122921 21848 21807 196 97.0493  
2019_10_24_12_12_02_980 1571937122980 21907 21866 186 92.2098  
2019_10_24_12_12_02_991 1571937122991 21918 21877 161 80.124  
2019_10_24_12_12_03_058 1571937123058 21985 21944 167 83.0229  
2019_10_24_12_12_03_152 1571937123152 22079 22038 578 284.132  
2019_10_24_12_12_03_183 1571937123183 22110 22069 241 118.864  
2019_10_24_12_12_03_186 1571937123186 22113 22072 162 80.6071  
2019_10_24_12_12_03_195 1571937123195 22122 22081 205 101.407  
2019_10_24_12_12_03_222 1571937123222 22149 22108 353 173.417  
2019_10_24_12_12_03_254 1571937123254 22181 22139 448 219.98  
2019_10_24_12_12_03_256 1571937123256 22183 22141 311 152.916  
2019_10_24_12_12_03_307 1571937123307 22234 22192 248 122.262  
2019_10_24_12_12_03_360 1571937123360 22287 22245 553 271.756  
2019_10_24_12_12_03_379 1571937123379 22306 22264 142 70.9512  
2019_10_24_12_12_03_386 1571937123386 22313 22271 211 104.314  
2019_10_24_12_12_03_421 1571937123421 22348 22306 409 200.833  
2019_10_24_12_12_03_451 1571937123451 22378 22336 297 146.094  
2019_10_24_12_12_03_478 1571937123478 22405 22363 270 132.953  
2019_10_24_12_12_03_498 1571937123498 22425 22383 377 185.155  
2019_10_24_12_12_03_844 1571937123844 22771 22729 175 86.8898  
2019_10_24_12_12_03_915 1571937123915 22842 22800 354 173.906  
2019_10_24_12_12_04_016 1571937124016 22943 22901 350 171.951  
2019_10_24_12_12_04_055 1571937124055 22982 22940 1130 562.093  
2019_10_24_12_12_04_101 1571937124101 23028 22986 643 316.394  
2019_10_24_12_12_04_147 1571937124147 23074 23032 202 99.9544  
2019_10_24_12_12_04_158 1571937124158 23085 23043 160 79.641  
2019_10_24_12_12_04_182 1571937124182 23109 23066 187 92.6936  
2019_10_24_12_12_04_216 1571937124216 23143 23100 158 78.675  
2019_10_24_12_12_04_229 1571937124229 23156 23113 527 258.905  
2019_10_24_12_12_04_274 1571937124274 23201 23158 157 78.192  
2019_10_24_12_12_04_302 1571937124302 23229 23186 68 35.3272  
2019_10_24_12_12_04_324 1571937124324 23251 23208 724 356.774  
2019_10_24_12_12_04_337 1571937124337 23264 23221 189 93.6613  
2019_10_24_12_12_04_348 1571937124348 23275 23232 91 46.3822  
2019_10_24_12_12_04_361 1571937124361 23288 23245 535 262.857  
2019_10_24_12_12_04_405 1571937124405 23332 23289 307 150.966  
2019_10_24_12_12_04_528 1571937124528 23455 23412 368 180.751  
2019_10_24_12_12_04_589 1571937124589 23516 23473 325 159.744  
2019_10_24_12_12_04_721 1571937124721 23648 23605 323 158.768  
2019_10_24_12_12_04_743 1571937124743 23670 23627 191 94.6291  
2019_10_24_12_12_04_746 1571937124746 23673 23630 2698 1400.82  
2019_10_24_12_12_04_780 1571937124780 23707 23664 256 126.148  
2019_10_24_12_12_04_854 1571937124854 23781 23738 234 115.466  
2019_10_24_12_12_04_914 1571937124914 23841 23797 485 238.188  
2019_10_24_12_12_04_917 1571937124917 23844 23800 222 109.646  
2019_10_24_12_12_04_939 1571937124939 23866 23822 691 340.3  
2019_10_24_12_12_04_962 1571937124962 23889 23845 187 92.6936  
2019_10_24_12_12_04_977 1571937124977 23904 23860 459 225.389  
2019_10_24_12_12_04_990 1571937124990 23917 23873 171 84.9561  
2019_10_24_12_12_05_001 1571937125001 23928 23884 2442 1258.92  
2019_10_24_12_12_05_015 1571937125015 23942 23898 214 105.768  
2019_10_24_12_12_05_068 1571937125068 23995 23951 174 86.4063  
2019_10_24_12_12_05_087 1571937125087 24014 23970 586 288.096  
2019_10_24_12_12_05_102 1571937125102 24029 23985 274 134.899  
2019_10_24_12_12_05_105 1571937125105 24032 23988 421 206.719  
2019_10_24_12_12_05_113 1571937125113 24040 23996 187 92.6936  
2019_10_24_12_12_05_119 1571937125119 24046 24002 385 189.072  
2019_10_24_12_12_05_259 1571937125259 24186 24142 754 371.779  
2019_10_24_12_12_05_260 1571937125260 24187 24143 232 114.496  
2019_10_24_12_12_05_342 1571937125342 24269 24225 207 102.376  
2019_10_24_12_12_05_369 1571937125369 24296 24251 395 193.97  
2019_10_24_12_12_05_375 1571937125375 24302 24257 93 47.3442  
2019_10_24_12_12_05_404 1571937125404 24331 24286 349 171.462  
2019_10_24_12_12_05_434 1571937125434 24361 24316 369 181.24  
2019_10_24_12_12_05_435 1571937125435 24362 24317 356 174.883  
2019_10_24_12_12_05_437 1571937125437 24364 24319 140 69.9862  
2019_10_24_12_12_05_439 1571937125439 24366 24321 284 139.764  
2019_10_24_12_12_05_520 1571937125520 24447 24402 1064 528.384  
2019_10_24_12_12_05_532 1571937125532 24459 24414 209 103.345  
2019_10_24_12_12_05_587 1571937125587 24514 24469 1323 661.405  
2019_10_24_12_12_05_849 1571937125849 24776 24731 217 107.222  
2019_10_24_12_12_05_850 1571937125850 24777 24732 747 368.275  
2019_10_24_12_12_05_851 1571937125851 24778 24733 673 331.327  
2019_10_24_12_12_05_851 1571937125851 24778 24733 220 108.676  
2019_10_24_12_12_05_851 1571937125851 24778 24733 189 93.6613  
2019_10_24_12_12_05_854 1571937125854 24781 24736 175 86.8898  
2019_10_24_12_12_05_855 1571937125855 24782 24737 297 146.094  
2019_10_24_12_12_05_875 1571937125875 24802 24757 133 66.6099  
2019_10_24_12_12_05_902 1571937125902 24829 24783 505 248.047  
2019_10_24_12_12_05_945 1571937125945 24872 24826 239 117.893  
2019_10_24_12_12_05_962 1571937125962 24889 24843 317 155.841  
2019_10_24_12_12_06_023 1571937126023 24950 24904 652 320.872  
2019_10_24_12_12_06_045 1571937126045 24972 24926 206 101.892  
2019_10_24_12_12_06_085 1571937126085 25012 24966 158 78.675  
2019_10_24_12_12_06_117 1571937126117 25044 24998 425 208.683  
2019_10_24_12_12_06_137 1571937126137 25064 25018 565 277.694  
2019_10_24_12_12_06_138 1571937126138 25065 25019 1969 1001.83  
2019_10_24_12_12_06_185 1571937126185 25112 25066 195 96.5652  
2019_10_24_12_12_06_220 1571937126220 25147 25101 330 162.184  
2019_10_24_12_12_06_268 1571937126268 25195 25149 77 39.6512  
2019_10_24_12_12_06_280 1571937126280 25207 25161 519 254.955  
2019_10_24_12_12_06_310 1571937126310 25237 25191 398 195.44  
2019_10_24_12_12_06_315 1571937126315 25242 25196 62 32.4459  
2019_10_24_12_12_06_316 1571937126316 25243 25197 161 80.124  
2019_10_24_12_12_06_328 1571937126328 25255 25209 201 99.4701  
2019_10_24_12_12_06_371 1571937126371 25298 25251 489 240.159  
2019_10_24_12_12_06_449 1571937126449 25376 25329 577 283.636  
2019_10_24_12_12_06_452 1571937126452 25379 25332 531 260.881  
2019_10_24_12_12_06_458 1571937126458 25385 25338 330 162.184  
2019_10_24_12_12_06_474 1571937126474 25401 25354 94 47.8253  
2019_10_24_12_12_06_509 1571937126509 25436 25389 331 162.672  
2019_10_24_12_12_06_527 1571937126527 25454 25407 328 161.208  
2019_10_24_12_12_06_574 1571937126574 25501 25454 251 123.719  
2019_10_24_12_12_06_580 1571937126580 25507 25460 121 60.8252  
2019_10_24_12_12_06_584 1571937126584 25511 25464 298 146.581  
2019_10_24_12_12_06_601 1571937126601 25528 25481 313 153.891  
2019_10_24_12_12_06_624 1571937126624 25551 25504 663 326.347  
2019_10_24_12_12_06_690 1571937126690 25617 25570 187 92.6936  
2019_10_24_12_12_06_726 1571937126726 25653 25606 225 111.1  
2019_10_24_12_12_06_785 1571937126785 25712 25665 133 66.6099  
2019_10_24_12_12_06_809 1571937126809 25736 25689 286 140.738  
2019_10_24_12_12_06_812 1571937126812 25739 25692 365 179.284  
2019_10_24_12_12_06_864 1571937126864 25791 25743 602 296.029  
2019_10_24_12_12_06_889 1571937126889 25816 25768 191 94.6291  
2019_10_24_12_12_06_924 1571937126924 25851 25803 100 50.7123  
2019_10_24_12_12_06_989 1571937126989 25916 25868 295 145.12  
2019_10_24_12_12_06_998 1571937126998 25925 25877 91 46.3822  
2019_10_24_12_12_07_010 1571937127010 25937 25889 409 200.833  
2019_10_24_12_12_07_011 1571937127011 25938 25890 404 198.381  
2019_10_24_12_12_07_102 1571937127102 26029 25981 550 270.272  
2019_10_24_12_12_07_132 1571937127132 26059 26011 269 132.467  
2019_10_24_12_12_07_145 1571937127145 26072 26024 427 209.664  
2019_10_24_12_12_07_149 1571937127149 26076 26028 138 69.0214  
2019_10_24_12_12_07_159 1571937127159 26086 26038 96 48.7875  
2019_10_24_12_12_07_187 1571937127187 26114 26066 389 191.031  
2019_10_24_12_12_07_216 1571937127216 26143 26095 246 121.291  
2019_10_24_12_12_07_242 1571937127242 26169 26121 112 56.4895  
2019_10_24_12_12_07_260 1571937127260 26187 26139 220 108.676  
2019_10_24_12_12_07_272 1571937127272 26199 26151 652 320.872  
2019_10_24_12_12_07_283 1571937127283 26210 26161 726 357.773  
2019_10_24_12_12_07_290 1571937127290 26217 26168 280 137.818  
2019_10_24_12_12_07_320 1571937127320 26247 26198 93 47.3442  
2019_10_24_12_12_07_355 1571937127355 26282 26233 368 180.751  
2019_10_24_12_12_07_362 1571937127362 26289 26240 519 254.955  
2019_10_24_12_12_07_379 1571937127379 26306 26257 307 150.966  
2019_10_24_12_12_07_391 1571937127391 26318 26269 221 109.161  
2019_10_24_12_12_07_401 1571937127401 26328 26279 148 73.8467  
2019_10_24_12_12_07_440 1571937127440 26367 26318 394 193.48  
2019_10_24_12_12_07_453 1571937127453 26380 26331 314 154.378  
2019_10_24_12_12_07_476 1571937127476 26403 26354 187 92.6936  
2019_10_24_12_12_07_482 1571937127482 26409 26360 213 105.283  
2019_10_24_12_12_07_484 1571937127484 26411 26362 265 130.522  
2019_10_24_12_12_07_528 1571937127528 26455 26406 213 105.283  
2019_10_24_12_12_07_540 1571937127540 26467 26418 524 257.423  
2019_10_24_12_12_07_555 1571937127555 26482 26433 116 58.4162  
2019_10_24_12_12_07_559 1571937127559 26486 26437 319 156.817  
2019_10_24_12_12_07_897 1571937127897 26824 26774 115 57.9345  
2019_10_24_12_12_07_898 1571937127898 26825 26775 425 208.683  
2019_10_24_12_12_07_899 1571937127899 26826 26776 659 324.355  
2019_10_24_12_12_07_899 1571937127899 26826 26776 306 150.479  
2019_10_24_12_12_07_899 1571937127899 26826 26776 181 89.7911  
2019_10_24_12_12_07_900 1571937127900 26827 26777 652 320.872  
2019_10_24_12_12_07_900 1571937127900 26827 26777 521 255.942  
2019_10_24_12_12_07_900 1571937127900 26827 26777 458 224.897  
2019_10_24_12_12_07_900 1571937127900 26827 26777 82 42.0545  
2019_10_24_12_12_07_900 1571937127900 26827 26777 103 52.1562  
2019_10_24_12_12_07_950 1571937127950 26877 26827 115 57.9345  
2019_10_24_12_12_07_966 1571937127966 26893 26843 207 102.376  
2019_10_24_12_12_07_991 1571937127991 26918 26868 133 66.6099  
2019_10_24_12_12_08_076 1571937128076 27003 26953 173 85.9229  
2019_10_24_12_12_08_084 1571937128084 27011 26961 140 69.9862  
2019_10_24_12_12_08_113 1571937128113 27040 26990 206 101.892  
2019_10_24_12_12_08_140 1571937128140 27067 27017 125 62.753  
2019_10_24_12_12_08_163 1571937128163 27090 27040 304 149.504  
2019_10_24_12_12_08_174 1571937128174 27101 27050 86 43.9776  
2019_10_24_12_12_08_182 1571937128182 27109 27058 154 76.7433  
2019_10_24_12_12_08_196 1571937128196 27123 27072 636 312.914  
2019_10_24_12_12_08_223 1571937128223 27150 27099 240 118.378  
2019_10_24_12_12_08_258 1571937128258 27185 27134 155 77.2262  
2019_10_24_12_12_08_272 1571937128272 27199 27148 199 98.5017  
2019_10_24_12_12_08_296 1571937128296 27223 27172 245 120.805  
2019_10_24_12_12_08_320 1571937128320 27247 27196 160 79.641  
2019_10_24_12_12_08_351 1571937128351 27278 27227 1477 741.439  
2019_10_24_12_12_08_380 1571937128380 27307 27256 420 206.229  
2019_10_24_12_12_08_417 1571937128417 27344 27293 446 218.997  
2019_10_24_12_12_08_452 1571937128452 27379 27328 300 147.555  
2019_10_24_12_12_08_591 1571937128591 27518 27467 2297 1179.4  
2019_10_24_12_12_08_626 1571937128626 27553 27502 227 112.07  
2019_10_24_12_12_08_642 1571937128642 27569 27518 208 102.861  
2019_10_24_12_12_08_689 1571937128689 27616 27565 776 382.799  
2019_10_24_12_12_08_702 1571937128702 27629 27578 244 120.32  
2019_10_24_12_12_08_760 1571937128760 27687 27635 159 79.1579  
2019_10_24_12_12_08_761 1571937128761 27688 27636 347 170.485  
2019_10_24_12_12_08_770 1571937128770 27697 27645 148 73.8467  
2019_10_24_12_12_08_812 1571937128812 27739 27687 253 124.691  
2019_10_24_12_12_08_831 1571937128831 27758 27706 137 68.5391  
2019_10_24_12_12_08_864 1571937128864 27791 27739 176 87.3733  
2019_10_24_12_12_08_920 1571937128920 27847 27795 203 100.439  
2019_10_24_12_12_09_010 1571937129010 27937 27885 125 62.753  
2019_10_24_12_12_09_065 1571937129065 27992 27940 105 53.119  
2019_10_24_12_12_09_078 1571937129078 28005 27953 418 205.247  
2019_10_24_12_12_09_098 1571937129098 28025 27973 152 75.7777  
2019_10_24_12_12_09_128 1571937129128 28055 28003 261 128.578  
2019_10_24_12_12_09_169 1571937129169 28096 28044 337 165.601  
2019_10_24_12_12_09_199 1571937129199 28126 28074 998 494.804  
2019_10_24_12_12_09_249 1571937129249 28176 28124 226 111.585  
2019_10_24_12_12_09_252 1571937129252 28179 28127 170 84.4728  
2019_10_24_12_12_09_292 1571937129292 28219 28167 190 94.1452  
2019_10_24_12_12_09_345 1571937129345 28272 28219 2447 1261.67  
2019_10_24_12_12_09_405 1571937129405 28332 28279 316 155.354  
2019_10_24_12_12_09_412 1571937129412 28339 28286 2184 1117.87  
2019_10_24_12_12_09_439 1571937129439 28366 28313 179 88.8239  
2019_10_24_12_12_09_450 1571937129450 28377 28324 331 162.672  
2019_10_24_12_12_09_508 1571937129508 28435 28382 380 186.624  
2019_10_24_12_12_09_573 1571937129573 28500 28447 209 103.345  
2019_10_24_12_12_09_624 1571937129624 28551 28498 269 132.467  
2019_10_24_12_12_09_945 1571937129945 28872 28819 248 122.262  
2019_10_24_12_12_09_946 1571937129946 28873 28820 264 130.036  
2019_10_24_12_12_09_947 1571937129947 28874 28821 127 63.717  
2019_10_24_12_12_09_947 1571937129947 28874 28821 257 126.634  
2019_10_24_12_12_09_947 1571937129947 28874 28821 387 190.051  
2019_10_24_12_12_09_947 1571937129947 28874 28821 100 50.7123  
2019_10_24_12_12_09_947 1571937129947 28874 28821 187 92.6936  
2019_10_24_12_12_09_948 1571937129948 28875 28822 264 130.036  
2019_10_24_12_12_09_948 1571937129948 28875 28822 995 493.281  
2019_10_24_12_12_09_972 1571937129972 28899 28845 924 457.307  
2019_10_24_12_12_10_000 1571937130000 28927 28873 781 385.305  
2019_10_24_12_12_10_007 1571937130007 28934 28880 234 115.466  
2019_10_24_12_12_10_034 1571937130034 28961 28907 188 93.1774  
2019_10_24_12_12_10_057 1571937130057 28984 28930 155 77.2262  
2019_10_24_12_12_10_067 1571937130067 28994 28940 144 71.9162  
2019_10_24_12_12_10_089 1571937130089 29016 28962 416 204.266  
2019_10_24_12_12_10_110 1571937130110 29037 28983 243 119.834  
2019_10_24_12_12_10_117 1571937130117 29044 28990 196 97.0493  
2019_10_24_12_12_10_135 1571937130135 29062 29008 102 51.6749  
2019_10_24_12_12_10_180 1571937130180 29107 29053 804 396.845  
2019_10_24_12_12_10_189 1571937130189 29116 29062 163 81.0902  
2019_10_24_12_12_10_275 1571937130275 29202 29148 2277 1168.48  
2019_10_24_12_12_10_336 1571937130336 29263 29209 91 46.3822  
2019_10_24_12_12_10_339 1571937130339 29266 29212 126 63.235  
2019_10_24_12_12_10_342 1571937130342 29269 29215 515 252.98  
2019_10_24_12_12_10_425 1571937130425 29352 29298 825 407.395  
2019_10_24_12_12_10_426 1571937130426 29353 29298 1095 544.201  
2019_10_24_12_12_10_449 1571937130449 29376 29321 182 90.2748  
2019_10_24_12_12_10_507 1571937130507 29434 29379 270 132.953  
2019_10_24_12_12_10_521 1571937130521 29448 29393 292 143.659  
2019_10_24_12_12_10_534 1571937130534 29461 29406 501 246.074  
2019_10_24_12_12_10_541 1571937130541 29468 29413 473 232.278  
2019_10_24_12_12_10_559 1571937130559 29486 29431 466 228.833  
2019_10_24_12_12_10_582 1571937130582 29509 29454 1107 550.332  
2019_10_24_12_12_10_640 1571937130640 29567 29512 222 109.646  
2019_10_24_12_12_10_675 1571937130675 29602 29547 145 72.3988  
2019_10_24_12_12_10_681 1571937130681 29608 29553 1554 781.719  
2019_10_24_12_12_10_783 1571937130783 29710 29655 511 251.007  
2019_10_24_12_12_10_856 1571937130856 29783 29728 164 81.5733  
2019_10_24_12_12_10_907 1571937130907 29834 29779 1162 578.483  
2019_10_24_12_12_10_942 1571937130942 29869 29814 1415 709.133  
2019_10_24_12_12_10_986 1571937130986 29913 29858 1020 505.983  
2019_10_24_12_12_10_995 1571937130995 29922 29867 266 131.008  
2019_10_24_12_12_11_026 1571937131026 29953 29898 95 48.3064  
