1571935478247 2019_10_24_11_44_38_247 2.734449 0.478300  0.000014786
2019_10_24_11_44_38_286 1571935478286 39 38 173 85.9229  
2019_10_24_11_44_38_299 1571935478299 52 51 220 108.676  
2019_10_24_11_44_38_305 1571935478305 58 57 174 86.4063  
2019_10_24_11_44_38_323 1571935478323 76 75 184 91.2422  
2019_10_24_11_44_38_369 1571935478369 122 121 163 81.0902  
2019_10_24_11_44_38_374 1571935478374 127 126 353 173.417  
2019_10_24_11_44_38_430 1571935478430 183 182 372 182.708  
2019_10_24_11_44_38_430 1571935478430 183 182 457 224.406  
2019_10_24_11_44_38_458 1571935478458 211 210 407 199.852  
2019_10_24_11_44_38_476 1571935478476 229 228 609 299.503  
2019_10_24_11_44_38_507 1571935478507 260 259 203 100.439  
2019_10_24_11_44_38_512 1571935478512 265 264 474 232.771  
2019_10_24_11_44_38_549 1571935478549 302 301 140 69.9862  
2019_10_24_11_44_38_554 1571935478554 307 306 2576 1332.95  
2019_10_24_11_44_38_622 1571935478622 375 374 313 153.891  
2019_10_24_11_44_38_657 1571935478657 410 409 166 82.5397  
2019_10_24_11_44_38_658 1571935478658 411 410 115 57.9345  
2019_10_24_11_44_38_683 1571935478683 436 434 479 235.233  
2019_10_24_11_44_38_778 1571935478778 531 529 1224 610.325  
2019_10_24_11_44_38_810 1571935478810 563 561 502 246.567  
2019_10_24_11_44_38_859 1571935478859 612 610 259 127.606  
2019_10_24_11_44_38_889 1571935478889 642 640 70 36.2879  
2019_10_24_11_44_38_911 1571935478911 664 662 1246 621.651  
2019_10_24_11_44_38_945 1571935478945 698 696 112 56.4895  
2019_10_24_11_44_38_961 1571935478961 714 712 907 448.716  
2019_10_24_11_44_38_987 1571935478987 740 738 789 389.318  
2019_10_24_11_44_39_018 1571935479018 771 769 208 102.861  
2019_10_24_11_44_39_037 1571935479037 790 788 1284 641.248  
2019_10_24_11_44_39_084 1571935479084 837 835 489 240.159  
2019_10_24_11_44_39_088 1571935479088 841 839 256 126.148  
2019_10_24_11_44_39_090 1571935479090 843 841 215 106.252  
2019_10_24_11_44_39_095 1571935479095 848 846 154 76.7433  
2019_10_24_11_44_39_304 1571935479304 1057 1055 106 53.6004  
2019_10_24_11_44_39_328 1571935479328 1081 1079 500 245.581  
2019_10_24_11_44_39_349 1571935479349 1102 1099 521 255.942  
2019_10_24_11_44_39_368 1571935479368 1121 1118 1074 533.484  
2019_10_24_11_44_39_369 1571935479369 1122 1119 153 76.2605  
2019_10_24_11_44_39_396 1571935479396 1149 1146 108 54.5633  
2019_10_24_11_44_39_450 1571935479450 1203 1200 634 311.92  
2019_10_24_11_44_39_515 1571935479515 1268 1265 180 89.3075  
2019_10_24_11_44_39_552 1571935479552 1305 1302 4095 2209.31  
2019_10_24_11_44_39_572 1571935479572 1325 1322 336 165.112  
2019_10_24_11_44_39_574 1571935479574 1327 1324 2241 1148.86  
2019_10_24_11_44_39_597 1571935479597 1350 1347 557 273.735  
2019_10_24_11_44_39_611 1571935479611 1364 1361 657 323.36  
2019_10_24_11_44_39_698 1571935479698 1451 1448 1228 612.383  
2019_10_24_11_44_39_717 1571935479717 1470 1467 170 84.4728  
2019_10_24_11_44_39_718 1571935479718 1471 1468 1014 502.933  
2019_10_24_11_44_39_724 1571935479724 1477 1474 254 125.177  
2019_10_24_11_44_39_731 1571935479731 1484 1481 572 281.16  
2019_10_24_11_44_39_748 1571935479748 1501 1498 656 322.862  
2019_10_24_11_44_39_750 1571935479750 1503 1499 165 82.0565  
2019_10_24_11_44_39_786 1571935479786 1539 1535 355 174.394  
2019_10_24_11_44_39_791 1571935479791 1544 1540 255 125.662  
2019_10_24_11_44_39_802 1571935479802 1555 1551 350 171.951  
2019_10_24_11_44_39_824 1571935479824 1577 1573 625 307.448  
2019_10_24_11_44_39_875 1571935479875 1628 1624 194 96.0811  
2019_10_24_11_44_39_888 1571935479888 1641 1637 826 407.898  
2019_10_24_11_44_39_918 1571935479918 1671 1667 408 200.342  
2019_10_24_11_44_39_928 1571935479928 1681 1677 591 290.574  
2019_10_24_11_44_39_966 1571935479966 1719 1715 281 138.304  
2019_10_24_11_44_40_078 1571935480078 1831 1827 378 185.644  
2019_10_24_11_44_40_081 1571935480081 1834 1830 513 251.993  
2019_10_24_11_44_40_156 1571935480156 1909 1905 90 45.9012  
2019_10_24_11_44_40_487 1571935480487 2240 2236 404 198.381  
2019_10_24_11_44_40_488 1571935480488 2241 2237 161 80.124  
2019_10_24_11_44_40_489 1571935480489 2242 2238 718 353.776  
2019_10_24_11_44_40_489 1571935480489 2242 2238 181 89.7911  
2019_10_24_11_44_40_489 1571935480489 2242 2237 270 132.953  
2019_10_24_11_44_40_490 1571935480490 2243 2238 480 235.725  
2019_10_24_11_44_40_490 1571935480490 2243 2238 333 163.648  
2019_10_24_11_44_40_490 1571935480490 2243 2238 203 100.439  
2019_10_24_11_44_40_490 1571935480490 2243 2238 360 176.839  
2019_10_24_11_44_40_490 1571935480490 2243 2238 482 236.71  
2019_10_24_11_44_40_540 1571935480540 2293 2288 259 127.606  
2019_10_24_11_44_40_550 1571935480550 2303 2298 296 145.607  
2019_10_24_11_44_40_565 1571935480565 2318 2313 298 146.581  
2019_10_24_11_44_40_568 1571935480568 2321 2316 1370 685.757  
2019_10_24_11_44_40_585 1571935480585 2338 2333 299 147.068  
2019_10_24_11_44_40_598 1571935480598 2351 2346 4095 2209.31  
2019_10_24_11_44_40_608 1571935480608 2361 2356 1966 1000.22  
2019_10_24_11_44_40_645 1571935480645 2398 2393 137 68.5391  
2019_10_24_11_44_40_650 1571935480650 2403 2398 1511 759.203  
2019_10_24_11_44_40_706 1571935480706 2459 2454 229 113.041  
2019_10_24_11_44_40_710 1571935480710 2463 2458 111 56.0079  
2019_10_24_11_44_40_716 1571935480716 2469 2464 310 152.428  
2019_10_24_11_44_40_796 1571935480796 2549 2543 696 342.794  
2019_10_24_11_44_40_800 1571935480800 2553 2547 107 54.0818  
2019_10_24_11_44_40_821 1571935480821 2574 2568 415 203.775  
2019_10_24_11_44_40_867 1571935480867 2620 2614 102 51.6749  
2019_10_24_11_44_40_873 1571935480873 2626 2620 305 149.991  
2019_10_24_11_44_40_969 1571935480969 2722 2716 634 311.92  
2019_10_24_11_44_40_999 1571935480999 2752 2746 119 59.8615  
2019_10_24_11_44_41_013 1571935481013 2766 2760 141 70.4687  
2019_10_24_11_44_41_064 1571935481064 2817 2811 115 57.9345  
2019_10_24_11_44_41_075 1571935481075 2828 2822 183 90.7585  
2019_10_24_11_44_41_091 1571935481091 2844 2838 153 76.2605  
2019_10_24_11_44_41_147 1571935481147 2900 2894 542 266.317  
2019_10_24_11_44_41_167 1571935481167 2920 2914 276 135.872  
2019_10_24_11_44_41_177 1571935481177 2930 2924 596 293.053  
2019_10_24_11_44_41_205 1571935481205 2958 2952 434 213.102  
2019_10_24_11_44_41_213 1571935481213 2966 2960 168 83.5062  
2019_10_24_11_44_41_224 1571935481224 2977 2971 256 126.148  
2019_10_24_11_44_41_265 1571935481265 3018 3011 490 240.651  
2019_10_24_11_44_41_291 1571935481291 3044 3037 177 87.8568  
2019_10_24_11_44_41_306 1571935481306 3059 3052 595 292.557  
2019_10_24_11_44_41_312 1571935481312 3065 3058 306 150.479  
2019_10_24_11_44_41_386 1571935481386 3139 3132 514 252.487  
2019_10_24_11_44_41_411 1571935481411 3164 3157 548 269.283  
2019_10_24_11_44_41_433 1571935481433 3186 3179 1518 762.865  
2019_10_24_11_44_41_457 1571935481457 3210 3203 937 463.883  
2019_10_24_11_44_41_461 1571935481461 3214 3207 388 190.541  
2019_10_24_11_44_41_471 1571935481471 3224 3217 105 53.119  
2019_10_24_11_44_41_505 1571935481505 3258 3251 544 267.305  
2019_10_24_11_44_41_519 1571935481519 3272 3265 4095 2209.31  
2019_10_24_11_44_41_539 1571935481539 3292 3285 1551 780.146  
2019_10_24_11_44_41_556 1571935481556 3309 3302 649 319.379  
2019_10_24_11_44_41_569 1571935481569 3322 3315 2003 1020.09  
2019_10_24_11_44_41_584 1571935481584 3337 3330 337 165.601  
2019_10_24_11_44_41_590 1571935481590 3343 3336 211 104.314  
2019_10_24_11_44_41_655 1571935481655 3408 3400 361 177.328  
2019_10_24_11_44_41_760 1571935481760 3513 3505 455 223.422  
2019_10_24_11_44_41_766 1571935481766 3519 3511 191 94.6291  
2019_10_24_11_44_41_797 1571935481797 3550 3542 323 158.768  
2019_10_24_11_44_41_841 1571935481841 3594 3586 270 132.953  
2019_10_24_11_44_41_876 1571935481876 3629 3621 634 311.92  
2019_10_24_11_44_41_891 1571935481891 3644 3636 646 317.887  
2019_10_24_11_44_41_919 1571935481919 3672 3664 92 46.8632  
2019_10_24_11_44_41_934 1571935481934 3687 3679 110 55.5264  
2019_10_24_11_44_41_942 1571935481942 3695 3687 250 123.234  
2019_10_24_11_44_42_027 1571935482027 3780 3772 248 122.262  
2019_10_24_11_44_42_055 1571935482055 3808 3800 665 327.343  
2019_10_24_11_44_42_064 1571935482064 3817 3809 326 160.232  
2019_10_24_11_44_42_154 1571935482154 3907 3899 368 180.751  
2019_10_24_11_44_42_256 1571935482256 4009 4001 177 87.8568  
2019_10_24_11_44_42_535 1571935482535 4288 4280 1340 670.206  
2019_10_24_11_44_42_536 1571935482536 4289 4281 199 98.5017  
2019_10_24_11_44_42_537 1571935482537 4290 4281 293 144.146  
2019_10_24_11_44_42_537 1571935482537 4290 4281 1856 941.392  
2019_10_24_11_44_42_537 1571935482537 4290 4281 207 102.376  
2019_10_24_11_44_42_537 1571935482537 4290 4281 85 43.4968  
2019_10_24_11_44_42_537 1571935482537 4290 4281 243 119.834  
2019_10_24_11_44_42_537 1571935482537 4290 4281 2720 1413.1  
2019_10_24_11_44_42_537 1571935482537 4290 4281 452 221.947  
2019_10_24_11_44_42_538 1571935482538 4291 4282 445 218.506  
2019_10_24_11_44_42_538 1571935482538 4291 4282 320 157.305  
2019_10_24_11_44_42_538 1571935482538 4291 4282 263 129.55  
2019_10_24_11_44_42_538 1571935482538 4291 4282 1212 604.153  
2019_10_24_11_44_42_538 1571935482538 4291 4282 409 200.833  
2019_10_24_11_44_42_560 1571935482560 4313 4304 195 96.5652  
2019_10_24_11_44_42_648 1571935482648 4401 4392 756 372.78  
2019_10_24_11_44_42_683 1571935482683 4436 4427 274 134.899  
2019_10_24_11_44_42_688 1571935482688 4441 4432 254 125.177  
2019_10_24_11_44_42_736 1571935482736 4489 4480 317 155.841  
2019_10_24_11_44_42_762 1571935482762 4515 4505 1071 531.954  
2019_10_24_11_44_42_763 1571935482763 4516 4506 77 39.6512  
2019_10_24_11_44_42_765 1571935482765 4518 4508 506 248.54  
2019_10_24_11_44_42_778 1571935482778 4531 4521 390 191.52  
2019_10_24_11_44_42_784 1571935482784 4537 4527 96 48.7875  
2019_10_24_11_44_42_803 1571935482803 4556 4546 437 214.575  
2019_10_24_11_44_42_816 1571935482816 4569 4559 606 298.014  
2019_10_24_11_44_42_908 1571935482908 4661 4651 104 52.6376  
2019_10_24_11_44_42_911 1571935482911 4664 4654 479 235.233  
2019_10_24_11_44_42_962 1571935482962 4715 4705 895 442.657  
2019_10_24_11_44_43_016 1571935483016 4769 4759 372 182.708  
2019_10_24_11_44_43_024 1571935483024 4777 4767 371 182.219  
2019_10_24_11_44_43_052 1571935483052 4805 4795 177 87.8568  
2019_10_24_11_44_43_104 1571935483104 4857 4847 377 185.155  
2019_10_24_11_44_43_124 1571935483124 4877 4867 170 84.4728  
2019_10_24_11_44_43_250 1571935483250 5003 4993 95 48.3064  
2019_10_24_11_44_43_306 1571935483306 5059 5049 404 198.381  
2019_10_24_11_44_43_330 1571935483330 5083 5073 4095 2209.31  
2019_10_24_11_44_43_360 1571935483360 5113 5102 276 135.872  
2019_10_24_11_44_43_373 1571935483373 5126 5115 1671 843.259  
2019_10_24_11_44_43_377 1571935483377 5130 5119 201 99.4701  
2019_10_24_11_44_43_411 1571935483411 5164 5153 285 140.251  
2019_10_24_11_44_43_513 1571935483513 5266 5255 518 254.461  
2019_10_24_11_44_43_531 1571935483531 5284 5273 637 313.411  
2019_10_24_11_44_43_533 1571935483533 5286 5275 405 198.871  
2019_10_24_11_44_43_591 1571935483591 5344 5333 324 159.256  
2019_10_24_11_44_43_600 1571935483600 5353 5342 3675 1960.18  
2019_10_24_11_44_43_630 1571935483630 5383 5372 2667 1383.53  
2019_10_24_11_44_43_642 1571935483642 5395 5384 177 87.8568  
2019_10_24_11_44_43_700 1571935483700 5453 5442 524 257.423  
2019_10_24_11_44_43_737 1571935483737 5490 5479 268 131.981  
2019_10_24_11_44_43_746 1571935483746 5499 5488 434 213.102  
2019_10_24_11_44_43_771 1571935483771 5524 5513 501 246.074  
2019_10_24_11_44_43_789 1571935483789 5542 5531 206 101.892  
2019_10_24_11_44_43_803 1571935483803 5556 5545 272 133.926  
2019_10_24_11_44_43_805 1571935483805 5558 5546 143 71.4337  
2019_10_24_11_44_43_812 1571935483812 5565 5553 193 95.5971  
2019_10_24_11_44_43_892 1571935483892 5645 5633 168 83.5062  
2019_10_24_11_44_43_920 1571935483920 5673 5661 246 121.291  
2019_10_24_11_44_43_939 1571935483939 5692 5680 225 111.1  
2019_10_24_11_44_44_080 1571935484080 5833 5821 139 69.5038  
2019_10_24_11_44_44_109 1571935484109 5862 5850 370 181.73  
2019_10_24_11_44_44_132 1571935484132 5885 5873 164 81.5733  
2019_10_24_11_44_44_187 1571935484187 5940 5928 116 58.4162  
2019_10_24_11_44_44_197 1571935484197 5950 5938 508 249.527  
2019_10_24_11_44_44_199 1571935484199 5952 5940 227 112.07  
2019_10_24_11_44_44_200 1571935484200 5953 5941 144 71.9162  
2019_10_24_11_44_44_286 1571935484286 6039 6027 270 132.953  
2019_10_24_11_44_44_302 1571935484302 6055 6043 504 247.553  
2019_10_24_11_44_44_314 1571935484314 6067 6055 708 348.782  
2019_10_24_11_44_44_323 1571935484323 6076 6064 538 264.339  
2019_10_24_11_44_44_325 1571935484325 6078 6066 245 120.805  
2019_10_24_11_44_44_583 1571935484583 6336 6323 1267 632.476  
2019_10_24_11_44_44_584 1571935484584 6337 6324 202 99.9544  
2019_10_24_11_44_44_585 1571935484585 6338 6325 191 94.6291  
2019_10_24_11_44_44_585 1571935484585 6338 6325 346 169.996  
2019_10_24_11_44_44_585 1571935484585 6338 6325 574 282.15  
2019_10_24_11_44_44_585 1571935484585 6338 6325 1368 684.719  
2019_10_24_11_44_44_585 1571935484585 6338 6325 137 68.5391  
2019_10_24_11_44_44_585 1571935484585 6338 6325 529 259.893  
2019_10_24_11_44_44_629 1571935484629 6382 6369 1306 652.613  
2019_10_24_11_44_44_669 1571935484669 6422 6409 573 281.655  
2019_10_24_11_44_44_677 1571935484677 6430 6417 343 168.531  
2019_10_24_11_44_44_695 1571935484695 6448 6435 614 301.985  
2019_10_24_11_44_44_705 1571935484705 6458 6445 1352 676.423  
2019_10_24_11_44_44_731 1571935484731 6484 6471 532 261.375  
2019_10_24_11_44_44_748 1571935484748 6501 6488 191 94.6291  
2019_10_24_11_44_44_782 1571935484782 6535 6522 935 462.871  
2019_10_24_11_44_44_792 1571935484792 6545 6532 1121 557.489  
2019_10_24_11_44_44_815 1571935484815 6568 6554 1271 634.539  
2019_10_24_11_44_44_876 1571935484876 6629 6615 264 130.036  
2019_10_24_11_44_44_892 1571935484892 6645 6631 108 54.5633  
2019_10_24_11_44_44_953 1571935484953 6706 6692 285 140.251  
2019_10_24_11_44_44_975 1571935484975 6728 6714 365 179.284  
2019_10_24_11_44_44_984 1571935484984 6737 6723 250 123.234  
2019_10_24_11_44_45_047 1571935485047 6800 6786 329 161.696  
2019_10_24_11_44_45_076 1571935485076 6829 6815 455 223.422  
2019_10_24_11_44_45_122 1571935485122 6875 6861 245 120.805  
2019_10_24_11_44_45_155 1571935485155 6908 6894 512 251.5  
2019_10_24_11_44_45_189 1571935485189 6942 6928 194 96.0811  
2019_10_24_11_44_45_196 1571935485196 6949 6935 355 174.394  
2019_10_24_11_44_45_265 1571935485265 7018 7004 174 86.4063  
2019_10_24_11_44_45_278 1571935485278 7031 7017 721 355.275  
2019_10_24_11_44_45_290 1571935485290 7043 7029 463 227.357  
2019_10_24_11_44_45_304 1571935485304 7057 7043 430 211.137  
2019_10_24_11_44_45_439 1571935485439 7192 7178 634 311.92  
2019_10_24_11_44_45_441 1571935485441 7194 7179 1236 616.501  
2019_10_24_11_44_45_458 1571935485458 7211 7196 439 215.558  
2019_10_24_11_44_45_460 1571935485460 7213 7198 139 69.5038  
2019_10_24_11_44_45_474 1571935485474 7227 7212 453 222.439  
2019_10_24_11_44_45_476 1571935485476 7229 7214 140 69.9862  
2019_10_24_11_44_45_477 1571935485477 7230 7215 387 190.051  
2019_10_24_11_44_45_557 1571935485557 7310 7295 348 170.973  
2019_10_24_11_44_45_569 1571935485569 7322 7307 347 170.485  
2019_10_24_11_44_45_580 1571935485580 7333 7318 93 47.3442  
2019_10_24_11_44_45_643 1571935485643 7396 7381 437 214.575  
2019_10_24_11_44_45_666 1571935485666 7419 7404 182 90.2748  
2019_10_24_11_44_45_699 1571935485699 7452 7437 76 39.1707  
2019_10_24_11_44_45_718 1571935485718 7471 7456 119 59.8615  
2019_10_24_11_44_45_737 1571935485737 7490 7475 2474 1276.55  
2019_10_24_11_44_45_746 1571935485746 7499 7484 213 105.283  
2019_10_24_11_44_45_778 1571935485778 7531 7516 173 85.9229  
2019_10_24_11_44_45_799 1571935485799 7552 7537 145 72.3988  
2019_10_24_11_44_45_829 1571935485829 7582 7567 505 248.047  
2019_10_24_11_44_45_848 1571935485848 7601 7585 1281 639.7  
2019_10_24_11_44_45_857 1571935485857 7610 7594 142 70.9512  
2019_10_24_11_44_45_918 1571935485918 7671 7655 180 89.3075  
2019_10_24_11_44_45_921 1571935485921 7674 7658 104 52.6376  
2019_10_24_11_44_45_932 1571935485932 7685 7669 185 91.726  
2019_10_24_11_44_45_987 1571935485987 7740 7724 151 75.2949  
2019_10_24_11_44_46_037 1571935486037 7790 7774 273 134.412  
2019_10_24_11_44_46_074 1571935486074 7827 7811 229 113.041  
2019_10_24_11_44_46_082 1571935486082 7835 7819 813 401.365  
2019_10_24_11_44_46_083 1571935486083 7836 7820 289 142.198  
2019_10_24_11_44_46_110 1571935486110 7863 7847 183 90.7585  
2019_10_24_11_44_46_171 1571935486171 7924 7908 495 243.116  
2019_10_24_11_44_46_183 1571935486183 7936 7920 418 205.247  
2019_10_24_11_44_46_185 1571935486185 7938 7922 246 121.291  
2019_10_24_11_44_46_190 1571935486190 7943 7927 318 156.329  
2019_10_24_11_44_46_243 1571935486243 7996 7980 165 82.0565  
2019_10_24_11_44_46_260 1571935486260 8013 7997 577 283.636  
2019_10_24_11_44_46_280 1571935486280 8033 8016 917 453.769  
2019_10_24_11_44_46_281 1571935486281 8034 8017 865 427.527  
2019_10_24_11_44_46_285 1571935486285 8038 8021 1231 613.927  
2019_10_24_11_44_46_295 1571935486295 8048 8031 155 77.2262  
2019_10_24_11_44_46_312 1571935486312 8065 8048 210 103.829  
2019_10_24_11_44_46_354 1571935486354 8107 8090 1280 639.183  
2019_10_24_11_44_46_358 1571935486358 8111 8094 1539 773.858  
2019_10_24_11_44_46_359 1571935486359 8112 8095 562 276.209  
2019_10_24_11_44_46_388 1571935486388 8141 8124 185 91.726  
2019_10_24_11_44_46_438 1571935486438 8191 8174 268 131.981  
2019_10_24_11_44_46_516 1571935486516 8269 8252 914 452.253  
2019_10_24_11_44_46_553 1571935486553 8306 8289 277 136.358  
2019_10_24_11_44_46_575 1571935486575 8328 8311 272 133.926  
2019_10_24_11_44_46_586 1571935486586 8339 8322 492 241.637  
2019_10_24_11_44_46_597 1571935486597 8350 8333 357 175.372  
2019_10_24_11_44_46_624 1571935486624 8377 8360 910 450.231  
2019_10_24_11_44_46_646 1571935486646 8399 8382 520 255.449  
2019_10_24_11_44_46_661 1571935486661 8414 8396 489 240.159  
2019_10_24_11_44_46_744 1571935486744 8497 8479 523 256.93  
2019_10_24_11_44_46_805 1571935486805 8558 8540 1248 622.682  
2019_10_24_11_44_46_856 1571935486856 8609 8591 558 274.23  
2019_10_24_11_44_46_881 1571935486881 8634 8616 360 176.839  
2019_10_24_11_44_46_900 1571935486900 8653 8635 253 124.691  
2019_10_24_11_44_46_925 1571935486925 8678 8660 195 96.5652  
2019_10_24_11_44_46_939 1571935486939 8692 8674 743 366.274  
2019_10_24_11_44_46_955 1571935486955 8708 8690 1385 693.542  
2019_10_24_11_44_46_982 1571935486982 8735 8717 541 265.822  
2019_10_24_11_44_47_002 1571935487002 8755 8737 241 118.864  
2019_10_24_11_44_47_006 1571935487006 8759 8741 297 146.094  
2019_10_24_11_44_47_007 1571935487007 8760 8742 544 267.305  
2019_10_24_11_44_47_036 1571935487036 8789 8771 306 150.479  
2019_10_24_11_44_47_047 1571935487047 8800 8782 262 129.064  
2019_10_24_11_44_47_055 1571935487055 8808 8790 441 216.54  
2019_10_24_11_44_47_067 1571935487067 8820 8802 296 145.607  
2019_10_24_11_44_47_070 1571935487070 8823 8804 4095 2209.31  
2019_10_24_11_44_47_084 1571935487084 8837 8818 1286 642.281  
2019_10_24_11_44_47_091 1571935487091 8844 8825 210 103.829  
2019_10_24_11_44_47_103 1571935487103 8856 8837 471 231.294  
2019_10_24_11_44_47_134 1571935487134 8887 8868 314 154.378  
2019_10_24_11_44_47_184 1571935487184 8937 8918 1371 686.276  
2019_10_24_11_44_47_189 1571935487189 8942 8923 436 214.084  
2019_10_24_11_44_47_247 1571935487247 9000 8981 1272 635.055  
2019_10_24_11_44_47_251 1571935487251 9004 8985 392 192.5  
2019_10_24_11_44_47_273 1571935487273 9026 9007 178 88.3403  
2019_10_24_11_44_47_282 1571935487282 9035 9016 249 122.748  
2019_10_24_11_44_47_321 1571935487321 9074 9055 88 44.9393  
2019_10_24_11_44_47_339 1571935487339 9092 9073 386 189.561  
2019_10_24_11_44_47_341 1571935487341 9094 9075 243 119.834  
2019_10_24_11_44_47_345 1571935487345 9098 9079 427 209.664  
2019_10_24_11_44_47_346 1571935487346 9099 9080 429 210.646  
2019_10_24_11_44_47_386 1571935487386 9139 9120 963 477.049  
2019_10_24_11_44_47_402 1571935487402 9155 9135 274 134.899  
2019_10_24_11_44_47_435 1571935487435 9188 9168 1345 672.796  
2019_10_24_11_44_47_436 1571935487436 9189 9169 1274 636.087  
2019_10_24_11_44_47_446 1571935487446 9199 9179 209 103.345  
2019_10_24_11_44_47_453 1571935487453 9206 9186 223 110.131  
2019_10_24_11_44_47_467 1571935487467 9220 9200 1042 517.177  
2019_10_24_11_44_47_484 1571935487484 9237 9217 201 99.4701  
2019_10_24_11_44_47_487 1571935487487 9240 9220 1363 682.126  
2019_10_24_11_44_47_494 1571935487494 9247 9227 264 130.036  
2019_10_24_11_44_47_495 1571935487495 9248 9228 606 298.014  
2019_10_24_11_44_47_507 1571935487507 9260 9240 111 56.0079  
2019_10_24_11_44_47_514 1571935487514 9267 9247 190 94.1452  
2019_10_24_11_44_47_519 1571935487519 9272 9252 718 353.776  
2019_10_24_11_44_47_530 1571935487530 9283 9263 309 151.941  
2019_10_24_11_44_47_557 1571935487557 9310 9290 585 287.6  
2019_10_24_11_44_47_564 1571935487564 9317 9297 740 364.773  
2019_10_24_11_44_47_584 1571935487584 9337 9317 410 201.323  
2019_10_24_11_44_47_606 1571935487606 9359 9339 571 280.664  
2019_10_24_11_44_47_612 1571935487612 9365 9344 926 458.319  
2019_10_24_11_44_47_623 1571935487623 9376 9355 313 153.891  
2019_10_24_11_44_47_629 1571935487629 9382 9361 368 180.751  
2019_10_24_11_44_47_656 1571935487656 9409 9388 303 149.017  
2019_10_24_11_44_47_679 1571935487679 9432 9411 89 45.4203  
2019_10_24_11_44_47_691 1571935487691 9444 9423 523 256.93  
2019_10_24_11_44_47_702 1571935487702 9455 9434 194 96.0811  
2019_10_24_11_44_47_761 1571935487761 9514 9493 336 165.112  
2019_10_24_11_44_47_762 1571935487762 9515 9494 1639 826.387  
2019_10_24_11_44_47_763 1571935487763 9516 9495 1235 615.986  
2019_10_24_11_44_47_792 1571935487792 9545 9524 354 173.906  
2019_10_24_11_44_47_806 1571935487806 9559 9538 269 132.467  
2019_10_24_11_44_47_868 1571935487868 9621 9600 89 45.4203  
2019_10_24_11_44_47_955 1571935487955 9708 9687 1349 674.868  
2019_10_24_11_44_47_962 1571935487962 9715 9694 252 124.205  
2019_10_24_11_44_47_991 1571935487991 9744 9723 580 285.122  
2019_10_24_11_44_47_997 1571935487997 9750 9729 462 226.865  
2019_10_24_11_44_48_019 1571935488019 9772 9750 348 170.973  
2019_10_24_11_44_48_031 1571935488031 9784 9762 1191 593.363  
2019_10_24_11_44_48_048 1571935488048 9801 9779 866 428.031  
2019_10_24_11_44_48_104 1571935488104 9857 9835 275 135.385  
2019_10_24_11_44_48_113 1571935488113 9866 9844 351 172.439  
2019_10_24_11_44_48_118 1571935488118 9871 9849 476 233.755  
2019_10_24_11_44_48_139 1571935488139 9892 9870 389 191.031  
2019_10_24_11_44_48_164 1571935488164 9917 9895 85 43.4968  
2019_10_24_11_44_48_182 1571935488182 9935 9913 1360 680.57  
2019_10_24_11_44_48_196 1571935488196 9949 9927 240 118.378  
2019_10_24_11_44_48_216 1571935488216 9969 9947 309 151.941  
2019_10_24_11_44_48_222 1571935488222 9975 9953 602 296.029  
2019_10_24_11_44_48_227 1571935488227 9980 9958 934 462.365  
2019_10_24_11_44_48_245 1571935488245 9998 9976 422 207.21  
2019_10_24_11_44_48_254 1571935488254 10007 9985 143 71.4337  
2019_10_24_11_44_48_267 1571935488267 10020 9998 185 91.726  
2019_10_24_11_44_48_272 1571935488272 10025 10003 139 69.5038  
2019_10_24_11_44_48_273 1571935488273 10026 10003 778 383.801  
2019_10_24_11_44_48_288 1571935488288 10041 10018 187 92.6936  
2019_10_24_11_44_48_305 1571935488305 10058 10035 1248 622.682  
2019_10_24_11_44_48_306 1571935488306 10059 10036 472 231.786  
2019_10_24_11_44_48_353 1571935488353 10106 10083 705 347.285  
2019_10_24_11_44_48_373 1571935488373 10126 10103 342 168.042  
2019_10_24_11_44_48_407 1571935488407 10160 10137 555 272.745  
2019_10_24_11_44_48_430 1571935488430 10183 10160 613 301.488  
2019_10_24_11_44_48_447 1571935488447 10200 10177 1156 575.408  
2019_10_24_11_44_48_448 1571935488448 10201 10178 510 250.513  
2019_10_24_11_44_48_469 1571935488469 10222 10199 68 35.3272  
2019_10_24_11_44_48_471 1571935488471 10224 10201 364 178.795  
2019_10_24_11_44_48_489 1571935488489 10242 10219 317 155.841  
2019_10_24_11_44_48_494 1571935488494 10247 10224 349 171.462  
2019_10_24_11_44_48_511 1571935488511 10264 10241 767 378.289  
2019_10_24_11_44_48_516 1571935488516 10269 10246 681 335.314  
2019_10_24_11_44_48_531 1571935488531 10284 10261 624 306.951  
2019_10_24_11_44_48_558 1571935488558 10311 10287 501 246.074  
2019_10_24_11_44_48_565 1571935488565 10318 10294 701 345.288  
2019_10_24_11_44_48_574 1571935488574 10327 10303 728 358.773  
2019_10_24_11_44_48_589 1571935488589 10342 10318 88 44.9393  
2019_10_24_11_44_48_590 1571935488590 10343 10319 483 237.203  
2019_10_24_11_44_48_606 1571935488606 10359 10335 625 307.448  
2019_10_24_11_44_48_613 1571935488613 10366 10342 530 260.387  
2019_10_24_11_44_48_620 1571935488620 10373 10349 1285 641.764  
2019_10_24_11_44_48_634 1571935488634 10387 10363 487 239.173  
2019_10_24_11_44_48_638 1571935488638 10391 10367 1350 675.386  
2019_10_24_11_44_48_676 1571935488676 10429 10405 253 124.691  
2019_10_24_11_44_48_695 1571935488695 10448 10424 832 410.915  
2019_10_24_11_44_48_710 1571935488710 10463 10439 231 114.011  
2019_10_24_11_44_48_728 1571935488728 10481 10457 1312 655.715  
2019_10_24_11_44_48_730 1571935488730 10483 10459 722 355.775  
2019_10_24_11_44_48_739 1571935488739 10492 10468 696 342.794  
2019_10_24_11_44_48_740 1571935488740 10493 10469 699 344.29  
2019_10_24_11_44_48_747 1571935488747 10500 10475 167 83.0229  
2019_10_24_11_44_48_753 1571935488753 10506 10481 1449 726.835  
2019_10_24_11_44_48_757 1571935488757 10510 10485 170 84.4728  
2019_10_24_11_44_48_768 1571935488768 10521 10496 1320 659.853  
2019_10_24_11_44_48_789 1571935488789 10542 10517 443 217.523  
2019_10_24_11_44_48_867 1571935488867 10620 10595 428 210.155  
2019_10_24_11_44_48_913 1571935488913 10666 10641 1075 533.994  
2019_10_24_11_44_48_929 1571935488929 10682 10657 1305 652.096  
2019_10_24_11_44_48_967 1571935488967 10720 10695 252 124.205  
2019_10_24_11_44_48_983 1571935488983 10736 10711 226 111.585  
2019_10_24_11_44_48_986 1571935488986 10739 10714 232 114.496  
2019_10_24_11_44_48_992 1571935488992 10745 10720 114 57.4528  
2019_10_24_11_44_48_999 1571935488999 10752 10727 535 262.857  
2019_10_24_11_44_49_015 1571935489015 10768 10743 224 110.616  
2019_10_24_11_44_49_028 1571935489028 10781 10756 1312 655.715  
2019_10_24_11_44_49_059 1571935489059 10812 10787 1275 636.603  
2019_10_24_11_44_49_076 1571935489076 10829 10804 1337 668.652  
2019_10_24_11_44_49_088 1571935489088 10841 10816 529 259.893  
2019_10_24_11_44_49_130 1571935489130 10883 10857 1314 656.75  
2019_10_24_11_44_49_133 1571935489133 10886 10860 449 220.472  
2019_10_24_11_44_49_141 1571935489141 10894 10868 161 80.124  
2019_10_24_11_44_49_159 1571935489159 10912 10886 982 486.683  
2019_10_24_11_44_49_174 1571935489174 10927 10901 209 103.345  
2019_10_24_11_44_49_180 1571935489180 10933 10907 86 43.9776  
2019_10_24_11_44_49_181 1571935489181 10934 10908 228 112.555  
2019_10_24_11_44_49_202 1571935489202 10955 10929 84 43.016  
2019_10_24_11_44_49_242 1571935489242 10995 10969 651 320.374  
2019_10_24_11_44_49_246 1571935489246 10999 10973 591 290.574  
2019_10_24_11_44_49_251 1571935489251 11004 10978 1321 660.37  
2019_10_24_11_44_49_260 1571935489260 11013 10987 126 63.235  
2019_10_24_11_44_49_264 1571935489264 11017 10991 208 102.861  
2019_10_24_11_44_49_283 1571935489283 11036 11010 299 147.068  
2019_10_24_11_44_49_285 1571935489285 11038 11012 1309 654.164  
2019_10_24_11_44_49_290 1571935489290 11043 11017 1261 629.382  
2019_10_24_11_44_49_291 1571935489291 11044 11018 84 43.016  
2019_10_24_11_44_49_304 1571935489304 11057 11030 759 374.282  
2019_10_24_11_44_49_312 1571935489312 11065 11038 583 286.609  
2019_10_24_11_44_49_334 1571935489334 11087 11060 254 125.177  
2019_10_24_11_44_49_362 1571935489362 11115 11088 1302 650.546  
2019_10_24_11_44_49_372 1571935489372 11125 11098 142 70.9512  
2019_10_24_11_44_49_380 1571935489380 11133 11106 366 179.773  
2019_10_24_11_44_49_404 1571935489404 11157 11130 1350 675.386  
2019_10_24_11_44_49_413 1571935489413 11166 11139 402 197.4  
2019_10_24_11_44_49_433 1571935489433 11186 11159 286 140.738  
2019_10_24_11_44_49_439 1571935489439 11192 11165 220 108.676  
2019_10_24_11_44_49_449 1571935489449 11202 11175 79 40.6124  
2019_10_24_11_44_49_451 1571935489451 11204 11177 176 87.3733  
2019_10_24_11_44_49_495 1571935489495 11248 11221 999 495.312  
2019_10_24_11_44_49_546 1571935489546 11299 11272 240 118.378  
2019_10_24_11_44_49_547 1571935489547 11300 11273 429 210.646  
2019_10_24_11_44_49_576 1571935489576 11329 11302 1334 667.099  
2019_10_24_11_44_49_579 1571935489579 11332 11305 1377 689.389  
2019_10_24_11_44_49_584 1571935489584 11337 11309 163 81.0902  
2019_10_24_11_44_49_600 1571935489600 11353 11325 84 43.016  
2019_10_24_11_44_49_624 1571935489624 11377 11349 282 138.791  
2019_10_24_11_44_49_627 1571935489627 11380 11352 374 183.687  
2019_10_24_11_44_49_636 1571935489636 11389 11361 348 170.973  
2019_10_24_11_44_49_643 1571935489643 11396 11368 110 55.5264  
2019_10_24_11_44_49_705 1571935489705 11458 11430 928 459.33  
2019_10_24_11_44_49_724 1571935489724 11477 11449 463 227.357  
2019_10_24_11_44_49_728 1571935489728 11481 11453 324 159.256  
2019_10_24_11_44_49_754 1571935489754 11507 11479 421 206.719  
2019_10_24_11_44_49_793 1571935489793 11546 11518 336 165.112  
2019_10_24_11_44_49_813 1571935489813 11566 11538 522 256.436  
2019_10_24_11_44_49_818 1571935489818 11571 11543 525 257.917  
2019_10_24_11_44_49_826 1571935489826 11579 11551 928 459.33  
2019_10_24_11_44_49_854 1571935489854 11607 11579 805 397.347  
2019_10_24_11_44_49_859 1571935489859 11612 11584 257 126.634  
2019_10_24_11_44_49_864 1571935489864 11617 11589 204 100.923  
2019_10_24_11_44_49_901 1571935489901 11654 11625 197 97.5334  
2019_10_24_11_44_49_916 1571935489916 11669 11640 115 57.9345  
2019_10_24_11_44_49_950 1571935489950 11703 11674 471 231.294  
2019_10_24_11_44_49_964 1571935489964 11717 11688 384 188.582  
2019_10_24_11_44_49_976 1571935489976 11729 11700 1304 651.579  
2019_10_24_11_44_49_985 1571935489985 11738 11709 393 192.99  
2019_10_24_11_44_50_043 1571935490043 11796 11767 1280 639.183  
2019_10_24_11_44_50_080 1571935490080 11833 11804 168 83.5062  
2019_10_24_11_44_50_082 1571935490082 11835 11806 352 172.928  
2019_10_24_11_44_50_090 1571935490090 11843 11814 352 172.928  
2019_10_24_11_44_50_162 1571935490162 11915 11886 112 56.4895  
2019_10_24_11_44_50_163 1571935490163 11916 11887 208 102.861  
2019_10_24_11_44_50_176 1571935490176 11929 11900 203 100.439  
2019_10_24_11_44_50_206 1571935490206 11959 11930 858 424.001  
2019_10_24_11_44_50_261 1571935490261 12014 11985 590 290.078  
2019_10_24_11_44_50_276 1571935490276 12029 12000 100 50.7123  
2019_10_24_11_44_50_292 1571935490292 12045 12016 251 123.719  
2019_10_24_11_44_50_332 1571935490332 12085 12055 393 192.99  
2019_10_24_11_44_50_335 1571935490335 12088 12058 2433 1253.96  
2019_10_24_11_44_50_344 1571935490344 12097 12067 1292 645.379  
2019_10_24_11_44_50_346 1571935490346 12099 12069 1322 660.888  
2019_10_24_11_44_50_347 1571935490347 12100 12070 441 216.54  
2019_10_24_11_44_50_367 1571935490367 12120 12090 82 42.0545  
2019_10_24_11_44_50_381 1571935490381 12134 12104 83 42.5352  
2019_10_24_11_44_50_389 1571935490389 12142 12112 1352 676.423  
2019_10_24_11_44_50_394 1571935490394 12147 12117 274 134.899  
2019_10_24_11_44_50_396 1571935490396 12149 12119 1024 508.018  
2019_10_24_11_44_50_444 1571935490444 12197 12167 496 243.609  
2019_10_24_11_44_50_457 1571935490457 12210 12180 124 62.271  
2019_10_24_11_44_50_466 1571935490466 12219 12189 1112 552.887  
2019_10_24_11_44_50_469 1571935490469 12222 12192 289 142.198  
2019_10_24_11_44_50_512 1571935490512 12265 12235 1412 707.573  
2019_10_24_11_44_50_634 1571935490634 12387 12357 358 175.861  
2019_10_24_11_44_50_636 1571935490636 12389 12359 822 405.888  
2019_10_24_11_44_50_665 1571935490665 12418 12388 110 55.5264  
2019_10_24_11_44_50_681 1571935490681 12434 12403 522 256.436  
2019_10_24_11_44_50_700 1571935490700 12453 12422 233 114.981  
2019_10_24_11_44_50_721 1571935490721 12474 12443 109 55.0448  
2019_10_24_11_44_50_725 1571935490725 12478 12447 810 399.858  
2019_10_24_11_44_50_741 1571935490741 12494 12463 429 210.646  
2019_10_24_11_44_50_770 1571935490770 12523 12492 1335 667.616  
2019_10_24_11_44_50_902 1571935490902 12655 12624 1314 656.75  
2019_10_24_11_44_50_948 1571935490948 12701 12670 343 168.531  
2019_10_24_11_44_50_956 1571935490956 12709 12678 917 453.769  
2019_10_24_11_44_50_984 1571935490984 12737 12706 451 221.455  
2019_10_24_11_44_50_994 1571935490994 12747 12716 103 52.1562  
2019_10_24_11_44_51_018 1571935491018 12771 12740 4095 2209.31  
2019_10_24_11_44_51_033 1571935491033 12786 12755 900 445.181  
2019_10_24_11_44_51_074 1571935491074 12827 12796 222 109.646  
2019_10_24_11_44_51_133 1571935491133 12886 12855 1025 508.526  
2019_10_24_11_44_51_180 1571935491180 12933 12902 437 214.575  
2019_10_24_11_44_51_290 1571935491290 13043 13012 124 62.271  
2019_10_24_11_44_51_331 1571935491331 13084 13052 1034 513.105  
2019_10_24_11_44_51_350 1571935491350 13103 13071 317 155.841  
2019_10_24_11_44_51_351 1571935491351 13104 13072 199 98.5017  
2019_10_24_11_44_51_352 1571935491352 13105 13073 1095 544.201  
2019_10_24_11_44_51_390 1571935491390 13143 13111 331 162.672  
2019_10_24_11_44_51_441 1571935491441 13194 13162 105 53.119  
2019_10_24_11_44_51_572 1571935491572 13325 13293 366 179.773  
2019_10_24_11_44_51_650 1571935491650 13403 13371 206 101.892  
2019_10_24_11_44_51_673 1571935491673 13426 13394 449 220.472  
2019_10_24_11_44_51_674 1571935491674 13427 13395 307 150.966  
2019_10_24_11_44_51_709 1571935491709 13462 13430 264 130.036  
2019_10_24_11_44_51_813 1571935491813 13566 13534 458 224.897  
2019_10_24_11_44_51_888 1571935491888 13641 13609 336 165.112  
2019_10_24_11_44_51_905 1571935491905 13658 13626 868 429.039  
2019_10_24_11_44_51_957 1571935491957 13710 13678 1385 693.542  
2019_10_24_11_44_51_968 1571935491968 13721 13689 129 64.6812  
2019_10_24_11_44_51_985 1571935491985 13738 13706 167 83.0229  
2019_10_24_11_44_52_082 1571935492082 13835 13802 342 168.042  
2019_10_24_11_44_52_084 1571935492084 13837 13804 1046 519.214  
2019_10_24_11_44_52_105 1571935492105 13858 13825 241 118.864  
2019_10_24_11_44_52_219 1571935492219 13972 13939 173 85.9229  
2019_10_24_11_44_52_262 1571935492262 14015 13982 117 58.898  
2019_10_24_11_44_52_282 1571935492282 14035 14002 310 152.428  
2019_10_24_11_44_52_300 1571935492300 14053 14020 306 150.479  
2019_10_24_11_44_52_314 1571935492314 14067 14034 623 306.454  
2019_10_24_11_44_52_342 1571935492342 14095 14062 154 76.7433  
2019_10_24_11_44_52_361 1571935492361 14114 14081 287 141.224  
2019_10_24_11_44_52_408 1571935492408 14161 14128 249 122.748  
2019_10_24_11_44_52_463 1571935492463 14216 14183 578 284.132  
2019_10_24_11_44_52_472 1571935492472 14225 14192 275 135.385  
2019_10_24_11_44_52_484 1571935492484 14237 14204 361 177.328  
2019_10_24_11_44_52_485 1571935492485 14238 14205 254 125.177  
2019_10_24_11_44_52_499 1571935492499 14252 14219 1580 795.359  
2019_10_24_11_44_52_517 1571935492517 14270 14237 955 472.996  
2019_10_24_11_44_52_631 1571935492631 14384 14350 194 96.0811  
2019_10_24_11_44_52_633 1571935492633 14386 14352 232 114.496  
2019_10_24_11_44_52_691 1571935492691 14444 14410 258 127.12  
2019_10_24_11_44_52_725 1571935492725 14478 14444 581 285.618  
2019_10_24_11_44_52_756 1571935492756 14509 14475 792 390.823  
2019_10_24_11_44_52_818 1571935492818 14571 14537 111 56.0079  
2019_10_24_11_44_52_825 1571935492825 14578 14544 506 248.54  
2019_10_24_11_44_52_832 1571935492832 14585 14551 174 86.4063  
2019_10_24_11_44_52_851 1571935492851 14604 14570 187 92.6936  
2019_10_24_11_44_52_868 1571935492868 14621 14587 428 210.155  
2019_10_24_11_44_52_897 1571935492897 14650 14616 156 77.7091  
2019_10_24_11_44_52_915 1571935492915 14668 14634 351 172.439  
2019_10_24_11_44_52_923 1571935492923 14676 14642 525 257.917  
2019_10_24_11_44_52_928 1571935492928 14681 14647 132 66.1277  
2019_10_24_11_44_53_019 1571935493019 14772 14738 1016 503.95  
2019_10_24_11_44_53_025 1571935493025 14778 14744 211 104.314  
2019_10_24_11_44_53_031 1571935493031 14784 14750 112 56.4895  
2019_10_24_11_44_53_033 1571935493033 14786 14751 442 217.032  
2019_10_24_11_44_53_036 1571935493036 14789 14754 132 66.1277  
2019_10_24_11_44_53_071 1571935493071 14824 14789 912 451.242  
2019_10_24_11_44_53_076 1571935493076 14829 14794 133 66.6099  
2019_10_24_11_44_53_153 1571935493153 14906 14871 218 107.707  
2019_10_24_11_44_53_198 1571935493198 14951 14916 63 32.926  
2019_10_24_11_44_53_229 1571935493229 14982 14947 274 134.899  
2019_10_24_11_44_53_283 1571935493283 15036 15001 324 159.256  
2019_10_24_11_44_53_343 1571935493343 15096 15061 180 89.3075  
2019_10_24_11_44_53_377 1571935493377 15130 15095 2795 1455.09  
2019_10_24_11_44_53_434 1571935493434 15187 15152 86 43.9776  
2019_10_24_11_44_53_527 1571935493527 15280 15245 306 150.479  
2019_10_24_11_44_53_540 1571935493540 15293 15258 180 89.3075  
2019_10_24_11_44_53_544 1571935493544 15297 15262 419 205.738  
2019_10_24_11_44_53_715 1571935493715 15468 15433 112 56.4895  
2019_10_24_11_44_53_725 1571935493725 15478 15443 256 126.148  
2019_10_24_11_44_53_730 1571935493730 15483 15448 204 100.923  
2019_10_24_11_44_53_740 1571935493740 15493 15458 427 209.664  
2019_10_24_11_44_53_743 1571935493743 15496 15460 265 130.522  
2019_10_24_11_44_53_833 1571935493833 15586 15550 169 83.9894  
2019_10_24_11_44_53_868 1571935493868 15621 15585 281 138.304  
2019_10_24_11_44_53_918 1571935493918 15671 15635 965 478.063  
2019_10_24_11_44_53_939 1571935493939 15692 15656 292 143.659  
2019_10_24_11_44_53_940 1571935493940 15693 15657 658 323.858  
2019_10_24_11_44_53_942 1571935493942 15695 15659 211 104.314  
2019_10_24_11_44_53_976 1571935493976 15729 15693 1181 588.229  
2019_10_24_11_44_53_986 1571935493986 15739 15703 187 92.6936  
2019_10_24_11_44_53_995 1571935493995 15748 15712 89 45.4203  
2019_10_24_11_44_54_063 1571935494063 15816 15780 265 130.522  
2019_10_24_11_44_54_088 1571935494088 15841 15805 169 83.9894  
2019_10_24_11_44_54_142 1571935494142 15895 15859 1263 630.413  
2019_10_24_11_44_54_163 1571935494163 15916 15880 2782 1447.8  
2019_10_24_11_44_54_234 1571935494234 15987 15951 178 88.3403  
2019_10_24_11_44_54_239 1571935494239 15992 15956 4095 2209.31  
2019_10_24_11_44_54_278 1571935494278 16031 15995 968 479.583  
2019_10_24_11_44_54_309 1571935494309 16062 16025 865 427.527  
2019_10_24_11_44_54_386 1571935494386 16139 16102 283 139.278  
2019_10_24_11_44_54_417 1571935494417 16170 16133 522 256.436  
2019_10_24_11_44_54_444 1571935494444 16197 16160 187 92.6936  
2019_10_24_11_44_54_474 1571935494474 16227 16190 1393 697.697  
2019_10_24_11_44_54_475 1571935494475 16228 16191 178 88.3403  
2019_10_24_11_44_54_508 1571935494508 16261 16224 119 59.8615  
2019_10_24_11_44_54_550 1571935494550 16303 16266 263 129.55  
2019_10_24_11_44_54_560 1571935494560 16313 16276 312 153.403  
2019_10_24_11_44_54_818 1571935494818 16571 16534 687 338.305  
2019_10_24_11_44_54_819 1571935494819 16572 16535 202 99.9544  
2019_10_24_11_44_54_820 1571935494820 16573 16536 202 99.9544  
2019_10_24_11_44_54_820 1571935494820 16573 16536 311 152.916  
2019_10_24_11_44_54_820 1571935494820 16573 16536 100 50.7123  
2019_10_24_11_44_54_820 1571935494820 16573 16536 2424 1249.01  
2019_10_24_11_44_54_820 1571935494820 16573 16536 273 134.412  
2019_10_24_11_44_54_820 1571935494820 16573 16536 179 88.8239  
2019_10_24_11_44_54_820 1571935494820 16573 16535 1397 699.775  
2019_10_24_11_44_54_827 1571935494827 16580 16542 248 122.262  
2019_10_24_11_44_54_828 1571935494828 16581 16543 234 115.466  
2019_10_24_11_44_54_840 1571935494840 16593 16555 770 379.792  
2019_10_24_11_44_54_846 1571935494846 16599 16561 116 58.4162  
2019_10_24_11_44_54_847 1571935494847 16600 16562 717 353.277  
2019_10_24_11_44_54_878 1571935494878 16631 16593 927 458.824  
2019_10_24_11_44_54_909 1571935494909 16662 16624 334 164.136  
2019_10_24_11_44_54_916 1571935494916 16669 16631 310 152.428  
2019_10_24_11_44_54_931 1571935494931 16684 16646 321 157.792  
2019_10_24_11_44_54_946 1571935494946 16699 16661 497 244.102  
2019_10_24_11_44_55_036 1571935495036 16789 16751 192 95.1131  
2019_10_24_11_44_55_102 1571935495102 16855 16817 471 231.294  
2019_10_24_11_44_55_118 1571935495118 16871 16833 336 165.112  
2019_10_24_11_44_55_121 1571935495121 16874 16836 120 60.3434  
2019_10_24_11_44_55_134 1571935495134 16887 16849 84 43.016  
2019_10_24_11_44_55_141 1571935495141 16894 16856 346 169.996  
2019_10_24_11_44_55_171 1571935495171 16924 16885 429 210.646  
2019_10_24_11_44_55_214 1571935495214 16967 16928 1262 629.897  
2019_10_24_11_44_55_229 1571935495229 16982 16943 757 373.28  
2019_10_24_11_44_55_267 1571935495267 17020 16981 271 133.44  
2019_10_24_11_44_55_274 1571935495274 17027 16988 1013 502.425  
2019_10_24_11_44_55_330 1571935495330 17083 17044 466 228.833  
2019_10_24_11_44_55_338 1571935495338 17091 17052 459 225.389  
2019_10_24_11_44_55_351 1571935495351 17104 17065 561 275.714  
2019_10_24_11_44_55_367 1571935495367 17120 17081 317 155.841  
2019_10_24_11_44_55_391 1571935495391 17144 17105 671 330.331  
2019_10_24_11_44_55_505 1571935495505 17258 17219 97 49.2687  
2019_10_24_11_44_55_538 1571935495538 17291 17252 214 105.768  
2019_10_24_11_44_55_540 1571935495540 17293 17254 212 104.799  
2019_10_24_11_44_55_597 1571935495597 17350 17311 85 43.4968  
2019_10_24_11_44_55_625 1571935495625 17378 17339 251 123.719  
2019_10_24_11_44_55_629 1571935495629 17382 17343 1054 523.288  
2019_10_24_11_44_55_633 1571935495633 17386 17347 4095 2209.31  
2019_10_24_11_44_55_634 1571935495634 17387 17347 1860 943.525  
2019_10_24_11_44_55_679 1571935495679 17432 17392 2753 1431.56  
2019_10_24_11_44_55_710 1571935495710 17463 17423 316 155.354  
2019_10_24_11_44_55_772 1571935495772 17525 17485 686 337.806  
2019_10_24_11_44_55_776 1571935495776 17529 17489 268 131.981  
2019_10_24_11_44_55_781 1571935495781 17534 17494 173 85.9229  
2019_10_24_11_44_55_789 1571935495789 17542 17502 280 137.818  
2019_10_24_11_44_55_802 1571935495802 17555 17515 313 153.891  
2019_10_24_11_44_55_882 1571935495882 17635 17595 180 89.3075  
2019_10_24_11_44_55_891 1571935495891 17644 17604 386 189.561  
2019_10_24_11_44_55_970 1571935495970 17723 17683 214 105.768  
2019_10_24_11_44_55_994 1571935495994 17747 17707 811 400.361  
2019_10_24_11_44_55_996 1571935495996 17749 17709 390 191.52  
2019_10_24_11_44_56_032 1571935496032 17785 17745 633 311.423  
2019_10_24_11_44_56_040 1571935496040 17793 17753 230 113.526  
2019_10_24_11_44_56_042 1571935496042 17795 17755 888 439.124  
2019_10_24_11_44_56_058 1571935496058 17811 17771 238 117.407  
2019_10_24_11_44_56_086 1571935496086 17839 17799 479 235.233  
2019_10_24_11_44_56_142 1571935496142 17895 17854 200 98.9859  
2019_10_24_11_44_56_165 1571935496165 17918 17877 178 88.3403  
2019_10_24_11_44_56_211 1571935496211 17964 17923 2770 1441.07  
2019_10_24_11_44_56_244 1571935496244 17997 17956 206 101.892  
2019_10_24_11_44_56_252 1571935496252 18005 17964 136 68.0567  
2019_10_24_11_44_56_303 1571935496303 18056 18015 123 61.789  
2019_10_24_11_44_56_305 1571935496305 18058 18017 185 91.726  
2019_10_24_11_44_56_311 1571935496311 18064 18023 194 96.0811  
2019_10_24_11_44_56_340 1571935496340 18093 18052 175 86.8898  
2019_10_24_11_44_56_353 1571935496353 18106 18065 115 57.9345  
2019_10_24_11_44_56_372 1571935496372 18125 18084 190 94.1452  
2019_10_24_11_44_56_401 1571935496401 18154 18113 4095 2209.31  
2019_10_24_11_44_56_468 1571935496468 18221 18180 365 179.284  
2019_10_24_11_44_56_476 1571935496476 18229 18188 184 91.2422  
2019_10_24_11_44_56_494 1571935496494 18247 18206 238 117.407  
2019_10_24_11_44_56_503 1571935496503 18256 18215 170 84.4728  
2019_10_24_11_44_56_528 1571935496528 18281 18240 618 303.971  
2019_10_24_11_44_56_565 1571935496565 18318 18276 192 95.1131  
2019_10_24_11_44_56_570 1571935496570 18323 18281 149 74.3294  
2019_10_24_11_44_56_606 1571935496606 18359 18317 176 87.3733  
2019_10_24_11_44_56_608 1571935496608 18361 18319 134 67.0921  
2019_10_24_11_44_56_667 1571935496667 18420 18378 203 100.439  
2019_10_24_11_44_56_671 1571935496671 18424 18382 358 175.861  
2019_10_24_11_44_56_678 1571935496678 18431 18389 813 401.365  
2019_10_24_11_44_56_716 1571935496716 18469 18427 176 87.3733  
2019_10_24_11_44_56_720 1571935496720 18473 18431 262 129.064  
2019_10_24_11_44_56_823 1571935496823 18576 18534 238 117.407  
2019_10_24_11_44_56_831 1571935496831 18584 18542 289 142.198  
2019_10_24_11_44_56_863 1571935496863 18616 18574 207 102.376  
2019_10_24_11_44_56_929 1571935496929 18682 18640 1136 565.164  
2019_10_24_11_44_56_956 1571935496956 18709 18667 483 237.203  
2019_10_24_11_44_56_974 1571935496974 18727 18685 146 72.8814  
2019_10_24_11_44_57_092 1571935497092 18845 18803 228 112.555  
2019_10_24_11_44_57_106 1571935497106 18859 18817 199 98.5017  
2019_10_24_11_44_57_126 1571935497126 18879 18836 189 93.6613  
2019_10_24_11_44_57_150 1571935497150 18903 18860 157 78.192  
2019_10_24_11_44_57_153 1571935497153 18906 18863 1925 978.252  
2019_10_24_11_44_57_185 1571935497185 18938 18895 409 200.833  
2019_10_24_11_44_57_187 1571935497187 18940 18897 273 134.412  
2019_10_24_11_44_57_245 1571935497245 18998 18955 1302 650.546  
2019_10_24_11_44_57_278 1571935497278 19031 18988 409 200.833  
2019_10_24_11_44_57_290 1571935497290 19043 19000 115 57.9345  
2019_10_24_11_44_57_315 1571935497315 19068 19025 81 41.5738  
2019_10_24_11_44_57_403 1571935497403 19156 19113 4095 2209.31  
2019_10_24_11_44_57_461 1571935497461 19214 19171 95 48.3064  
2019_10_24_11_44_57_462 1571935497462 19215 19172 498 244.595  
2019_10_24_11_44_57_474 1571935497474 19227 19184 187 92.6936  
2019_10_24_11_44_57_484 1571935497484 19237 19194 225 111.1  
2019_10_24_11_44_57_508 1571935497508 19261 19218 283 139.278  
2019_10_24_11_44_57_524 1571935497524 19277 19234 638 313.908  
2019_10_24_11_44_57_529 1571935497529 19282 19239 149 74.3294  
2019_10_24_11_44_57_532 1571935497532 19285 19241 1097 545.223  
2019_10_24_11_44_57_580 1571935497580 19333 19289 390 191.52  
2019_10_24_11_44_57_581 1571935497581 19334 19290 579 284.627  
2019_10_24_11_44_57_589 1571935497589 19342 19298 125 62.753  
2019_10_24_11_44_57_612 1571935497612 19365 19321 339 166.577  
2019_10_24_11_44_57_664 1571935497664 19417 19373 396 194.46  
2019_10_24_11_44_57_709 1571935497709 19462 19418 190 94.1452  
2019_10_24_11_44_57_774 1571935497774 19527 19483 214 105.768  
2019_10_24_11_44_57_786 1571935497786 19539 19495 273 134.412  
2019_10_24_11_44_57_799 1571935497799 19552 19508 257 126.634  
2019_10_24_11_44_57_815 1571935497815 19568 19524 86 43.9776  
2019_10_24_11_44_57_873 1571935497873 19626 19582 1294 646.412  
2019_10_24_11_44_57_904 1571935497904 19657 19613 205 101.407  
2019_10_24_11_44_57_906 1571935497906 19659 19615 85 43.4968  
2019_10_24_11_44_57_961 1571935497961 19714 19670 2515 1299.18  
2019_10_24_11_44_57_965 1571935497965 19718 19674 219 108.191  
2019_10_24_11_44_57_989 1571935497989 19742 19698 546 268.294  
2019_10_24_11_44_58_006 1571935498006 19759 19714 507 249.033  
2019_10_24_11_44_58_100 1571935498100 19853 19808 566 278.189  
2019_10_24_11_44_58_171 1571935498171 19924 19879 181 89.7911  
2019_10_24_11_44_58_241 1571935498241 19994 19949 306 150.479  
2019_10_24_11_44_58_243 1571935498243 19996 19951 126 63.235  
2019_10_24_11_44_58_249 1571935498249 20002 19957 198 98.0175  
