2019_10_24_11_30_07_607 /home/raspion_user/data/Beacon_run7.sp 846   20.000   19.950 2.734449 0.478300  0.000014786
   2.734 0
   3.213 0
   3.691 0
   4.169 0
   4.648 0
   5.126 0
   5.605 0
   6.083 0
   6.562 0
   7.040 0
   7.519 0
   7.998 0
   8.476 0
   8.955 0
   9.434 0
   9.912 0
  10.391 0
  10.870 0
  11.349 1
  11.827 0
  12.306 0
  12.785 0
  13.264 0
  13.743 0
  14.222 0
  14.701 0
  15.180 0
  15.659 0
  16.138 0
  16.618 0
  17.097 0
  17.576 0
  18.055 0
  18.534 0
  19.014 0
  19.493 0
  19.972 0
  20.452 0
  20.931 0
  21.411 0
  21.890 0
  22.370 0
  22.849 0
  23.329 0
  23.808 0
  24.288 0
  24.768 0
  25.247 0
  25.727 0
  26.207 0
  26.686 0
  27.166 0
  27.646 0
  28.126 1
  28.606 0
  29.086 0
  29.566 0
  30.046 0
  30.526 0
  31.006 0
  31.486 0
  31.966 0
  32.446 0
  32.926 0
  33.406 2
  33.886 0
  34.367 0
  34.847 0
  35.327 0
  35.808 1
  36.288 0
  36.768 0
  37.249 0
  37.729 1
  38.210 2
  38.690 0
  39.171 1
  39.651 0
  40.132 2
  40.612 2
  41.093 2
  41.574 3
  42.054 1
  42.535 3
  43.016 0
  43.497 1
  43.978 0
  44.458 1
  44.939 0
  45.420 0
  45.901 3
  46.382 1
  46.863 1
  47.344 0
  47.825 1
  48.306 2
  48.788 2
  49.269 0
  49.750 2
  50.231 2
  50.712 2
  51.194 1
  51.675 1
  52.156 0
  52.638 2
  53.119 0
  53.600 0
  54.082 1
  54.563 0
  55.045 2
  55.526 0
  56.008 0
  56.490 1
  56.971 1
  57.453 1
  57.934 0
  58.416 1
  58.898 0
  59.380 1
  59.862 0
  60.343 1
  60.825 0
  61.307 2
  61.789 0
  62.271 0
  62.753 0
  63.235 1
  63.717 1
  64.199 0
  64.681 2
  65.163 2
  65.645 2
  66.128 1
  66.610 2
  67.092 2
  67.574 2
  68.057 0
  68.539 2
  69.021 0
  69.504 0
  69.986 2
  70.469 1
  70.951 1
  71.434 2
  71.916 0
  72.399 0
  72.881 4
  73.364 1
  73.847 1
  74.329 1
  74.812 0
  75.295 3
  75.778 2
  76.260 2
  76.743 0
  77.226 0
  77.709 3
  78.192 3
  78.675 1
  79.158 3
  79.641 2
  80.124 1
  80.607 2
  81.090 4
  81.573 2
  82.056 2
  82.540 2
  83.023 3
  83.506 1
  83.989 2
  84.473 3
  84.956 1
  85.439 2
  85.923 2
  86.406 1
  86.890 2
  87.373 1
  87.857 2
  88.340 1
  88.824 1
  89.308 1
  89.791 3
  90.275 3
  90.759 1
  91.242 4
  91.726 0
  92.210 6
  92.694 2
  93.177 6
  93.661 1
  94.145 1
  94.629 2
  95.113 1
  95.597 0
  96.081 1
  96.565 2
  97.049 5
  97.533 4
  98.018 3
  98.502 3
  98.986 2
  99.470 2
  99.954 2
 100.439 5
 100.923 1
 101.407 2
 101.892 1
 102.376 0
 102.861 1
 103.345 0
 103.829 2
 104.314 2
 104.799 1
 105.283 0
 105.768 2
 106.252 1
 106.737 2
 107.222 1
 107.707 2
 108.191 1
 108.676 0
 109.161 2
 109.646 1
 110.131 1
 110.616 1
 111.100 0
 111.585 2
 112.070 1
 112.555 3
 113.041 1
 113.526 2
 114.011 3
 114.496 2
 114.981 0
 115.466 2
 115.951 2
 116.437 2
 116.922 3
 117.407 2
 117.893 2
 118.378 1
 118.864 2
 119.349 1
 119.834 3
 120.320 0
 120.805 0
 121.291 2
 121.777 2
 122.262 1
 122.748 5
 123.234 2
 123.719 3
 124.205 0
 124.691 0
 125.177 1
 125.662 1
 126.148 0
 126.634 3
 127.120 2
 127.606 2
 128.092 1
 128.578 3
 129.064 2
 129.550 3
 130.036 0
 130.522 0
 131.008 0
 131.495 3
 131.981 1
 132.467 1
 132.953 1
 133.440 1
 133.926 0
 134.412 2
 134.899 0
 135.385 1
 135.872 2
 136.358 1
 136.845 0
 137.331 0
 137.818 2
 138.304 1
 138.791 1
 139.278 0
 139.764 2
 140.251 2
 140.738 1
 141.224 1
 141.711 1
 142.198 0
 142.685 2
 143.172 1
 143.659 1
 144.146 0
 144.633 2
 145.120 1
 145.607 2
 146.094 2
 146.581 1
 147.068 3
 147.555 1
 148.042 0
 148.530 2
 149.017 3
 149.504 0
 149.991 3
 150.479 3
 150.966 1
 151.453 2
 151.941 4
 152.428 2
 152.916 2
 153.403 1
 153.891 2
 154.378 2
 154.866 2
 155.354 0
 155.841 1
 156.329 1
 156.817 0
 157.305 1
 157.792 1
 158.280 0
 158.768 1
 159.256 0
 159.744 2
 160.232 1
 160.720 1
 161.208 0
 161.696 1
 162.184 1
 162.672 5
 163.160 1
 163.648 0
 164.136 0
 164.624 0
 165.112 0
 165.601 1
 166.089 1
 166.577 2
 167.066 0
 167.554 3
 168.042 2
 168.531 0
 169.019 2
 169.508 1
 169.996 1
 170.485 0
 170.973 0
 171.462 1
 171.951 1
 172.439 1
 172.928 2
 173.417 0
 173.906 1
 174.394 1
 174.883 2
 175.372 1
 175.861 1
 176.350 1
 176.839 0
 177.328 0
 177.817 0
 178.306 2
 178.795 2
 179.284 4
 179.773 0
 180.262 1
 180.751 2
 181.240 0
 181.730 2
 182.219 2
 182.708 5
 183.197 1
 183.687 1
 184.176 2
 184.666 1
 185.155 0
 185.644 0
 186.134 1
 186.624 1
 187.113 0
 187.603 0
 188.092 2
 188.582 1
 189.072 1
 189.561 1
 190.051 0
 190.541 0
 191.031 0
 191.520 2
 192.010 2
 192.500 3
 192.990 1
 193.480 1
 193.970 1
 194.460 1
 194.950 1
 195.440 0
 195.930 2
 196.420 0
 196.910 0
 197.400 3
 197.891 1
 198.381 0
 198.871 1
 199.361 2
 199.852 0
 200.342 0
 200.833 2
 201.323 1
 201.813 2
 202.304 0
 202.794 1
 203.285 0
 203.775 1
 204.266 2
 204.757 3
 205.247 0
 205.738 1
 206.229 2
 206.719 1
 207.210 1
 207.701 2
 208.192 1
 208.683 0
 209.173 1
 209.664 1
 210.155 2
 210.646 0
 211.137 1
 211.628 1
 212.119 2
 212.611 1
 213.102 3
 213.593 0
 214.084 2
 214.575 2
 215.066 1
 215.558 2
 216.049 3
 216.540 1
 217.032 0
 217.523 0
 218.014 1
 218.506 1
 218.997 2
 219.489 1
 219.980 0
 220.472 0
 220.964 2
 221.455 2
 221.947 1
 222.439 1
 222.930 0
 223.422 0
 223.914 0
 224.406 0
 224.897 0
 225.389 0
 225.881 0
 226.373 0
 226.865 2
 227.357 1
 227.849 0
 228.341 1
 228.833 0
 229.325 1
 229.817 1
 230.309 2
 230.802 0
 231.294 1
 231.786 0
 232.278 1
 232.771 3
 233.263 1
 233.755 0
 234.248 3
 234.740 1
 235.233 0
 235.725 1
 236.218 1
 236.710 2
 237.203 1
 237.695 2
 238.188 0
 238.681 1
 239.173 0
 239.666 0
 240.159 1
 240.651 1
 241.144 2
 241.637 0
 242.130 1
 242.623 0
 243.116 0
 243.609 1
 244.102 1
 244.595 1
 245.088 0
 245.581 1
 246.074 1
 246.567 1
 247.060 0
 247.553 0
 248.047 3
 248.540 2
 249.033 0
 249.527 0
 250.020 0
 250.513 1
 251.007 0
 251.500 1
 251.993 0
 252.487 1
 252.980 1
 253.474 1
 253.968 0
 254.461 1
 254.955 0
 255.449 0
 255.942 0
 256.436 2
 256.930 1
 257.423 0
 257.917 0
 258.411 0
 258.905 0
 259.399 0
 259.893 1
 260.387 0
 260.881 1
 261.375 0
 261.869 2
 262.363 2
 262.857 1
 263.351 1
 263.845 0
 264.339 1
 264.834 0
 265.328 2
 265.822 1
 266.317 0
 266.811 2
 267.305 0
 267.800 0
 268.294 0
 268.789 0
 269.283 0
 269.778 0
 270.272 1
 270.767 1
 271.261 0
 271.756 0
 272.251 1
 272.745 0
 273.240 0
 273.735 1
 274.230 1
 274.724 0
 275.219 1
 275.714 1
 276.209 0
 276.704 0
 277.199 0
 277.694 1
 278.189 0
 278.684 0
 279.179 1
 279.674 1
 280.169 1
 280.664 1
 281.160 0
 281.655 0
 282.150 1
 282.645 0
 283.141 1
 283.636 0
 284.132 0
 284.627 0
 285.122 0
 285.618 0
 286.113 2
 286.609 0
 287.104 1
 287.600 0
 288.096 0
 288.591 0
 289.087 0
 289.583 1
 290.078 0
 290.574 0
 291.070 0
 291.566 0
 292.062 1
 292.557 0
 293.053 0
 293.549 1
 294.045 0
 294.541 1
 295.037 0
 295.533 0
 296.029 0
 296.526 0
 297.022 0
 297.518 0
 298.014 0
 298.510 0
 299.007 0
 299.503 0
 299.999 1
 300.496 0
 300.992 1
 301.488 0
 301.985 0
 302.481 1
 302.978 1
 303.474 1
 303.971 0
 304.467 2
 304.964 0
 305.461 0
 305.957 1
 306.454 0
 306.951 0
 307.448 0
 307.944 2
 308.441 2
 308.938 0
 309.435 0
 309.932 0
 310.429 0
 310.926 0
 311.423 0
 311.920 0
 312.417 1
 312.914 0
 313.411 0
 313.908 0
 314.405 0
 314.903 1
 315.400 3
 315.897 0
 316.394 0
 316.892 1
 317.389 1
 317.887 0
 318.384 1
 318.881 0
 319.379 2
 319.876 0
 320.374 1
 320.872 0
 321.369 0
 321.867 1
 322.364 0
 322.862 0
 323.360 0
 323.858 0
 324.355 0
 324.853 0
 325.351 0
 325.849 0
 326.347 1
 326.845 0
 327.343 0
 327.841 1
 328.339 0
 328.837 0
 329.335 0
 329.833 0
 330.331 0
 330.829 0
 331.327 0
 331.825 0
 332.324 0
 332.822 0
 333.320 0
 333.819 0
 334.317 0
 334.815 2
 335.314 0
 335.812 0
 336.311 0
 336.809 0
 337.308 0
 337.806 0
 338.305 2
 338.804 0
 339.302 1
 339.801 0
 340.300 1
 340.798 1
 341.297 0
 341.796 1
 342.295 0
 342.794 1
 343.293 0
 343.792 0
 344.290 0
 344.789 0
 345.288 0
 345.788 1
 346.287 2
 346.786 1
 347.285 0
 347.784 0
 348.283 0
 348.782 0
 349.282 0
 349.781 0
 350.280 0
 350.780 0
 351.279 0
 351.778 2
 352.278 0
 352.777 0
 353.277 0
 353.776 1
 354.276 0
 354.775 0
 355.275 0
 355.775 1
 356.274 0
 356.774 0
 357.274 0
 357.773 2
 358.273 0
 358.773 1
 359.273 0
 359.773 0
 360.273 0
 360.773 0
 361.273 1
 361.773 0
 362.273 0
 362.773 0
 363.273 0
 363.773 0
 364.273 2
 364.773 0
 365.273 0
 365.774 0
 366.274 0
 366.774 0
 367.274 0
 367.775 0
 368.275 2
 368.776 0
 369.276 1
 369.776 0
 370.277 0
 370.777 1
 371.278 0
 371.779 0
 372.279 0
 372.780 0
 373.280 0
 373.781 0
 374.282 0
 374.783 0
 375.283 0
 375.784 0
 376.285 1
 376.786 0
 377.287 0
 377.788 0
 378.289 0
 378.790 0
 379.291 0
 379.792 0
 380.293 0
 380.794 0
 381.295 0
 381.796 0
 382.298 0
 382.799 0
 383.300 0
 383.801 0
 384.303 0
 384.804 0
 385.305 0
 385.807 1
 386.308 0
 386.810 0
 387.311 0
 387.813 0
 388.314 1
 388.816 0
 389.318 0
 389.819 0
 390.321 0
 390.823 0
 391.324 0
 391.826 0
 392.328 0
 392.830 0
 393.332 0
 393.833 0
 394.335 0
 394.837 0
 395.339 1
 395.841 0
 396.343 0
 396.845 0
 397.347 0
 397.850 1
 398.352 1
 398.854 0
 399.356 1
 399.858 1
 400.361 1
 400.863 0
 401.365 0
 401.868 0
 402.370 0
 402.872 0
 403.375 0
 403.877 0
 404.380 0
 404.882 0
 405.385 0
 405.888 0
 406.390 0
 406.893 0
 407.395 0
 407.898 0
 408.401 0
 408.904 0
 409.406 1
 409.909 0
 410.412 1
 410.915 0
 411.418 0
 411.921 0
 412.424 1
 412.927 0
 413.430 0
 413.933 0
 414.436 0
 414.939 1
 415.442 0
 415.946 0
 416.449 0
 416.952 0
 417.455 0
 417.959 2
 418.462 1
 418.965 1
 419.469 0
 419.972 0
 420.476 0
 420.979 1
 421.483 0
 421.986 0
 422.490 1
 422.993 0
 423.497 0
 424.001 0
 424.504 0
 425.008 0
 425.512 0
 426.015 1
 426.519 0
 427.023 1
 427.527 0
 428.031 0
 428.535 0
 429.039 0
 429.543 0
 430.047 1
 430.551 0
 431.055 0
 431.559 2
 432.063 1
 432.567 0
 433.071 0
 433.576 0
 434.080 0
 434.584 1
 435.088 0
 435.593 0
 436.097 0
 436.602 0
 437.106 0
 437.610 0
 438.115 0
 438.619 1
 439.124 0
 439.629 0
 440.133 0
 440.638 0
 441.142 1
 441.647 0
 442.152 0
 442.657 1
 443.161 0
 443.666 0
 444.171 1
 444.676 0
 445.181 0
 445.686 0
 446.191 0
 446.696 0
 447.201 0
 447.706 0
 448.211 2
 448.716 0
 449.221 0
 449.726 0
 450.231 0
 450.737 0
 451.242 0
 451.747 0
 452.253 0
 452.758 0
 453.263 0
 453.769 0
 454.274 0
 454.780 0
 455.285 1
 455.791 1
 456.296 1
 456.802 0
 457.307 0
 457.813 0
 458.319 0
 458.824 0
 459.330 0
 459.836 1
 460.342 0
 460.847 0
 461.353 1
 461.859 0
 462.365 0
 462.871 1
 463.377 0
 463.883 0
 464.389 0
 464.895 0
 465.401 0
 465.907 0
 466.413 0
 466.920 0
 467.426 0
 467.932 0
 468.438 0
 468.944 0
 469.451 0
 469.957 0
 470.464 0
 470.970 0
 471.476 0
 471.983 0
 472.489 0
 472.996 0
 473.502 0
 474.009 0
 474.516 0
 475.022 0
 475.529 1
 476.036 1
 476.542 0
 477.049 0
 477.556 1
 478.063 0
 478.570 1
 479.076 0
 479.583 0
 480.090 0
 480.597 0
 481.104 0
 481.611 0
 482.118 1
 482.625 0
 483.133 0
 483.640 0
 484.147 0
 484.654 0
 485.161 0
 485.669 0
 486.176 0
 486.683 0
 487.191 0
 487.698 0
 488.205 0
 488.713 0
 489.220 0
 489.728 0
 490.235 0
 490.743 0
 491.251 1
 491.758 0
 492.266 0
 492.773 0
 493.281 0
 493.789 0
 494.297 0
 494.804 1
 495.312 2
 495.820 0
 496.328 0
 496.836 0
 497.344 1
 497.852 0
 498.360 0
 498.868 0
 499.376 0
 499.884 0
 500.392 0
 500.900 0
 501.409 0
 501.917 0
 502.425 0
 502.933 0
 503.442 0
 503.950 0
 504.458 0
 504.967 0
 505.475 1
 505.983 1
 506.492 0
 507.000 0
 507.509 0
 508.018 1
 508.526 0
 509.035 0
 509.543 0
 510.052 0
 510.561 0
 511.070 0
 511.578 0
 512.087 0
 512.596 0
 513.105 0
 513.614 0
 514.123 1
 514.632 0
 515.141 0
 515.650 0
 516.159 0
 516.668 1
 517.177 0
 517.686 0
 518.195 0
 518.704 1
 519.214 0
 519.723 0
 520.232 0
 520.741 0
 521.251 1
 521.760 0
 522.269 1
 522.779 0
 523.288 0
 523.798 0
 524.307 0
 524.817 0
 525.326 0
 525.836 0
 526.346 0
 526.855 0
 527.365 0
 527.875 0
 528.384 0
 528.894 0
 529.404 0
 529.914 0
 530.424 0
 530.934 0
 531.444 0
 531.954 0
 532.464 0
 532.974 0
 533.484 0
 533.994 0
 534.504 0
 535.014 0
 535.524 0
 536.034 0
 536.544 0
 537.055 0
 537.565 1
 538.075 0
 538.586 0
 539.096 0
 539.606 0
 540.117 0
 540.627 0
 541.138 0
 541.648 0
 542.159 0
 542.669 0
 543.180 0
 543.691 0
 544.201 0
 544.712 0
 545.223 0
 545.734 0
 546.244 0
 546.755 0
 547.266 0
 547.777 0
 548.288 1
 548.799 0
 549.310 1
 549.821 0
 550.332 0
 550.843 0
 551.354 0
 551.865 0
 552.376 0
 552.887 0
 553.398 0
 553.910 1
 554.421 0
 554.932 0
 555.444 0
 555.955 1
 556.466 0
 556.978 0
 557.489 0
 558.001 0
 558.512 0
 559.024 0
 559.535 1
 560.047 0
 560.558 0
 561.070 1
 561.582 0
 562.093 0
 562.605 0
 563.117 0
 563.629 0
 564.140 0
 564.652 0
 565.164 0
 565.676 1
 566.188 0
 566.700 0
 567.212 0
 567.724 0
 568.236 0
 568.748 1
 569.260 1
 569.772 0
 570.285 0
 570.797 0
 571.309 0
 571.821 0
 572.334 0
 572.846 0
 573.358 0
 573.871 0
 574.383 0
 574.895 0
 575.408 0
 575.920 0
 576.433 0
 576.945 0
 577.458 0
 577.971 0
 578.483 1
 578.996 0
 579.509 0
 580.021 0
 580.534 1
 581.047 0
 581.560 0
 582.073 0
 582.586 0
 583.099 0
 583.611 0
 584.124 1
 584.637 0
 585.150 0
 585.664 0
 586.177 0
 586.690 0
 587.203 0
 587.716 0
 588.229 0
 588.743 0
 589.256 0
 589.769 0
 590.282 1
 590.796 0
 591.309 0
 591.823 0
 592.336 0
 592.849 0
 593.363 0
 593.877 1
 594.390 0
 594.904 0
 595.417 0
 595.931 1
 596.445 0
 596.958 0
 597.472 0
 597.986 0
 598.500 0
 599.013 0
 599.527 0
 600.041 0
 600.555 0
 601.069 1
 601.583 0
 602.097 0
 602.611 0
 603.125 0
 603.639 0
 604.153 0
 604.668 0
 605.182 0
 605.696 2
 606.210 0
 606.724 0
 607.239 0
 607.753 0
 608.267 0
 608.782 1
 609.296 0
 609.811 0
 610.325 0
 610.840 0
 611.354 0
 611.869 0
 612.383 0
 612.898 0
 613.413 1
 613.927 0
 614.442 0
 614.957 1
 615.472 0
 615.986 1
 616.501 0
 617.016 0
 617.531 1
 618.046 0
 618.561 1
 619.076 0
 619.591 0
 620.106 0
 620.621 0
 621.136 0
 621.651 0
 622.166 1
 622.682 0
 623.197 0
 623.712 0
 624.227 0
 624.743 1
 625.258 0
 625.773 0
 626.289 0
 626.804 0
 627.320 0
 627.835 0
 628.351 0
 628.866 1
 629.382 0
 629.897 0
 630.413 0
 630.929 1
 631.444 0
 631.960 0
 632.476 0
 632.992 0
 633.507 1
 634.023 0
 634.539 0
 635.055 0
 635.571 0
 636.087 0
 636.603 0
 637.119 0
 637.635 0
 638.151 2
 638.667 0
 639.183 0
 639.700 0
 640.216 1
 640.732 1
 641.248 1
 641.764 1
 642.281 1
 642.797 2
 643.313 2
 643.830 0
 644.346 0
 644.863 1
 645.379 0
 645.896 0
 646.412 0
 646.929 2
 647.446 1
 647.962 0
 648.479 0
 648.996 0
 649.512 0
 650.029 0
 650.546 0
 651.063 0
 651.579 0
 652.096 1
 652.613 0
 653.130 0
 653.647 2
 654.164 0
 654.681 0
 655.198 0
 655.715 1
 656.232 1
 656.750 1
 657.267 0
 657.784 0
 658.301 0
 658.818 0
 659.336 0
 659.853 0
 660.370 1
 660.888 0
 661.405 0
 661.923 0
 662.440 1
 662.958 0
 663.475 0
 663.993 1
 664.510 0
 665.028 1
 665.546 0
 666.063 1
 666.581 3
 667.099 0
 667.616 0
 668.134 0
 668.652 0
 669.170 0
 669.688 0
 670.206 0
 670.724 1
 671.242 0
 671.760 0
 672.278 1
 672.796 0
 673.314 1
 673.832 1
 674.350 0
 674.868 0
 675.386 1
 675.905 1
 676.423 0
 676.941 0
 677.460 2
 677.978 1
 678.496 1
 679.015 1
 679.533 0
 680.052 1
 680.570 0
 681.089 0
 681.607 0
 682.126 0
 682.644 0
 683.163 0
 683.682 0
 684.200 0
 684.719 0
 685.238 0
 685.757 1
 686.276 0
 686.794 0
 687.313 0
 687.832 1
 688.351 0
 688.870 1
 689.389 0
 689.908 1
 690.427 0
 690.946 0
 691.465 0
 691.985 0
 692.504 0
 693.023 1
 693.542 0
 694.062 1
 694.581 0
 695.100 1
 695.620 0
 696.139 0
 696.658 0
 697.178 0
 697.697 0
 698.217 1
 698.736 0
 699.256 1
 699.775 1
 700.295 0
 700.815 0
 701.334 0
 701.854 1
 702.374 0
 702.894 0
 703.413 0
 703.933 0
 704.453 0
 704.973 0
 705.493 0
 706.013 0
 706.533 0
 707.053 0
 707.573 0
 708.093 0
 708.613 1
 709.133 2
 709.653 1
 710.174 0
 710.694 0
 711.214 0
 711.734 0
 712.255 0
 712.775 0
 713.295 0
 713.816 0
 714.336 0
 714.857 0
 715.377 0
 715.898 0
 716.418 0
 716.939 0
 717.459 0
 717.980 0
 718.501 0
 719.021 0
 719.542 0
 720.063 0
 720.584 0
 721.104 0
 721.625 0
 722.146 0
 722.667 0
 723.188 0
 723.709 0
 724.230 0
 724.751 0
 725.272 0
 725.793 0
 726.314 0
 726.835 0
 727.356 0
 727.878 0
 728.399 0
 728.920 0
 729.441 1
 729.963 0
 730.484 0
 731.005 0
 731.527 0
 732.048 0
 732.570 0
 733.091 0
 733.613 0
 734.134 0
 734.656 0
 735.177 0
 735.699 0
 736.221 0
 736.742 0
 737.264 0
 737.786 0
 738.308 0
 738.829 0
 739.351 0
 739.873 0
 740.395 0
 740.917 0
 741.439 0
 741.961 0
 742.483 0
 743.005 0
 743.527 0
 744.049 0
 744.571 0
 745.094 0
 745.616 0
 746.138 0
 746.660 0
 747.183 1
 747.705 0
 748.227 0
 748.750 0
 749.272 0
 749.794 0
 750.317 0
 750.839 0
 751.362 0
 751.884 0
 752.407 0
 752.930 0
 753.452 0
 753.975 0
 754.498 0
 755.020 0
 755.543 0
 756.066 0
 756.589 0
 757.112 0
 757.634 0
 758.157 0
 758.680 0
 759.203 1
 759.726 0
 760.249 0
 760.772 0
 761.295 0
 761.819 0
 762.342 0
 762.865 0
 763.388 0
 763.911 0
 764.435 0
 764.958 0
 765.481 0
 766.005 0
 766.528 0
 767.051 0
 767.575 1
 768.098 0
 768.622 0
 769.145 0
 769.669 0
 770.192 0
 770.716 1
 771.240 0
 771.763 1
 772.287 0
 772.811 0
 773.335 0
 773.858 0
 774.382 0
 774.906 0
 775.430 0
 775.954 0
 776.478 0
 777.002 0
 777.526 0
 778.050 0
 778.574 0
 779.098 0
 779.622 0
 780.146 0
 780.670 0
 781.195 0
 781.719 0
 782.243 0
 782.767 0
 783.292 0
 783.816 0
 784.341 0
 784.865 0
 785.389 1
 785.914 0
 786.438 0
 786.963 0
 787.487 0
 788.012 0
 788.537 0
 789.061 0
 789.586 0
 790.111 0
 790.635 0
 791.160 0
 791.685 0
 792.210 0
 792.735 0
 793.260 0
 793.785 0
 794.309 0
 794.834 0
 795.359 0
 795.885 0
 796.410 0
 796.935 0
 797.460 0
 797.985 0
 798.510 0
 799.035 0
 799.561 0
 800.086 0
 800.611 0
 801.137 0
 801.662 0
 802.187 0
 802.713 0
 803.238 0
 803.764 0
 804.289 0
 804.815 0
 805.340 0
 805.866 0
 806.391 0
 806.917 0
 807.443 0
 807.969 0
 808.494 0
 809.020 0
 809.546 0
 810.072 0
 810.598 0
 811.123 0
 811.649 0
 812.175 0
 812.701 0
 813.227 0
 813.753 0
 814.279 0
 814.806 0
 815.332 0
 815.858 1
 816.384 0
 816.910 0
 817.437 1
 817.963 0
 818.489 0
 819.015 0
 819.542 0
 820.068 0
 820.595 0
 821.121 0
 821.648 0
 822.174 0
 822.701 0
 823.227 0
 823.754 0
 824.280 0
 824.807 0
 825.334 0
 825.861 0
 826.387 0
 826.914 0
 827.441 0
 827.968 0
 828.495 0
 829.021 0
 829.548 0
 830.075 0
 830.602 0
 831.129 0
 831.656 0
 832.184 0
 832.711 0
 833.238 0
 833.765 0
 834.292 0
 834.819 0
 835.347 0
 835.874 0
 836.401 0
 836.929 0
 837.456 0
 837.983 0
 838.511 0
 839.038 1
 839.566 0
 840.093 0
 840.621 0
 841.148 0
 841.676 0
 842.204 0
 842.731 0
 843.259 0
 843.787 0
 844.314 0
 844.842 0
 845.370 0
 845.898 0
 846.426 0
 846.954 0
 847.482 0
 848.010 0
 848.538 0
 849.066 0
 849.594 0
 850.122 0
 850.650 0
 851.178 0
 851.706 0
 852.234 0
 852.763 0
 853.291 0
 853.819 0
 854.347 0
 854.876 0
 855.404 0
 855.933 0
 856.461 0
 856.990 0
 857.518 0
 858.047 0
 858.575 0
 859.104 0
 859.632 0
 860.161 0
 860.690 0
 861.218 0
 861.747 0
 862.276 0
 862.805 1
 863.333 0
 863.862 0
 864.391 0
 864.920 0
 865.449 0
 865.978 0
 866.507 0
 867.036 0
 867.565 0
 868.094 0
 868.623 0
 869.152 0
 869.682 0
 870.211 0
 870.740 0
 871.269 0
 871.799 0
 872.328 0
 872.857 0
 873.387 0
 873.916 0
 874.446 0
 874.975 0
 875.505 0
 876.034 0
 876.564 0
 877.093 0
 877.623 0
 878.153 0
 878.682 0
 879.212 0
 879.742 0
 880.271 0
 880.801 0
 881.331 0
 881.861 0
 882.391 0
 882.921 0
 883.451 0
 883.981 0
 884.511 0
 885.041 0
 885.571 0
 886.101 0
 886.631 0
 887.161 0
 887.691 0
 888.221 0
 888.752 0
 889.282 0
 889.812 1
 890.343 0
 890.873 0
 891.403 0
 891.934 0
 892.464 0
 892.995 0
 893.525 0
 894.056 0
 894.586 0
 895.117 0
 895.648 0
 896.178 0
 896.709 0
 897.240 0
 897.770 0
 898.301 0
 898.832 0
 899.363 0
 899.894 1
 900.425 0
 900.955 0
 901.486 0
 902.017 0
 902.548 0
 903.079 0
 903.611 0
 904.142 0
 904.673 0
 905.204 0
 905.735 0
 906.266 0
 906.798 0
 907.329 0
 907.860 0
 908.391 0
 908.923 0
 909.454 0
 909.986 0
 910.517 0
 911.049 0
 911.580 0
 912.112 0
 912.643 0
 913.175 0
 913.706 0
 914.238 0
 914.770 0
 915.302 0
 915.833 0
 916.365 0
 916.897 0
 917.429 0
 917.961 0
 918.492 0
 919.024 0
 919.556 0
 920.088 0
 920.620 0
 921.152 0
 921.684 0
 922.217 0
 922.749 0
 923.281 0
 923.813 0
 924.345 0
 924.878 0
 925.410 0
 925.942 0
 926.475 0
 927.007 0
 927.539 0
 928.072 0
 928.604 0
 929.137 0
 929.669 0
 930.202 0
 930.734 0
 931.267 0
 931.800 0
 932.332 0
 932.865 0
 933.398 0
 933.930 0
 934.463 0
 934.996 0
 935.529 0
 936.062 0
 936.595 0
 937.128 0
 937.661 0
 938.194 0
 938.727 0
 939.260 0
 939.793 0
 940.326 0
 940.859 0
 941.392 0
 941.925 0
 942.459 0
 942.992 1
 943.525 0
 944.058 0
 944.592 1
 945.125 1
 945.659 0
 946.192 0
 946.725 0
 947.259 0
 947.792 0
 948.326 0
 948.860 0
 949.393 0
 949.927 0
 950.460 0
 950.994 0
 951.528 0
 952.062 0
 952.595 0
 953.129 0
 953.663 0
 954.197 0
 954.731 0
 955.265 0
 955.799 0
 956.333 0
 956.867 1
 957.401 0
 957.935 0
 958.469 0
 959.003 0
 959.537 0
 960.072 0
 960.606 0
 961.140 0
 961.674 0
 962.209 0
 962.743 0
 963.278 0
 963.812 0
 964.346 0
 964.881 0
 965.415 0
 965.950 0
 966.484 0
 967.019 0
 967.554 0
 968.088 0
 968.623 0
 969.158 0
 969.692 0
 970.227 0
 970.762 0
 971.297 0
 971.832 0
 972.367 0
 972.901 0
 973.436 0
 973.971 0
 974.506 0
 975.041 0
 975.576 0
 976.112 0
 976.647 0
 977.182 0
 977.717 0
 978.252 0
 978.787 0
 979.323 0
 979.858 0
 980.393 0
 980.929 0
 981.464 0
 982.000 0
 982.535 0
 983.070 0
 983.606 0
 984.141 0
 984.677 0
 985.213 0
 985.748 0
 986.284 0
 986.820 0
 987.355 0
 987.891 0
 988.427 0
 988.963 0
 989.498 0
 990.034 0
 990.570 0
 991.106 0
 991.642 0
 992.178 0
 992.714 0
 993.250 0
 993.786 0
 994.322 0
 994.858 0
 995.395 0
 995.931 0
 996.467 0
 997.003 0
 997.539 0
 998.076 0
 998.612 0
 999.148 0
 999.685 0
1000.221 0
1000.758 0
1001.294 0
1001.831 0
1002.367 0
1002.904 0
1003.440 0
1003.977 0
1004.514 0
1005.050 0
1005.587 0
1006.124 0
1006.661 0
1007.197 0
1007.734 0
1008.271 0
1008.808 0
1009.345 0
1009.882 0
1010.419 0
1010.956 0
1011.493 0
1012.030 0
1012.567 0
1013.104 0
1013.641 0
1014.179 0
1014.716 0
1015.253 0
1015.790 0
1016.328 0
1016.865 0
1017.402 0
1017.940 0
1018.477 0
1019.015 0
1019.552 0
1020.090 0
1020.627 0
1021.165 1
1021.702 0
1022.240 0
1022.778 0
1023.315 0
1023.853 0
1024.391 0
1024.929 0
1025.467 1
1026.004 0
1026.542 0
1027.080 0
1027.618 0
1028.156 0
1028.694 0
1029.232 0
1029.770 1
1030.308 0
1030.846 0
1031.384 0
1031.923 0
1032.461 0
1032.999 0
1033.537 0
1034.076 0
1034.614 0
1035.152 0
1035.691 0
1036.229 0
1036.767 0
1037.306 0
1037.844 0
1038.383 0
1038.921 0
1039.460 0
1039.999 0
1040.537 0
1041.076 0
1041.615 0
1042.153 0
1042.692 0
1043.231 0
1043.770 0
1044.309 0
1044.847 0
1045.386 0
1045.925 0
1046.464 0
1047.003 0
1047.542 0
1048.081 0
1048.620 0
1049.160 0
1049.699 0
1050.238 0
1050.777 0
1051.316 0
1051.856 0
1052.395 0
1052.934 0
1053.474 0
1054.013 0
1054.552 0
1055.092 0
1055.631 0
1056.171 0
1056.710 0
1057.250 0
1057.789 0
1058.329 0
1058.869 0
1059.408 0
1059.948 0
1060.488 0
1061.028 0
1061.567 0
1062.107 0
1062.647 1
1063.187 0
1063.727 0
1064.267 0
1064.807 0
1065.347 0
1065.887 0
1066.427 0
1066.967 0
1067.507 0
1068.047 0
1068.587 0
1069.128 0
1069.668 0
1070.208 0
1070.748 0
1071.289 0
1071.829 1
1072.369 0
1072.910 1
1073.450 0
1073.991 0
1074.531 0
1075.072 0
1075.612 0
1076.153 0
1076.694 0
1077.234 0
1077.775 0
1078.316 0
1078.856 0
1079.397 0
1079.938 0
1080.479 0
1081.020 0
1081.560 0
1082.101 0
1082.642 0
1083.183 0
1083.724 0
1084.265 0
1084.806 1
1085.348 0
1085.889 0
1086.430 0
1086.971 0
1087.512 0
1088.053 0
1088.595 0
1089.136 1
1089.677 0
1090.219 0
1090.760 0
1091.301 0
1091.843 0
1092.384 0
1092.926 0
1093.467 0
1094.009 0
1094.551 0
1095.092 0
1095.634 0
1096.176 0
1096.717 0
1097.259 0
1097.801 0
1098.343 0
1098.884 0
1099.426 0
1099.968 0
1100.510 0
1101.052 0
1101.594 0
1102.136 0
1102.678 0
1103.220 0
1103.762 0
1104.304 0
1104.847 0
1105.389 0
1105.931 0
1106.473 0
1107.016 0
1107.558 0
1108.100 0
1108.643 0
1109.185 0
1109.727 0
1110.270 0
1110.812 0
1111.355 0
1111.897 0
1112.440 0
1112.983 0
1113.525 0
1114.068 0
1114.611 0
1115.153 0
1115.696 0
1116.239 0
1116.782 0
1117.324 0
1117.867 0
1118.410 0
1118.953 0
1119.496 0
1120.039 0
1120.582 0
1121.125 0
1121.668 0
1122.211 0
1122.754 0
1123.298 0
1123.841 0
1124.384 0
1124.927 0
1125.471 0
1126.014 0
1126.557 0
1127.101 0
1127.644 0
1128.187 0
1128.731 0
1129.274 0
1129.818 0
1130.361 0
1130.905 0
1131.449 0
1131.992 0
1132.536 0
1133.080 0
1133.623 0
1134.167 0
1134.711 0
1135.255 0
1135.799 0
1136.342 0
1136.886 0
1137.430 0
1137.974 0
1138.518 0
1139.062 0
1139.606 0
1140.150 0
1140.695 0
1141.239 0
1141.783 0
1142.327 0
1142.871 0
1143.416 0
1143.960 0
1144.504 0
1145.048 0
1145.593 0
1146.137 0
1146.682 0
1147.226 0
1147.771 0
1148.315 0
1148.860 0
1149.404 0
1149.949 0
1150.494 0
1151.038 0
1151.583 0
1152.128 0
1152.672 0
1153.217 0
1153.762 0
1154.307 0
1154.852 0
1155.397 0
1155.942 0
1156.487 0
1157.032 0
1157.577 0
1158.122 0
1158.667 0
1159.212 0
1159.757 0
1160.302 0
1160.847 0
1161.393 0
1161.938 0
1162.483 0
1163.029 0
1163.574 0
1164.119 0
1164.665 0
1165.210 0
1165.756 0
1166.301 0
1166.847 0
1167.392 0
1167.938 0
1168.483 0
1169.029 1
1169.575 0
1170.120 0
1170.666 0
1171.212 0
1171.758 0
1172.304 0
1172.849 0
1173.395 0
1173.941 0
1174.487 0
1175.033 0
1175.579 0
1176.125 0
1176.671 0
1177.217 0
1177.763 0
1178.310 0
1178.856 0
1179.402 0
1179.948 0
1180.495 0
1181.041 0
1181.587 0
1182.133 0
1182.680 0
1183.226 0
1183.773 0
1184.319 0
1184.866 0
1185.412 0
1185.959 0
1186.505 0
1187.052 0
1187.599 0
1188.145 0
1188.692 0
1189.239 0
1189.786 0
1190.332 0
1190.879 0
1191.426 0
1191.973 0
1192.520 0
1193.067 0
1193.614 0
1194.161 0
1194.708 0
1195.255 0
1195.802 0
1196.349 0
1196.896 0
1197.444 0
1197.991 0
1198.538 1
1199.085 0
1199.633 0
1200.180 0
1200.727 0
1201.275 0
1201.822 0
1202.370 0
1202.917 0
1203.465 0
1204.012 0
1204.560 0
1205.107 0
1205.655 0
1206.203 0
1206.750 0
1207.298 0
1207.846 0
1208.393 0
1208.941 0
1209.489 0
1210.037 0
1210.585 0
1211.133 0
1211.681 0
1212.229 0
1212.777 0
1213.325 0
1213.873 0
1214.421 0
1214.969 0
1215.517 0
1216.065 0
1216.614 0
1217.162 0
1217.710 0
1218.259 0
1218.807 0
1219.355 0
1219.904 0
1220.452 0
1221.001 0
1221.549 0
1222.098 0
1222.646 0
1223.195 0
1223.743 0
1224.292 0
1224.841 0
1225.389 0
1225.938 0
1226.487 0
1227.036 0
1227.584 0
1228.133 0
1228.682 0
1229.231 0
1229.780 0
1230.329 0
1230.878 0
1231.427 0
1231.976 0
1232.525 0
1233.074 0
1233.623 0
1234.172 0
1234.722 0
1235.271 0
1235.820 0
1236.369 0
1236.919 0
1237.468 0
1238.017 0
1238.567 0
1239.116 0
1239.666 0
1240.215 0
1240.765 0
1241.314 0
1241.864 0
1242.413 0
1242.963 0
1243.513 0
1244.062 0
1244.612 0
1245.162 0
1245.712 0
1246.262 0
1246.811 0
1247.361 0
1247.911 0
1248.461 0
1249.011 0
1249.561 0
1250.111 0
1250.661 0
1251.211 0
1251.761 0
1252.312 0
1252.862 0
1253.412 0
1253.962 0
1254.512 0
1255.063 0
1255.613 0
1256.163 0
1256.714 0
1257.264 1
1257.815 0
1258.365 0
1258.916 0
1259.466 0
1260.017 0
1260.567 0
1261.118 0
1261.668 0
1262.219 0
1262.770 0
1263.321 0
1263.871 0
1264.422 0
1264.973 0
1265.524 0
1266.075 0
1266.626 0
1267.177 0
1267.728 0
1268.279 0
1268.830 0
1269.381 0
1269.932 0
1270.483 0
1271.034 0
1271.585 0
1272.136 0
1272.688 0
1273.239 0
1273.790 0
1274.342 0
1274.893 0
1275.444 0
1275.996 0
1276.547 0
1277.099 0
1277.650 0
1278.202 0
1278.753 0
1279.305 0
1279.856 0
1280.408 0
1280.960 1
1281.511 0
1282.063 0
1282.615 0
1283.167 0
1283.719 0
1284.270 0
1284.822 0
1285.374 0
1285.926 0
1286.478 1
1287.030 0
1287.582 0
1288.134 0
1288.686 0
1289.239 0
1289.791 0
1290.343 0
1290.895 0
1291.447 0
1292.000 0
1292.552 0
1293.104 0
1293.657 0
1294.209 0
1294.761 0
1295.314 0
1295.866 0
1296.419 0
1296.971 0
1297.524 0
1298.077 0
1298.629 0
1299.182 0
1299.735 0
1300.287 0
1300.840 0
1301.393 0
1301.946 0
1302.498 0
1303.051 0
1303.604 0
1304.157 0
1304.710 0
1305.263 0
1305.816 0
1306.369 0
1306.922 0
1307.475 0
1308.028 0
1308.582 0
1309.135 0
1309.688 0
1310.241 0
1310.794 0
1311.348 0
1311.901 0
1312.454 0
1313.008 0
1313.561 0
1314.115 0
1314.668 0
1315.222 0
1315.775 0
1316.329 0
1316.882 0
1317.436 0
1317.990 0
1318.543 0
1319.097 0
1319.651 0
1320.205 0
1320.759 0
1321.312 0
1321.866 0
1322.420 0
1322.974 0
1323.528 0
1324.082 1
1324.636 0
1325.190 0
1325.744 0
1326.298 0
1326.852 0
1327.407 0
1327.961 0
1328.515 0
1329.069 0
1329.624 0
1330.178 0
1330.732 0
1331.287 0
1331.841 0
1332.395 1
1332.950 0
1333.504 0
1334.059 0
1334.613 0
1335.168 0
1335.723 0
1336.277 0
1336.832 0
1337.387 0
1337.941 0
1338.496 0
1339.051 0
1339.606 0
1340.161 0
1340.715 0
1341.270 0
1341.825 0
1342.380 0
1342.935 0
1343.490 0
1344.045 0
1344.600 0
1345.155 0
1345.711 0
1346.266 0
1346.821 0
1347.376 0
1347.931 0
1348.487 0
1349.042 0
1349.597 0
1350.153 0
1350.708 0
1351.264 0
1351.819 0
1352.375 0
1352.930 0
1353.486 0
1354.041 0
1354.597 0
1355.153 0
1355.708 0
1356.264 0
1356.820 0
1357.375 0
1357.931 0
1358.487 0
1359.043 0
1359.599 0
1360.155 0
1360.711 0
1361.267 0
1361.823 0
1362.379 0
1362.935 0
1363.491 0
1364.047 0
1364.603 0
1365.159 0
1365.715 0
1366.272 0
1366.828 0
1367.384 0
1367.941 0
1368.497 0
1369.053 0
1369.610 0
1370.166 0
1370.723 0
1371.279 0
1371.836 0
1372.392 0
1372.949 0
1373.505 0
1374.062 0
1374.619 0
1375.175 0
1375.732 0
1376.289 0
1376.846 0
1377.403 0
1377.959 0
1378.516 0
1379.073 0
1379.630 0
1380.187 0
1380.744 0
1381.301 0
1381.858 0
1382.415 0
1382.972 0
1383.530 0
1384.087 0
1384.644 0
1385.201 0
1385.758 0
1386.316 0
1386.873 0
1387.430 0
1387.988 0
1388.545 0
1389.103 0
1389.660 0
1390.218 1
1390.775 0
1391.333 0
1391.890 0
1392.448 0
1393.006 0
1393.563 0
1394.121 0
1394.679 0
1395.237 0
1395.794 0
1396.352 0
1396.910 0
1397.468 0
1398.026 0
1398.584 0
1399.142 0
1399.700 0
1400.258 0
1400.816 0
1401.374 0
1401.932 0
1402.490 0
1403.049 0
1403.607 0
1404.165 0
1404.723 0
1405.282 0
1405.840 0
1406.398 0
1406.957 1
1407.515 0
1408.074 0
1408.632 0
1409.191 0
1409.749 0
1410.308 0
1410.866 0
1411.425 0
1411.984 0
1412.542 0
1413.101 0
1413.660 0
1414.218 0
1414.777 0
1415.336 0
1415.895 0
1416.454 0
1417.013 0
1417.572 0
1418.131 0
1418.690 0
1419.249 0
1419.808 0
1420.367 0
1420.926 0
1421.485 0
1422.045 0
1422.604 0
1423.163 0
1423.722 0
1424.282 0
1424.841 0
1425.400 0
1425.960 0
1426.519 0
1427.079 0
1427.638 0
1428.198 0
1428.757 0
1429.317 0
1429.876 0
1430.436 0
1430.996 0
1431.555 0
1432.115 0
1432.675 0
1433.235 0
1433.794 0
1434.354 0
1434.914 0
1435.474 0
1436.034 0
1436.594 0
1437.154 0
1437.714 0
1438.274 0
1438.834 0
1439.394 0
1439.954 0
1440.514 0
1441.075 0
1441.635 0
1442.195 0
1442.755 0
1443.316 0
1443.876 0
1444.436 0
1444.997 0
1445.557 0
1446.118 0
1446.678 0
1447.239 0
1447.799 0
1448.360 0
1448.921 0
1449.481 0
1450.042 0
1450.603 0
1451.163 0
1451.724 0
1452.285 0
1452.846 0
1453.406 0
1453.967 0
1454.528 0
1455.089 0
1455.650 0
1456.211 0
1456.772 0
1457.333 0
1457.894 0
1458.455 0
1459.017 0
1459.578 0
1460.139 0
1460.700 0
1461.261 0
1461.823 0
1462.384 0
1462.945 0
1463.507 0
1464.068 0
1464.630 0
1465.191 0
1465.753 0
1466.314 0
1466.876 0
1467.437 0
1467.999 0
1468.561 0
1469.122 0
1469.684 0
1470.246 0
1470.807 0
1471.369 0
1471.931 0
1472.493 0
1473.055 0
1473.617 0
1474.179 0
1474.741 0
1475.303 0
1475.865 0
1476.427 0
1476.989 0
1477.551 0
1478.113 0
1478.675 0
1479.237 0
1479.800 0
1480.362 0
1480.924 0
1481.487 0
1482.049 0
1482.611 0
1483.174 0
1483.736 0
1484.299 0
1484.861 0
1485.424 0
1485.986 0
1486.549 0
1487.112 0
1487.674 0
1488.237 0
1488.800 0
1489.362 0
1489.925 0
1490.488 0
1491.051 0
1491.614 0
1492.176 0
1492.739 0
1493.302 0
1493.865 0
1494.428 0
1494.991 0
1495.554 0
1496.118 0
1496.681 0
1497.244 0
1497.807 0
1498.370 0
1498.933 0
1499.497 0
1500.060 0
1500.623 0
1501.187 0
1501.750 0
1502.314 0
1502.877 0
1503.440 0
1504.004 0
1504.567 0
1505.131 0
1505.695 0
1506.258 0
1506.822 0
1507.386 0
1507.949 0
1508.513 0
1509.077 0
1509.641 0
1510.205 0
1510.768 0
1511.332 0
1511.896 0
1512.460 0
1513.024 0
1513.588 0
1514.152 0
1514.716 0
1515.280 0
1515.844 0
1516.409 0
1516.973 0
1517.537 0
1518.101 0
1518.666 0
1519.230 0
1519.794 0
1520.359 0
1520.923 0
1521.487 0
1522.052 0
1522.616 0
1523.181 0
1523.745 0
1524.310 0
1524.875 0
1525.439 0
1526.004 0
1526.569 0
1527.133 0
1527.698 0
1528.263 0
1528.828 0
1529.393 0
1529.957 0
1530.522 0
1531.087 0
1531.652 0
1532.217 0
1532.782 0
1533.347 0
1533.912 0
1534.477 0
1535.043 0
1535.608 0
1536.173 0
1536.738 0
1537.303 0
1537.869 0
1538.434 0
1538.999 0
1539.565 0
1540.130 0
1540.696 0
1541.261 0
1541.826 0
1542.392 0
1542.958 1
1543.523 0
1544.089 0
1544.654 0
1545.220 0
1545.786 0
1546.351 0
1546.917 0
1547.483 0
1548.049 0
1548.615 0
1549.181 0
1549.746 0
1550.312 0
1550.878 0
1551.444 0
1552.010 0
1552.576 0
1553.143 0
1553.709 0
1554.275 0
1554.841 0
1555.407 0
1555.973 0
1556.540 0
1557.106 0
1557.672 0
1558.239 0
1558.805 0
1559.371 0
1559.938 0
1560.504 0
1561.071 0
1561.637 0
1562.204 0
1562.770 0
1563.337 0
1563.904 0
1564.470 0
1565.037 0
1565.604 0
1566.171 0
1566.737 0
1567.304 0
1567.871 0
1568.438 0
1569.005 0
1569.572 0
1570.139 0
1570.706 0
1571.273 0
1571.840 0
1572.407 0
1572.974 0
1573.541 0
1574.108 0
1574.676 0
1575.243 0
1575.810 0
1576.377 0
1576.945 0
1577.512 0
1578.079 1
1578.647 0
1579.214 0
1579.782 0
1580.349 0
1580.917 0
1581.484 0
1582.052 0
1582.620 0
1583.187 0
1583.755 0
1584.323 0
1584.890 0
1585.458 0
1586.026 0
1586.594 0
1587.162 0
1587.729 0
1588.297 0
1588.865 0
1589.433 0
1590.001 0
1590.569 0
1591.137 0
1591.706 0
1592.274 0
1592.842 0
1593.410 0
1593.978 0
1594.546 0
1595.115 0
1595.683 0
1596.251 0
1596.820 0
1597.388 0
1597.956 0
1598.525 0
1599.093 0
1599.662 0
1600.230 0
1600.799 0
1601.368 0
1601.936 0
1602.505 0
1603.074 0
1603.642 0
1604.211 0
1604.780 0
1605.349 0
1605.917 0
1606.486 0
1607.055 0
1607.624 0
1608.193 0
1608.762 0
1609.331 0
1609.900 0
1610.469 0
1611.038 0
1611.607 0
1612.177 0
1612.746 0
1613.315 0
1613.884 0
1614.454 0
1615.023 0
1615.592 0
1616.162 0
1616.731 0
1617.300 0
1617.870 0
1618.439 0
1619.009 0
1619.578 0
1620.148 0
1620.717 0
1621.287 0
1621.857 0
1622.426 0
1622.996 0
1623.566 0
1624.136 0
1624.706 0
1625.275 0
1625.845 0
1626.415 0
1626.985 0
1627.555 0
1628.125 0
1628.695 0
1629.265 0
1629.835 0
1630.405 0
1630.975 0
1631.546 0
1632.116 0
1632.686 0
1633.256 0
1633.826 0
1634.397 0
1634.967 0
1635.538 0
1636.108 0
1636.678 0
1637.249 0
1637.819 0
1638.390 0
1638.960 1
1639.531 0
1640.102 0
1640.672 0
1641.243 0
1641.814 0
1642.384 0
1642.955 0
1643.526 0
1644.097 0
1644.667 0
1645.238 0
1645.809 0
1646.380 0
1646.951 0
1647.522 0
1648.093 0
1648.664 0
1649.235 0
1649.806 0
1650.378 0
1650.949 0
1651.520 0
1652.091 0
1652.662 0
1653.234 0
1653.805 0
1654.376 0
1654.948 0
1655.519 0
1656.091 0
1656.662 0
1657.234 0
1657.805 0
1658.377 0
1658.948 0
1659.520 0
1660.091 0
1660.663 0
1661.235 0
1661.807 0
1662.378 0
1662.950 0
1663.522 0
1664.094 0
1664.666 0
1665.238 0
1665.809 0
1666.381 0
1666.953 0
1667.525 0
1668.098 0
1668.670 0
1669.242 0
1669.814 0
1670.386 0
1670.958 0
1671.530 0
1672.103 0
1672.675 0
1673.247 0
1673.820 0
1674.392 0
1674.965 0
1675.537 0
1676.109 0
1676.682 0
1677.254 0
1677.827 0
1678.400 0
1678.972 0
1679.545 0
1680.118 0
1680.690 0
1681.263 0
1681.836 0
1682.409 0
1682.981 0
1683.554 0
1684.127 0
1684.700 0
1685.273 0
1685.846 0
1686.419 0
1686.992 0
1687.565 0
1688.138 0
1688.711 0
1689.284 0
1689.858 0
1690.431 0
1691.004 0
1691.577 0
1692.151 0
1692.724 0
1693.297 0
1693.871 0
1694.444 0
1695.018 0
1695.591 0
1696.165 0
1696.738 0
1697.312 0
1697.885 0
1698.459 0
1699.032 0
1699.606 0
1700.180 0
1700.754 0
1701.327 0
1701.901 0
1702.475 0
1703.049 0
1703.623 0
1704.197 0
1704.771 0
1705.345 0
1705.919 0
1706.493 0
1707.067 0
1707.641 0
1708.215 0
1708.789 0
1709.363 0
1709.937 0
1710.512 0
1711.086 0
1711.660 0
1712.235 0
1712.809 0
1713.383 0
1713.958 0
1714.532 0
1715.107 0
1715.681 1
1716.256 0
1716.830 0
1717.405 0
1717.980 0
1718.554 0
1719.129 0
1719.704 0
1720.278 0
1720.853 0
1721.428 0
1722.003 0
1722.578 0
1723.153 0
1723.728 0
1724.302 0
1724.877 0
1725.452 0
1726.028 0
1726.603 0
1727.178 0
1727.753 0
1728.328 0
1728.903 0
1729.478 0
1730.054 0
1730.629 0
1731.204 0
1731.780 0
1732.355 0
1732.930 0
1733.506 0
1734.081 0
1734.657 0
1735.232 0
1735.808 0
1736.383 0
1736.959 0
1737.535 0
1738.110 0
1738.686 0
1739.262 0
1739.837 0
1740.413 0
1740.989 0
1741.565 0
1742.141 0
1742.717 0
1743.293 0
1743.869 0
1744.445 0
1745.021 0
1745.597 0
1746.173 0
1746.749 0
1747.325 0
1747.901 0
1748.477 0
1749.053 0
1749.630 0
1750.206 0
1750.782 0
1751.359 0
1751.935 0
1752.511 0
1753.088 0
1753.664 0
1754.241 0
1754.817 0
1755.394 0
1755.970 0
1756.547 0
1757.124 0
1757.700 0
1758.277 0
1758.854 0
1759.431 0
1760.007 0
1760.584 0
1761.161 0
1761.738 0
1762.315 0
1762.892 0
1763.469 0
1764.046 0
1764.623 0
1765.200 0
1765.777 0
1766.354 0
1766.931 0
1767.508 0
1768.086 0
1768.663 0
1769.240 0
1769.817 0
1770.395 0
1770.972 0
1771.549 0
1772.127 0
1772.704 0
1773.282 0
1773.859 0
1774.437 0
1775.014 0
1775.592 0
1776.169 0
1776.747 0
1777.325 0
1777.902 0
1778.480 0
1779.058 0
1779.636 0
1780.214 0
1780.791 0
1781.369 0
1781.947 0
1782.525 0
1783.103 0
1783.681 0
1784.259 0
1784.837 0
1785.415 0
1785.993 0
1786.572 0
1787.150 0
1787.728 0
1788.306 0
1788.884 0
1789.463 0
1790.041 0
1790.619 0
1791.198 0
1791.776 0
1792.355 0
1792.933 0
1793.512 0
1794.090 0
1794.669 0
1795.247 0
1795.826 0
1796.405 0
1796.983 0
1797.562 0
1798.141 0
1798.720 0
1799.298 0
1799.877 0
1800.456 0
1801.035 0
1801.614 0
1802.193 0
1802.772 0
1803.351 0
1803.930 0
1804.509 0
1805.088 0
1805.667 0
1806.246 0
1806.825 0
1807.405 0
1807.984 0
1808.563 0
1809.142 0
1809.722 0
1810.301 0
1810.880 0
1811.460 0
1812.039 0
1812.619 0
1813.198 0
1813.778 0
1814.357 0
1814.937 0
1815.517 0
1816.096 0
1816.676 0
1817.256 0
1817.835 0
1818.415 0
1818.995 0
1819.575 0
1820.155 0
1820.735 0
1821.315 0
1821.895 0
1822.474 0
1823.055 0
1823.635 0
1824.215 0
1824.795 0
1825.375 0
1825.955 0
1826.535 0
1827.115 0
1827.696 0
1828.276 0
1828.856 0
1829.437 0
1830.017 0
1830.597 0
1831.178 0
1831.758 0
1832.339 0
1832.919 0
1833.500 0
1834.080 0
1834.661 0
1835.242 0
1835.822 0
1836.403 0
1836.984 0
1837.564 0
1838.145 0
1838.726 0
1839.307 0
1839.888 0
1840.469 0
1841.050 0
1841.630 0
1842.211 0
1842.792 0
1843.374 0
1843.955 0
1844.536 0
1845.117 0
1845.698 0
1846.279 0
1846.860 0
1847.442 0
1848.023 0
1848.604 0
1849.186 0
1849.767 0
1850.348 0
1850.930 0
1851.511 0
1852.093 0
1852.674 0
1853.256 0
1853.837 0
1854.419 0
1855.001 0
1855.582 0
1856.164 0
1856.746 0
1857.327 0
1857.909 0
1858.491 0
1859.073 0
1859.655 0
1860.237 0
1860.819 0
1861.401 0
1861.983 0
1862.565 0
1863.147 0
1863.729 0
1864.311 0
1864.893 0
1865.475 0
1866.057 0
1866.640 0
1867.222 0
1867.804 0
1868.386 0
1868.969 0
1869.551 0
1870.134 0
1870.716 0
1871.298 0
1871.881 0
1872.464 0
1873.046 0
1873.629 0
1874.211 0
1874.794 0
1875.377 0
1875.959 0
1876.542 0
1877.125 0
1877.708 0
1878.290 0
1878.873 0
1879.456 0
1880.039 0
1880.622 0
1881.205 0
1881.788 0
1882.371 0
1882.954 0
1883.537 0
1884.120 0
1884.703 0
1885.287 0
1885.870 0
1886.453 0
1887.036 0
1887.620 0
1888.203 0
1888.786 0
1889.370 0
1889.953 0
1890.536 0
1891.120 0
1891.703 0
1892.287 0
1892.870 0
1893.454 0
1894.038 0
1894.621 0
1895.205 0
1895.789 0
1896.372 0
1896.956 0
1897.540 0
1898.124 0
1898.708 0
1899.292 0
1899.876 0
1900.459 0
1901.043 0
1901.627 0
1902.211 0
1902.796 0
1903.380 0
1903.964 0
1904.548 0
1905.132 0
1905.716 0
1906.301 0
1906.885 0
1907.469 0
1908.053 0
1908.638 0
1909.222 0
1909.807 0
1910.391 0
1910.976 0
1911.560 0
1912.145 0
1912.729 0
1913.314 0
1913.898 0
1914.483 1
1915.068 0
1915.652 0
1916.237 0
1916.822 0
1917.407 0
1917.992 0
1918.576 0
1919.161 0
1919.746 0
1920.331 0
1920.916 0
1921.501 0
1922.086 0
1922.671 0
1923.256 0
1923.841 0
1924.427 0
1925.012 0
1925.597 0
1926.182 0
1926.768 0
1927.353 0
1927.938 0
1928.524 0
1929.109 0
1929.694 0
1930.280 0
1930.865 0
1931.451 0
1932.036 0
1932.622 0
1933.208 0
1933.793 0
1934.379 0
1934.964 0
1935.550 0
1936.136 0
1936.722 0
1937.308 0
1937.893 0
1938.479 0
1939.065 0
1939.651 0
1940.237 0
1940.823 0
1941.409 0
1941.995 0
1942.581 0
1943.167 0
1943.753 0
1944.340 0
1944.926 0
1945.512 0
1946.098 0
1946.684 0
1947.271 0
1947.857 0
1948.443 0
1949.030 0
1949.616 0
1950.203 0
1950.789 0
1951.376 0
1951.962 0
1952.549 0
1953.135 0
1953.722 0
1954.309 0
1954.895 0
1955.482 0
1956.069 0
1956.656 0
1957.243 0
1957.829 0
1958.416 0
1959.003 0
1959.590 0
1960.177 0
1960.764 0
1961.351 0
1961.938 0
1962.525 0
1963.112 0
1963.699 0
1964.287 0
1964.874 0
1965.461 0
1966.048 0
1966.636 0
1967.223 0
1967.810 0
1968.398 0
1968.985 0
1969.572 1
1970.160 0
1970.747 0
1971.335 0
1971.922 0
1972.510 0
1973.098 0
1973.685 0
1974.273 0
1974.861 0
1975.448 0
1976.036 0
1976.624 0
1977.212 0
1977.800 0
1978.387 0
1978.975 0
1979.563 0
1980.151 0
1980.739 0
1981.327 0
1981.915 0
1982.503 0
1983.092 0
1983.680 0
1984.268 0
1984.856 0
1985.444 0
1986.033 0
1986.621 0
1987.209 0
1987.798 0
1988.386 0
1988.974 0
1989.563 0
1990.151 0
1990.740 0
1991.328 0
1991.917 0
1992.505 0
1993.094 0
1993.683 0
1994.271 0
1994.860 0
1995.449 0
1996.038 0
1996.626 0
1997.215 0
1997.804 0
1998.393 0
1998.982 0
1999.571 0
2000.160 0
2000.749 0
2001.338 0
2001.927 0
2002.516 0
2003.105 0
2003.694 0
2004.283 0
2004.873 0
2005.462 0
2006.051 0
2006.640 0
2007.230 0
2007.819 0
2008.408 0
2008.998 0
2009.587 0
2010.177 0
2010.766 0
2011.356 0
2011.945 0
2012.535 0
2013.125 0
2013.714 0
2014.304 0
2014.894 0
2015.483 0
2016.073 0
2016.663 0
2017.253 0
2017.843 0
2018.432 0
2019.022 0
2019.612 0
2020.202 0
2020.792 0
2021.382 0
2021.972 0
2022.563 0
2023.153 0
2023.743 0
2024.333 0
2024.923 0
2025.513 0
2026.104 0
2026.694 0
2027.284 0
2027.875 0
2028.465 0
2029.056 0
2029.646 0
2030.236 0
2030.827 0
2031.418 0
2032.008 0
2032.599 0
2033.189 0
2033.780 0
2034.371 0
2034.961 0
2035.552 0
2036.143 0
2036.734 0
2037.325 0
2037.915 0
2038.506 0
2039.097 0
2039.688 0
2040.279 0
2040.870 0
2041.461 0
2042.052 0
2042.643 0
2043.234 0
2043.826 0
2044.417 0
2045.008 0
2045.599 0
2046.191 0
2046.782 0
2047.373 0
2047.965 0
2048.556 0
2049.147 0
2049.739 0
2050.330 0
2050.922 0
2051.513 0
2052.105 0
2052.697 0
2053.288 0
2053.880 0
2054.472 0
2055.063 0
2055.655 0
2056.247 0
2056.839 0
2057.430 0
2058.022 0
2058.614 0
2059.206 0
2059.798 0
2060.390 0
2060.982 0
2061.574 0
2062.166 0
2062.758 0
2063.350 0
2063.943 0
2064.535 0
2065.127 0
2065.719 0
2066.312 0
2066.904 0
2067.496 0
2068.089 0
2068.681 0
2069.273 0
2069.866 0
2070.458 0
2071.051 0
2071.643 0
2072.236 0
2072.829 0
2073.421 0
2074.014 0
2074.607 0
2075.199 0
2075.792 0
2076.385 0
2076.978 0
2077.571 0
2078.163 0
2078.756 0
2079.349 0
2079.942 0
2080.535 0
2081.128 0
2081.721 0
2082.314 0
2082.908 0
2083.501 0
2084.094 0
2084.687 0
2085.280 0
2085.874 0
2086.467 0
2087.060 0
2087.653 0
2088.247 0
2088.840 0
2089.434 0
2090.027 0
2090.621 0
2091.214 0
2091.808 0
2092.401 0
2092.995 0
2093.589 0
2094.182 0
2094.776 0
2095.370 0
2095.963 0
2096.557 0
2097.151 0
2097.745 0
2098.339 0
2098.933 0
2099.527 0
2100.121 0
2100.715 0
2101.309 0
2101.903 0
2102.497 0
2103.091 0
2103.685 0
2104.279 0
2104.873 0
2105.468 0
2106.062 0
2106.656 0
2107.251 0
2107.845 0
2108.439 0
2109.034 0
2109.628 0
2110.223 0
2110.817 0
2111.412 0
2112.006 0
2112.601 0
2113.195 0
2113.790 0
2114.385 0
2114.979 0
2115.574 0
2116.169 0
2116.764 0
2117.359 0
2117.953 0
2118.548 0
2119.143 0
2119.738 0
2120.333 0
2120.928 0
2121.523 0
2122.118 0
2122.713 0
2123.308 0
2123.904 0
2124.499 0
2125.094 0
2125.689 0
2126.285 0
2126.880 0
2127.475 1
2128.070 0
2128.666 0
2129.261 0
2129.857 0
2130.452 0
2131.048 0
2131.643 0
2132.239 1
2132.834 0
2133.430 0
2134.026 0
2134.621 0
2135.217 0
2135.813 0
2136.409 0
2137.004 0
2137.600 0
2138.196 0
2138.792 0
2139.388 0
2139.984 0
2140.580 0
2141.176 0
2141.772 0
2142.368 0
2142.964 0
2143.560 0
2144.156 0
2144.753 0
2145.349 0
2145.945 0
2146.541 0
2147.138 0
2147.734 0
2148.330 0
2148.927 0
2149.523 0
2150.120 0
2150.716 0
2151.313 0
2151.909 0
2152.506 0
2153.102 0
2153.699 0
2154.296 0
2154.892 0
2155.489 0
2156.086 0
2156.682 0
2157.279 0
2157.876 0
2158.473 0
2159.070 0
2159.667 0
2160.264 0
2160.861 0
2161.458 0
2162.055 0
2162.652 0
2163.249 0
2163.846 0
2164.443 0
2165.040 0
2165.638 0
2166.235 0
2166.832 0
2167.430 0
2168.027 0
2168.624 0
2169.222 0
2169.819 0
2170.417 0
2171.014 0
2171.612 0
2172.209 0
2172.807 0
2173.404 0
2174.002 0
2174.600 0
2175.197 0
2175.795 0
2176.393 0
2176.991 0
2177.588 0
2178.186 0
2178.784 0
2179.382 0
2179.980 0
2180.578 0
2181.176 0
2181.774 0
2182.372 0
2182.970 0
2183.568 0
2184.166 0
2184.764 0
2185.363 0
2185.961 0
2186.559 0
2187.157 0
2187.756 0
2188.354 0
2188.952 0
2189.551 0
2190.149 0
2190.748 0
2191.346 0
2191.945 0
2192.543 0
2193.142 0
2193.740 0
2194.339 0
2194.938 0
2195.536 0
2196.135 0
2196.734 0
2197.333 0
2197.932 0
2198.530 0
2199.129 0
2199.728 0
2200.327 0
2200.926 0
2201.525 0
2202.124 0
2202.723 0
2203.322 0
2203.921 0
2204.521 0
2205.120 0
2205.719 0
2206.318 0
2206.917 0
2207.517 0
2208.116 0
2208.715 0
2209.315 15
