1571870576598 2019_10_23_17_42_56_598 2.734449 0.478300  0.000014786
2019_10_23_17_42_56_900 1571870576900 302 301 217 107.222  
2019_10_23_17_42_56_901 1571870576901 303 302 849 419.469  
2019_10_23_17_42_56_902 1571870576902 304 303 449 220.472  
2019_10_23_17_42_56_902 1571870576902 304 303 409 200.833  
2019_10_23_17_42_56_903 1571870576903 305 304 665 327.343  
2019_10_23_17_42_56_903 1571870576903 305 304 210 103.829  
2019_10_23_17_42_56_903 1571870576903 305 304 1338 669.17  
2019_10_23_17_42_56_903 1571870576903 305 304 376 184.666  
2019_10_23_17_42_56_903 1571870576903 305 304 90 45.9012  
2019_10_23_17_42_56_903 1571870576903 305 304 155 77.2262  
2019_10_23_17_42_56_903 1571870576903 305 304 757 373.28  
2019_10_23_17_42_56_903 1571870576903 305 304 205 101.407  
2019_10_23_17_42_56_903 1571870576903 305 304 762 375.784  
2019_10_23_17_42_56_904 1571870576904 306 305 1375 688.351  
2019_10_23_17_42_56_904 1571870576904 306 305 569 279.674  
2019_10_23_17_42_56_904 1571870576904 306 305 173 85.9229  
2019_10_23_17_42_56_904 1571870576904 306 305 1332 666.063  
2019_10_23_17_42_56_904 1571870576904 306 304 489 240.159  
2019_10_23_17_42_56_904 1571870576904 306 304 1067 529.914  
2019_10_23_17_42_56_904 1571870576904 306 304 1359 680.052  
2019_10_23_17_42_56_904 1571870576904 306 304 367 180.262  
2019_10_23_17_42_56_904 1571870576904 306 304 583 286.609  
2019_10_23_17_42_56_905 1571870576905 307 305 413 202.794  
2019_10_23_17_42_56_905 1571870576905 307 305 528 259.399  
2019_10_23_17_42_56_905 1571870576905 307 305 269 132.467  
2019_10_23_17_42_56_905 1571870576905 307 305 274 134.899  
2019_10_23_17_42_56_905 1571870576905 307 305 531 260.881  
2019_10_23_17_42_56_905 1571870576905 307 305 1060 526.346  
2019_10_23_17_42_56_905 1571870576905 307 305 564 277.199  
2019_10_23_17_42_56_905 1571870576905 307 305 340 167.066  
2019_10_23_17_42_56_906 1571870576906 308 306 1310 654.681  
2019_10_23_17_42_56_906 1571870576906 308 306 267 131.495  
2019_10_23_17_42_56_906 1571870576906 308 306 278 136.845  
2019_10_23_17_42_56_906 1571870576906 308 306 705 347.285  
2019_10_23_17_42_56_907 1571870576907 309 306 280 137.818  
2019_10_23_17_42_56_919 1571870576919 321 318 350 171.951  
2019_10_23_17_42_56_923 1571870576923 325 322 78 40.1318  
2019_10_23_17_42_56_929 1571870576929 331 328 709 349.282  
2019_10_23_17_42_56_943 1571870576943 345 342 1327 663.475  
2019_10_23_17_42_56_946 1571870576946 348 345 1044 518.195  
2019_10_23_17_42_56_956 1571870576956 358 355 245 120.805  
2019_10_23_17_42_56_960 1571870576960 362 359 879 434.584  
2019_10_23_17_42_56_963 1571870576963 365 362 784 386.81  
2019_10_23_17_42_56_971 1571870576971 373 370 563 276.704  
2019_10_23_17_42_56_973 1571870576973 375 372 785 387.311  
2019_10_23_17_42_56_983 1571870576983 385 382 215 106.252  
2019_10_23_17_42_56_989 1571870576989 391 388 133 66.6099  
2019_10_23_17_42_56_992 1571870576992 394 391 494 242.623  
2019_10_23_17_42_56_992 1571870576992 394 391 525 257.917  
2019_10_23_17_42_56_997 1571870576997 399 396 1342 671.242  
2019_10_23_17_42_57_035 1571870577035 437 434 129 64.6812  
2019_10_23_17_42_57_040 1571870577040 442 438 506 248.54  
2019_10_23_17_42_57_056 1571870577056 458 454 396 194.46  
2019_10_23_17_42_57_063 1571870577063 465 461 151 75.2949  
2019_10_23_17_42_57_066 1571870577066 468 464 378 185.644  
2019_10_23_17_42_57_083 1571870577083 485 481 1334 667.099  
2019_10_23_17_42_57_092 1571870577092 494 490 463 227.357  
2019_10_23_17_42_57_100 1571870577100 502 498 1310 654.681  
2019_10_23_17_42_57_113 1571870577113 515 511 1316 657.784  
2019_10_23_17_42_57_133 1571870577133 535 531 1364 682.644  
2019_10_23_17_42_57_134 1571870577134 536 532 155 77.2262  
2019_10_23_17_42_57_140 1571870577140 542 538 217 107.222  
2019_10_23_17_42_57_146 1571870577146 548 544 269 132.467  
2019_10_23_17_42_57_160 1571870577160 562 558 129 64.6812  
2019_10_23_17_42_57_167 1571870577167 569 565 925 457.813  
2019_10_23_17_42_57_178 1571870577178 580 576 1188 591.823  
2019_10_23_17_42_57_199 1571870577199 601 597 4095 2209.31  
2019_10_23_17_42_57_213 1571870577213 615 611 1928 979.858  
2019_10_23_17_42_57_219 1571870577219 621 616 574 282.15  
2019_10_23_17_42_57_224 1571870577224 626 621 936 463.377  
2019_10_23_17_42_57_226 1571870577226 628 623 1341 670.724  
2019_10_23_17_42_57_240 1571870577240 642 637 427 209.664  
2019_10_23_17_42_57_242 1571870577242 644 639 124 62.271  
2019_10_23_17_42_57_252 1571870577252 654 649 627 308.441  
2019_10_23_17_42_57_254 1571870577254 656 651 458 224.897  
2019_10_23_17_42_57_264 1571870577264 666 661 260 128.092  
2019_10_23_17_42_57_279 1571870577279 681 676 173 85.9229  
2019_10_23_17_42_57_280 1571870577280 682 677 382 187.603  
2019_10_23_17_42_57_290 1571870577290 692 687 118 59.3797  
2019_10_23_17_42_57_291 1571870577291 693 688 665 327.343  
2019_10_23_17_42_57_297 1571870577297 699 694 1324 661.923  
2019_10_23_17_42_57_300 1571870577300 702 697 1341 670.724  
2019_10_23_17_42_57_334 1571870577334 736 731 420 206.229  
2019_10_23_17_42_57_336 1571870577336 738 733 241 118.864  
2019_10_23_17_42_57_349 1571870577349 751 746 288 141.711  
2019_10_23_17_42_57_352 1571870577352 754 749 247 121.777  
2019_10_23_17_42_57_353 1571870577353 755 749 1028 510.052  
2019_10_23_17_42_57_363 1571870577363 765 759 1300 649.512  
2019_10_23_17_42_57_375 1571870577375 777 771 726 357.773  
2019_10_23_17_42_57_382 1571870577382 784 778 1325 662.44  
2019_10_23_17_42_57_383 1571870577383 785 779 452 221.947  
2019_10_23_17_42_57_401 1571870577401 803 797 388 190.541  
2019_10_23_17_42_57_404 1571870577404 806 800 1356 678.496  
2019_10_23_17_42_57_407 1571870577407 809 803 616 302.978  
2019_10_23_17_42_57_411 1571870577411 813 807 159 79.1579  
2019_10_23_17_42_57_441 1571870577441 843 837 439 215.558  
2019_10_23_17_42_57_443 1571870577443 845 839 381 187.113  
2019_10_23_17_42_57_445 1571870577445 847 841 210 103.829  
2019_10_23_17_42_57_457 1571870577457 859 853 269 132.467  
2019_10_23_17_42_57_460 1571870577460 862 856 839 414.436  
2019_10_23_17_42_57_461 1571870577461 863 857 78 40.1318  
2019_10_23_17_42_57_462 1571870577462 864 858 403 197.891  
2019_10_23_17_42_57_464 1571870577464 866 860 335 164.624  
2019_10_23_17_42_57_466 1571870577466 868 861 273 134.412  
2019_10_23_17_42_57_491 1571870577491 893 886 659 324.355  
2019_10_23_17_42_57_494 1571870577494 896 889 1323 661.405  
2019_10_23_17_42_57_501 1571870577501 903 896 623 306.454  
2019_10_23_17_42_57_503 1571870577503 905 898 460 225.881  
2019_10_23_17_42_57_509 1571870577509 911 904 382 187.603  
2019_10_23_17_42_57_510 1571870577510 912 905 160 79.641  
2019_10_23_17_42_57_520 1571870577520 922 915 750 369.776  
2019_10_23_17_42_57_532 1571870577532 934 927 78 40.1318  
2019_10_23_17_42_57_537 1571870577537 939 932 276 135.872  
2019_10_23_17_42_57_561 1571870577561 963 956 1353 676.941  
2019_10_23_17_42_57_566 1571870577566 968 961 958 474.516  
2019_10_23_17_42_57_597 1571870577597 999 992 904 447.201  
2019_10_23_17_42_57_604 1571870577604 1006 999 1297 647.962  
2019_10_23_17_42_57_609 1571870577609 1011 1004 182 90.2748  
2019_10_23_17_42_57_610 1571870577610 1012 1005 1322 660.888  
2019_10_23_17_42_57_611 1571870577611 1013 1006 1281 639.7  
2019_10_23_17_42_57_627 1571870577627 1029 1021 120 60.3434  
2019_10_23_17_42_57_628 1571870577628 1030 1022 347 170.485  
2019_10_23_17_42_57_639 1571870577639 1041 1033 1303 651.063  
2019_10_23_17_42_57_640 1571870577640 1042 1034 1116 554.932  
2019_10_23_17_42_57_660 1571870577660 1062 1054 1337 668.652  
2019_10_23_17_42_57_672 1571870577672 1074 1066 187 92.6936  
2019_10_23_17_42_57_679 1571870577679 1081 1073 265 130.522  
2019_10_23_17_42_57_704 1571870577704 1106 1098 643 316.394  
2019_10_23_17_42_57_716 1571870577716 1118 1110 901 445.686  
2019_10_23_17_42_57_727 1571870577727 1129 1121 297 146.094  
2019_10_23_17_42_57_732 1571870577732 1134 1126 1235 615.986  
2019_10_23_17_42_57_743 1571870577743 1145 1137 424 208.192  
2019_10_23_17_42_57_747 1571870577747 1149 1141 96 48.7875  
2019_10_23_17_42_57_793 1571870577793 1195 1187 257 126.634  
2019_10_23_17_42_57_799 1571870577799 1201 1193 1069 530.934  
2019_10_23_17_42_57_805 1571870577805 1207 1199 305 149.991  
2019_10_23_17_42_57_806 1571870577806 1208 1200 44 23.8083  
2019_10_23_17_42_57_826 1571870577826 1228 1219 403 197.891  
2019_10_23_17_42_57_832 1571870577832 1234 1225 520 255.449  
2019_10_23_17_42_57_837 1571870577837 1239 1230 605 297.518  
2019_10_23_17_42_57_839 1571870577839 1241 1232 144 71.9162  
2019_10_23_17_42_57_847 1571870577847 1249 1240 261 128.578  
2019_10_23_17_42_57_882 1571870577882 1284 1275 195 96.5652  
2019_10_23_17_42_57_894 1571870577894 1296 1287 78 40.1318  
2019_10_23_17_42_58_156 1571870578156 1558 1549 172 85.4395  
2019_10_23_17_42_58_157 1571870578157 1559 1550 1563 786.438  
2019_10_23_17_42_58_158 1571870578158 1560 1551 530 260.387  
2019_10_23_17_42_58_158 1571870578158 1560 1551 400 196.42  
2019_10_23_17_42_58_159 1571870578159 1561 1552 476 233.755  
2019_10_23_17_42_58_159 1571870578159 1561 1552 1177 586.177  
2019_10_23_17_42_58_159 1571870578159 1561 1552 1365 683.163  
2019_10_23_17_42_58_159 1571870578159 1561 1552 240 118.378  
2019_10_23_17_42_58_159 1571870578159 1561 1552 2505 1293.66  
2019_10_23_17_42_58_159 1571870578159 1561 1552 166 82.5397  
2019_10_23_17_42_58_159 1571870578159 1561 1551 272 133.926  
2019_10_23_17_42_58_159 1571870578159 1561 1551 823 406.39  
2019_10_23_17_42_58_159 1571870578159 1561 1551 1237 617.016  
2019_10_23_17_42_58_160 1571870578160 1562 1552 462 226.865  
2019_10_23_17_42_58_160 1571870578160 1562 1552 485 238.188  
2019_10_23_17_42_58_160 1571870578160 1562 1552 434 213.102  
2019_10_23_17_42_58_160 1571870578160 1562 1552 197 97.5334  
2019_10_23_17_42_58_160 1571870578160 1562 1552 621 305.461  
2019_10_23_17_42_58_160 1571870578160 1562 1552 263 129.55  
2019_10_23_17_42_58_160 1571870578160 1562 1552 425 208.683  
2019_10_23_17_42_58_160 1571870578160 1562 1552 483 237.203  
2019_10_23_17_42_58_160 1571870578160 1562 1552 133 66.6099  
2019_10_23_17_42_58_161 1571870578161 1563 1553 1288 643.313  
2019_10_23_17_42_58_166 1571870578166 1568 1558 1360 680.57  
2019_10_23_17_42_58_172 1571870578172 1574 1564 852 420.979  
2019_10_23_17_42_58_205 1571870578205 1607 1597 365 179.284  
2019_10_23_17_42_58_213 1571870578213 1615 1605 303 149.017  
2019_10_23_17_42_58_223 1571870578223 1625 1615 626 307.944  
2019_10_23_17_42_58_227 1571870578227 1629 1618 708 348.782  
2019_10_23_17_42_58_233 1571870578233 1635 1624 309 151.941  
2019_10_23_17_42_58_242 1571870578242 1644 1633 259 127.606  
2019_10_23_17_42_58_255 1571870578255 1657 1646 360 176.839  
2019_10_23_17_42_58_259 1571870578259 1661 1650 219 108.191  
2019_10_23_17_42_58_261 1571870578261 1663 1652 895 442.657  
2019_10_23_17_42_58_273 1571870578273 1675 1664 338 166.089  
2019_10_23_17_42_58_288 1571870578288 1690 1679 572 281.16  
2019_10_23_17_42_58_289 1571870578289 1691 1680 670 329.833  
2019_10_23_17_42_58_292 1571870578292 1694 1683 655 322.364  
2019_10_23_17_42_58_300 1571870578300 1702 1691 389 191.031  
2019_10_23_17_42_58_317 1571870578317 1719 1708 750 369.776  
2019_10_23_17_42_58_322 1571870578322 1724 1713 931 460.847  
2019_10_23_17_42_58_366 1571870578366 1768 1757 280 137.818  
2019_10_23_17_42_58_367 1571870578367 1769 1758 613 301.488  
2019_10_23_17_42_58_368 1571870578368 1770 1759 140 69.9862  
2019_10_23_17_42_58_369 1571870578369 1771 1760 948 469.451  
2019_10_23_17_42_58_370 1571870578370 1772 1760 462 226.865  
2019_10_23_17_42_58_381 1571870578381 1783 1771 309 151.941  
2019_10_23_17_42_58_390 1571870578390 1792 1780 637 313.411  
2019_10_23_17_42_58_391 1571870578391 1793 1781 437 214.575  
2019_10_23_17_42_58_392 1571870578392 1794 1782 2012 1024.93  
2019_10_23_17_42_58_395 1571870578395 1797 1785 410 201.323  
2019_10_23_17_42_58_401 1571870578401 1803 1791 250 123.234  
2019_10_23_17_42_58_418 1571870578418 1820 1808 1385 693.542  
2019_10_23_17_42_58_431 1571870578431 1833 1821 1389 695.62  
2019_10_23_17_42_58_435 1571870578435 1837 1825 196 97.0493  
2019_10_23_17_42_58_439 1571870578439 1841 1829 162 80.6071  
2019_10_23_17_42_58_441 1571870578441 1843 1831 186 92.2098  
2019_10_23_17_42_58_444 1571870578444 1846 1834 385 189.072  
2019_10_23_17_42_58_450 1571870578450 1852 1840 655 322.364  
2019_10_23_17_42_58_461 1571870578461 1863 1851 857 423.497  
2019_10_23_17_42_58_463 1571870578463 1865 1853 209 103.345  
2019_10_23_17_42_58_466 1571870578466 1868 1856 507 249.033  
2019_10_23_17_42_58_483 1571870578483 1885 1872 1308 653.647  
2019_10_23_17_42_58_487 1571870578487 1889 1876 85 43.4968  
2019_10_23_17_42_58_495 1571870578495 1897 1884 405 198.871  
2019_10_23_17_42_58_498 1571870578498 1900 1887 1076 534.504  
2019_10_23_17_42_58_509 1571870578509 1911 1898 855 422.49  
2019_10_23_17_42_58_512 1571870578512 1914 1901 256 126.148  
2019_10_23_17_42_58_547 1571870578547 1949 1936 649 319.379  
2019_10_23_17_42_58_554 1571870578554 1956 1943 484 237.695  
2019_10_23_17_42_58_558 1571870578558 1960 1947 363 178.306  
2019_10_23_17_42_58_564 1571870578564 1966 1953 228 112.555  
2019_10_23_17_42_58_568 1571870578568 1970 1957 224 110.616  
2019_10_23_17_42_58_579 1571870578579 1981 1968 331 162.672  
2019_10_23_17_42_58_580 1571870578580 1982 1969 544 267.305  
2019_10_23_17_42_58_583 1571870578583 1985 1972 935 462.871  
2019_10_23_17_42_58_588 1571870578588 1990 1977 149 74.3294  
2019_10_23_17_42_58_597 1571870578597 1999 1986 1261 629.382  
2019_10_23_17_42_58_614 1571870578614 2016 2003 227 112.07  
2019_10_23_17_42_58_626 1571870578626 2028 2014 1327 663.475  
2019_10_23_17_42_58_627 1571870578627 2029 2015 993 492.266  
2019_10_23_17_42_58_629 1571870578629 2031 2017 289 142.198  
2019_10_23_17_42_58_637 1571870578637 2039 2025 461 226.373  
2019_10_23_17_42_58_652 1571870578652 2054 2040 702 345.788  
2019_10_23_17_42_58_662 1571870578662 2064 2050 403 197.891  
2019_10_23_17_42_58_668 1571870578668 2070 2056 101 51.1936  
2019_10_23_17_42_58_684 1571870578684 2086 2072 423 207.701  
2019_10_23_17_42_58_685 1571870578685 2087 2073 484 237.695  
2019_10_23_17_42_58_694 1571870578694 2096 2082 135 67.5744  
2019_10_23_17_42_58_701 1571870578701 2103 2089 367 180.262  
2019_10_23_17_42_58_729 1571870578729 2131 2117 344 169.019  
2019_10_23_17_42_58_745 1571870578745 2147 2133 614 301.985  
2019_10_23_17_42_58_750 1571870578750 2152 2138 1348 674.35  
2019_10_23_17_42_58_763 1571870578763 2165 2151 1362 681.607  
2019_10_23_17_42_58_770 1571870578770 2172 2158 1081 537.055  
2019_10_23_17_42_58_776 1571870578776 2178 2164 459 225.389  
2019_10_23_17_42_58_777 1571870578777 2179 2164 665 327.343  
2019_10_23_17_42_58_794 1571870578794 2196 2181 1131 562.605  
2019_10_23_17_42_58_795 1571870578795 2197 2182 1559 784.341  
2019_10_23_17_42_58_796 1571870578796 2198 2183 177 87.8568  
2019_10_23_17_42_58_797 1571870578797 2199 2184 403 197.891  
2019_10_23_17_42_58_837 1571870578837 2239 2224 165 82.0565  
2019_10_23_17_42_58_852 1571870578852 2254 2239 377 185.155  
2019_10_23_17_42_58_863 1571870578863 2265 2250 183 90.7585  
2019_10_23_17_42_58_875 1571870578875 2277 2262 392 192.5  
2019_10_23_17_42_58_879 1571870578879 2281 2266 814 401.868  
2019_10_23_17_42_58_888 1571870578888 2290 2275 428 210.155  
2019_10_23_17_42_58_895 1571870578895 2297 2282 134 67.0921  
2019_10_23_17_42_58_896 1571870578896 2298 2283 878 434.08  
2019_10_23_17_42_58_897 1571870578897 2299 2284 230 113.526  
2019_10_23_17_42_58_899 1571870578899 2301 2286 1294 646.412  
2019_10_23_17_42_58_905 1571870578905 2307 2292 402 197.4  
2019_10_23_17_42_58_931 1571870578931 2333 2318 426 209.173  
2019_10_23_17_42_58_932 1571870578932 2334 2319 314 154.378  
2019_10_23_17_42_58_933 1571870578933 2335 2319 132 66.1277  
2019_10_23_17_42_58_936 1571870578936 2338 2322 1335 667.616  
2019_10_23_17_42_58_956 1571870578956 2358 2342 780 384.804  
2019_10_23_17_42_58_979 1571870578979 2381 2365 209 103.345  
2019_10_23_17_42_58_984 1571870578984 2386 2370 489 240.159  
2019_10_23_17_42_59_003 1571870579003 2405 2389 311 152.916  
2019_10_23_17_42_59_040 1571870579040 2442 2426 294 144.633  
2019_10_23_17_42_59_041 1571870579041 2443 2427 1354 677.46  
2019_10_23_17_42_59_045 1571870579045 2447 2431 73 37.7291  
2019_10_23_17_42_59_047 1571870579047 2449 2433 326 160.232  
2019_10_23_17_42_59_051 1571870579051 2453 2437 300 147.555  
2019_10_23_17_42_59_068 1571870579068 2470 2454 476 233.755  
2019_10_23_17_42_59_076 1571870579076 2478 2462 1174 584.637  
2019_10_23_17_42_59_087 1571870579087 2489 2473 848 418.965  
2019_10_23_17_42_59_106 1571870579106 2508 2492 1320 659.853  
2019_10_23_17_42_59_107 1571870579107 2509 2493 757 373.28  
2019_10_23_17_42_59_120 1571870579120 2522 2506 315 154.866  
2019_10_23_17_42_59_122 1571870579122 2524 2507 345 169.508  
2019_10_23_17_42_59_131 1571870579131 2533 2516 179 88.8239  
2019_10_23_17_42_59_145 1571870579145 2547 2530 464 227.849  
2019_10_23_17_42_59_146 1571870579146 2548 2531 476 233.755  
2019_10_23_17_42_59_147 1571870579147 2549 2532 129 64.6812  
2019_10_23_17_42_59_177 1571870579177 2579 2562 1332 666.063  
2019_10_23_17_42_59_205 1571870579205 2607 2590 450 220.964  
2019_10_23_17_42_59_207 1571870579207 2609 2592 617 303.474  
2019_10_23_17_42_59_212 1571870579212 2614 2597 424 208.192  
2019_10_23_17_42_59_226 1571870579226 2628 2611 250 123.234  
2019_10_23_17_42_59_242 1571870579242 2644 2627 1380 690.946  
2019_10_23_17_42_59_251 1571870579251 2653 2636 272 133.926  
2019_10_23_17_42_59_256 1571870579256 2658 2641 375 184.176  
2019_10_23_17_42_59_264 1571870579264 2666 2649 323 158.768  
2019_10_23_17_42_59_274 1571870579274 2676 2659 213 105.283  
2019_10_23_17_42_59_286 1571870579286 2688 2671 195 96.5652  
2019_10_23_17_42_59_287 1571870579287 2689 2672 1278 638.151  
2019_10_23_17_42_59_289 1571870579289 2691 2673 513 251.993  
2019_10_23_17_42_59_312 1571870579312 2714 2696 71 36.7683  
2019_10_23_17_42_59_322 1571870579322 2724 2706 1305 652.096  
2019_10_23_17_42_59_325 1571870579325 2727 2709 692 340.798  
2019_10_23_17_42_59_335 1571870579335 2737 2719 979 485.161  
2019_10_23_17_42_59_340 1571870579340 2742 2724 540 265.328  
2019_10_23_17_42_59_351 1571870579351 2753 2735 546 268.294  
2019_10_23_17_42_59_371 1571870579371 2773 2755 2081 1062.11  
2019_10_23_17_42_59_373 1571870579373 2775 2757 1299 648.996  
2019_10_23_17_42_59_376 1571870579376 2778 2760 418 205.247  
2019_10_23_17_42_59_378 1571870579378 2780 2762 211 104.314  
2019_10_23_17_42_59_379 1571870579379 2781 2763 800 394.837  
2019_10_23_17_42_59_386 1571870579386 2788 2770 844 416.952  
2019_10_23_17_42_59_407 1571870579407 2809 2791 1366 683.682  
2019_10_23_17_42_59_413 1571870579413 2815 2797 357 175.372  
2019_10_23_17_42_59_417 1571870579417 2819 2801 1311 655.198  
2019_10_23_17_42_59_418 1571870579418 2820 2802 82 42.0545  
2019_10_23_17_42_59_419 1571870579419 2821 2802 937 463.883  
2019_10_23_17_42_59_427 1571870579427 2829 2810 105 53.119  
2019_10_23_17_42_59_430 1571870579430 2832 2813 265 130.522  
2019_10_23_17_42_59_446 1571870579446 2848 2829 1281 639.7  
2019_10_23_17_42_59_468 1571870579468 2870 2851 708 348.782  
2019_10_23_17_42_59_473 1571870579473 2875 2856 210 103.829  
2019_10_23_17_42_59_491 1571870579491 2893 2874 847 418.462  
2019_10_23_17_42_59_500 1571870579500 2902 2883 543 266.811  
2019_10_23_17_42_59_502 1571870579502 2904 2885 294 144.633  
2019_10_23_17_42_59_512 1571870579512 2914 2895 97 49.2687  
2019_10_23_17_42_59_516 1571870579516 2918 2899 219 108.191  
2019_10_23_17_42_59_518 1571870579518 2920 2901 121 60.8252  
2019_10_23_17_42_59_538 1571870579538 2940 2921 784 386.81  
2019_10_23_17_42_59_579 1571870579579 2981 2962 707 348.283  
2019_10_23_17_42_59_600 1571870579600 3002 2983 4095 2209.31  
2019_10_23_17_42_59_629 1571870579629 3031 3012 1246 621.651  
2019_10_23_17_42_59_643 1571870579643 3045 3026 818 403.877  
2019_10_23_17_42_59_648 1571870579648 3050 3030 464 227.849  
2019_10_23_17_42_59_650 1571870579650 3052 3032 529 259.893  
2019_10_23_17_42_59_688 1571870579688 3090 3070 221 109.161  
2019_10_23_17_42_59_692 1571870579692 3094 3074 452 221.947  
2019_10_23_17_42_59_704 1571870579704 3106 3086 133 66.6099  
2019_10_23_17_42_59_745 1571870579745 3147 3127 370 181.73  
2019_10_23_17_42_59_758 1571870579758 3160 3140 466 228.833  
2019_10_23_17_42_59_760 1571870579760 3162 3142 288 141.711  
2019_10_23_17_42_59_764 1571870579764 3166 3146 1379 690.427  
2019_10_23_17_42_59_765 1571870579765 3167 3147 251 123.719  
2019_10_23_17_42_59_768 1571870579768 3170 3150 699 344.29  
2019_10_23_17_42_59_772 1571870579772 3174 3154 154 76.7433  
2019_10_23_17_42_59_779 1571870579779 3181 3161 449 220.472  
2019_10_23_17_42_59_785 1571870579785 3187 3167 432 212.119  
2019_10_23_17_42_59_813 1571870579813 3215 3195 297 146.094  
2019_10_23_17_42_59_833 1571870579833 3235 3215 1012 501.917  
2019_10_23_17_42_59_848 1571870579848 3250 3230 487 239.173  
2019_10_23_17_42_59_851 1571870579851 3253 3233 500 245.581  
2019_10_23_17_42_59_854 1571870579854 3256 3235 1331 665.546  
2019_10_23_17_42_59_861 1571870579861 3263 3242 757 373.28  
2019_10_23_17_42_59_866 1571870579866 3268 3247 964 477.556  
2019_10_23_17_42_59_867 1571870579867 3269 3248 162 80.6071  
2019_10_23_17_42_59_878 1571870579878 3280 3259 603 296.526  
2019_10_23_17_42_59_891 1571870579891 3293 3272 240 118.378  
2019_10_23_17_42_59_892 1571870579892 3294 3273 1279 638.667  
2019_10_23_17_42_59_916 1571870579916 3318 3297 782 385.807  
2019_10_23_17_42_59_922 1571870579922 3324 3303 1332 666.063  
2019_10_23_17_42_59_977 1571870579977 3379 3358 1009 500.392  
2019_10_23_17_43_00_004 1571870580004 3406 3385 215 106.252  
2019_10_23_17_43_00_014 1571870580014 3416 3395 437 214.575  
2019_10_23_17_43_00_019 1571870580019 3421 3400 1300 649.512  
2019_10_23_17_43_00_045 1571870580045 3447 3426 417 204.757  
2019_10_23_17_43_00_055 1571870580055 3457 3436 598 294.045  
2019_10_23_17_43_00_056 1571870580056 3458 3437 634 311.92  
2019_10_23_17_43_00_060 1571870580060 3462 3441 197 97.5334  
2019_10_23_17_43_00_064 1571870580064 3466 3444 1328 663.993  
2019_10_23_17_43_00_072 1571870580072 3474 3452 302 148.53  
2019_10_23_17_43_00_083 1571870580083 3485 3463 283 139.278  
2019_10_23_17_43_00_084 1571870580084 3486 3464 593 291.566  
2019_10_23_17_43_00_091 1571870580091 3493 3471 1087 540.117  
2019_10_23_17_43_00_098 1571870580098 3500 3478 412 202.304  
2019_10_23_17_43_00_112 1571870580112 3514 3492 1381 691.465  
2019_10_23_17_43_00_157 1571870580157 3559 3537 1262 629.897  
2019_10_23_17_43_00_169 1571870580169 3571 3549 1058 525.326  
2019_10_23_17_43_00_171 1571870580171 3573 3551 405 198.871  
2019_10_23_17_43_00_185 1571870580185 3587 3565 1377 689.389  
2019_10_23_17_43_00_188 1571870580188 3590 3568 525 257.917  
2019_10_23_17_43_00_196 1571870580196 3598 3576 330 162.184  
2019_10_23_17_43_00_200 1571870580200 3602 3580 804 396.845  
2019_10_23_17_43_00_202 1571870580202 3604 3582 66 34.3667  
2019_10_23_17_43_00_209 1571870580209 3611 3589 1271 634.539  
2019_10_23_17_43_00_221 1571870580221 3623 3601 344 169.019  
2019_10_23_17_43_00_224 1571870580224 3626 3603 790 389.819  
2019_10_23_17_43_00_229 1571870580229 3631 3608 366 179.773  
2019_10_23_17_43_00_230 1571870580230 3632 3609 261 128.578  
2019_10_23_17_43_00_241 1571870580241 3643 3620 198 98.0175  
2019_10_23_17_43_00_253 1571870580253 3655 3632 154 76.7433  
2019_10_23_17_43_00_254 1571870580254 3656 3633 896 443.161  
2019_10_23_17_43_00_256 1571870580256 3658 3635 523 256.93  
2019_10_23_17_43_00_259 1571870580259 3661 3638 403 197.891  
2019_10_23_17_43_00_286 1571870580286 3688 3665 573 281.655  
2019_10_23_17_43_00_299 1571870580299 3701 3678 118 59.3797  
2019_10_23_17_43_00_304 1571870580304 3706 3683 534 262.363  
2019_10_23_17_43_00_327 1571870580327 3729 3706 293 144.146  
2019_10_23_17_43_00_331 1571870580331 3733 3710 944 467.426  
2019_10_23_17_43_00_343 1571870580343 3745 3722 1551 780.146  
2019_10_23_17_43_00_366 1571870580366 3768 3745 329 161.696  
2019_10_23_17_43_00_378 1571870580378 3780 3757 542 266.317  
2019_10_23_17_43_00_380 1571870580380 3782 3759 1369 685.238  
2019_10_23_17_43_00_404 1571870580404 3806 3782 973 482.118  
2019_10_23_17_43_00_416 1571870580416 3818 3794 415 203.775  
2019_10_23_17_43_00_421 1571870580421 3823 3799 478 234.74  
2019_10_23_17_43_00_431 1571870580431 3833 3809 243 119.834  
2019_10_23_17_43_00_439 1571870580439 3841 3817 2932 1532.22  
2019_10_23_17_43_00_443 1571870580443 3845 3821 714 351.778  
2019_10_23_17_43_00_445 1571870580445 3847 3823 811 400.361  
2019_10_23_17_43_00_446 1571870580446 3848 3824 541 265.822  
2019_10_23_17_43_00_477 1571870580477 3879 3855 210 103.829  
2019_10_23_17_43_00_478 1571870580478 3880 3856 149 74.3294  
2019_10_23_17_43_00_482 1571870580482 3884 3860 1345 672.796  
2019_10_23_17_43_00_489 1571870580489 3891 3867 389 191.031  
2019_10_23_17_43_00_496 1571870580496 3898 3874 1378 689.908  
2019_10_23_17_43_00_499 1571870580499 3901 3877 297 146.094  
2019_10_23_17_43_00_514 1571870580514 3916 3892 203 100.439  
2019_10_23_17_43_00_515 1571870580515 3917 3893 356 174.883  
2019_10_23_17_43_00_518 1571870580518 3920 3896 609 299.503  
2019_10_23_17_43_00_523 1571870580523 3925 3900 139 69.5038  
2019_10_23_17_43_00_527 1571870580527 3929 3904 1324 661.923  
2019_10_23_17_43_00_546 1571870580546 3948 3923 198 98.0175  
2019_10_23_17_43_00_562 1571870580562 3964 3939 1387 694.581  
2019_10_23_17_43_00_571 1571870580571 3973 3948 679 334.317  
2019_10_23_17_43_00_574 1571870580574 3976 3951 879 434.584  
2019_10_23_17_43_00_576 1571870580576 3978 3953 2403 1237.47  
2019_10_23_17_43_00_589 1571870580589 3991 3966 835 412.424  
2019_10_23_17_43_00_590 1571870580590 3992 3967 499 245.088  
2019_10_23_17_43_00_592 1571870580592 3994 3969 868 429.039  
2019_10_23_17_43_00_610 1571870580610 4012 3987 361 177.328  
2019_10_23_17_43_00_627 1571870580627 4029 4004 679 334.317  
2019_10_23_17_43_00_650 1571870580650 4052 4027 414 203.285  
2019_10_23_17_43_00_655 1571870580655 4057 4032 640 314.903  
2019_10_23_17_43_00_661 1571870580661 4063 4038 393 192.99  
2019_10_23_17_43_00_663 1571870580663 4065 4040 52 27.646  
2019_10_23_17_43_00_678 1571870580678 4080 4055 1131 562.605  
2019_10_23_17_43_00_697 1571870580697 4099 4074 75 38.6901  
2019_10_23_17_43_00_700 1571870580700 4102 4076 254 125.177  
2019_10_23_17_43_00_708 1571870580708 4110 4084 297 146.094  
2019_10_23_17_43_00_724 1571870580724 4126 4100 1322 660.888  
2019_10_23_17_43_00_725 1571870580725 4127 4101 209 103.345  
2019_10_23_17_43_00_726 1571870580726 4128 4102 478 234.74  
2019_10_23_17_43_00_727 1571870580727 4129 4103 539 264.834  
2019_10_23_17_43_00_728 1571870580728 4130 4104 422 207.21  
2019_10_23_17_43_00_747 1571870580747 4149 4123 759 374.282  
2019_10_23_17_43_00_753 1571870580753 4155 4129 930 460.342  
2019_10_23_17_43_00_754 1571870580754 4156 4130 497 244.102  
2019_10_23_17_43_00_755 1571870580755 4157 4131 412 202.304  
2019_10_23_17_43_00_765 1571870580765 4167 4141 544 267.305  
2019_10_23_17_43_00_796 1571870580796 4198 4172 199 98.5017  
2019_10_23_17_43_00_810 1571870580810 4212 4186 686 337.806  
2019_10_23_17_43_00_811 1571870580811 4213 4187 1339 669.688  
2019_10_23_17_43_00_812 1571870580812 4214 4188 187 92.6936  
2019_10_23_17_43_00_825 1571870580825 4227 4201 500 245.581  
2019_10_23_17_43_00_841 1571870580841 4243 4216 1343 671.76  
2019_10_23_17_43_00_842 1571870580842 4244 4217 309 151.941  
2019_10_23_17_43_00_843 1571870580843 4245 4218 396 194.46  
2019_10_23_17_43_00_848 1571870580848 4250 4223 762 375.784  
2019_10_23_17_43_00_854 1571870580854 4256 4229 1361 681.089  
2019_10_23_17_43_00_860 1571870580860 4262 4235 173 85.9229  
2019_10_23_17_43_00_871 1571870580871 4273 4246 425 208.683  
2019_10_23_17_43_00_886 1571870580886 4288 4261 177 87.8568  
2019_10_23_17_43_00_888 1571870580888 4290 4263 389 191.031  
2019_10_23_17_43_00_897 1571870580897 4299 4272 245 120.805  
2019_10_23_17_43_00_932 1571870580932 4334 4307 4095 2209.31  
2019_10_23_17_43_00_937 1571870580937 4339 4312 1902 965.95  
2019_10_23_17_43_00_944 1571870580944 4346 4319 1335 667.616  
2019_10_23_17_43_00_952 1571870580952 4354 4327 700 344.789  
2019_10_23_17_43_00_962 1571870580962 4364 4337 385 189.072  
2019_10_23_17_43_00_966 1571870580966 4368 4341 190 94.1452  
2019_10_23_17_43_00_969 1571870580969 4371 4344 1350 675.386  
2019_10_23_17_43_00_971 1571870580971 4373 4345 1280 639.183  
2019_10_23_17_43_00_977 1571870580977 4379 4351 392 192.5  
2019_10_23_17_43_00_989 1571870580989 4391 4363 808 398.854  
2019_10_23_17_43_00_999 1571870580999 4401 4373 1324 661.923  
2019_10_23_17_43_01_000 1571870581000 4402 4374 230 113.526  
2019_10_23_17_43_01_017 1571870581017 4419 4391 744 366.774  
2019_10_23_17_43_01_023 1571870581023 4425 4397 226 111.585  
2019_10_23_17_43_01_026 1571870581026 4428 4400 202 99.9544  
2019_10_23_17_43_01_031 1571870581031 4433 4405 274 134.899  
2019_10_23_17_43_01_038 1571870581038 4440 4412 397 194.95  
2019_10_23_17_43_01_053 1571870581053 4455 4427 961 476.036  
2019_10_23_17_43_01_054 1571870581054 4456 4428 1352 676.423  
2019_10_23_17_43_01_079 1571870581079 4481 4453 745 367.274  
2019_10_23_17_43_01_095 1571870581095 4497 4469 1004 497.852  
2019_10_23_17_43_01_098 1571870581098 4500 4472 250 123.234  
2019_10_23_17_43_01_106 1571870581106 4508 4480 87 44.4585  
2019_10_23_17_43_01_107 1571870581107 4509 4481 1238 617.531  
2019_10_23_17_43_01_117 1571870581117 4519 4490 407 199.852  
2019_10_23_17_43_01_124 1571870581124 4526 4497 274 134.899  
2019_10_23_17_43_01_134 1571870581134 4536 4507 1380 690.946  
2019_10_23_17_43_01_137 1571870581137 4539 4510 71 36.7683  
2019_10_23_17_43_01_142 1571870581142 4544 4515 434 213.102  
2019_10_23_17_43_01_143 1571870581143 4545 4516 266 131.008  
2019_10_23_17_43_01_150 1571870581150 4552 4523 642 315.897  
2019_10_23_17_43_01_152 1571870581152 4554 4525 1374 687.832  
2019_10_23_17_43_01_158 1571870581158 4560 4531 1313 656.232  
2019_10_23_17_43_01_160 1571870581160 4562 4533 300 147.555  
2019_10_23_17_43_01_162 1571870581162 4564 4535 1263 630.413  
2019_10_23_17_43_01_176 1571870581176 4578 4549 173 85.9229  
2019_10_23_17_43_01_180 1571870581180 4582 4553 598 294.045  
2019_10_23_17_43_01_187 1571870581187 4589 4560 218 107.707  
2019_10_23_17_43_01_191 1571870581191 4593 4564 142 70.9512  
2019_10_23_17_43_01_192 1571870581192 4594 4565 1319 659.336  
2019_10_23_17_43_01_193 1571870581193 4595 4566 1373 687.313  
2019_10_23_17_43_01_204 1571870581204 4606 4576 295 145.12  
2019_10_23_17_43_01_257 1571870581257 4659 4629 1290 644.346  
2019_10_23_17_43_01_258 1571870581258 4660 4630 286 140.738  
2019_10_23_17_43_01_272 1571870581272 4674 4644 905 447.706  
2019_10_23_17_43_01_275 1571870581275 4677 4647 197 97.5334  
2019_10_23_17_43_01_276 1571870581276 4678 4648 219 108.191  
2019_10_23_17_43_01_289 1571870581289 4691 4661 1281 639.7  
2019_10_23_17_43_01_298 1571870581298 4700 4670 185 91.726  
2019_10_23_17_43_01_306 1571870581306 4708 4678 216 106.737  
2019_10_23_17_43_01_314 1571870581314 4716 4686 552 271.261  
2019_10_23_17_43_01_320 1571870581320 4722 4692 416 204.266  
2019_10_23_17_43_01_325 1571870581325 4727 4697 728 358.773  
2019_10_23_17_43_01_326 1571870581326 4728 4698 885 437.61  
2019_10_23_17_43_01_329 1571870581329 4731 4701 149 74.3294  
2019_10_23_17_43_01_337 1571870581337 4739 4709 148 73.8467  
2019_10_23_17_43_01_342 1571870581342 4744 4714 1332 666.063  
2019_10_23_17_43_01_365 1571870581365 4767 4737 1425 714.336  
2019_10_23_17_43_01_370 1571870581370 4772 4742 729 359.273  
2019_10_23_17_43_01_373 1571870581373 4775 4744 752 370.777  
2019_10_23_17_43_01_380 1571870581380 4782 4751 346 169.996  
2019_10_23_17_43_01_381 1571870581381 4783 4752 352 172.928  
2019_10_23_17_43_01_385 1571870581385 4787 4756 2820 1469.12  
2019_10_23_17_43_01_386 1571870581386 4788 4757 270 132.953  
2019_10_23_17_43_01_402 1571870581402 4804 4773 1287 642.797  
2019_10_23_17_43_01_408 1571870581408 4810 4779 1340 670.206  
2019_10_23_17_43_01_409 1571870581409 4811 4780 180 89.3075  
2019_10_23_17_43_01_413 1571870581413 4815 4784 404 198.381  
2019_10_23_17_43_01_420 1571870581420 4822 4791 1427 715.377  
2019_10_23_17_43_01_425 1571870581425 4827 4796 245 120.805  
2019_10_23_17_43_01_439 1571870581439 4841 4810 1391 696.658  
2019_10_23_17_43_01_446 1571870581446 4848 4817 1272 635.055  
2019_10_23_17_43_01_471 1571870581471 4873 4842 936 463.377  
2019_10_23_17_43_01_476 1571870581476 4878 4847 4095 2209.31  
2019_10_23_17_43_01_479 1571870581479 4881 4850 741 365.273  
2019_10_23_17_43_01_494 1571870581494 4896 4865 1295 646.929  
2019_10_23_17_43_01_496 1571870581496 4898 4866 614 301.985  
2019_10_23_17_43_01_498 1571870581498 4900 4868 259 127.606  
2019_10_23_17_43_01_502 1571870581502 4904 4872 291 143.172  
2019_10_23_17_43_01_522 1571870581522 4924 4892 135 67.5744  
2019_10_23_17_43_01_524 1571870581524 4926 4894 205 101.407  
2019_10_23_17_43_01_531 1571870581531 4933 4901 637 313.411  
2019_10_23_17_43_01_534 1571870581534 4936 4904 1277 637.635  
2019_10_23_17_43_01_540 1571870581540 4942 4910 300 147.555  
2019_10_23_17_43_01_541 1571870581541 4943 4911 511 251.007  
2019_10_23_17_43_01_554 1571870581554 4956 4924 286 140.738  
2019_10_23_17_43_01_555 1571870581555 4957 4925 442 217.032  
2019_10_23_17_43_01_566 1571870581566 4968 4936 1311 655.198  
2019_10_23_17_43_01_571 1571870581571 4973 4941 335 164.624  
2019_10_23_17_43_01_592 1571870581592 4994 4962 1335 667.616  
2019_10_23_17_43_01_600 1571870581600 5002 4970 510 250.513  
2019_10_23_17_43_01_603 1571870581603 5005 4973 298 146.581  
2019_10_23_17_43_01_605 1571870581605 5007 4975 1348 674.35  
2019_10_23_17_43_01_606 1571870581606 5008 4975 431 211.628  
2019_10_23_17_43_01_613 1571870581613 5015 4982 831 410.412  
2019_10_23_17_43_01_620 1571870581620 5022 4989 1333 666.581  
2019_10_23_17_43_01_622 1571870581622 5024 4991 269 132.467  
2019_10_23_17_43_01_630 1571870581630 5032 4999 453 222.439  
2019_10_23_17_43_01_631 1571870581631 5033 5000 261 128.578  
2019_10_23_17_43_01_635 1571870581635 5037 5004 427 209.664  
2019_10_23_17_43_01_653 1571870581653 5055 5022 1300 649.512  
2019_10_23_17_43_01_654 1571870581654 5056 5023 318 156.329  
2019_10_23_17_43_01_677 1571870581677 5079 5046 95 48.3064  
2019_10_23_17_43_01_713 1571870581713 5115 5082 700 344.789  
2019_10_23_17_43_01_733 1571870581733 5135 5102 814 401.868  
2019_10_23_17_43_01_735 1571870581735 5137 5104 173 85.9229  
2019_10_23_17_43_01_744 1571870581744 5146 5113 139 69.5038  
2019_10_23_17_43_01_754 1571870581754 5156 5123 352 172.928  
2019_10_23_17_43_01_765 1571870581765 5167 5134 1276 637.119  
2019_10_23_17_43_01_780 1571870581780 5182 5149 513 251.993  
2019_10_23_17_43_01_781 1571870581781 5183 5149 602 296.029  
2019_10_23_17_43_01_782 1571870581782 5184 5150 213 105.283  
2019_10_23_17_43_01_792 1571870581792 5194 5160 898 444.171  
2019_10_23_17_43_01_801 1571870581801 5203 5169 1341 670.724  
2019_10_23_17_43_01_805 1571870581805 5207 5173 186 92.2098  
2019_10_23_17_43_01_815 1571870581815 5217 5183 824 406.893  
2019_10_23_17_43_01_816 1571870581816 5218 5184 865 427.527  
2019_10_23_17_43_01_817 1571870581817 5219 5185 679 334.317  
2019_10_23_17_43_01_820 1571870581820 5222 5188 153 76.2605  
2019_10_23_17_43_01_822 1571870581822 5224 5190 653 321.369  
2019_10_23_17_43_01_823 1571870581823 5225 5191 455 223.422  
2019_10_23_17_43_01_830 1571870581830 5232 5198 645 317.389  
2019_10_23_17_43_01_836 1571870581836 5238 5204 388 190.541  
2019_10_23_17_43_01_868 1571870581868 5270 5236 237 116.922  
2019_10_23_17_43_01_870 1571870581870 5272 5238 262 129.064  
2019_10_23_17_43_01_916 1571870581916 5318 5284 716 352.777  
2019_10_23_17_43_01_925 1571870581925 5327 5293 136 68.0567  
2019_10_23_17_43_01_928 1571870581928 5330 5295 997 494.297  
2019_10_23_17_43_01_935 1571870581935 5337 5302 454 222.93  
2019_10_23_17_43_01_941 1571870581941 5343 5308 1335 667.616  
2019_10_23_17_43_01_947 1571870581947 5349 5314 305 149.991  
2019_10_23_17_43_01_948 1571870581948 5350 5315 352 172.928  
2019_10_23_17_43_01_969 1571870581969 5371 5336 746 367.775  
2019_10_23_17_43_01_980 1571870581980 5382 5347 499 245.088  
2019_10_23_17_43_01_984 1571870581984 5386 5351 1368 684.719  
2019_10_23_17_43_01_996 1571870581996 5398 5363 381 187.113  
2019_10_23_17_43_02_253 1571870582253 5655 5620 325 159.744  
2019_10_23_17_43_02_253 1571870582253 5655 5620 333 163.648  
2019_10_23_17_43_02_254 1571870582254 5656 5621 1338 669.17  
2019_10_23_17_43_02_254 1571870582254 5656 5621 232 114.496  
2019_10_23_17_43_02_255 1571870582255 5657 5622 404 198.381  
2019_10_23_17_43_02_255 1571870582255 5657 5622 343 168.531  
2019_10_23_17_43_02_255 1571870582255 5657 5622 593 291.566  
2019_10_23_17_43_02_255 1571870582255 5657 5622 709 349.282  
2019_10_23_17_43_02_255 1571870582255 5657 5622 430 211.137  
2019_10_23_17_43_02_255 1571870582255 5657 5621 831 410.412  
2019_10_23_17_43_02_255 1571870582255 5657 5621 180 89.3075  
2019_10_23_17_43_02_256 1571870582256 5658 5622 413 202.794  
2019_10_23_17_43_02_256 1571870582256 5658 5622 1370 685.757  
2019_10_23_17_43_02_256 1571870582256 5658 5622 350 171.951  
2019_10_23_17_43_02_256 1571870582256 5658 5622 311 152.916  
2019_10_23_17_43_02_256 1571870582256 5658 5622 1252 624.743  
2019_10_23_17_43_02_256 1571870582256 5658 5622 393 192.99  
2019_10_23_17_43_02_256 1571870582256 5658 5622 500 245.581  
2019_10_23_17_43_02_256 1571870582256 5658 5622 995 493.281  
2019_10_23_17_43_02_256 1571870582256 5658 5622 1100 546.755  
2019_10_23_17_43_02_257 1571870582257 5659 5623 1329 664.51  
2019_10_23_17_43_02_257 1571870582257 5659 5623 311 152.916  
2019_10_23_17_43_02_257 1571870582257 5659 5623 324 159.256  
2019_10_23_17_43_02_257 1571870582257 5659 5623 790 389.819  
2019_10_23_17_43_02_257 1571870582257 5659 5623 171 84.9561  
2019_10_23_17_43_02_257 1571870582257 5659 5623 211 104.314  
2019_10_23_17_43_02_276 1571870582276 5678 5641 222 109.646  
2019_10_23_17_43_02_291 1571870582291 5693 5656 136 68.0567  
2019_10_23_17_43_02_304 1571870582304 5706 5669 774 381.796  
2019_10_23_17_43_02_306 1571870582306 5708 5671 75 38.6901  
2019_10_23_17_43_02_320 1571870582320 5722 5685 394 193.48  
2019_10_23_17_43_02_322 1571870582322 5724 5687 1280 639.183  
2019_10_23_17_43_02_326 1571870582326 5728 5691 553 271.756  
2019_10_23_17_43_02_334 1571870582334 5736 5699 162 80.6071  
2019_10_23_17_43_02_349 1571870582349 5751 5714 859 424.504  
2019_10_23_17_43_02_351 1571870582351 5753 5716 727 358.273  
2019_10_23_17_43_02_355 1571870582355 5757 5720 374 183.687  
2019_10_23_17_43_02_359 1571870582359 5761 5724 334 164.136  
2019_10_23_17_43_02_363 1571870582363 5765 5728 1348 674.35  
2019_10_23_17_43_02_365 1571870582365 5767 5730 491 241.144  
2019_10_23_17_43_02_368 1571870582368 5770 5733 1293 645.896  
2019_10_23_17_43_02_397 1571870582397 5799 5762 458 224.897  
2019_10_23_17_43_02_400 1571870582400 5802 5765 367 180.262  
2019_10_23_17_43_02_409 1571870582409 5811 5773 303 149.017  
2019_10_23_17_43_02_417 1571870582417 5819 5781 1266 631.96  
2019_10_23_17_43_02_432 1571870582432 5834 5796 842 415.946  
2019_10_23_17_43_02_450 1571870582450 5852 5814 267 131.495  
2019_10_23_17_43_02_451 1571870582451 5853 5815 420 206.229  
2019_10_23_17_43_02_472 1571870582472 5874 5836 221 109.161  
2019_10_23_17_43_02_503 1571870582503 5905 5867 362 177.817  
2019_10_23_17_43_02_504 1571870582504 5906 5868 268 131.981  
2019_10_23_17_43_02_507 1571870582507 5909 5871 1266 631.96  
2019_10_23_17_43_02_516 1571870582516 5918 5880 1423 713.295  
2019_10_23_17_43_02_518 1571870582518 5920 5882 461 226.373  
2019_10_23_17_43_02_521 1571870582521 5923 5885 424 208.192  
2019_10_23_17_43_02_523 1571870582523 5925 5887 1330 665.028  
2019_10_23_17_43_02_529 1571870582529 5931 5893 1374 687.832  
2019_10_23_17_43_02_530 1571870582530 5932 5894 1190 592.849  
2019_10_23_17_43_02_533 1571870582533 5935 5897 77 39.6512  
2019_10_23_17_43_02_544 1571870582544 5946 5908 1342 671.242  
2019_10_23_17_43_02_545 1571870582545 5947 5908 193 95.5971  
2019_10_23_17_43_02_549 1571870582549 5951 5912 368 180.751  
2019_10_23_17_43_02_565 1571870582565 5967 5928 134 67.0921  
2019_10_23_17_43_02_581 1571870582581 5983 5944 304 149.504  
2019_10_23_17_43_02_587 1571870582587 5989 5950 481 236.218  
2019_10_23_17_43_02_606 1571870582606 6008 5969 208 102.861  
2019_10_23_17_43_02_618 1571870582618 6020 5981 388 190.541  
2019_10_23_17_43_02_637 1571870582637 6039 6000 870 430.047  
2019_10_23_17_43_02_639 1571870582639 6041 6002 444 218.014  
2019_10_23_17_43_02_650 1571870582650 6052 6013 202 99.9544  
2019_10_23_17_43_02_662 1571870582662 6064 6025 295 145.12  
2019_10_23_17_43_02_675 1571870582675 6077 6038 547 268.789  
2019_10_23_17_43_02_678 1571870582678 6080 6041 551 270.767  
2019_10_23_17_43_02_683 1571870582683 6085 6046 308 151.453  
2019_10_23_17_43_02_689 1571870582689 6091 6052 1347 673.832  
2019_10_23_17_43_02_690 1571870582690 6092 6053 1347 673.832  
2019_10_23_17_43_02_698 1571870582698 6100 6061 399 195.93  
2019_10_23_17_43_02_700 1571870582700 6102 6062 741 365.273  
2019_10_23_17_43_02_705 1571870582705 6107 6067 430 211.137  
2019_10_23_17_43_02_707 1571870582707 6109 6069 1207 601.583  
2019_10_23_17_43_02_719 1571870582719 6121 6081 674 331.825  
2019_10_23_17_43_02_720 1571870582720 6122 6082 806 397.85  
2019_10_23_17_43_02_721 1571870582721 6123 6083 155 77.2262  
2019_10_23_17_43_02_736 1571870582736 6138 6098 75 38.6901  
2019_10_23_17_43_02_744 1571870582744 6146 6106 782 385.807  
2019_10_23_17_43_02_747 1571870582747 6149 6109 1620 816.384  
2019_10_23_17_43_02_755 1571870582755 6157 6117 156 77.7091  
2019_10_23_17_43_02_758 1571870582758 6160 6120 408 200.342  
2019_10_23_17_43_02_760 1571870582760 6162 6122 1353 676.941  
2019_10_23_17_43_02_762 1571870582762 6164 6124 161 80.124  
2019_10_23_17_43_02_763 1571870582763 6165 6125 1309 654.164  
2019_10_23_17_43_02_786 1571870582786 6188 6148 213 105.283  
2019_10_23_17_43_02_789 1571870582789 6191 6151 373 183.197  
2019_10_23_17_43_02_801 1571870582801 6203 6163 887 438.619  
2019_10_23_17_43_02_803 1571870582803 6205 6165 164 81.5733  
2019_10_23_17_43_02_804 1571870582804 6206 6165 563 276.704  
2019_10_23_17_43_02_811 1571870582811 6213 6172 833 411.418  
2019_10_23_17_43_02_812 1571870582812 6214 6173 125 62.753  
2019_10_23_17_43_02_818 1571870582818 6220 6179 910 450.231  
2019_10_23_17_43_02_819 1571870582819 6221 6180 581 285.618  
2019_10_23_17_43_02_836 1571870582836 6238 6197 435 213.593  
2019_10_23_17_43_02_848 1571870582848 6250 6209 451 221.455  
2019_10_23_17_43_02_853 1571870582853 6255 6214 256 126.148  
2019_10_23_17_43_02_869 1571870582869 6271 6230 512 251.5  
2019_10_23_17_43_02_875 1571870582875 6277 6236 422 207.21  
2019_10_23_17_43_02_895 1571870582895 6297 6256 1369 685.238  
2019_10_23_17_43_02_905 1571870582905 6307 6266 875 432.567  
2019_10_23_17_43_02_905 1571870582905 6307 6266 640 314.903  
2019_10_23_17_43_02_910 1571870582910 6312 6271 388 190.541  
2019_10_23_17_43_02_912 1571870582912 6314 6273 1061 526.855  
2019_10_23_17_43_02_923 1571870582923 6325 6284 177 87.8568  
2019_10_23_17_43_02_934 1571870582934 6336 6295 613 301.488  
2019_10_23_17_43_02_947 1571870582947 6349 6307 1103 548.288  
2019_10_23_17_43_02_953 1571870582953 6355 6313 702 345.788  
2019_10_23_17_43_02_971 1571870582971 6373 6331 172 85.4395  
2019_10_23_17_43_02_982 1571870582982 6384 6342 203 100.439  
2019_10_23_17_43_02_984 1571870582984 6386 6344 460 225.881  
2019_10_23_17_43_03_002 1571870583002 6404 6362 1229 612.898  
2019_10_23_17_43_03_014 1571870583014 6416 6374 1344 672.278  
2019_10_23_17_43_03_016 1571870583016 6418 6376 468 229.817  
2019_10_23_17_43_03_018 1571870583018 6420 6378 352 172.928  
2019_10_23_17_43_03_023 1571870583023 6425 6383 609 299.503  
2019_10_23_17_43_03_031 1571870583031 6433 6391 320 157.305  
2019_10_23_17_43_03_034 1571870583034 6436 6394 204 100.923  
2019_10_23_17_43_03_040 1571870583040 6442 6400 759 374.282  
2019_10_23_17_43_03_058 1571870583058 6460 6418 768 378.79  
2019_10_23_17_43_03_074 1571870583074 6476 6434 113 56.9711  
2019_10_23_17_43_03_080 1571870583080 6482 6440 161 80.124  
2019_10_23_17_43_03_088 1571870583088 6490 6448 1334 667.099  
2019_10_23_17_43_03_089 1571870583089 6491 6448 1309 654.164  
2019_10_23_17_43_03_094 1571870583094 6496 6453 1187 591.309  
2019_10_23_17_43_03_099 1571870583099 6501 6458 580 285.122  
2019_10_23_17_43_03_103 1571870583103 6505 6462 1260 628.866  
2019_10_23_17_43_03_122 1571870583122 6524 6481 845 417.455  
2019_10_23_17_43_03_136 1571870583136 6538 6495 306 150.479  
2019_10_23_17_43_03_144 1571870583144 6546 6503 304 149.504  
2019_10_23_17_43_03_152 1571870583152 6554 6511 628 308.938  
2019_10_23_17_43_03_154 1571870583154 6556 6513 281 138.304  
2019_10_23_17_43_03_157 1571870583157 6559 6516 170 84.4728  
2019_10_23_17_43_03_158 1571870583158 6560 6517 761 375.283  
2019_10_23_17_43_03_162 1571870583162 6564 6521 516 253.474  
2019_10_23_17_43_03_176 1571870583176 6578 6535 285 140.251  
2019_10_23_17_43_03_191 1571870583191 6593 6550 687 338.305  
2019_10_23_17_43_03_197 1571870583197 6599 6556 295 145.12  
2019_10_23_17_43_03_199 1571870583199 6601 6558 236 116.437  
2019_10_23_17_43_03_207 1571870583207 6609 6566 839 414.436  
2019_10_23_17_43_03_216 1571870583216 6618 6574 123 61.789  
2019_10_23_17_43_03_228 1571870583228 6630 6586 1253 625.258  
2019_10_23_17_43_03_240 1571870583240 6642 6598 594 292.062  
2019_10_23_17_43_03_245 1571870583245 6647 6603 208 102.861  
2019_10_23_17_43_03_246 1571870583246 6648 6604 379 186.134  
2019_10_23_17_43_03_252 1571870583252 6654 6610 930 460.342  
2019_10_23_17_43_03_256 1571870583256 6658 6614 265 130.522  
2019_10_23_17_43_03_263 1571870583263 6665 6621 560 275.219  
2019_10_23_17_43_03_265 1571870583265 6667 6623 1342 671.242  
2019_10_23_17_43_03_275 1571870583275 6677 6633 1215 605.696  
2019_10_23_17_43_03_279 1571870583279 6681 6637 932 461.353  
2019_10_23_17_43_03_282 1571870583282 6684 6640 167 83.0229  
2019_10_23_17_43_03_292 1571870583292 6694 6650 620 304.964  
2019_10_23_17_43_03_302 1571870583302 6704 6660 304 149.504  
2019_10_23_17_43_03_315 1571870583315 6717 6673 1309 654.164  
2019_10_23_17_43_03_317 1571870583317 6719 6675 441 216.54  
2019_10_23_17_43_03_322 1571870583322 6724 6680 673 331.327  
2019_10_23_17_43_03_326 1571870583326 6728 6683 104 52.6376  
2019_10_23_17_43_03_328 1571870583328 6730 6685 219 108.191  
2019_10_23_17_43_03_329 1571870583329 6731 6686 1276 637.119  
2019_10_23_17_43_03_336 1571870583336 6738 6693 768 378.79  
2019_10_23_17_43_03_346 1571870583346 6748 6703 233 114.981  
2019_10_23_17_43_03_348 1571870583348 6750 6705 643 316.394  
2019_10_23_17_43_03_351 1571870583351 6753 6708 189 93.6613  
2019_10_23_17_43_03_352 1571870583352 6754 6709 399 195.93  
2019_10_23_17_43_03_374 1571870583374 6776 6731 83 42.5352  
2019_10_23_17_43_03_396 1571870583396 6798 6753 141 70.4687  
2019_10_23_17_43_03_398 1571870583398 6800 6755 672 330.829  
2019_10_23_17_43_03_404 1571870583404 6806 6761 522 256.436  
2019_10_23_17_43_03_406 1571870583406 6808 6763 302 148.53  
2019_10_23_17_43_03_413 1571870583413 6815 6770 287 141.224  
2019_10_23_17_43_03_424 1571870583424 6826 6781 1401 701.854  
2019_10_23_17_43_03_425 1571870583425 6827 6782 452 221.947  
2019_10_23_17_43_03_426 1571870583426 6828 6783 694 341.796  
2019_10_23_17_43_03_431 1571870583431 6833 6788 1333 666.581  
2019_10_23_17_43_03_435 1571870583435 6837 6791 731 360.273  
2019_10_23_17_43_03_439 1571870583439 6841 6795 1342 671.242  
2019_10_23_17_43_03_457 1571870583457 6859 6813 283 139.278  
2019_10_23_17_43_03_464 1571870583464 6866 6820 118 59.3797  
2019_10_23_17_43_03_501 1571870583501 6903 6857 1269 633.507  
2019_10_23_17_43_03_508 1571870583508 6910 6864 1303 651.063  
2019_10_23_17_43_03_513 1571870583513 6915 6869 501 246.074  
2019_10_23_17_43_03_517 1571870583517 6919 6873 397 194.95  
2019_10_23_17_43_03_518 1571870583518 6920 6874 450 220.964  
2019_10_23_17_43_03_530 1571870583530 6932 6886 3338 1764.05  
2019_10_23_17_43_03_542 1571870583542 6944 6898 1124 559.024  
2019_10_23_17_43_03_544 1571870583544 6946 6900 1341 670.724  
2019_10_23_17_43_03_557 1571870583557 6959 6913 335 164.624  
2019_10_23_17_43_03_570 1571870583570 6972 6926 414 203.285  
2019_10_23_17_43_03_575 1571870583575 6977 6931 329 161.696  
2019_10_23_17_43_03_585 1571870583585 6987 6941 522 256.436  
2019_10_23_17_43_03_592 1571870583592 6994 6948 917 453.769  
2019_10_23_17_43_03_624 1571870583624 7026 6979 1355 677.978  
2019_10_23_17_43_03_634 1571870583634 7036 6989 380 186.624  
2019_10_23_17_43_03_646 1571870583646 7048 7001 441 216.54  
2019_10_23_17_43_03_647 1571870583647 7049 7002 1337 668.652  
2019_10_23_17_43_03_650 1571870583650 7052 7005 528 259.399  
2019_10_23_17_43_03_657 1571870583657 7059 7012 212 104.799  
2019_10_23_17_43_03_658 1571870583658 7060 7013 474 232.771  
2019_10_23_17_43_03_659 1571870583659 7061 7014 295 145.12  
2019_10_23_17_43_03_677 1571870583677 7079 7032 1316 657.784  
2019_10_23_17_43_03_691 1571870583691 7093 7046 1006 498.868  
2019_10_23_17_43_03_696 1571870583696 7098 7051 426 209.173  
2019_10_23_17_43_03_697 1571870583697 7099 7052 1283 640.732  
2019_10_23_17_43_03_705 1571870583705 7107 7060 307 150.966  
2019_10_23_17_43_03_707 1571870583707 7109 7062 1275 636.603  
2019_10_23_17_43_03_718 1571870583718 7120 7073 154 76.7433  
2019_10_23_17_43_03_722 1571870583722 7124 7077 1304 651.579  
2019_10_23_17_43_03_723 1571870583723 7125 7078 1304 651.579  
2019_10_23_17_43_03_725 1571870583725 7127 7079 1358 679.533  
2019_10_23_17_43_03_726 1571870583726 7128 7080 1317 658.301  
2019_10_23_17_43_03_733 1571870583733 7135 7087 609 299.503  
2019_10_23_17_43_03_737 1571870583737 7139 7091 689 339.302  
2019_10_23_17_43_03_738 1571870583738 7140 7092 132 66.1277  
2019_10_23_17_43_03_743 1571870583743 7145 7097 1380 690.946  
2019_10_23_17_43_03_751 1571870583751 7153 7105 1345 672.796  
2019_10_23_17_43_03_756 1571870583756 7158 7110 572 281.16  
2019_10_23_17_43_03_766 1571870583766 7168 7120 300 147.555  
2019_10_23_17_43_03_772 1571870583772 7174 7126 273 134.412  
2019_10_23_17_43_03_783 1571870583783 7185 7137 444 218.014  
2019_10_23_17_43_03_784 1571870583784 7186 7138 962 476.542  
2019_10_23_17_43_03_800 1571870583800 7202 7154 1276 637.119  
2019_10_23_17_43_03_801 1571870583801 7203 7155 157 78.192  
2019_10_23_17_43_03_842 1571870583842 7244 7196 1345 672.796  
2019_10_23_17_43_03_844 1571870583844 7246 7198 195 96.5652  
2019_10_23_17_43_03_848 1571870583848 7250 7202 1243 620.106  
2019_10_23_17_43_03_858 1571870583858 7260 7211 4095 2209.31  
2019_10_23_17_43_03_865 1571870583865 7267 7218 827 408.401  
2019_10_23_17_43_03_868 1571870583868 7270 7221 341 167.554  
2019_10_23_17_43_03_901 1571870583901 7303 7254 502 246.567  
2019_10_23_17_43_03_906 1571870583906 7308 7259 1347 673.832  
2019_10_23_17_43_03_923 1571870583923 7325 7276 377 185.155  
2019_10_23_17_43_03_926 1571870583926 7328 7279 273 134.412  
2019_10_23_17_43_03_933 1571870583933 7335 7286 749 369.276  
2019_10_23_17_43_03_937 1571870583937 7339 7290 1357 679.015  
2019_10_23_17_43_03_938 1571870583938 7340 7291 528 259.399  
2019_10_23_17_43_03_939 1571870583939 7341 7292 488 239.666  
2019_10_23_17_43_03_945 1571870583945 7347 7298 440 216.049  
2019_10_23_17_43_03_947 1571870583947 7349 7300 693 341.297  
2019_10_23_17_43_03_950 1571870583950 7352 7303 849 419.469  
2019_10_23_17_43_03_951 1571870583951 7353 7304 340 167.066  
2019_10_23_17_43_03_953 1571870583953 7355 7306 966 478.57  
2019_10_23_17_43_03_965 1571870583965 7367 7318 450 220.964  
2019_10_23_17_43_03_972 1571870583972 7374 7324 440 216.049  
2019_10_23_17_43_03_978 1571870583978 7380 7330 400 196.42  
2019_10_23_17_43_03_980 1571870583980 7382 7332 299 147.068  
2019_10_23_17_43_03_992 1571870583992 7394 7344 1353 676.941  
2019_10_23_17_43_03_997 1571870583997 7399 7349 514 252.487  
2019_10_23_17_43_04_004 1571870584004 7406 7356 621 305.461  
2019_10_23_17_43_04_010 1571870584010 7412 7362 418 205.247  
2019_10_23_17_43_04_013 1571870584013 7415 7365 1354 677.46  
2019_10_23_17_43_04_025 1571870584025 7427 7377 173 85.9229  
2019_10_23_17_43_04_026 1571870584026 7428 7378 416 204.266  
2019_10_23_17_43_04_032 1571870584032 7434 7384 274 134.899  
2019_10_23_17_43_04_033 1571870584033 7435 7385 1139 566.7  
2019_10_23_17_43_04_036 1571870584036 7438 7388 137 68.5391  
2019_10_23_17_43_04_056 1571870584056 7458 7408 899 444.676  
2019_10_23_17_43_04_077 1571870584077 7479 7429 1319 659.336  
2019_10_23_17_43_04_106 1571870584106 7508 7458 501 246.074  
2019_10_23_17_43_04_120 1571870584120 7522 7472 1343 671.76  
2019_10_23_17_43_04_136 1571870584136 7538 7488 1316 657.784  
2019_10_23_17_43_04_142 1571870584142 7544 7493 407 199.852  
2019_10_23_17_43_04_145 1571870584145 7547 7496 801 395.339  
2019_10_23_17_43_04_146 1571870584146 7548 7497 72 37.2487  
2019_10_23_17_43_04_157 1571870584157 7559 7508 4095 2209.31  
2019_10_23_17_43_04_161 1571870584161 7563 7512 1383 692.504  
2019_10_23_17_43_04_164 1571870584164 7566 7515 570 280.169  
2019_10_23_17_43_04_172 1571870584172 7574 7523 1360 680.57  
2019_10_23_17_43_04_184 1571870584184 7586 7535 996 493.789  
2019_10_23_17_43_04_186 1571870584186 7588 7537 435 213.593  
2019_10_23_17_43_04_191 1571870584191 7593 7542 477 234.248  
2019_10_23_17_43_04_196 1571870584196 7598 7547 433 212.611  
2019_10_23_17_43_04_197 1571870584197 7599 7548 262 129.064  
2019_10_23_17_43_04_199 1571870584199 7601 7550 1354 677.46  
2019_10_23_17_43_04_257 1571870584257 7659 7608 103 52.1562  
2019_10_23_17_43_04_263 1571870584263 7665 7614 584 287.104  
2019_10_23_17_43_04_289 1571870584289 7691 7640 1306 652.613  
2019_10_23_17_43_04_307 1571870584307 7709 7658 1343 671.76  
2019_10_23_17_43_04_308 1571870584308 7710 7658 402 197.4  
2019_10_23_17_43_04_315 1571870584315 7717 7665 1158 576.433  
2019_10_23_17_43_04_318 1571870584318 7720 7668 685 337.308  
2019_10_23_17_43_04_341 1571870584341 7743 7691 1455 729.963  
2019_10_23_17_43_04_347 1571870584347 7749 7697 1308 653.647  
2019_10_23_17_43_04_357 1571870584357 7759 7707 213 105.283  
2019_10_23_17_43_04_373 1571870584373 7775 7723 177 87.8568  
2019_10_23_17_43_04_382 1571870584382 7784 7732 155 77.2262  
2019_10_23_17_43_04_388 1571870584388 7790 7738 758 373.781  
2019_10_23_17_43_04_404 1571870584404 7806 7754 194 96.0811  
2019_10_23_17_43_04_408 1571870584408 7810 7758 295 145.12  
2019_10_23_17_43_04_421 1571870584421 7823 7771 202 99.9544  
2019_10_23_17_43_04_430 1571870584430 7832 7780 849 419.469  
2019_10_23_17_43_04_439 1571870584439 7841 7789 732 360.773  
2019_10_23_17_43_04_440 1571870584440 7842 7790 300 147.555  
2019_10_23_17_43_04_461 1571870584461 7863 7811 226 111.585  
2019_10_23_17_43_04_466 1571870584466 7868 7816 808 398.854  
2019_10_23_17_43_04_471 1571870584471 7873 7820 574 282.15  
2019_10_23_17_43_04_473 1571870584473 7875 7822 181 89.7911  
2019_10_23_17_43_04_483 1571870584483 7885 7832 1343 671.76  
2019_10_23_17_43_04_485 1571870584485 7887 7834 371 182.219  
2019_10_23_17_43_04_489 1571870584489 7891 7838 106 53.6004  
2019_10_23_17_43_04_499 1571870584499 7901 7848 85 43.4968  
2019_10_23_17_43_04_512 1571870584512 7914 7861 429 210.646  
2019_10_23_17_43_04_520 1571870584520 7922 7869 2740 1424.28  
2019_10_23_17_43_04_528 1571870584528 7930 7877 541 265.822  
2019_10_23_17_43_04_544 1571870584544 7946 7893 182 90.2748  
2019_10_23_17_43_04_547 1571870584547 7949 7896 1353 676.941  
2019_10_23_17_43_04_548 1571870584548 7950 7897 221 109.161  
2019_10_23_17_43_04_550 1571870584550 7952 7899 581 285.618  
2019_10_23_17_43_04_551 1571870584551 7953 7900 834 411.921  
2019_10_23_17_43_04_557 1571870584557 7959 7906 848 418.965  
2019_10_23_17_43_04_560 1571870584560 7962 7909 261 128.578  
2019_10_23_17_43_04_562 1571870584562 7964 7911 1380 690.946  
2019_10_23_17_43_04_584 1571870584584 7986 7932 89 45.4203  
2019_10_23_17_43_04_599 1571870584599 8001 7947 370 181.73  
2019_10_23_17_43_04_610 1571870584610 8012 7958 1372 686.794  
2019_10_23_17_43_04_619 1571870584619 8021 7967 487 239.173  
2019_10_23_17_43_04_621 1571870584621 8023 7969 168 83.5062  
2019_10_23_17_43_04_631 1571870584631 8033 7979 455 223.422  
2019_10_23_17_43_04_632 1571870584632 8034 7980 467 229.325  
2019_10_23_17_43_04_634 1571870584634 8036 7982 706 347.784  
2019_10_23_17_43_04_663 1571870584663 8065 8011 342 168.042  
2019_10_23_17_43_04_671 1571870584671 8073 8019 467 229.325  
2019_10_23_17_43_04_686 1571870584686 8088 8034 576 283.141  
2019_10_23_17_43_04_703 1571870584703 8105 8051 1286 642.281  
2019_10_23_17_43_04_728 1571870584728 8130 8076 1064 528.384  
2019_10_23_17_43_04_733 1571870584733 8135 8081 366 179.773  
2019_10_23_17_43_04_739 1571870584739 8141 8087 583 286.609  
2019_10_23_17_43_04_747 1571870584747 8149 8095 940 465.401  
2019_10_23_17_43_04_753 1571870584753 8155 8101 1353 676.941  
2019_10_23_17_43_04_754 1571870584754 8156 8101 272 133.926  
2019_10_23_17_43_04_778 1571870584778 8180 8125 178 88.3403  
2019_10_23_17_43_04_805 1571870584805 8207 8152 950 470.464  
2019_10_23_17_43_04_805 1571870584805 8207 8152 1337 668.652  
2019_10_23_17_43_04_810 1571870584810 8212 8157 1346 673.314  
2019_10_23_17_43_04_845 1571870584845 8247 8192 728 358.773  
2019_10_23_17_43_04_850 1571870584850 8252 8197 509 250.02  
2019_10_23_17_43_04_853 1571870584853 8255 8200 242 119.349  
2019_10_23_17_43_04_854 1571870584854 8256 8201 1085 539.096  
2019_10_23_17_43_04_857 1571870584857 8259 8204 250 123.234  
2019_10_23_17_43_04_867 1571870584867 8269 8214 193 95.5971  
2019_10_23_17_43_04_869 1571870584869 8271 8216 376 184.666  
2019_10_23_17_43_04_887 1571870584887 8289 8234 750 369.776  
2019_10_23_17_43_04_904 1571870584904 8306 8251 932 461.353  
2019_10_23_17_43_04_909 1571870584909 8311 8256 369 181.24  
2019_10_23_17_43_04_926 1571870584926 8328 8273 843 416.449  
2019_10_23_17_43_04_940 1571870584940 8342 8287 897 443.666  
2019_10_23_17_43_04_947 1571870584947 8349 8294 615 302.481  
2019_10_23_17_43_04_950 1571870584950 8352 8296 181 89.7911  
2019_10_23_17_43_04_952 1571870584952 8354 8298 267 131.495  
2019_10_23_17_43_04_985 1571870584985 8387 8331 1292 645.379  
2019_10_23_17_43_04_996 1571870584996 8398 8342 700 344.789  
2019_10_23_17_43_04_997 1571870584997 8399 8343 387 190.051  
2019_10_23_17_43_05_014 1571870585014 8416 8360 1337 668.652  
2019_10_23_17_43_05_015 1571870585015 8417 8361 1235 615.986  
2019_10_23_17_43_05_017 1571870585017 8419 8363 177 87.8568  
2019_10_23_17_43_05_025 1571870585025 8427 8371 272 133.926  
2019_10_23_17_43_05_048 1571870585048 8450 8394 1307 653.13  
2019_10_23_17_43_05_049 1571870585049 8451 8395 106 53.6004  
2019_10_23_17_43_05_055 1571870585055 8457 8401 170 84.4728  
2019_10_23_17_43_05_069 1571870585069 8471 8415 1181 588.229  
2019_10_23_17_43_05_090 1571870585090 8492 8436 2062 1051.86  
2019_10_23_17_43_05_091 1571870585091 8493 8437 1158 576.433  
2019_10_23_17_43_05_104 1571870585104 8506 8450 373 183.197  
2019_10_23_17_43_05_119 1571870585119 8521 8465 527 258.905  
2019_10_23_17_43_05_143 1571870585143 8545 8488 117 58.898  
2019_10_23_17_43_05_150 1571870585150 8552 8495 205 101.407  
2019_10_23_17_43_05_157 1571870585157 8559 8502 200 98.9859  
2019_10_23_17_43_05_176 1571870585176 8578 8521 542 266.317  
2019_10_23_17_43_05_188 1571870585188 8590 8533 135 67.5744  
2019_10_23_17_43_05_189 1571870585189 8591 8534 1323 661.405  
2019_10_23_17_43_05_198 1571870585198 8600 8543 279 137.331  
2019_10_23_17_43_05_225 1571870585225 8627 8570 1346 673.314  
2019_10_23_17_43_05_270 1571870585270 8672 8615 1052 522.269  
2019_10_23_17_43_05_292 1571870585292 8694 8637 1224 610.325  
2019_10_23_17_43_05_300 1571870585300 8702 8645 420 206.229  
2019_10_23_17_43_05_307 1571870585307 8709 8652 1290 644.346  
2019_10_23_17_43_05_315 1571870585315 8717 8660 1308 653.647  
2019_10_23_17_43_05_316 1571870585316 8718 8661 321 157.792  
2019_10_23_17_43_05_324 1571870585324 8726 8669 190 94.1452  
2019_10_23_17_43_05_325 1571870585325 8727 8670 482 236.71  
2019_10_23_17_43_05_342 1571870585342 8744 8687 402 197.4  
2019_10_23_17_43_05_343 1571870585343 8745 8687 337 165.601  
2019_10_23_17_43_05_359 1571870585359 8761 8703 477 234.248  
2019_10_23_17_43_05_360 1571870585360 8762 8704 719 354.276  
2019_10_23_17_43_05_362 1571870585362 8764 8706 975 483.133  
2019_10_23_17_43_05_375 1571870585375 8777 8719 1322 660.888  
2019_10_23_17_43_05_431 1571870585431 8833 8775 2602 1347.38  
2019_10_23_17_43_05_444 1571870585444 8846 8788 492 241.637  
2019_10_23_17_43_05_445 1571870585445 8847 8789 245 120.805  
2019_10_23_17_43_05_446 1571870585446 8848 8790 811 400.361  
2019_10_23_17_43_05_454 1571870585454 8856 8798 358 175.861  
2019_10_23_17_43_05_456 1571870585456 8858 8800 962 476.542  
2019_10_23_17_43_05_471 1571870585471 8873 8815 344 169.019  
2019_10_23_17_43_05_520 1571870585520 8922 8864 1344 672.278  
2019_10_23_17_43_05_543 1571870585543 8945 8887 1344 672.278  
2019_10_23_17_43_05_551 1571870585551 8953 8895 1395 698.736  
2019_10_23_17_43_05_563 1571870585563 8965 8907 1325 662.44  
2019_10_23_17_43_05_567 1571870585567 8969 8911 390 191.52  
2019_10_23_17_43_05_577 1571870585577 8979 8920 1351 675.905  
2019_10_23_17_43_05_582 1571870585582 8984 8925 618 303.971  
2019_10_23_17_43_05_594 1571870585594 8996 8937 1078 535.524  
2019_10_23_17_43_05_598 1571870585598 9000 8941 207 102.376  
2019_10_23_17_43_05_617 1571870585617 9019 8960 733 361.273  
2019_10_23_17_43_05_619 1571870585619 9021 8962 1334 667.099  
2019_10_23_17_43_05_620 1571870585620 9022 8963 790 389.819  
2019_10_23_17_43_05_624 1571870585624 9026 8967 265 130.522  
2019_10_23_17_43_05_628 1571870585628 9030 8971 683 336.311  
2019_10_23_17_43_05_634 1571870585634 9036 8977 435 213.593  
2019_10_23_17_43_05_642 1571870585642 9044 8985 468 229.817  
2019_10_23_17_43_05_666 1571870585666 9068 9009 422 207.21  
2019_10_23_17_43_05_672 1571870585672 9074 9015 103 52.1562  
2019_10_23_17_43_05_676 1571870585676 9078 9019 509 250.02  
2019_10_23_17_43_05_683 1571870585683 9085 9026 288 141.711  
2019_10_23_17_43_05_686 1571870585686 9088 9029 434 213.102  
2019_10_23_17_43_05_723 1571870585723 9125 9066 321 157.792  
2019_10_23_17_43_05_733 1571870585733 9135 9075 711 350.28  
2019_10_23_17_43_05_736 1571870585736 9138 9078 171 84.9561  
2019_10_23_17_43_05_741 1571870585741 9143 9083 1298 648.479  
2019_10_23_17_43_05_742 1571870585742 9144 9084 1262 629.897  
2019_10_23_17_43_05_755 1571870585755 9157 9097 1345 672.796  
2019_10_23_17_43_05_793 1571870585793 9195 9135 834 411.921  
2019_10_23_17_43_05_799 1571870585799 9201 9141 435 213.593  
2019_10_23_17_43_05_800 1571870585800 9202 9142 341 167.554  
2019_10_23_17_43_05_808 1571870585808 9210 9150 316 155.354  
2019_10_23_17_43_05_825 1571870585825 9227 9167 520 255.449  
2019_10_23_17_43_05_825 1571870585825 9227 9167 803 396.343  
2019_10_23_17_43_05_832 1571870585832 9234 9174 461 226.373  
2019_10_23_17_43_05_849 1571870585849 9251 9191 490 240.651  
2019_10_23_17_43_05_857 1571870585857 9259 9199 972 481.611  
2019_10_23_17_43_05_868 1571870585868 9270 9210 1020 505.983  
2019_10_23_17_43_05_869 1571870585869 9271 9211 332 163.16  
2019_10_23_17_43_05_870 1571870585870 9272 9212 1302 650.546  
2019_10_23_17_43_05_872 1571870585872 9274 9214 92 46.8632  
2019_10_23_17_43_05_899 1571870585899 9301 9240 1349 674.868  
2019_10_23_17_43_05_919 1571870585919 9321 9260 212 104.799  
2019_10_23_17_43_05_933 1571870585933 9335 9274 260 128.092  
2019_10_23_17_43_05_934 1571870585934 9336 9275 253 124.691  
2019_10_23_17_43_05_942 1571870585942 9344 9283 258 127.12  
2019_10_23_17_43_05_961 1571870585961 9363 9302 134 67.0921  
2019_10_23_17_43_05_974 1571870585974 9376 9315 181 89.7911  
2019_10_23_17_43_05_991 1571870585991 9393 9332 326 160.232  
2019_10_23_17_43_06_030 1571870586030 9432 9371 464 227.849  
2019_10_23_17_43_06_032 1571870586032 9434 9373 358 175.861  
2019_10_23_17_43_06_054 1571870586054 9456 9395 334 164.136  
2019_10_23_17_43_06_063 1571870586063 9465 9404 916 453.263  
2019_10_23_17_43_06_065 1571870586065 9467 9406 595 292.557  
2019_10_23_17_43_06_075 1571870586075 9477 9416 1338 669.17  
2019_10_23_17_43_06_349 1571870586349 9751 9690 386 189.561  
2019_10_23_17_43_06_349 1571870586349 9751 9690 813 401.365  
2019_10_23_17_43_06_350 1571870586350 9752 9691 183 90.7585  
2019_10_23_17_43_06_351 1571870586351 9753 9691 970 480.597  
2019_10_23_17_43_06_351 1571870586351 9753 9691 901 445.686  
2019_10_23_17_43_06_351 1571870586351 9753 9691 570 280.169  
2019_10_23_17_43_06_351 1571870586351 9753 9691 434 213.102  
2019_10_23_17_43_06_351 1571870586351 9753 9691 381 187.113  
2019_10_23_17_43_06_351 1571870586351 9753 9691 865 427.527  
2019_10_23_17_43_06_351 1571870586351 9753 9691 125 62.753  
2019_10_23_17_43_06_351 1571870586351 9753 9691 371 182.219  
2019_10_23_17_43_06_351 1571870586351 9753 9691 918 454.274  
2019_10_23_17_43_06_352 1571870586352 9754 9692 1301 650.029  
2019_10_23_17_43_06_352 1571870586352 9754 9692 1388 695.1  
2019_10_23_17_43_06_352 1571870586352 9754 9692 113 56.9711  
2019_10_23_17_43_06_352 1571870586352 9754 9692 573 281.655  
2019_10_23_17_43_06_352 1571870586352 9754 9692 152 75.7777  
2019_10_23_17_43_06_352 1571870586352 9754 9692 778 383.801  
2019_10_23_17_43_06_352 1571870586352 9754 9692 430 211.137  
2019_10_23_17_43_06_353 1571870586353 9755 9693 482 236.71  
2019_10_23_17_43_06_353 1571870586353 9755 9692 924 457.307  
2019_10_23_17_43_06_353 1571870586353 9755 9692 826 407.898  
2019_10_23_17_43_06_356 1571870586356 9758 9695 1327 663.475  
2019_10_23_17_43_06_360 1571870586360 9762 9699 674 331.825  
2019_10_23_17_43_06_365 1571870586365 9767 9704 230 113.526  
2019_10_23_17_43_06_386 1571870586386 9788 9725 984 487.698  
2019_10_23_17_43_06_401 1571870586401 9803 9740 139 69.5038  
2019_10_23_17_43_06_409 1571870586409 9811 9748 1384 693.023  
2019_10_23_17_43_06_450 1571870586450 9852 9789 691 340.3  
2019_10_23_17_43_06_451 1571870586451 9853 9790 650 319.876  
2019_10_23_17_43_06_466 1571870586466 9868 9805 635 312.417  
2019_10_23_17_43_06_473 1571870586473 9875 9812 1023 507.509  
2019_10_23_17_43_06_485 1571870586485 9887 9824 408 200.342  
2019_10_23_17_43_06_486 1571870586486 9888 9825 378 185.644  
2019_10_23_17_43_06_507 1571870586507 9909 9846 1381 691.465  
2019_10_23_17_43_06_516 1571870586516 9918 9855 1374 687.832  
2019_10_23_17_43_06_524 1571870586524 9926 9863 1322 660.888  
2019_10_23_17_43_06_535 1571870586535 9937 9873 307 150.966  
2019_10_23_17_43_06_536 1571870586536 9938 9874 957 474.009  
2019_10_23_17_43_06_540 1571870586540 9942 9878 1302 650.546  
2019_10_23_17_43_06_542 1571870586542 9944 9880 440 216.049  
2019_10_23_17_43_06_558 1571870586558 9960 9896 1337 668.652  
2019_10_23_17_43_06_562 1571870586562 9964 9900 811 400.361  
2019_10_23_17_43_06_580 1571870586580 9982 9918 1367 684.2  
2019_10_23_17_43_06_594 1571870586594 9996 9932 1317 658.301  
2019_10_23_17_43_06_596 1571870586596 9998 9934 200 98.9859  
2019_10_23_17_43_06_599 1571870586599 10001 9937 197 97.5334  
