1571934820107 2019_10_24_11_33_40_107 2.734449 0.478300  0.000014786
2019_10_24_11_33_40_827 1571934820827 720 719 1217 606.724  
2019_10_24_11_33_40_827 1571934820827 720 719 517 253.968  
2019_10_24_11_33_40_828 1571934820828 721 720 83 42.5352  
2019_10_24_11_33_40_828 1571934820828 721 720 147 73.3641  
2019_10_24_11_33_40_829 1571934820829 722 721 236 116.437  
2019_10_24_11_33_40_829 1571934820829 722 721 102 51.6749  
2019_10_24_11_33_40_829 1571934820829 722 721 95 48.3064  
2019_10_24_11_33_40_829 1571934820829 722 721 176 87.3733  
2019_10_24_11_33_40_829 1571934820829 722 721 266 131.008  
2019_10_24_11_33_40_829 1571934820829 722 721 84 43.016  
2019_10_24_11_33_40_829 1571934820829 722 721 169 83.9894  
2019_10_24_11_33_40_829 1571934820829 722 721 270 132.953  
2019_10_24_11_33_40_829 1571934820829 722 721 176 87.3733  
2019_10_24_11_33_40_830 1571934820830 723 722 189 93.6613  
2019_10_24_11_33_40_830 1571934820830 723 722 248 122.262  
2019_10_24_11_33_40_830 1571934820830 723 722 176 87.3733  
2019_10_24_11_33_40_830 1571934820830 723 722 357 175.372  
2019_10_24_11_33_40_830 1571934820830 723 721 577 283.636  
2019_10_24_11_33_40_830 1571934820830 723 721 97 49.2687  
2019_10_24_11_33_40_830 1571934820830 723 721 302 148.53  
2019_10_24_11_33_40_830 1571934820830 723 721 122 61.3071  
2019_10_24_11_33_40_830 1571934820830 723 721 174 86.4063  
2019_10_24_11_33_40_831 1571934820831 724 722 282 138.791  
2019_10_24_11_33_40_831 1571934820831 724 722 273 134.412  
2019_10_24_11_33_40_831 1571934820831 724 722 174 86.4063  
2019_10_24_11_33_40_831 1571934820831 724 722 443 217.523  
2019_10_24_11_33_40_831 1571934820831 724 722 191 94.6291  
2019_10_24_11_33_40_831 1571934820831 724 722 90 45.9012  
2019_10_24_11_33_40_831 1571934820831 724 722 136 68.0567  
2019_10_24_11_33_40_831 1571934820831 724 722 607 298.51  
2019_10_24_11_33_40_831 1571934820831 724 722 126 63.235  
2019_10_24_11_33_40_832 1571934820832 725 723 286 140.738  
2019_10_24_11_33_40_832 1571934820832 725 723 191 94.6291  
2019_10_24_11_33_40_874 1571934820874 767 765 1122 558.001  
2019_10_24_11_33_40_922 1571934820922 815 812 150 74.8121  
2019_10_24_11_33_40_926 1571934820926 819 816 171 84.9561  
2019_10_24_11_33_40_960 1571934820960 853 850 358 175.861  
2019_10_24_11_33_40_977 1571934820977 870 867 140 69.9862  
2019_10_24_11_33_40_980 1571934820980 873 870 264 130.036  
2019_10_24_11_33_40_982 1571934820982 875 872 639 314.405  
2019_10_24_11_33_40_988 1571934820988 881 878 343 168.531  
2019_10_24_11_33_41_014 1571934821014 907 904 619 304.467  
2019_10_24_11_33_41_017 1571934821017 910 907 394 193.48  
2019_10_24_11_33_41_072 1571934821072 965 962 295 145.12  
2019_10_24_11_33_41_109 1571934821109 1002 999 472 231.786  
2019_10_24_11_33_41_160 1571934821160 1053 1050 271 133.44  
2019_10_24_11_33_41_211 1571934821211 1104 1101 167 83.0229  
2019_10_24_11_33_41_282 1571934821282 1175 1172 458 224.897  
2019_10_24_11_33_41_336 1571934821336 1229 1226 278 136.845  
2019_10_24_11_33_41_396 1571934821396 1289 1286 754 371.779  
2019_10_24_11_33_41_405 1571934821405 1298 1295 128 64.1991  
2019_10_24_11_33_41_410 1571934821410 1303 1299 77 39.6512  
2019_10_24_11_33_41_491 1571934821491 1384 1380 386 189.561  
2019_10_24_11_33_41_534 1571934821534 1427 1423 172 85.4395  
2019_10_24_11_33_41_564 1571934821564 1457 1453 408 200.342  
2019_10_24_11_33_41_652 1571934821652 1545 1541 1252 624.743  
2019_10_24_11_33_41_732 1571934821732 1625 1621 745 367.274  
2019_10_24_11_33_41_790 1571934821790 1683 1679 249 122.748  
2019_10_24_11_33_41_881 1571934821881 1774 1770 168 83.5062  
2019_10_24_11_33_42_044 1571934822044 1937 1933 207 102.376  
2019_10_24_11_33_42_082 1571934822082 1975 1971 178 88.3403  
2019_10_24_11_33_42_198 1571934822198 2091 2087 539 264.834  
2019_10_24_11_33_42_239 1571934822239 2132 2128 327 160.72  
2019_10_24_11_33_42_252 1571934822252 2145 2141 166 82.5397  
2019_10_24_11_33_42_292 1571934822292 2185 2181 369 181.24  
2019_10_24_11_33_42_326 1571934822326 2219 2215 444 218.014  
2019_10_24_11_33_42_356 1571934822356 2249 2245 281 138.304  
2019_10_24_11_33_42_364 1571934822364 2257 2253 328 161.208  
2019_10_24_11_33_42_389 1571934822389 2282 2277 492 241.637  
2019_10_24_11_33_42_391 1571934822391 2284 2279 540 265.328  
2019_10_24_11_33_42_421 1571934822421 2314 2309 472 231.786  
2019_10_24_11_33_42_551 1571934822551 2444 2439 459 225.389  
2019_10_24_11_33_42_614 1571934822614 2507 2502 1521 764.435  
2019_10_24_11_33_42_654 1571934822654 2547 2542 250 123.234  
2019_10_24_11_33_42_666 1571934822666 2559 2554 1326 662.958  
2019_10_24_11_33_42_682 1571934822682 2575 2570 408 200.342  
2019_10_24_11_33_42_684 1571934822684 2577 2572 455 223.422  
2019_10_24_11_33_42_695 1571934822695 2588 2583 265 130.522  
2019_10_24_11_33_42_701 1571934822701 2594 2589 276 135.872  
2019_10_24_11_33_42_726 1571934822726 2619 2614 561 275.714  
2019_10_24_11_33_42_782 1571934822782 2675 2670 1255 626.289  
2019_10_24_11_33_42_939 1571934822939 2832 2827 129 64.6812  
2019_10_24_11_33_42_958 1571934822958 2851 2846 654 321.867  
2019_10_24_11_33_43_011 1571934823011 2904 2899 223 110.131  
2019_10_24_11_33_43_030 1571934823030 2923 2918 734 361.773  
2019_10_24_11_33_43_031 1571934823031 2924 2919 316 155.354  
2019_10_24_11_33_43_034 1571934823034 2927 2921 202 99.9544  
2019_10_24_11_33_43_038 1571934823038 2931 2925 122 61.3071  
2019_10_24_11_33_43_081 1571934823081 2974 2968 758 373.781  
2019_10_24_11_33_43_128 1571934823128 3021 3015 363 178.306  
2019_10_24_11_33_43_148 1571934823148 3041 3035 536 263.351  
2019_10_24_11_33_43_188 1571934823188 3081 3075 70 36.2879  
2019_10_24_11_33_43_209 1571934823209 3102 3096 702 345.788  
2019_10_24_11_33_43_229 1571934823229 3122 3116 226 111.585  
2019_10_24_11_33_43_232 1571934823232 3125 3119 1327 663.475  
2019_10_24_11_33_43_261 1571934823261 3154 3148 325 159.744  
2019_10_24_11_33_43_305 1571934823305 3198 3192 930 460.342  
2019_10_24_11_33_43_319 1571934823319 3212 3206 377 185.155  
2019_10_24_11_33_43_323 1571934823323 3216 3210 75 38.6901  
2019_10_24_11_33_43_344 1571934823344 3237 3231 1326 662.958  
2019_10_24_11_33_43_402 1571934823402 3295 3289 155 77.2262  
2019_10_24_11_33_43_482 1571934823482 3375 3369 401 196.91  
2019_10_24_11_33_43_483 1571934823483 3376 3370 1051 521.76  
2019_10_24_11_33_43_492 1571934823492 3385 3378 124 62.271  
2019_10_24_11_33_43_508 1571934823508 3401 3394 1433 718.501  
2019_10_24_11_33_43_529 1571934823529 3422 3415 391 192.01  
2019_10_24_11_33_43_549 1571934823549 3442 3435 393 192.99  
2019_10_24_11_33_43_555 1571934823555 3448 3441 136 68.0567  
2019_10_24_11_33_43_580 1571934823580 3473 3466 1327 663.475  
2019_10_24_11_33_43_620 1571934823620 3513 3506 520 255.449  
2019_10_24_11_33_43_640 1571934823640 3533 3526 1625 819.015  
2019_10_24_11_33_43_646 1571934823646 3539 3532 410 201.323  
2019_10_24_11_33_43_649 1571934823649 3542 3535 431 211.628  
2019_10_24_11_33_43_650 1571934823650 3543 3536 1013 502.425  
2019_10_24_11_33_43_656 1571934823656 3549 3542 1366 683.682  
2019_10_24_11_33_43_679 1571934823679 3572 3565 1006 498.868  
2019_10_24_11_33_43_680 1571934823680 3573 3566 358 175.861  
2019_10_24_11_33_43_733 1571934823733 3626 3619 2165 1107.56  
2019_10_24_11_33_43_749 1571934823749 3642 3635 677 333.32  
2019_10_24_11_33_43_758 1571934823758 3651 3644 573 281.655  
2019_10_24_11_33_43_825 1571934823825 3718 3710 559 274.724  
2019_10_24_11_33_43_846 1571934823846 3739 3731 181 89.7911  
2019_10_24_11_33_43_848 1571934823848 3741 3733 87 44.4585  
2019_10_24_11_33_43_885 1571934823885 3778 3770 240 118.378  
2019_10_24_11_33_43_904 1571934823904 3797 3789 595 292.557  
2019_10_24_11_33_43_912 1571934823912 3805 3797 127 63.717  
2019_10_24_11_33_43_939 1571934823939 3832 3824 184 91.2422  
2019_10_24_11_33_43_945 1571934823945 3838 3830 597 293.549  
2019_10_24_11_33_43_982 1571934823982 3875 3867 304 149.504  
2019_10_24_11_33_43_983 1571934823983 3876 3868 1830 927.539  
2019_10_24_11_33_43_995 1571934823995 3888 3880 1373 687.313  
2019_10_24_11_33_44_013 1571934824013 3906 3898 291 143.172  
2019_10_24_11_33_44_029 1571934824029 3922 3914 579 284.627  
2019_10_24_11_33_44_033 1571934824033 3926 3918 219 108.191  
2019_10_24_11_33_44_036 1571934824036 3929 3921 397 194.95  
2019_10_24_11_33_44_037 1571934824037 3930 3922 358 175.861  
2019_10_24_11_33_44_041 1571934824041 3934 3926 676 332.822  
2019_10_24_11_33_44_072 1571934824072 3965 3956 1341 670.724  
2019_10_24_11_33_44_073 1571934824073 3966 3957 444 218.014  
2019_10_24_11_33_44_091 1571934824091 3984 3975 828 408.904  
2019_10_24_11_33_44_094 1571934824094 3987 3978 718 353.776  
2019_10_24_11_33_44_095 1571934824095 3988 3979 342 168.042  
2019_10_24_11_33_44_096 1571934824096 3989 3980 170 84.4728  
2019_10_24_11_33_44_097 1571934824097 3990 3981 342 168.042  
2019_10_24_11_33_44_111 1571934824111 4004 3995 87 44.4585  
2019_10_24_11_33_44_113 1571934824113 4006 3997 647 318.384  
2019_10_24_11_33_44_193 1571934824193 4086 4077 466 228.833  
2019_10_24_11_33_44_211 1571934824211 4104 4095 265 130.522  
2019_10_24_11_33_44_222 1571934824222 4115 4106 2920 1525.44  
2019_10_24_11_33_44_237 1571934824237 4130 4121 745 367.274  
2019_10_24_11_33_44_282 1571934824282 4175 4166 867 428.535  
2019_10_24_11_33_44_316 1571934824316 4209 4200 257 126.634  
2019_10_24_11_33_44_347 1571934824347 4240 4231 190 94.1452  
2019_10_24_11_33_44_380 1571934824380 4273 4264 671 330.331  
2019_10_24_11_33_44_384 1571934824384 4277 4267 520 255.449  
2019_10_24_11_33_44_394 1571934824394 4287 4277 269 132.467  
2019_10_24_11_33_44_408 1571934824408 4301 4291 363 178.306  
2019_10_24_11_33_44_411 1571934824411 4304 4294 1287 642.797  
2019_10_24_11_33_44_424 1571934824424 4317 4307 979 485.161  
2019_10_24_11_33_44_467 1571934824467 4360 4350 676 332.822  
2019_10_24_11_33_44_474 1571934824474 4367 4357 142 70.9512  
2019_10_24_11_33_44_478 1571934824478 4371 4361 564 277.199  
2019_10_24_11_33_44_499 1571934824499 4392 4382 238 117.407  
2019_10_24_11_33_44_535 1571934824535 4428 4418 822 405.888  
2019_10_24_11_33_44_536 1571934824536 4429 4419 320 157.305  
2019_10_24_11_33_44_556 1571934824556 4449 4439 645 317.389  
2019_10_24_11_33_44_569 1571934824569 4462 4452 476 233.755  
2019_10_24_11_33_44_601 1571934824601 4494 4484 622 305.957  
2019_10_24_11_33_44_606 1571934824606 4499 4489 214 105.768  
2019_10_24_11_33_44_622 1571934824622 4515 4505 1077 535.014  
2019_10_24_11_33_44_623 1571934824623 4516 4506 155 77.2262  
2019_10_24_11_33_44_639 1571934824639 4532 4522 465 228.341  
2019_10_24_11_33_44_672 1571934824672 4565 4554 116 58.4162  
2019_10_24_11_33_44_677 1571934824677 4570 4559 1337 668.652  
2019_10_24_11_33_44_688 1571934824688 4581 4570 1357 679.015  
2019_10_24_11_33_44_696 1571934824696 4589 4578 586 288.096  
2019_10_24_11_33_44_697 1571934824697 4590 4579 1328 663.993  
2019_10_24_11_33_44_708 1571934824708 4601 4590 533 261.869  
2019_10_24_11_33_44_713 1571934824713 4606 4595 265 130.522  
2019_10_24_11_33_44_747 1571934824747 4640 4629 1205 600.555  
2019_10_24_11_33_44_792 1571934824792 4685 4674 255 125.662  
2019_10_24_11_33_44_796 1571934824796 4689 4678 63 32.926  
2019_10_24_11_33_44_802 1571934824802 4695 4684 322 158.28  
2019_10_24_11_33_44_863 1571934824863 4756 4745 326 160.232  
2019_10_24_11_33_44_869 1571934824869 4762 4751 278 136.845  
2019_10_24_11_33_44_871 1571934824871 4764 4753 968 479.583  
2019_10_24_11_33_44_874 1571934824874 4767 4756 676 332.822  
2019_10_24_11_33_44_878 1571934824878 4771 4760 934 462.365  
2019_10_24_11_33_44_896 1571934824896 4789 4778 158 78.675  
2019_10_24_11_33_44_925 1571934824925 4818 4806 394 193.48  
2019_10_24_11_33_44_926 1571934824926 4819 4807 145 72.3988  
2019_10_24_11_33_44_927 1571934824927 4820 4808 377 185.155  
2019_10_24_11_33_44_941 1571934824941 4834 4822 1256 626.804  
2019_10_24_11_33_44_948 1571934824948 4841 4829 608 299.007  
2019_10_24_11_33_44_958 1571934824958 4851 4839 389 191.031  
2019_10_24_11_33_44_962 1571934824962 4855 4843 504 247.553  
2019_10_24_11_33_44_976 1571934824976 4869 4857 436 214.084  
2019_10_24_11_33_44_983 1571934824983 4876 4864 299 147.068  
2019_10_24_11_33_44_989 1571934824989 4882 4870 1251 624.227  
2019_10_24_11_33_45_014 1571934825014 4907 4895 637 313.411  
2019_10_24_11_33_45_033 1571934825033 4926 4914 451 221.455  
2019_10_24_11_33_45_035 1571934825035 4928 4916 1243 620.106  
2019_10_24_11_33_45_037 1571934825037 4930 4918 1307 653.13  
2019_10_24_11_33_45_067 1571934825067 4960 4948 76 39.1707  
2019_10_24_11_33_45_080 1571934825080 4973 4961 563 276.704  
2019_10_24_11_33_45_093 1571934825093 4986 4974 950 470.464  
2019_10_24_11_33_45_105 1571934825105 4998 4985 235 115.951  
2019_10_24_11_33_45_108 1571934825108 5001 4988 466 228.833  
2019_10_24_11_33_45_127 1571934825127 5020 5007 974 482.625  
2019_10_24_11_33_45_146 1571934825146 5039 5026 1277 637.635  
2019_10_24_11_33_45_402 1571934825402 5295 5282 732 360.773  
2019_10_24_11_33_45_403 1571934825403 5296 5283 1328 663.993  
2019_10_24_11_33_45_404 1571934825404 5297 5284 1292 645.379  
2019_10_24_11_33_45_404 1571934825404 5297 5284 681 335.314  
2019_10_24_11_33_45_404 1571934825404 5297 5284 466 228.833  
2019_10_24_11_33_45_404 1571934825404 5297 5284 538 264.339  
2019_10_24_11_33_45_404 1571934825404 5297 5284 163 81.0902  
2019_10_24_11_33_45_405 1571934825405 5298 5285 77 39.6512  
2019_10_24_11_33_45_405 1571934825405 5298 5285 174 86.4063  
2019_10_24_11_33_45_405 1571934825405 5298 5285 1081 537.055  
2019_10_24_11_33_45_405 1571934825405 5298 5285 1338 669.17  
2019_10_24_11_33_45_405 1571934825405 5298 5285 1079 536.034  
2019_10_24_11_33_45_405 1571934825405 5298 5285 473 232.278  
2019_10_24_11_33_45_405 1571934825405 5298 5284 1055 523.798  
2019_10_24_11_33_45_405 1571934825405 5298 5284 605 297.518  
2019_10_24_11_33_45_405 1571934825405 5298 5284 607 298.51  
2019_10_24_11_33_45_411 1571934825411 5304 5290 144 71.9162  
2019_10_24_11_33_45_429 1571934825429 5322 5308 325 159.744  
2019_10_24_11_33_45_453 1571934825453 5346 5332 1329 664.51  
2019_10_24_11_33_45_455 1571934825455 5348 5334 261 128.578  
2019_10_24_11_33_45_458 1571934825458 5351 5337 360 176.839  
2019_10_24_11_33_45_474 1571934825474 5367 5353 494 242.623  
2019_10_24_11_33_45_478 1571934825478 5371 5357 1281 639.7  
2019_10_24_11_33_45_502 1571934825502 5395 5381 1340 670.206  
2019_10_24_11_33_45_512 1571934825512 5405 5391 644 316.892  
2019_10_24_11_33_45_519 1571934825519 5412 5398 130 65.1633  
2019_10_24_11_33_45_520 1571934825520 5413 5399 438 215.066  
2019_10_24_11_33_45_539 1571934825539 5432 5418 1262 629.897  
2019_10_24_11_33_45_546 1571934825546 5439 5425 641 315.4  
2019_10_24_11_33_45_558 1571934825558 5451 5437 239 117.893  
2019_10_24_11_33_45_568 1571934825568 5461 5446 221 109.161  
2019_10_24_11_33_45_583 1571934825583 5476 5461 282 138.791  
2019_10_24_11_33_45_610 1571934825610 5503 5488 369 181.24  
2019_10_24_11_33_45_613 1571934825613 5506 5491 383 188.092  
2019_10_24_11_33_45_616 1571934825616 5509 5494 119 59.8615  
2019_10_24_11_33_45_622 1571934825622 5515 5500 186 92.2098  
2019_10_24_11_33_45_635 1571934825635 5528 5513 1024 508.018  
2019_10_24_11_33_45_673 1571934825673 5566 5551 435 213.593  
2019_10_24_11_33_45_674 1571934825674 5567 5552 712 350.78  
2019_10_24_11_33_45_696 1571934825696 5589 5574 764 376.786  
2019_10_24_11_33_45_706 1571934825706 5599 5584 189 93.6613  
2019_10_24_11_33_45_715 1571934825715 5608 5593 1038 515.141  
2019_10_24_11_33_45_721 1571934825721 5614 5599 393 192.99  
2019_10_24_11_33_45_769 1571934825769 5662 5647 732 360.773  
2019_10_24_11_33_45_777 1571934825777 5670 5655 492 241.637  
2019_10_24_11_33_45_788 1571934825788 5681 5666 680 334.815  
2019_10_24_11_33_45_790 1571934825790 5683 5668 395 193.97  
2019_10_24_11_33_45_805 1571934825805 5698 5683 438 215.066  
2019_10_24_11_33_45_815 1571934825815 5708 5692 90 45.9012  
2019_10_24_11_33_45_830 1571934825830 5723 5707 590 290.078  
2019_10_24_11_33_45_837 1571934825837 5730 5714 158 78.675  
2019_10_24_11_33_45_841 1571934825841 5734 5718 732 360.773  
2019_10_24_11_33_45_844 1571934825844 5737 5721 164 81.5733  
2019_10_24_11_33_45_855 1571934825855 5748 5732 354 173.906  
2019_10_24_11_33_45_856 1571934825856 5749 5733 1072 532.464  
2019_10_24_11_33_45_861 1571934825861 5754 5738 354 173.906  
2019_10_24_11_33_45_866 1571934825866 5759 5743 1301 650.029  
2019_10_24_11_33_45_878 1571934825878 5771 5755 1040 516.159  
2019_10_24_11_33_45_881 1571934825881 5774 5758 4095 2209.31  
2019_10_24_11_33_45_884 1571934825884 5777 5761 1119 556.466  
2019_10_24_11_33_45_901 1571934825901 5794 5778 194 96.0811  
2019_10_24_11_33_45_917 1571934825917 5810 5794 222 109.646  
2019_10_24_11_33_45_934 1571934825934 5827 5811 542 266.317  
2019_10_24_11_33_45_955 1571934825955 5848 5832 325 159.744  
2019_10_24_11_33_45_965 1571934825965 5858 5842 140 69.9862  
2019_10_24_11_33_45_966 1571934825966 5859 5842 210 103.829  
2019_10_24_11_33_45_974 1571934825974 5867 5850 1366 683.682  
2019_10_24_11_33_45_980 1571934825980 5873 5856 417 204.757  
2019_10_24_11_33_45_985 1571934825985 5878 5861 710 349.781  
2019_10_24_11_33_45_992 1571934825992 5885 5868 396 194.46  
2019_10_24_11_33_46_006 1571934826006 5899 5882 337 165.601  
2019_10_24_11_33_46_018 1571934826018 5911 5894 525 257.917  
2019_10_24_11_33_46_029 1571934826029 5922 5905 394 193.48  
2019_10_24_11_33_46_045 1571934826045 5938 5921 1292 645.379  
2019_10_24_11_33_46_050 1571934826050 5943 5926 781 385.305  
2019_10_24_11_33_46_051 1571934826051 5944 5927 122 61.3071  
2019_10_24_11_33_46_065 1571934826065 5958 5941 266 131.008  
2019_10_24_11_33_46_066 1571934826066 5959 5942 370 181.73  
2019_10_24_11_33_46_076 1571934826076 5969 5952 546 268.294  
2019_10_24_11_33_46_085 1571934826085 5978 5961 942 466.413  
2019_10_24_11_33_46_097 1571934826097 5990 5973 1137 565.676  
2019_10_24_11_33_46_099 1571934826099 5992 5975 305 149.991  
2019_10_24_11_33_46_113 1571934826113 6006 5988 353 173.417  
2019_10_24_11_33_46_120 1571934826120 6013 5995 1258 627.835  
2019_10_24_11_33_46_122 1571934826122 6015 5997 718 353.776  
2019_10_24_11_33_46_123 1571934826123 6016 5998 77 39.6512  
2019_10_24_11_33_46_126 1571934826126 6019 6001 715 352.278  
2019_10_24_11_33_46_134 1571934826134 6027 6009 638 313.908  
2019_10_24_11_33_46_137 1571934826137 6030 6012 1975 1005.05  
2019_10_24_11_33_46_142 1571934826142 6035 6017 1215 605.696  
2019_10_24_11_33_46_165 1571934826165 6058 6040 435 213.593  
2019_10_24_11_33_46_174 1571934826174 6067 6049 947 468.944  
2019_10_24_11_33_46_185 1571934826185 6078 6060 1441 722.667  
2019_10_24_11_33_46_193 1571934826193 6086 6068 228 112.555  
2019_10_24_11_33_46_198 1571934826198 6091 6073 658 323.858  
2019_10_24_11_33_46_212 1571934826212 6105 6087 498 244.595  
2019_10_24_11_33_46_222 1571934826222 6115 6097 555 272.745  
2019_10_24_11_33_46_223 1571934826223 6116 6098 184 91.2422  
2019_10_24_11_33_46_224 1571934826224 6117 6099 269 132.467  
2019_10_24_11_33_46_235 1571934826235 6128 6109 435 213.593  
2019_10_24_11_33_46_254 1571934826254 6147 6128 302 148.53  
2019_10_24_11_33_46_261 1571934826261 6154 6135 410 201.323  
2019_10_24_11_33_46_276 1571934826276 6169 6150 238 117.407  
2019_10_24_11_33_46_330 1571934826330 6223 6204 504 247.553  
2019_10_24_11_33_46_353 1571934826353 6246 6227 422 207.21  
2019_10_24_11_33_46_354 1571934826354 6247 6228 1384 693.023  
2019_10_24_11_33_46_358 1571934826358 6251 6232 418 205.247  
2019_10_24_11_33_46_371 1571934826371 6264 6245 1295 646.929  
2019_10_24_11_33_46_386 1571934826386 6279 6260 191 94.6291  
2019_10_24_11_33_46_403 1571934826403 6296 6277 690 339.801  
2019_10_24_11_33_46_417 1571934826417 6310 6291 214 105.768  
2019_10_24_11_33_46_418 1571934826418 6311 6292 130 65.1633  
2019_10_24_11_33_46_461 1571934826461 6354 6335 2776 1444.44  
2019_10_24_11_33_46_477 1571934826477 6370 6351 265 130.522  
2019_10_24_11_33_46_482 1571934826482 6375 6356 466 228.833  
2019_10_24_11_33_46_487 1571934826487 6380 6361 918 454.274  
2019_10_24_11_33_46_489 1571934826489 6382 6362 175 86.8898  
2019_10_24_11_33_46_508 1571934826508 6401 6381 1034 513.105  
2019_10_24_11_33_46_533 1571934826533 6426 6406 1243 620.106  
2019_10_24_11_33_46_568 1571934826568 6461 6441 1313 656.232  
2019_10_24_11_33_46_587 1571934826587 6480 6460 144 71.9162  
2019_10_24_11_33_46_598 1571934826598 6491 6471 1079 536.034  
2019_10_24_11_33_46_599 1571934826599 6492 6472 496 243.609  
2019_10_24_11_33_46_609 1571934826609 6502 6482 183 90.7585  
2019_10_24_11_33_46_618 1571934826618 6511 6491 911 450.737  
2019_10_24_11_33_46_625 1571934826625 6518 6498 1153 573.871  
2019_10_24_11_33_46_662 1571934826662 6555 6535 590 290.078  
2019_10_24_11_33_46_676 1571934826676 6569 6549 488 239.666  
2019_10_24_11_33_46_681 1571934826681 6574 6554 115 57.9345  
2019_10_24_11_33_46_708 1571934826708 6601 6581 313 153.891  
2019_10_24_11_33_46_713 1571934826713 6606 6586 895 442.657  
2019_10_24_11_33_46_714 1571934826714 6607 6587 1048 520.232  
2019_10_24_11_33_46_739 1571934826739 6632 6612 446 218.997  
2019_10_24_11_33_46_740 1571934826740 6633 6613 222 109.646  
2019_10_24_11_33_46_747 1571934826747 6640 6619 940 465.401  
2019_10_24_11_33_46_748 1571934826748 6641 6620 390 191.52  
2019_10_24_11_33_46_794 1571934826794 6687 6666 1022 507  
2019_10_24_11_33_46_800 1571934826800 6693 6672 344 169.019  
2019_10_24_11_33_46_815 1571934826815 6708 6687 896 443.161  
2019_10_24_11_33_46_818 1571934826818 6711 6690 305 149.991  
2019_10_24_11_33_46_857 1571934826857 6750 6729 1102 547.777  
2019_10_24_11_33_46_862 1571934826862 6755 6734 422 207.21  
2019_10_24_11_33_46_875 1571934826875 6768 6747 355 174.394  
2019_10_24_11_33_46_879 1571934826879 6772 6751 349 171.462  
2019_10_24_11_33_46_899 1571934826899 6792 6771 387 190.051  
2019_10_24_11_33_46_902 1571934826902 6795 6774 901 445.686  
2019_10_24_11_33_46_916 1571934826916 6809 6788 1461 733.091  
2019_10_24_11_33_46_918 1571934826918 6811 6790 164 81.5733  
2019_10_24_11_33_46_922 1571934826922 6815 6794 1275 636.603  
2019_10_24_11_33_46_964 1571934826964 6857 6836 1347 673.832  
2019_10_24_11_33_46_974 1571934826974 6867 6846 179 88.8239  
2019_10_24_11_33_47_021 1571934827021 6914 6892 267 131.495  
2019_10_24_11_33_47_027 1571934827027 6920 6898 1349 674.868  
2019_10_24_11_33_47_038 1571934827038 6931 6909 971 481.104  
2019_10_24_11_33_47_054 1571934827054 6947 6925 164 81.5733  
2019_10_24_11_33_47_089 1571934827089 6982 6960 318 156.329  
2019_10_24_11_33_47_092 1571934827092 6985 6963 1295 646.929  
2019_10_24_11_33_47_110 1571934827110 7003 6981 185 91.726  
2019_10_24_11_33_47_118 1571934827118 7011 6989 313 153.891  
2019_10_24_11_33_47_132 1571934827132 7025 7003 485 238.188  
2019_10_24_11_33_47_134 1571934827134 7027 7005 444 218.014  
2019_10_24_11_33_47_155 1571934827155 7048 7026 441 216.54  
2019_10_24_11_33_47_450 1571934827450 7343 7321 436 214.084  
2019_10_24_11_33_47_451 1571934827451 7344 7322 205 101.407  
2019_10_24_11_33_47_452 1571934827452 7345 7323 124 62.271  
2019_10_24_11_33_47_452 1571934827452 7345 7323 971 481.104  
2019_10_24_11_33_47_464 1571934827464 7357 7335 1260 628.866  
2019_10_24_11_33_47_481 1571934827481 7374 7352 309 151.941  
2019_10_24_11_33_47_482 1571934827482 7375 7352 381 187.113  
2019_10_24_11_33_47_509 1571934827509 7402 7379 1097 545.223  
2019_10_24_11_33_47_536 1571934827536 7429 7406 427 209.664  
2019_10_24_11_33_47_559 1571934827559 7452 7429 145 72.3988  
2019_10_24_11_33_47_574 1571934827574 7467 7444 3205 1687.57  
2019_10_24_11_33_47_590 1571934827590 7483 7460 1579 794.834  
2019_10_24_11_33_47_682 1571934827682 7575 7552 4095 2209.31  
2019_10_24_11_33_47_778 1571934827778 7671 7648 1380 690.946  
2019_10_24_11_33_47_806 1571934827806 7699 7676 146 72.8814  
2019_10_24_11_33_47_812 1571934827812 7705 7682 437 214.575  
2019_10_24_11_33_47_942 1571934827942 7835 7812 207 102.376  
2019_10_24_11_33_47_946 1571934827946 7839 7816 147 73.3641  
2019_10_24_11_33_47_949 1571934827949 7842 7819 232 114.496  
2019_10_24_11_33_47_964 1571934827964 7857 7834 568 279.179  
2019_10_24_11_33_47_972 1571934827972 7865 7842 1345 672.796  
2019_10_24_11_33_47_982 1571934827982 7875 7852 309 151.941  
2019_10_24_11_33_47_995 1571934827995 7888 7865 585 287.6  
2019_10_24_11_33_48_002 1571934828002 7895 7871 282 138.791  
2019_10_24_11_33_48_004 1571934828004 7897 7873 313 153.891  
2019_10_24_11_33_48_007 1571934828007 7900 7876 108 54.5633  
2019_10_24_11_33_48_028 1571934828028 7921 7897 817 403.375  
2019_10_24_11_33_48_077 1571934828077 7970 7946 181 89.7911  
2019_10_24_11_33_48_100 1571934828100 7993 7969 307 150.966  
2019_10_24_11_33_48_117 1571934828117 8010 7986 965 478.063  
2019_10_24_11_33_48_144 1571934828144 8037 8013 2969 1553.14  
2019_10_24_11_33_48_153 1571934828153 8046 8022 1257 627.32  
2019_10_24_11_33_48_163 1571934828163 8056 8032 232 114.496  
2019_10_24_11_33_48_172 1571934828172 8065 8041 447 219.489  
2019_10_24_11_33_48_177 1571934828177 8070 8046 128 64.1991  
2019_10_24_11_33_48_196 1571934828196 8089 8065 526 258.411  
2019_10_24_11_33_48_325 1571934828325 8218 8194 323 158.768  
2019_10_24_11_33_48_378 1571934828378 8271 8247 173 85.9229  
2019_10_24_11_33_48_386 1571934828386 8279 8255 600 295.037  
2019_10_24_11_33_48_478 1571934828478 8371 8347 3783 2023.74  
2019_10_24_11_33_48_529 1571934828529 8422 8397 2629 1362.38  
2019_10_24_11_33_48_549 1571934828549 8442 8417 346 169.996  
2019_10_24_11_33_48_552 1571934828552 8445 8420 156 77.7091  
2019_10_24_11_33_48_552 1571934828552 8445 8420 531 260.881  
2019_10_24_11_33_48_591 1571934828591 8484 8459 379 186.134  
2019_10_24_11_33_48_596 1571934828596 8489 8464 495 243.116  
2019_10_24_11_33_48_601 1571934828601 8494 8469 377 185.155  
2019_10_24_11_33_48_621 1571934828621 8514 8489 196 97.0493  
2019_10_24_11_33_48_637 1571934828637 8530 8505 1286 642.281  
2019_10_24_11_33_48_653 1571934828653 8546 8521 2927 1529.39  
2019_10_24_11_33_48_655 1571934828655 8548 8523 273 134.412  
2019_10_24_11_33_48_685 1571934828685 8578 8553 473 232.278  
2019_10_24_11_33_48_689 1571934828689 8582 8557 286 140.738  
2019_10_24_11_33_48_718 1571934828718 8611 8586 1974 1004.51  
2019_10_24_11_33_48_784 1571934828784 8677 8652 379 186.134  
2019_10_24_11_33_48_808 1571934828808 8701 8676 1207 601.583  
2019_10_24_11_33_48_840 1571934828840 8733 8708 253 124.691  
2019_10_24_11_33_48_896 1571934828896 8789 8764 129 64.6812  
2019_10_24_11_33_48_917 1571934828917 8810 8784 303 149.017  
2019_10_24_11_33_48_920 1571934828920 8813 8787 238 117.407  
2019_10_24_11_33_48_946 1571934828946 8839 8813 292 143.659  
2019_10_24_11_33_49_011 1571934829011 8904 8878 4095 2209.31  
2019_10_24_11_33_49_120 1571934829120 9013 8987 1619 815.858  
2019_10_24_11_33_49_149 1571934829149 9042 9016 170 84.4728  
2019_10_24_11_33_49_174 1571934829174 9067 9041 844 416.952  
2019_10_24_11_33_49_182 1571934829182 9075 9049 121 60.8252  
2019_10_24_11_33_49_195 1571934829195 9088 9062 343 168.531  
2019_10_24_11_33_49_205 1571934829205 9098 9072 612 300.992  
2019_10_24_11_33_49_498 1571934829498 9391 9365 1273 635.571  
2019_10_24_11_33_49_499 1571934829499 9392 9366 1342 671.242  
2019_10_24_11_33_49_500 1571934829500 9393 9367 92 46.8632  
2019_10_24_11_33_49_500 1571934829500 9393 9367 1382 691.985  
2019_10_24_11_33_49_500 1571934829500 9393 9367 471 231.294  
2019_10_24_11_33_49_500 1571934829500 9393 9367 289 142.198  
2019_10_24_11_33_49_500 1571934829500 9393 9367 531 260.881  
2019_10_24_11_33_49_500 1571934829500 9393 9366 237 116.922  
2019_10_24_11_33_49_500 1571934829500 9393 9366 2286 1173.4  
2019_10_24_11_33_49_500 1571934829500 9393 9366 495 243.116  
2019_10_24_11_33_49_501 1571934829501 9394 9367 382 187.603  
2019_10_24_11_33_49_519 1571934829519 9412 9385 296 145.607  
2019_10_24_11_33_49_530 1571934829530 9423 9396 443 217.523  
2019_10_24_11_33_49_587 1571934829587 9480 9453 396 194.46  
2019_10_24_11_33_49_618 1571934829618 9511 9484 784 386.81  
2019_10_24_11_33_49_653 1571934829653 9546 9519 293 144.146  
2019_10_24_11_33_49_694 1571934829694 9587 9560 262 129.064  
2019_10_24_11_33_49_720 1571934829720 9613 9586 127 63.717  
2019_10_24_11_33_49_721 1571934829721 9614 9587 439 215.558  
2019_10_24_11_33_49_743 1571934829743 9636 9609 102 51.6749  
2019_10_24_11_33_49_748 1571934829748 9641 9614 216 106.737  
2019_10_24_11_33_49_749 1571934829749 9642 9615 121 60.8252  
2019_10_24_11_33_49_750 1571934829750 9643 9616 553 271.756  
2019_10_24_11_33_49_807 1571934829807 9700 9673 518 254.461  
2019_10_24_11_33_49_842 1571934829842 9735 9707 412 202.304  
2019_10_24_11_33_49_852 1571934829852 9745 9717 449 220.472  
2019_10_24_11_33_49_933 1571934829933 9826 9798 242 119.349  
2019_10_24_11_33_50_027 1571934830027 9920 9892 4095 2209.31  
2019_10_24_11_33_50_053 1571934830053 9946 9918 427 209.664  
2019_10_24_11_33_50_058 1571934830058 9951 9923 281 138.304  
2019_10_24_11_33_50_122 1571934830122 10015 9987 317 155.841  
2019_10_24_11_33_50_191 1571934830191 10084 10056 460 225.881  
2019_10_24_11_33_50_195 1571934830195 10088 10060 287 141.224  
2019_10_24_11_33_50_262 1571934830262 10155 10127 435 213.593  
2019_10_24_11_33_50_340 1571934830340 10233 10205 458 224.897  
2019_10_24_11_33_50_348 1571934830348 10241 10213 334 164.136  
2019_10_24_11_33_50_465 1571934830465 10358 10330 498 244.595  
2019_10_24_11_33_50_486 1571934830486 10379 10351 311 152.916  
2019_10_24_11_33_50_669 1571934830669 10562 10534 142 70.9512  
2019_10_24_11_33_50_681 1571934830681 10574 10546 1314 656.75  
2019_10_24_11_33_50_779 1571934830779 10672 10644 158 78.675  
2019_10_24_11_33_50_882 1571934830882 10775 10746 584 287.104  
2019_10_24_11_33_50_889 1571934830889 10782 10753 241 118.864  
2019_10_24_11_33_50_946 1571934830946 10839 10810 91 46.3822  
2019_10_24_11_33_50_961 1571934830961 10854 10825 166 82.5397  
2019_10_24_11_33_51_012 1571934831012 10905 10876 364 178.795  
2019_10_24_11_33_51_036 1571934831036 10929 10900 196 97.0493  
2019_10_24_11_33_51_085 1571934831085 10978 10949 175 86.8898  
2019_10_24_11_33_51_118 1571934831118 11011 10982 258 127.12  
2019_10_24_11_33_51_146 1571934831146 11039 11010 380 186.624  
2019_10_24_11_33_51_189 1571934831189 11082 11053 618 303.971  
2019_10_24_11_33_51_267 1571934831267 11160 11131 329 161.696  
2019_10_24_11_33_51_273 1571934831273 11166 11137 184 91.2422  
2019_10_24_11_33_51_282 1571934831282 11175 11146 234 115.466  
2019_10_24_11_33_51_546 1571934831546 11439 11410 1921 976.112  
2019_10_24_11_33_51_547 1571934831547 11440 11411 203 100.439  
2019_10_24_11_33_51_548 1571934831548 11441 11412 445 218.506  
2019_10_24_11_33_51_548 1571934831548 11441 11412 142 70.9512  
2019_10_24_11_33_51_548 1571934831548 11441 11411 781 385.305  
2019_10_24_11_33_51_548 1571934831548 11441 11411 91 46.3822  
2019_10_24_11_33_51_548 1571934831548 11441 11411 614 301.985  
2019_10_24_11_33_51_548 1571934831548 11441 11411 138 69.0214  
2019_10_24_11_33_51_559 1571934831559 11452 11422 903 446.696  
2019_10_24_11_33_51_573 1571934831573 11466 11436 286 140.738  
2019_10_24_11_33_51_650 1571934831650 11543 11513 560 275.219  
2019_10_24_11_33_51_691 1571934831691 11584 11554 316 155.354  
2019_10_24_11_33_51_700 1571934831700 11593 11563 295 145.12  
2019_10_24_11_33_51_730 1571934831730 11623 11593 459 225.389  
2019_10_24_11_33_51_756 1571934831756 11649 11619 487 239.173  
2019_10_24_11_33_51_757 1571934831757 11650 11620 884 437.106  
2019_10_24_11_33_51_763 1571934831763 11656 11626 206 101.892  
2019_10_24_11_33_51_793 1571934831793 11686 11656 760 374.783  
2019_10_24_11_33_51_828 1571934831828 11721 11691 377 185.155  
2019_10_24_11_33_51_845 1571934831845 11738 11708 172 85.4395  
2019_10_24_11_33_51_877 1571934831877 11770 11740 458 224.897  
2019_10_24_11_33_51_887 1571934831887 11780 11750 184 91.2422  
2019_10_24_11_33_51_943 1571934831943 11836 11805 88 44.9393  
2019_10_24_11_33_51_978 1571934831978 11871 11840 1427 715.377  
2019_10_24_11_33_51_989 1571934831989 11882 11851 220 108.676  
2019_10_24_11_33_52_092 1571934832092 11985 11954 232 114.496  
2019_10_24_11_33_52_136 1571934832136 12029 11998 290 142.685  
2019_10_24_11_33_52_201 1571934832201 12094 12063 446 218.997  
2019_10_24_11_33_52_222 1571934832222 12115 12084 1910 970.227  
2019_10_24_11_33_52_223 1571934832223 12116 12085 115 57.9345  
2019_10_24_11_33_52_293 1571934832293 12186 12155 142 70.9512  
2019_10_24_11_33_52_302 1571934832302 12195 12164 2313 1188.15  
2019_10_24_11_33_52_317 1571934832317 12210 12179 4095 2209.31  
2019_10_24_11_33_52_322 1571934832322 12215 12184 860 425.008  
2019_10_24_11_33_52_346 1571934832346 12239 12208 290 142.685  
2019_10_24_11_33_52_356 1571934832356 12249 12218 342 168.042  
2019_10_24_11_33_52_390 1571934832390 12283 12252 4095 2209.31  
2019_10_24_11_33_52_396 1571934832396 12289 12258 1474 739.873  
2019_10_24_11_33_52_421 1571934832421 12314 12283 237 116.922  
2019_10_24_11_33_52_427 1571934832427 12320 12288 163 81.0902  
2019_10_24_11_33_52_519 1571934832519 12412 12380 442 217.032  
2019_10_24_11_33_52_551 1571934832551 12444 12412 323 158.768  
2019_10_24_11_33_52_573 1571934832573 12466 12434 317 155.841  
2019_10_24_11_33_52_647 1571934832647 12540 12508 225 111.1  
2019_10_24_11_33_52_688 1571934832688 12581 12549 305 149.991  
2019_10_24_11_33_52_725 1571934832725 12618 12586 2445 1260.57  
2019_10_24_11_33_52_744 1571934832744 12637 12605 177 87.8568  
2019_10_24_11_33_52_745 1571934832745 12638 12606 993 492.266  
2019_10_24_11_33_52_745 1571934832745 12638 12606 252 124.205  
2019_10_24_11_33_52_751 1571934832751 12644 12612 315 154.866  
2019_10_24_11_33_52_754 1571934832754 12647 12615 96 48.7875  
2019_10_24_11_33_52_835 1571934832835 12728 12696 644 316.892  
2019_10_24_11_33_52_840 1571934832840 12733 12701 266 131.008  
2019_10_24_11_33_52_908 1571934832908 12801 12769 461 226.373  
2019_10_24_11_33_52_910 1571934832910 12803 12771 227 112.07  
2019_10_24_11_33_52_955 1571934832955 12848 12816 91 46.3822  
2019_10_24_11_33_53_029 1571934833029 12922 12889 288 141.711  
2019_10_24_11_33_53_072 1571934833072 12965 12932 1353 676.941  
2019_10_24_11_33_53_072 1571934833072 12965 12932 79 40.6124  
2019_10_24_11_33_53_079 1571934833079 12972 12939 541 265.822  
2019_10_24_11_33_53_091 1571934833091 12984 12951 174 86.4063  
2019_10_24_11_33_53_130 1571934833130 13023 12990 212 104.799  
2019_10_24_11_33_53_133 1571934833133 13026 12993 995 493.281  
2019_10_24_11_33_53_138 1571934833138 13031 12998 208 102.861  
2019_10_24_11_33_53_143 1571934833143 13036 13003 147 73.3641  
2019_10_24_11_33_53_145 1571934833145 13038 13005 344 169.019  
2019_10_24_11_33_53_178 1571934833178 13071 13038 271 133.44  
2019_10_24_11_33_53_246 1571934833246 13139 13106 294 144.633  
2019_10_24_11_33_53_250 1571934833250 13143 13110 119 59.8615  
2019_10_24_11_33_53_310 1571934833310 13203 13170 251 123.719  
2019_10_24_11_33_53_324 1571934833324 13217 13184 110 55.5264  
2019_10_24_11_33_53_594 1571934833594 13487 13454 243 119.834  
2019_10_24_11_33_53_594 1571934833594 13487 13454 203 100.439  
2019_10_24_11_33_53_595 1571934833595 13488 13454 1945 988.963  
2019_10_24_11_33_53_596 1571934833596 13489 13455 177 87.8568  
2019_10_24_11_33_53_596 1571934833596 13489 13455 478 234.74  
2019_10_24_11_33_53_596 1571934833596 13489 13455 286 140.738  
2019_10_24_11_33_53_596 1571934833596 13489 13455 1599 805.34  
2019_10_24_11_33_53_596 1571934833596 13489 13455 86 43.9776  
2019_10_24_11_33_53_596 1571934833596 13489 13455 4095 2209.31  
2019_10_24_11_33_53_596 1571934833596 13489 13455 1492 749.272  
2019_10_24_11_33_53_616 1571934833616 13509 13475 270 132.953  
2019_10_24_11_33_53_665 1571934833665 13558 13524 134 67.0921  
2019_10_24_11_33_53_720 1571934833720 13613 13579 100 50.7123  
2019_10_24_11_33_53_749 1571934833749 13642 13608 265 130.522  
2019_10_24_11_33_53_770 1571934833770 13663 13629 257 126.634  
2019_10_24_11_33_53_786 1571934833786 13679 13645 168 83.5062  
2019_10_24_11_33_53_799 1571934833799 13692 13658 828 408.904  
2019_10_24_11_33_53_801 1571934833801 13694 13660 473 232.278  
2019_10_24_11_33_53_884 1571934833884 13777 13743 339 166.577  
2019_10_24_11_33_53_906 1571934833906 13799 13764 271 133.44  
2019_10_24_11_33_53_944 1571934833944 13837 13802 181 89.7911  
2019_10_24_11_33_53_954 1571934833954 13847 13812 660 324.853  
2019_10_24_11_33_54_033 1571934834033 13926 13891 392 192.5  
2019_10_24_11_33_54_057 1571934834057 13950 13915 712 350.78  
2019_10_24_11_33_54_138 1571934834138 14031 13996 716 352.777  
2019_10_24_11_33_54_178 1571934834178 14071 14036 91 46.3822  
2019_10_24_11_33_54_189 1571934834189 14082 14047 86 43.9776  
2019_10_24_11_33_54_248 1571934834248 14141 14106 304 149.504  
2019_10_24_11_33_54_249 1571934834249 14142 14107 147 73.3641  
2019_10_24_11_33_54_270 1571934834270 14163 14128 842 415.946  
2019_10_24_11_33_54_304 1571934834304 14197 14162 380 186.624  
2019_10_24_11_33_54_345 1571934834345 14238 14203 193 95.5971  
2019_10_24_11_33_54_351 1571934834351 14244 14209 230 113.526  
2019_10_24_11_33_54_375 1571934834375 14268 14233 227 112.07  
2019_10_24_11_33_54_444 1571934834444 14337 14302 551 270.767  
2019_10_24_11_33_54_449 1571934834449 14342 14307 223 110.131  
2019_10_24_11_33_54_461 1571934834461 14354 14319 183 90.7585  
2019_10_24_11_33_54_474 1571934834474 14367 14331 461 226.373  
2019_10_24_11_33_54_499 1571934834499 14392 14356 181 89.7911  
2019_10_24_11_33_54_506 1571934834506 14399 14363 218 107.707  
2019_10_24_11_33_54_519 1571934834519 14412 14376 238 117.407  
2019_10_24_11_33_54_535 1571934834535 14428 14392 200 98.9859  
2019_10_24_11_33_54_548 1571934834548 14441 14405 791 390.321  
2019_10_24_11_33_54_593 1571934834593 14486 14450 263 129.55  
2019_10_24_11_33_54_633 1571934834633 14526 14490 686 337.806  
2019_10_24_11_33_54_715 1571934834715 14608 14572 94 47.8253  
2019_10_24_11_33_54_766 1571934834766 14659 14623 435 213.593  
2019_10_24_11_33_54_767 1571934834767 14660 14624 202 99.9544  
2019_10_24_11_33_54_794 1571934834794 14687 14651 325 159.744  
2019_10_24_11_33_54_863 1571934834863 14756 14720 399 195.93  
2019_10_24_11_33_54_889 1571934834889 14782 14746 52 27.646  
2019_10_24_11_33_54_895 1571934834895 14788 14752 435 213.593  
2019_10_24_11_33_54_973 1571934834973 14866 14830 153 76.2605  
2019_10_24_11_33_54_975 1571934834975 14868 14832 243 119.834  
2019_10_24_11_33_54_976 1571934834976 14869 14832 179 88.8239  
2019_10_24_11_33_54_991 1571934834991 14884 14847 219 108.191  
2019_10_24_11_33_55_009 1571934835009 14902 14865 170 84.4728  
2019_10_24_11_33_55_013 1571934835013 14906 14869 505 248.047  
2019_10_24_11_33_55_020 1571934835020 14913 14876 129 64.6812  
2019_10_24_11_33_55_071 1571934835071 14964 14927 1941 986.82  
2019_10_24_11_33_55_073 1571934835073 14966 14929 494 242.623  
2019_10_24_11_33_55_077 1571934835077 14970 14933 2140 1094.01  
2019_10_24_11_33_55_085 1571934835085 14978 14941 180 89.3075  
2019_10_24_11_33_55_094 1571934835094 14987 14950 143 71.4337  
2019_10_24_11_33_55_150 1571934835150 15043 15006 266 131.008  
2019_10_24_11_33_55_195 1571934835195 15088 15051 188 93.1774  
2019_10_24_11_33_55_200 1571934835200 15093 15056 297 146.094  
2019_10_24_11_33_55_210 1571934835210 15103 15066 170 84.4728  
2019_10_24_11_33_55_253 1571934835253 15146 15109 580 285.122  
2019_10_24_11_33_55_273 1571934835273 15166 15129 185 91.726  
2019_10_24_11_33_55_275 1571934835275 15168 15131 336 165.112  
2019_10_24_11_33_55_380 1571934835380 15273 15235 305 149.991  
2019_10_24_11_33_55_641 1571934835641 15534 15496 548 269.283  
2019_10_24_11_33_55_642 1571934835642 15535 15497 218 107.707  
2019_10_24_11_33_55_643 1571934835643 15536 15498 142 70.9512  
2019_10_24_11_33_55_654 1571934835654 15547 15509 521 255.942  
2019_10_24_11_33_55_662 1571934835662 15555 15517 349 171.462  
2019_10_24_11_33_55_675 1571934835675 15568 15530 526 258.411  
2019_10_24_11_33_55_694 1571934835694 15587 15549 610 299.999  
2019_10_24_11_33_55_725 1571934835725 15618 15580 475 233.263  
2019_10_24_11_33_55_728 1571934835728 15621 15583 320 157.305  
2019_10_24_11_33_55_742 1571934835742 15635 15597 243 119.834  
2019_10_24_11_33_55_810 1571934835810 15703 15665 322 158.28  
2019_10_24_11_33_55_815 1571934835815 15708 15670 231 114.011  
2019_10_24_11_33_55_888 1571934835888 15781 15743 245 120.805  
2019_10_24_11_33_55_902 1571934835902 15795 15757 781 385.305  
2019_10_24_11_33_55_914 1571934835914 15807 15769 304 149.504  
2019_10_24_11_33_55_916 1571934835916 15809 15771 4095 2209.31  
2019_10_24_11_33_55_931 1571934835931 15824 15785 290 142.685  
2019_10_24_11_33_55_955 1571934835955 15848 15809 766 377.788  
2019_10_24_11_33_55_971 1571934835971 15864 15825 701 345.288  
2019_10_24_11_33_56_001 1571934836001 15894 15855 360 176.839  
2019_10_24_11_33_56_045 1571934836045 15938 15899 4095 2209.31  
2019_10_24_11_33_56_074 1571934836074 15967 15928 713 351.279  
2019_10_24_11_33_56_127 1571934836127 16020 15981 922 456.296  
2019_10_24_11_33_56_148 1571934836148 16041 16002 391 192.01  
2019_10_24_11_33_56_245 1571934836245 16138 16099 3386 1791.78  
2019_10_24_11_33_56_268 1571934836268 16161 16122 112 56.4895  
2019_10_24_11_33_56_289 1571934836289 16182 16143 378 185.644  
2019_10_24_11_33_56_319 1571934836319 16212 16173 507 249.033  
2019_10_24_11_33_56_324 1571934836324 16217 16178 228 112.555  
2019_10_24_11_33_56_364 1571934836364 16257 16218 103 52.1562  
2019_10_24_11_33_56_412 1571934836412 16305 16266 186 92.2098  
2019_10_24_11_33_56_496 1571934836496 16389 16350 739 364.273  
2019_10_24_11_33_56_532 1571934836532 16425 16386 562 276.209  
2019_10_24_11_33_56_555 1571934836555 16448 16408 263 129.55  
2019_10_24_11_33_56_682 1571934836682 16575 16535 749 369.276  
2019_10_24_11_33_56_708 1571934836708 16601 16561 112 56.4895  
2019_10_24_11_33_56_759 1571934836759 16652 16612 253 124.691  
2019_10_24_11_33_56_804 1571934836804 16697 16657 228 112.555  
2019_10_24_11_33_56_828 1571934836828 16721 16681 232 114.496  
2019_10_24_11_33_56_872 1571934836872 16765 16725 313 153.891  
2019_10_24_11_33_56_873 1571934836873 16766 16726 482 236.71  
2019_10_24_11_33_56_896 1571934836896 16789 16749 2188 1120.04  
2019_10_24_11_33_56_909 1571934836909 16802 16762 108 54.5633  
2019_10_24_11_33_56_934 1571934836934 16827 16787 340 167.066  
2019_10_24_11_33_56_943 1571934836943 16836 16796 86 43.9776  
2019_10_24_11_33_56_948 1571934836948 16841 16801 94 47.8253  
2019_10_24_11_33_56_955 1571934836955 16848 16808 153 76.2605  
2019_10_24_11_33_56_989 1571934836989 16882 16842 262 129.064  
2019_10_24_11_33_57_028 1571934837028 16921 16881 182 90.2748  
2019_10_24_11_33_57_044 1571934837044 16937 16897 89 45.4203  
2019_10_24_11_33_57_074 1571934837074 16967 16927 195 96.5652  
2019_10_24_11_33_57_198 1571934837198 17091 17050 256 126.148  
2019_10_24_11_33_57_220 1571934837220 17113 17072 223 110.131  
2019_10_24_11_33_57_235 1571934837235 17128 17087 200 98.9859  
2019_10_24_11_33_57_320 1571934837320 17213 17172 191 94.6291  
2019_10_24_11_33_57_328 1571934837328 17221 17180 147 73.3641  
2019_10_24_11_33_57_350 1571934837350 17243 17202 877 433.576  
2019_10_24_11_33_57_689 1571934837689 17582 17541 185 91.726  
2019_10_24_11_33_57_690 1571934837690 17583 17542 365 179.284  
2019_10_24_11_33_57_691 1571934837691 17584 17543 282 138.791  
2019_10_24_11_33_57_691 1571934837691 17584 17543 171 84.9561  
2019_10_24_11_33_57_691 1571934837691 17584 17543 248 122.262  
2019_10_24_11_33_57_691 1571934837691 17584 17543 431 211.628  
2019_10_24_11_33_57_692 1571934837692 17585 17544 273 134.412  
2019_10_24_11_33_57_692 1571934837692 17585 17544 268 131.981  
2019_10_24_11_33_57_692 1571934837692 17585 17544 311 152.916  
2019_10_24_11_33_57_717 1571934837717 17610 17569 370 181.73  
2019_10_24_11_33_57_734 1571934837734 17627 17586 140 69.9862  
2019_10_24_11_33_57_739 1571934837739 17632 17590 325 159.744  
2019_10_24_11_33_57_791 1571934837791 17684 17642 70 36.2879  
2019_10_24_11_33_57_834 1571934837834 17727 17685 377 185.155  
2019_10_24_11_33_57_916 1571934837916 17809 17767 495 243.116  
2019_10_24_11_33_57_937 1571934837937 17830 17788 169 83.9894  
2019_10_24_11_33_58_043 1571934838043 17936 17894 106 53.6004  
2019_10_24_11_33_58_134 1571934838134 18027 17985 196 97.0493  
2019_10_24_11_33_58_154 1571934838154 18047 18005 199 98.5017  
2019_10_24_11_33_58_165 1571934838165 18058 18016 345 169.508  
2019_10_24_11_33_58_210 1571934838210 18103 18061 794 391.826  
2019_10_24_11_33_58_229 1571934838229 18122 18080 252 124.205  
2019_10_24_11_33_58_246 1571934838246 18139 18097 298 146.581  
2019_10_24_11_33_58_250 1571934838250 18143 18101 281 138.304  
2019_10_24_11_33_58_253 1571934838253 18146 18104 97 49.2687  
2019_10_24_11_33_58_263 1571934838263 18156 18114 448 219.98  
2019_10_24_11_33_58_306 1571934838306 18199 18157 107 54.0818  
2019_10_24_11_33_58_341 1571934838341 18234 18192 229 113.041  
2019_10_24_11_33_58_351 1571934838351 18244 18201 98 49.7499  
2019_10_24_11_33_58_352 1571934838352 18245 18202 362 177.817  
2019_10_24_11_33_58_389 1571934838389 18282 18239 252 124.205  
2019_10_24_11_33_58_412 1571934838412 18305 18262 150 74.8121  
2019_10_24_11_33_58_428 1571934838428 18321 18278 742 365.774  
2019_10_24_11_33_58_458 1571934838458 18351 18308 165 82.0565  
2019_10_24_11_33_58_464 1571934838464 18357 18314 695 342.295  
2019_10_24_11_33_58_482 1571934838482 18375 18332 246 121.291  
2019_10_24_11_33_58_497 1571934838497 18390 18347 276 135.872  
2019_10_24_11_33_58_538 1571934838538 18431 18388 177 87.8568  
2019_10_24_11_33_58_543 1571934838543 18436 18393 1660 837.456  
2019_10_24_11_33_58_610 1571934838610 18503 18460 114 57.4528  
2019_10_24_11_33_58_735 1571934838735 18628 18585 355 174.394  
2019_10_24_11_33_58_740 1571934838740 18633 18590 503 247.06  
2019_10_24_11_33_58_746 1571934838746 18639 18596 233 114.981  
2019_10_24_11_33_58_827 1571934838827 18720 18677 2819 1468.56  
2019_10_24_11_33_58_874 1571934838874 18767 18724 222 109.646  
2019_10_24_11_33_58_876 1571934838876 18769 18725 129 64.6812  
2019_10_24_11_33_58_886 1571934838886 18779 18735 102 51.6749  
2019_10_24_11_33_58_909 1571934838909 18802 18758 592 291.07  
2019_10_24_11_33_58_931 1571934838931 18824 18780 285 140.251  
2019_10_24_11_33_58_938 1571934838938 18831 18787 104 52.6376  
2019_10_24_11_33_58_955 1571934838955 18848 18804 258 127.12  
2019_10_24_11_33_59_019 1571934839019 18912 18868 88 44.9393  
2019_10_24_11_33_59_029 1571934839029 18922 18878 269 132.467  
2019_10_24_11_33_59_033 1571934839033 18926 18882 311 152.916  
2019_10_24_11_33_59_049 1571934839049 18942 18898 558 274.23  
2019_10_24_11_33_59_073 1571934839073 18966 18922 120 60.3434  
2019_10_24_11_33_59_078 1571934839078 18971 18927 129 64.6812  
2019_10_24_11_33_59_079 1571934839079 18972 18928 484 237.695  
2019_10_24_11_33_59_107 1571934839107 19000 18956 184 91.2422  
2019_10_24_11_33_59_154 1571934839154 19047 19003 164 81.5733  
2019_10_24_11_33_59_298 1571934839298 19191 19147 319 156.817  
2019_10_24_11_33_59_358 1571934839358 19251 19207 198 98.0175  
2019_10_24_11_33_59_370 1571934839370 19263 19218 206 101.892  
2019_10_24_11_33_59_419 1571934839419 19312 19267 169 83.9894  
2019_10_24_11_33_59_460 1571934839460 19353 19308 204 100.923  
2019_10_24_11_33_59_737 1571934839737 19630 19585 209 103.345  
2019_10_24_11_33_59_738 1571934839738 19631 19586 180 89.3075  
2019_10_24_11_33_59_739 1571934839739 19632 19587 2897 1512.46  
2019_10_24_11_33_59_739 1571934839739 19632 19587 365 179.284  
2019_10_24_11_33_59_739 1571934839739 19632 19587 141 70.4687  
2019_10_24_11_33_59_739 1571934839739 19632 19587 229 113.041  
2019_10_24_11_33_59_739 1571934839739 19632 19587 148 73.8467  
2019_10_24_11_33_59_740 1571934839740 19633 19588 202 99.9544  
2019_10_24_11_33_59_810 1571934839810 19703 19658 358 175.861  
2019_10_24_11_33_59_870 1571934839870 19763 19718 246 121.291  
2019_10_24_11_33_59_878 1571934839878 19771 19726 178 88.3403  
2019_10_24_11_33_59_882 1571934839882 19775 19730 203 100.439  
2019_10_24_11_33_59_922 1571934839922 19815 19770 327 160.72  
2019_10_24_11_33_59_951 1571934839951 19844 19799 132 66.1277  
2019_10_24_11_33_59_987 1571934839987 19880 19835 129 64.6812  
2019_10_24_11_34_00_005 1571934840005 19898 19852 355 174.394  
2019_10_24_11_34_00_024 1571934840024 19917 19871 132 66.1277  
2019_10_24_11_34_00_055 1571934840055 19948 19902 390 191.52  
2019_10_24_11_34_00_083 1571934840083 19976 19930 586 288.096  
2019_10_24_11_34_00_090 1571934840090 19983 19937 250 123.234  
2019_10_24_11_34_00_110 1571934840110 20003 19957 1391 696.658  
