2019_09_26_18_56_23_583 /home/raspion_user/data/Beacon_efficiency_57Co_50cm.sp 464639 1800.002 1772.992 2.734449 0.445728  0.0000147857
  2.734449   1.000000
  3.180192   0.000000
  3.625964   0.000000
  4.071766   0.000000
  4.517597   0.000000
  4.963458   0.000000
  5.409349   0.000000
  5.855269   0.000000
  6.301218   0.000000
  6.747198   0.000000
  7.193206   0.000000
  7.639245   0.000000
  8.085313   0.000000
  8.531410   0.000000
  8.977537   0.000000
  9.423694   0.000000
  9.869880   0.000000
 10.316096   0.000000
 10.762341   0.000000
 11.208616   0.000000
 11.654921   1.000000
 12.101255   0.000000
 12.547619   3.000000
 12.994012   4.000000
 13.440435   7.000000
 13.886887   3.000000
 14.333369   9.000000
 14.779881  11.000000
 15.226422  12.000000
 15.672992  13.000000
 16.119593   8.000000
 16.566222  18.000000
 17.012882  23.000000
 17.459571  26.000000
 17.906289  26.000000
 18.353037  31.000000
 18.799815  36.000000
 19.246622  54.000000
 19.693459  54.000000
 20.140326  47.000000
 20.587222  74.000000
 21.034147  85.000000
 21.481102  91.000000
 21.928087  96.000000
 22.375101 110.000000
 22.822145 120.000000
 23.269218 140.000000
 23.716321 120.000000
 24.163454 140.000000
 24.610616 136.000000
 25.057807 138.000000
 25.505029 170.000000
 25.952280 170.000000
 26.399560 166.000000
 26.846870 152.000000
 27.294209 150.000000
 27.741579 162.000000
 28.188977 158.000000
 28.636405 171.000000
 29.083863 185.000000
 29.531351 131.000000
 29.978868 163.000000
 30.426414 144.000000
 30.873990 151.000000
 31.321596 145.000000
 31.769231 135.000000
 32.216896 132.000000
 32.664590 101.000000
 33.112314 107.000000
 33.560068 104.000000
 34.007851 122.000000
 34.455664 113.000000
 34.903506  95.000000
 35.351378 123.000000
 35.799279 117.000000
 36.247210 133.000000
 36.695170 136.000000
 37.143161 116.000000
 37.591180 115.000000
 38.039229 129.000000
 38.487308 127.000000
 38.935417 126.000000
 39.383555 126.000000
 39.831722 137.000000
 40.279919 149.000000
 40.728146 156.000000
 41.176402 132.000000
 41.624688 156.000000
 42.073003 137.000000
 42.521348 150.000000
 42.969723 150.000000
 43.418127 187.000000
 43.866561 153.000000
 44.315024 138.000000
 44.763517 150.000000
 45.212039 153.000000
 45.660591 178.000000
 46.109172 184.000000
 46.557784 186.000000
 47.006424 169.000000
 47.455094 184.000000
 47.903794 210.000000
 48.352524 212.000000
 48.801283 213.000000
 49.250071 218.000000
 49.698889 205.000000
 50.147737 258.000000
 50.596614 229.000000
 51.045521 206.000000
 51.494457 223.000000
 51.943423 240.000000
 52.392419 269.000000
 52.841444 260.000000
 53.290499 253.000000
 53.739583 285.000000
 54.188697 302.000000
 54.637840 280.000000
 55.087013 315.000000
 55.536216 304.000000
 55.985448 322.000000
 56.434709 324.000000
 56.884001 358.000000
 57.333321 375.000000
 57.782672 385.000000
 58.232052 401.000000
 58.681461 399.000000
 59.130900 436.000000
 59.580369 468.000000
 60.029867 482.000000
 60.479395 496.000000
 60.928952 474.000000
 61.378539 561.000000
 61.828156 501.000000
 62.277802 590.000000
 62.727478 617.000000
 63.177183 580.000000
 63.626918 571.000000
 64.076682 625.000000
 64.526476 652.000000
 64.976300 649.000000
 65.426153 646.000000
 65.876035 681.000000
 66.325948 705.000000
 66.775889 738.000000
 67.225861 687.000000
 67.675862 712.000000
 68.125892 718.000000
 68.575952 732.000000
 69.026042 772.000000
 69.476161 722.000000
 69.926310 802.000000
 70.376488 715.000000
 70.826696 700.000000
 71.276934 751.000000
 71.727201 703.000000
 72.177498 784.000000
 72.627824 686.000000
 73.078180 698.000000
 73.528565 690.000000
 73.978980 749.000000
 74.429425 693.000000
 74.879899 698.000000
 75.330402 707.000000
 75.780936 674.000000
 76.231498 703.000000
 76.682091 731.000000
 77.132713 673.000000
 77.583364 758.000000
 78.034045 673.000000
 78.484756 714.000000
 78.935496 691.000000
 79.386266 701.000000
 79.837065 676.000000
 80.287894 691.000000
 80.738753 708.000000
 81.189641 683.000000
 81.640559 687.000000
 82.091506 684.000000
 82.542483 748.000000
 82.993489 752.000000
 83.444525 730.000000
 83.895590 776.000000
 84.346686 854.000000
 84.797810 811.000000
 85.248964 769.000000
 85.700148 849.000000
 86.151362 889.000000
 86.602605 834.000000
 87.053877 834.000000
 87.505179 897.000000
 87.956511 950.000000
 88.407872 994.000000
 88.859263 1013.000000
 89.310683 1009.000000
 89.762133 1047.000000
 90.213613 1027.000000
 90.665122 1088.000000
 91.116661 1056.000000
 91.568229 1063.000000
 92.019827 1190.000000
 92.471454 1095.000000
 92.923111 1243.000000
 93.374797 1227.000000
 93.826514 1245.000000
 94.278259 1281.000000
 94.730034 1246.000000
 95.181839 1292.000000
 95.633674 1336.000000
 96.085538 1235.000000
 96.537431 1320.000000
 96.989354 1337.000000
 97.441307 1314.000000
 97.893289 1304.000000
 98.345301 1353.000000
 98.797342 1376.000000
 99.249413 1378.000000
 99.701514 1338.000000
100.153644 1400.000000
100.605804 1338.000000
101.057993 1380.000000
101.510212 1363.000000
101.962460 1400.000000
102.414738 1306.000000
102.867045 1318.000000
103.319383 1338.000000
103.771749 1476.000000
104.224145 1386.000000
104.676571 1384.000000
105.129027 1375.000000
105.581512 1392.000000
106.034026 1449.000000
106.486570 1509.000000
106.939144 1444.000000
107.391747 1516.000000
107.844380 1542.000000
108.297042 1645.000000
108.749734 1659.000000
109.202456 1662.000000
109.655207 1728.000000
110.107987 1758.000000
110.560798 1842.000000
111.013638 2054.000000
111.466507 2071.000000
111.919406 2265.000000
112.372334 2203.000000
112.825292 2496.000000
113.278280 2644.000000
113.731297 2877.000000
114.184344 2861.000000
114.637421 3256.000000
115.090526 3407.000000
115.543662 3725.000000
115.996827 3722.000000
116.450022 4041.000000
116.903246 4297.000000
117.356500 4478.000000
117.809783 4443.000000
118.263096 4871.000000
118.716439 4970.000000
119.169811 5233.000000
119.623212 5265.000000
120.076644 5483.000000
120.530104 5519.000000
120.983595 5576.000000
121.437115 5554.000000
121.890664 5701.000000
122.344243 5717.000000
122.797852 5719.000000
123.251490 5534.000000
123.705158 5503.000000
124.158855 5416.000000
124.612582 5202.000000
125.066339 4894.000000
125.520125 5009.000000
125.973941 4871.000000
126.427786 4698.000000
126.881661 4511.000000
127.335565 4355.000000
127.789499 4237.000000
128.243463 3950.000000
128.697456 3780.000000
129.151478 3693.000000
129.605531 3572.000000
130.059612 3406.000000
130.513724 3200.000000
130.967865 3048.000000
131.422035 2783.000000
131.876235 2791.000000
132.330465 2562.000000
132.784724 2487.000000
133.239013 2290.000000
133.693331 2307.000000
134.147679 2058.000000
134.602057 2048.000000
135.056464 1822.000000
135.510901 1735.000000
135.965367 1676.000000
136.419863 1657.000000
136.874388 1472.000000
137.328943 1446.000000
137.783527 1372.000000
138.238142 1329.000000
138.692785 1283.000000
139.147458 1179.000000
139.602161 1092.000000
140.056894 1076.000000
140.511656 1009.000000
140.966447 1005.000000
141.421268 945.000000
141.876119 867.000000
142.330999 871.000000
142.785909 856.000000
143.240848 747.000000
143.695817 802.000000
144.150816 712.000000
144.605844 684.000000
145.060902 689.000000
145.515989 637.000000
145.971106 618.000000
146.426252 616.000000
146.881428 598.000000
147.336633 538.000000
147.791868 508.000000
148.247133 501.000000
148.702427 534.000000
149.157751 488.000000
149.613105 441.000000
150.068488 442.000000
150.523900 407.000000
150.979342 398.000000
151.434814 422.000000
151.890315 420.000000
152.345846 359.000000
152.801406 360.000000
153.256996 360.000000
153.712616 347.000000
154.168265 312.000000
154.623943 332.000000
155.079652 362.000000
155.535389 322.000000
155.991157 309.000000
156.446954 319.000000
156.902780 303.000000
157.358636 327.000000
157.814522 274.000000
158.270437 270.000000
158.726382 288.000000
159.182356 280.000000
159.638360 296.000000
160.094394 292.000000
160.550457 290.000000
161.006550 304.000000
161.462672 292.000000
161.918824 285.000000
162.375005 297.000000
162.831216 270.000000
163.287457 288.000000
163.743727 288.000000
164.200026 286.000000
164.656356 257.000000
165.112714 261.000000
165.569103 290.000000
166.025521 282.000000
166.481968 245.000000
166.938445 297.000000
167.394952 264.000000
167.851488 278.000000
168.308054 309.000000
168.764649 265.000000
169.221274 273.000000
169.677929 260.000000
170.134613 276.000000
170.591327 278.000000
171.048070 277.000000
171.504843 275.000000
171.961645 272.000000
172.418477 271.000000
172.875338 293.000000
173.332229 253.000000
173.789150 283.000000
174.246100 271.000000
174.703080 211.000000
175.160090 277.000000
175.617128 251.000000
176.074197 263.000000
176.531295 250.000000
176.988423 252.000000
177.445580 265.000000
177.902767 270.000000
178.359983 255.000000
178.817229 258.000000
179.274505 230.000000
179.731810 261.000000
180.189144 241.000000
180.646509 241.000000
181.103902 241.000000
181.561326 238.000000
182.018779 215.000000
182.476261 231.000000
182.933773 231.000000
183.391315 210.000000
183.848886 226.000000
184.306487 224.000000
184.764117 241.000000
185.221777 230.000000
185.679467 242.000000
186.137186 240.000000
186.594935 236.000000
187.052713 213.000000
187.510521 228.000000
187.968358 233.000000
188.426225 227.000000
188.884121 209.000000
189.342048 222.000000
189.800003 220.000000
190.257988 226.000000
190.716003 214.000000
191.174048 233.000000
191.632122 220.000000
192.090225 232.000000
192.548358 184.000000
193.006521 216.000000
193.464713 226.000000
193.922935 207.000000
194.381186 183.000000
194.839467 193.000000
195.297778 186.000000
195.756118 215.000000
196.214487 195.000000
196.672887 232.000000
197.131315 204.000000
197.589774 188.000000
198.048262 183.000000
198.506779 210.000000
198.965326 171.000000
199.423903 199.000000
199.882509 168.000000
200.341145 166.000000
200.799810 210.000000
201.258505 199.000000
201.717230 182.000000
202.175984 207.000000
202.634768 164.000000
203.093581 185.000000
203.552424 196.000000
204.011296 170.000000
204.470198 180.000000
204.929130 204.000000
205.388091 184.000000
205.847081 174.000000
206.306101 180.000000
206.765151 163.000000
207.224231 169.000000
207.683340 185.000000
208.142478 179.000000
208.601646 183.000000
209.060844 167.000000
209.520071 169.000000
209.979328 187.000000
210.438614 194.000000
210.897930 179.000000
211.357276 158.000000
211.816651 183.000000
212.276055 153.000000
212.735490 167.000000
213.194954 170.000000
213.654447 166.000000
214.113970 179.000000
214.573522 187.000000
215.033104 169.000000
215.492716 165.000000
215.952357 184.000000
216.412028 173.000000
216.871728 165.000000
217.331458 163.000000
217.791218 195.000000
218.251007 160.000000
218.710826 172.000000
219.170674 186.000000
219.630552 166.000000
220.090459 181.000000
220.550396 163.000000
221.010363 166.000000
221.470359 176.000000
221.930384 161.000000
222.390439 172.000000
222.850524 152.000000
223.310639 153.000000
223.770783 146.000000
224.230956 160.000000
224.691159 163.000000
225.151392 171.000000
225.611654 167.000000
226.071946 172.000000
226.532267 178.000000
226.992618 183.000000
227.452999 172.000000
227.913409 152.000000
228.373848 161.000000
228.834318 146.000000
229.294816 153.000000
229.755345 163.000000
230.215903 162.000000
230.676490 156.000000
231.137107 134.000000
231.597754 167.000000
232.058430 161.000000
232.519136 146.000000
232.979871 134.000000
233.440636 142.000000
233.901431 147.000000
234.362255 161.000000
234.823109 155.000000
235.283992 158.000000
235.744905 138.000000
236.205847 143.000000
236.666819 160.000000
237.127821 164.000000
237.588852 151.000000
238.049912 164.000000
238.511002 141.000000
238.972122 138.000000
239.433272 136.000000
239.894451 141.000000
240.355659 148.000000
240.816897 137.000000
241.278165 142.000000
241.739462 125.000000
242.200789 118.000000
242.662145 154.000000
243.123531 147.000000
243.584947 158.000000
244.046392 140.000000
244.507866 147.000000
244.969371 127.000000
245.430904 125.000000
245.892468 127.000000
246.354061 144.000000
246.815683 118.000000
247.277335 152.000000
247.739017 133.000000
248.200728 124.000000
248.662469 125.000000
249.124239 129.000000
249.586039 133.000000
250.047869 126.000000
250.509728 118.000000
250.971617 127.000000
251.433535 115.000000
251.895483 112.000000
252.357460 120.000000
252.819467  89.000000
253.281503 108.000000
253.743570 108.000000
254.205665 102.000000
254.667790 109.000000
255.129945 105.000000
255.592130 126.000000
256.054344 125.000000
256.516587 114.000000
256.978860 106.000000
257.441163 119.000000
257.903495 119.000000
258.365857  95.000000
258.828248  93.000000
259.290669 110.000000
259.753120 126.000000
260.215600 127.000000
260.678109 108.000000
261.140649 124.000000
261.603217 118.000000
262.065816 119.000000
262.528444 112.000000
262.991101 112.000000
263.453788 112.000000
263.916505  90.000000
264.379251 101.000000
264.842027  94.000000
265.304832 109.000000
265.767667  92.000000
266.230532  93.000000
266.693426  97.000000
267.156350 116.000000
267.619303  94.000000
268.082286  98.000000
268.545298  86.000000
269.008340 119.000000
269.471411 105.000000
269.934512  94.000000
270.397643  97.000000
270.860803  89.000000
271.323993 106.000000
271.787212  85.000000
272.250461 102.000000
272.713740  81.000000
273.177048 100.000000
273.640386  93.000000
274.103753  96.000000
274.567150 108.000000
275.030576  98.000000
275.494032  98.000000
275.957518 108.000000
276.421033  96.000000
276.884577 110.000000
277.348151  74.000000
277.811755  87.000000
278.275389 107.000000
278.739052  98.000000
279.202744 101.000000
279.666466 100.000000
280.130218  87.000000
280.593999  96.000000
281.057810  96.000000
281.521650 101.000000
281.985520 105.000000
282.449420  73.000000
282.913349  94.000000
283.377307  85.000000
283.841296  90.000000
284.305313  88.000000
284.769361  85.000000
285.233438 101.000000
285.697544  83.000000
286.161680  96.000000
286.625846  65.000000
287.090041  95.000000
287.554266  90.000000
288.018520 102.000000
288.482804  85.000000
288.947118  70.000000
289.411461  88.000000
289.875834 102.000000
290.340236  72.000000
290.804668  75.000000
291.269129  76.000000
291.733620  68.000000
292.198140  94.000000
292.662690  80.000000
293.127270  70.000000
293.591879  84.000000
294.056518  84.000000
294.521186  91.000000
294.985884  95.000000
295.450612  96.000000
295.915369  82.000000
296.380156  80.000000
296.844972  78.000000
297.309818  82.000000
297.774693  81.000000
298.239598  69.000000
298.704532  65.000000
299.169497  89.000000
299.634490  94.000000
300.099513  75.000000
300.564566  71.000000
301.029649  69.000000
301.494761  69.000000
301.959902  81.000000
302.425073  70.000000
302.890274  83.000000
303.355504  67.000000
303.820764  83.000000
304.286053  71.000000
304.751372  58.000000
305.216721  78.000000
305.682099  56.000000
306.147506  81.000000
306.612944  68.000000
307.078410  79.000000
307.543907  68.000000
308.009433  49.000000
308.474988  75.000000
308.940573  81.000000
309.406188  72.000000
309.871832  71.000000
310.337506  79.000000
310.803209  71.000000
311.268942  71.000000
311.734705  68.000000
312.200497  71.000000
312.666318  71.000000
313.132170  66.000000
313.598050  71.000000
314.063961  66.000000
314.529901  63.000000
314.995870  76.000000
315.461869  80.000000
315.927898  56.000000
316.393956  58.000000
316.860044  72.000000
317.326161  71.000000
317.792308  61.000000
318.258485  77.000000
318.724691  53.000000
319.190927  75.000000
319.657192  79.000000
320.123487  73.000000
320.589811  65.000000
321.056165  59.000000
321.522548  65.000000
321.988961  59.000000
322.455404  71.000000
322.921876  70.000000
323.388378  56.000000
323.854910  66.000000
324.321470  64.000000
324.788061  61.000000
325.254681  67.000000
325.721331  74.000000
326.188010  69.000000
326.654719  71.000000
327.121457  61.000000
327.588225  62.000000
328.055023  64.000000
328.521850  66.000000
328.988706  65.000000
329.455592  67.000000
329.922508  59.000000
330.389454  62.000000
330.856429  47.000000
331.323433  56.000000
331.790467  56.000000
332.257531  57.000000
332.724624  53.000000
333.191747  64.000000
333.658899  59.000000
334.126081  60.000000
334.593293  68.000000
335.060534  60.000000
335.527804  69.000000
335.995105  65.000000
336.462434  70.000000
336.929794  62.000000
337.397183  73.000000
337.864601  77.000000
338.332049  55.000000
338.799527  55.000000
339.267034  56.000000
339.734571  62.000000
340.202137  71.000000
340.669733  71.000000
341.137359  52.000000
341.605014  59.000000
342.072698  50.000000
342.540413  57.000000
343.008156  64.000000
343.475930  55.000000
343.943733  58.000000
344.411565  61.000000
344.879427  57.000000
345.347319  59.000000
345.815240  65.000000
346.283191  51.000000
346.751171  75.000000
347.219181  52.000000
347.687221  63.000000
348.155290  50.000000
348.623389  59.000000
349.091517  62.000000
349.559675  59.000000
350.027862  57.000000
350.496079  61.000000
350.964325  56.000000
351.432601  50.000000
351.900907  48.000000
352.369242  66.000000
352.837607  63.000000
353.306001  55.000000
353.774425  56.000000
354.242879  65.000000
354.711362  53.000000
355.179875  64.000000
355.648417  62.000000
356.116989  48.000000
356.585590  44.000000
357.054221  53.000000
357.522881  41.000000
357.991572  40.000000
358.460291  55.000000
358.929040  58.000000
359.397819  45.000000
359.866628  50.000000
360.335465  60.000000
360.804333  54.000000
361.273230  56.000000
361.742157  55.000000
362.211113  42.000000
362.680099  47.000000
363.149114  36.000000
363.618159  52.000000
364.087234  58.000000
364.556338  60.000000
365.025471  52.000000
365.494634  53.000000
365.963827  57.000000
366.433050  45.000000
366.902302  43.000000
367.371583  54.000000
367.840894  50.000000
368.310235  44.000000
368.779605  42.000000
369.249005  45.000000
369.718434  51.000000
370.187893  59.000000
370.657382  49.000000
371.126900  50.000000
371.596447  57.000000
372.066025  48.000000
372.535631  46.000000
373.005268  43.000000
373.474934  46.000000
373.944629  33.000000
374.414354  47.000000
374.884109  57.000000
375.353893  56.000000
375.823707  44.000000
376.293550  44.000000
376.763423  47.000000
377.233326  38.000000
377.703258  51.000000
378.173219  39.000000
378.643211  45.000000
379.113231  50.000000
379.583282  43.000000
380.053362  42.000000
380.523471  45.000000
380.993610  50.000000
381.463779  40.000000
381.933977  43.000000
382.404205  42.000000
382.874462  45.000000
383.344749  51.000000
383.815066  46.000000
384.285412  46.000000
384.755787  33.000000
385.226193  48.000000
385.696627  29.000000
386.167092  49.000000
386.637586  46.000000
387.108109  44.000000
387.578662  50.000000
388.049245  54.000000
388.519857  45.000000
388.990499  48.000000
389.461170  39.000000
389.931871  46.000000
390.402602  46.000000
390.873362  29.000000
391.344151  41.000000
391.814971  47.000000
392.285819  41.000000
392.756698  42.000000
393.227606  39.000000
393.698543  28.000000
394.169510  39.000000
394.640507  43.000000
395.111533  46.000000
395.582589  39.000000
396.053674  43.000000
396.524789  46.000000
396.995934  37.000000
397.467108  37.000000
397.938312  54.000000
398.409545  45.000000
398.880808  37.000000
399.352100  43.000000
399.823422  48.000000
400.294773  44.000000
400.766154  41.000000
401.237565  46.000000
401.709005  53.000000
402.180475  33.000000
402.651974  43.000000
403.123503  37.000000
403.595062  46.000000
404.066650  40.000000
404.538268  36.000000
405.009915  51.000000
405.481592  34.000000
405.953298  38.000000
406.425034  35.000000
406.896799  43.000000
407.368594  45.000000
407.840419  44.000000
408.312273  37.000000
408.784157  45.000000
409.256070  36.000000
409.728013  44.000000
410.199986  53.000000
410.671988  41.000000
411.144020  42.000000
411.616081  31.000000
412.088172  32.000000
412.560292  48.000000
413.032442  45.000000
413.504621  32.000000
413.976830  40.000000
414.449069  47.000000
414.921337  38.000000
415.393635  40.000000
415.865962  30.000000
416.338319  39.000000
416.810706  36.000000
417.283122  42.000000
417.755568  44.000000
418.228043  39.000000
418.700548  32.000000
419.173082  41.000000
419.645646  47.000000
420.118239  38.000000
420.590863  31.000000
421.063515  43.000000
421.536197  35.000000
422.008909  27.000000
422.481651  30.000000
422.954421  31.000000
423.427222  46.000000
423.900052  29.000000
424.372912  40.000000
424.845801  35.000000
425.318720  30.000000
425.791668  47.000000
426.264646  44.000000
426.737653  36.000000
427.210691  38.000000
427.683757  37.000000
428.156853  42.000000
428.629979  41.000000
429.103135  43.000000
429.576319  38.000000
430.049534  40.000000
430.522778  44.000000
430.996052  42.000000
431.469355  48.000000
431.942688  31.000000
432.416050  27.000000
432.889442  32.000000
433.362863  40.000000
433.836315  38.000000
434.309795  21.000000
434.783305  30.000000
435.256845  28.000000
435.730415  29.000000
436.204013  34.000000
436.677642  35.000000
437.151300  36.000000
437.624988  29.000000
438.098705  41.000000
438.572452  48.000000
439.046228  37.000000
439.520034  33.000000
439.993869  36.000000
440.467735  28.000000
440.941629  29.000000
441.415553  36.000000
441.889507  34.000000
442.363491  38.000000
442.837503  38.000000
443.311546  26.000000
443.785618  48.000000
444.259720  37.000000
444.733851  24.000000
445.208012  36.000000
445.682202  31.000000
446.156422  38.000000
446.630671  41.000000
447.104951  33.000000
447.579259  25.000000
448.053597  26.000000
448.527965  32.000000
449.002363  48.000000
449.476789  37.000000
449.951246  29.000000
450.425732  45.000000
450.900248  32.000000
451.374793  32.000000
451.849368  33.000000
452.323972  39.000000
452.798606  36.000000
453.273269  34.000000
453.747963  36.000000
454.222685  35.000000
454.697437  37.000000
455.172219  38.000000
455.647031  35.000000
456.121871  38.000000
456.596742  45.000000
457.071642  40.000000
457.546572  40.000000
458.021531  32.000000
458.496520  29.000000
458.971538  39.000000
459.446586  45.000000
459.921663  35.000000
460.396771  40.000000
460.871907  37.000000
461.347073  46.000000
461.822269  45.000000
462.297495  45.000000
462.772749  39.000000
463.248034  28.000000
463.723348  46.000000
464.198692  39.000000
464.674065  44.000000
465.149468  43.000000
465.624900  40.000000
466.100362  40.000000
466.575853  52.000000
467.051375  25.000000
467.526925  44.000000
468.002505  44.000000
468.478115  45.000000
468.953755  45.000000
469.429423  54.000000
469.905122  42.000000
470.380850  44.000000
470.856608  48.000000
471.332395  47.000000
471.808212  39.000000
472.284058  45.000000
472.759934  47.000000
473.235839  48.000000
473.711775  41.000000
474.187739  51.000000
474.663733  42.000000
475.139757  54.000000
475.615811  51.000000
476.091893  51.000000
476.568006  49.000000
477.044148  59.000000
477.520320  53.000000
477.996521  50.000000
478.472752  47.000000
478.949012  46.000000
479.425302  50.000000
479.901621  53.000000
480.377971  50.000000
480.854349  53.000000
481.330757  49.000000
481.807195  50.000000
482.283663  53.000000
482.760159  43.000000
483.236686  52.000000
483.713242  49.000000
484.189828  52.000000
484.666443  57.000000
485.143088  54.000000
485.619762  53.000000
486.096466  42.000000
486.573199  55.000000
487.049962  52.000000
487.526755  47.000000
488.003577  52.000000
488.480429  54.000000
488.957310  57.000000
489.434221  59.000000
489.911162  47.000000
490.388132  46.000000
490.865132  56.000000
491.342161  51.000000
491.819220  49.000000
492.296308  37.000000
492.773426  48.000000
493.250573  37.000000
493.727750  43.000000
494.204957  45.000000
494.682193  38.000000
495.159459  38.000000
495.636754  48.000000
496.114079  40.000000
496.591434  37.000000
497.068818  49.000000
497.546232  33.000000
498.023675  35.000000
498.501148  37.000000
498.978650  29.000000
499.456182  44.000000
499.933743  42.000000
500.411334  48.000000
500.888955  31.000000
501.366605  35.000000
501.844285  49.000000
502.321994  44.000000
502.799733  38.000000
503.277502  35.000000
503.755300  30.000000
504.233128  36.000000
504.710985  38.000000
505.188872  24.000000
505.666788  39.000000
506.144734  30.000000
506.622709  33.000000
507.100714  29.000000
507.578749  41.000000
508.056813  25.000000
508.534907  29.000000
509.013030  29.000000
509.491183  28.000000
509.969366  29.000000
510.447578  20.000000
510.925819  24.000000
511.404091  17.000000
511.882391  28.000000
512.360722  19.000000
512.839082  24.000000
513.317471  25.000000
513.795890  25.000000
514.274339  31.000000
514.752817  30.000000
515.231325  28.000000
515.709862  26.000000
516.188429  27.000000
516.667026  11.000000
517.145652  21.000000
517.624307  17.000000
518.102993  27.000000
518.581707  17.000000
519.060452  24.000000
519.539226  24.000000
520.018029  27.000000
520.496862  19.000000
520.975725  10.000000
521.454617  24.000000
521.933539  17.000000
522.412490  26.000000
522.891471  16.000000
523.370482  17.000000
523.849522  23.000000
524.328591  23.000000
524.807691  26.000000
525.286819  17.000000
525.765978  26.000000
526.245166  27.000000
526.724383  25.000000
527.203630  26.000000
527.682907  23.000000
528.162213  10.000000
528.641549  16.000000
529.120914  20.000000
529.600309  11.000000
530.079734  21.000000
530.559188  21.000000
531.038671  23.000000
531.518185  18.000000
531.997727  19.000000
532.477300  15.000000
532.956902  30.000000
533.436533  19.000000
533.916194  28.000000
534.395885  16.000000
534.875605  23.000000
535.355355  19.000000
535.835134  17.000000
536.314943  21.000000
536.794782  23.000000
537.274650  24.000000
537.754547  20.000000
538.234474  18.000000
538.714431  19.000000
539.194418  23.000000
539.674434  18.000000
540.154479  12.000000
540.634554  18.000000
541.114659  24.000000
541.594793  22.000000
542.074957  23.000000
542.555150  15.000000
543.035373  14.000000
543.515625  16.000000
543.995908  22.000000
544.476219  30.000000
544.956560  23.000000
545.436931  15.000000
545.917332  12.000000
546.397761  21.000000
546.878221  18.000000
547.358710  12.000000
547.839229  12.000000
548.319777  26.000000
548.800355  28.000000
549.280962  15.000000
549.761599  22.000000
550.242265  24.000000
550.722961  15.000000
551.203687  25.000000
551.684442  13.000000
552.165227  13.000000
552.646041  30.000000
553.126885  13.000000
553.607759  13.000000
554.088662  18.000000
554.569595  19.000000
555.050557  23.000000
555.531549  14.000000
556.012570  21.000000
556.493621  24.000000
556.974701  14.000000
557.455811  16.000000
557.936951  26.000000
558.418120  27.000000
558.899319  21.000000
559.380547  15.000000
559.861805  29.000000
560.343093  25.000000
560.824410  16.000000
561.305756  11.000000
561.787133  29.000000
562.268538  17.000000
562.749974  14.000000
563.231439  11.000000
563.712933  18.000000
564.194457  11.000000
564.676011  28.000000
565.157594  27.000000
565.639207  18.000000
566.120849  34.000000
566.602521  19.000000
567.084223  26.000000
567.565954  25.000000
568.047714  14.000000
568.529505  25.000000
569.011324  24.000000
569.493174  25.000000
569.975053  30.000000
570.456961  18.000000
570.938899  20.000000
571.420867  19.000000
571.902864  17.000000
572.384891  16.000000
572.866947  21.000000
573.349033  28.000000
573.831149  15.000000
574.313294  19.000000
574.795468  19.000000
575.277672  22.000000
575.759906  18.000000
576.242170  20.000000
576.724463  17.000000
577.206785  20.000000
577.689137  16.000000
578.171519  25.000000
578.653930  19.000000
579.136371  25.000000
579.618841  20.000000
580.101341  24.000000
580.583870  26.000000
581.066430  24.000000
581.549018  15.000000
582.031636  23.000000
582.514284  26.000000
582.996961  18.000000
583.479668  24.000000
583.962405  24.000000
584.445171  23.000000
584.927967  26.000000
585.410792  26.000000
585.893647  24.000000
586.376531  22.000000
586.859445  12.000000
587.342388  22.000000
587.825361  20.000000
588.308364  22.000000
588.791396  18.000000
589.274458  30.000000
589.757549  25.000000
590.240670  26.000000
590.723821  21.000000
591.207001  19.000000
591.690210  25.000000
592.173450  19.000000
592.656718  33.000000
593.140017  27.000000
593.623345  19.000000
594.106702  26.000000
594.590089  28.000000
595.073506  27.000000
595.556952  23.000000
596.040428  32.000000
596.523933  15.000000
597.007468  13.000000
597.491033  23.000000
597.974627  26.000000
598.458250  25.000000
598.941904  24.000000
599.425586  28.000000
599.909299  25.000000
600.393041  32.000000
600.876812  27.000000
601.360613  22.000000
601.844444  30.000000
602.328304  28.000000
602.812194  25.000000
603.296113  31.000000
603.780062  20.000000
604.264041  25.000000
604.748049  34.000000
605.232086  29.000000
605.716153  30.000000
606.200250  26.000000
606.684377  25.000000
607.168532  34.000000
607.652718  32.000000
608.136933  27.000000
608.621178  43.000000
609.105452  30.000000
609.589756  34.000000
610.074089  32.000000
610.558452  24.000000
611.042844  26.000000
611.527266  34.000000
612.011718  38.000000
612.496199  36.000000
612.980710  40.000000
613.465250  31.000000
613.949820  31.000000
614.434420  32.000000
614.919049  23.000000
615.403708  33.000000
615.888396  28.000000
616.373114  39.000000
616.857861  29.000000
617.342638  38.000000
617.827444  50.000000
618.312280  38.000000
618.797146  33.000000
619.282041  43.000000
619.766966  28.000000
620.251920  44.000000
620.736904  48.000000
621.221918  36.000000
621.706961  34.000000
622.192033  36.000000
622.677136  44.000000
623.162267  37.000000
623.647429  37.000000
624.132620  44.000000
624.617840  42.000000
625.103090  37.000000
625.588370  38.000000
626.073679  39.000000
626.559018  33.000000
627.044386  20.000000
627.529784  27.000000
628.015212  45.000000
628.500669  43.000000
628.986155  28.000000
629.471671  33.000000
629.957217  33.000000
630.442793  40.000000
630.928397  37.000000
631.414032  34.000000
631.899696  42.000000
632.385390  31.000000
632.871113  37.000000
633.356866  41.000000
633.842648  42.000000
634.328460  29.000000
634.814301  28.000000
635.300172  32.000000
635.786073  35.000000
636.272003  25.000000
636.757963  38.000000
637.243952  26.000000
637.729971  35.000000
638.216020  23.000000
638.702098  33.000000
639.188206  34.000000
639.674343  29.000000
640.160509  26.000000
640.646706  26.000000
641.132932  23.000000
641.619187  21.000000
642.105472  27.000000
642.591787  26.000000
643.078131  25.000000
643.564505  26.000000
644.050908  17.000000
644.537341  28.000000
645.023804  19.000000
645.510296  18.000000
645.996817  16.000000
646.483369  19.000000
646.969949  25.000000
647.456560  26.000000
647.943200  20.000000
648.429869  18.000000
648.916568  13.000000
649.403297  26.000000
649.890055  17.000000
650.376843  16.000000
650.863660  11.000000
651.350507  18.000000
651.837384  19.000000
652.324290  22.000000
652.811225  12.000000
653.298190  22.000000
653.785185  23.000000
654.272210  19.000000
654.759263  16.000000
655.246347  15.000000
655.733460  16.000000
656.220603  15.000000
656.707775   6.000000
657.194977  19.000000
657.682208  20.000000
658.169469  15.000000
658.656759  17.000000
659.144079   6.000000
659.631429  12.000000
660.118808  12.000000
660.606217   7.000000
661.093655  13.000000
661.581123  12.000000
662.068621  15.000000
662.556148  14.000000
663.043704  13.000000
663.531291  15.000000
664.018906   8.000000
664.506552  16.000000
664.994227  10.000000
665.481931   7.000000
665.969665   9.000000
666.457429  13.000000
666.945222  10.000000
667.433045  16.000000
667.920897  17.000000
668.408779  11.000000
668.896691  12.000000
669.384632  11.000000
669.872602  17.000000
670.360602  11.000000
670.848632  12.000000
671.336692   7.000000
671.824780  12.000000
672.312899   8.000000
672.801047   5.000000
673.289225   7.000000
673.777432   8.000000
674.265669  16.000000
674.753935   6.000000
675.242231  10.000000
675.730556  13.000000
676.218911   9.000000
676.707296  14.000000
677.195710   8.000000
677.684154  12.000000
678.172627   7.000000
678.661130   6.000000
679.149663  16.000000
679.638225  10.000000
680.126816   9.000000
680.615438  14.000000
681.104088  12.000000
681.592769  10.000000
682.081479  12.000000
682.570218   7.000000
683.058987   8.000000
683.547786   8.000000
684.036614   7.000000
684.525472   9.000000
685.014359  13.000000
685.503276   7.000000
685.992223  12.000000
686.481199   8.000000
686.970204   6.000000
687.459239  10.000000
687.948304   5.000000
688.437399   7.000000
688.926523   6.000000
689.415676   9.000000
689.904859   9.000000
690.394072   7.000000
690.883314   9.000000
691.372586   7.000000
691.861887   7.000000
692.351218  11.000000
692.840578   2.000000
693.329968   8.000000
693.819388   9.000000
694.308837  12.000000
694.798316   3.000000
695.287824   8.000000
695.777362  16.000000
696.266930   6.000000
696.756527   9.000000
697.246153   8.000000
697.735810   8.000000
698.225495   5.000000
698.715211   8.000000
699.204956   5.000000
699.694730  10.000000
700.184534   5.000000
700.674368   5.000000
701.164231  10.000000
701.654124   6.000000
702.144046   8.000000
702.633998   9.000000
703.123980   9.000000
703.613991  15.000000
704.104031   6.000000
704.594101   6.000000
705.084201  11.000000
705.574331  13.000000
706.064490  10.000000
706.554678   4.000000
707.044896   7.000000
707.535144  13.000000
708.025421  10.000000
708.515728  11.000000
709.006064   4.000000
709.496430  15.000000
709.986825   6.000000
710.477250   6.000000
710.967705   7.000000
711.458189  15.000000
711.948703   6.000000
712.439246   6.000000
712.929819  10.000000
713.420422  12.000000
713.911054  17.000000
714.401715  10.000000
714.892407   8.000000
715.383127  12.000000
715.873878  12.000000
716.364658   8.000000
716.855467   6.000000
717.346306   8.000000
717.837175   7.000000
718.328073   9.000000
718.819001   7.000000
719.309958   5.000000
719.800945   9.000000
720.291962  10.000000
720.783008   4.000000
721.274083  11.000000
721.765188  11.000000
722.256323  13.000000
722.747488  15.000000
723.238681  10.000000
723.729905   7.000000
724.221158   8.000000
724.712441   5.000000
725.203753  18.000000
725.695095   6.000000
726.186466   9.000000
726.677867  10.000000
727.169297   5.000000
727.660757   6.000000
728.152247   7.000000
728.643766   3.000000
729.135315   4.000000
729.626893  20.000000
730.118501   7.000000
730.610139   4.000000
731.101806   8.000000
731.593502  10.000000
732.085229   8.000000
732.576984   7.000000
733.068770   8.000000
733.560585  11.000000
734.052429  10.000000
734.544303   5.000000
735.036207   3.000000
735.528140   7.000000
736.020103  12.000000
736.512095   8.000000
737.004117  10.000000
737.496168   7.000000
737.988250   8.000000
738.480360   5.000000
738.972500   8.000000
739.464670  10.000000
739.956869   7.000000
740.449098  10.000000
740.941357   8.000000
741.433645  14.000000
741.925963   9.000000
742.418310  10.000000
742.910687   7.000000
743.403093   7.000000
743.895529  10.000000
744.387994  17.000000
744.880489   7.000000
745.373014   5.000000
745.865568  10.000000
746.358152   9.000000
746.850765   7.000000
747.343408   8.000000
747.836081  14.000000
748.328783   8.000000
748.821514   4.000000
749.314275   6.000000
749.807066   5.000000
750.299887   9.000000
750.792737  10.000000
751.285616   5.000000
751.778525   7.000000
752.271464   9.000000
752.764432   7.000000
753.257430  11.000000
753.750457   6.000000
754.243514   8.000000
754.736600   7.000000
755.229716  12.000000
755.722862   8.000000
756.216037   7.000000
756.709242   5.000000
757.202476   5.000000
757.695740   4.000000
758.189034  11.000000
758.682357   9.000000
759.175709   9.000000
759.669092  10.000000
760.162503   2.000000
760.655945   7.000000
761.149416   5.000000
761.642916   7.000000
762.136446  12.000000
762.630006   9.000000
763.123595   6.000000
763.617214   9.000000
764.110862   8.000000
764.604540   7.000000
765.098247   9.000000
765.591985   5.000000
766.085751   8.000000
766.579547   5.000000
767.073373   6.000000
767.567228  10.000000
768.061113  10.000000
768.555028   7.000000
769.048972   8.000000
769.542946   4.000000
770.036949   7.000000
770.530981   4.000000
771.025044   5.000000
771.519136  10.000000
772.013257   9.000000
772.507408  10.000000
773.001589   8.000000
773.495799  12.000000
773.990039   9.000000
774.484308   8.000000
774.978607   8.000000
775.472936   7.000000
775.967294  13.000000
776.461681  10.000000
776.956098   4.000000
777.450545   6.000000
777.945022  10.000000
778.439527   8.000000
778.934063   9.000000
779.428628   6.000000
779.923223   6.000000
780.417847  11.000000
780.912501   4.000000
781.407184  13.000000
781.901897   4.000000
782.396639   6.000000
782.891411   5.000000
783.386213   8.000000
783.881044   6.000000
784.375905   8.000000
784.870795  12.000000
785.365715  10.000000
785.860665   8.000000
786.355644   5.000000
786.850652   4.000000
787.345691   7.000000
787.840758   9.000000
788.335856  10.000000
788.830983   7.000000
789.326139   6.000000
789.821325   9.000000
790.316541   3.000000
790.811786   6.000000
791.307061   9.000000
791.802365   7.000000
792.297699   5.000000
792.793062   8.000000
793.288455  11.000000
793.783878   8.000000
794.279330   8.000000
794.774812   8.000000
795.270323   5.000000
795.765864   4.000000
796.261435   9.000000
796.757035   5.000000
797.252664   2.000000
797.748324   6.000000
798.244012   4.000000
798.739731   6.000000
799.235479   5.000000
799.731256  15.000000
800.227063  10.000000
800.722900   6.000000
801.218766   7.000000
801.714662   8.000000
802.210587   7.000000
802.706542   3.000000
803.202526   5.000000
803.698541   6.000000
804.194584   8.000000
804.690657  13.000000
805.186760   4.000000
805.682892   8.000000
806.179054   9.000000
806.675246   9.000000
807.171467   7.000000
807.667717   4.000000
808.163998  10.000000
808.660307   6.000000
809.156647   9.000000
809.653016   3.000000
810.149414  10.000000
810.645842   6.000000
811.142300   8.000000
811.638787   4.000000
812.135304   8.000000
812.631850   9.000000
813.128426   7.000000
813.625032   3.000000
814.121667   9.000000
814.618331  12.000000
815.115025   6.000000
815.611749   8.000000
816.108502   6.000000
816.605285   7.000000
817.102098  10.000000
817.598940   6.000000
818.095812   9.000000
818.592713   8.000000
819.089644   8.000000
819.586604   4.000000
820.083594   7.000000
820.580613   4.000000
821.077662   7.000000
821.574741   6.000000
822.071849   9.000000
822.568987  11.000000
823.066154  13.000000
823.563351   5.000000
824.060578   6.000000
824.557834   6.000000
825.055119   4.000000
825.552434   5.000000
826.049779   5.000000
826.547154   7.000000
827.044557   7.000000
827.541991   8.000000
828.039454   9.000000
828.536947  11.000000
829.034469   3.000000
829.532021   9.000000
830.029602  13.000000
830.527213   9.000000
831.024853   8.000000
831.522523   8.000000
832.020223   8.000000
832.517952   4.000000
833.015711   7.000000
833.513499   8.000000
834.011317   4.000000
834.509165   7.000000
835.007042   4.000000
835.504948   5.000000
836.002884   9.000000
836.500850   9.000000
836.998846   3.000000
837.496870   9.000000
837.994925   6.000000
838.493009  11.000000
838.991123   7.000000
839.489266   4.000000
839.987439   8.000000
840.485641   8.000000
840.983873  11.000000
841.482134   9.000000
841.980425  15.000000
842.478746  15.000000
842.977096   7.000000
843.475476   7.000000
843.973885   5.000000
844.472324   6.000000
844.970793  10.000000
845.469291   4.000000
845.967818  11.000000
846.466375   6.000000
846.964962   4.000000
847.463579   9.000000
847.962224   3.000000
848.460900   7.000000
848.959605   4.000000
849.458340   7.000000
849.957104   6.000000
850.455898   6.000000
850.954721   5.000000
851.453574   4.000000
851.952456   5.000000
852.451368   5.000000
852.950310   6.000000
853.449281   7.000000
853.948282   9.000000
854.447312   6.000000
854.946372   7.000000
855.445462   3.000000
855.944581  11.000000
856.443729   9.000000
856.942907   5.000000
857.442115  11.000000
857.941353   8.000000
858.440619  11.000000
858.939916   4.000000
859.439242   8.000000
859.938598   8.000000
860.437983   6.000000
860.937398  11.000000
861.436842   9.000000
861.936316   8.000000
862.435819   3.000000
862.935352  13.000000
863.434915   6.000000
863.934507   4.000000
864.434129   5.000000
864.933780   3.000000
865.433461  11.000000
865.933172   2.000000
866.432912   6.000000
866.932681   8.000000
867.432480  11.000000
867.932309   8.000000
868.432168   7.000000
868.932055  11.000000
869.431973   8.000000
869.931920   8.000000
870.431897   9.000000
870.931903   7.000000
871.431939   5.000000
871.932004  10.000000
872.432099  12.000000
872.932223  10.000000
873.432377   5.000000
873.932561   7.000000
874.432774  10.000000
874.933017   6.000000
875.433289   8.000000
875.933591   5.000000
876.433923   6.000000
876.934284   3.000000
877.434674   8.000000
877.935094   8.000000
878.435544  10.000000
878.936024   7.000000
879.436532   7.000000
879.937071   8.000000
880.437639   9.000000
880.938237   5.000000
881.438864   5.000000
881.939521  14.000000
882.440207   5.000000
882.940923   3.000000
883.441668   4.000000
883.942443  10.000000
884.443248   3.000000
884.944082   7.000000
885.444946   7.000000
885.945839   7.000000
886.446762   8.000000
886.947715   8.000000
887.448697  10.000000
887.949708   5.000000
888.450749   7.000000
888.951820   7.000000
889.452921   3.000000
889.954050   3.000000
890.455210   3.000000
890.956399   3.000000
891.457618   2.000000
891.958866   8.000000
892.460144   7.000000
892.961451   4.000000
893.462788   7.000000
893.964154   7.000000
894.465550   1.000000
894.966976   5.000000
895.468431   8.000000
895.969916   5.000000
896.471430   8.000000
896.972974   8.000000
897.474548   6.000000
897.976151   7.000000
898.477783  10.000000
898.979445   5.000000
899.481137   7.000000
899.982858   6.000000
900.484609   5.000000
900.986390  11.000000
901.488200   9.000000
901.990040   4.000000
902.491909  11.000000
902.993807   4.000000
903.495736   7.000000
903.997694   5.000000
904.499681   7.000000
905.001698   3.000000
905.503745   9.000000
906.005821   9.000000
906.507927   7.000000
907.010062   4.000000
907.512227   6.000000
908.014421  12.000000
908.516646   8.000000
909.018899  10.000000
909.521182   9.000000
910.023495   4.000000
910.525837   6.000000
911.028209   8.000000
911.530611   5.000000
912.033042   6.000000
912.535502  10.000000
913.037993   5.000000
913.540512   6.000000
914.043062  11.000000
914.545641   9.000000
915.048249   4.000000
915.550887   6.000000
916.053555   9.000000
916.556252   7.000000
917.058979   6.000000
917.561735   4.000000
918.064521   8.000000
918.567336   6.000000
919.070181   5.000000
919.573056   8.000000
920.075960   2.000000
920.578894   3.000000
921.081857  12.000000
921.584850   8.000000
922.087873   5.000000
922.590925   9.000000
923.094006   3.000000
923.597118  10.000000
924.100258   3.000000
924.603429   5.000000
925.106629   2.000000
925.609858   4.000000
926.113117   8.000000
926.616406   3.000000
927.119724   6.000000
927.623072   4.000000
928.126449   5.000000
928.629856   3.000000
929.133292   6.000000
929.636758   6.000000
930.140254   6.000000
930.643779   6.000000
931.147334   4.000000
931.650918   4.000000
932.154532  10.000000
932.658176  10.000000
933.161849  11.000000
933.665551   4.000000
934.169283   4.000000
934.673045   9.000000
935.176837   7.000000
935.680657   4.000000
936.184508   6.000000
936.688388   4.000000
937.192298   6.000000
937.696237   2.000000
938.200206   3.000000
938.704204   3.000000
939.208232   9.000000
939.712289   4.000000
940.216376   5.000000
940.720493   6.000000
941.224639   4.000000
941.728815   5.000000
942.233020   7.000000
942.737255   7.000000
943.241520   8.000000
943.745814   4.000000
944.250137   2.000000
944.754490   3.000000
945.258873   9.000000
945.763285   5.000000
946.267727   3.000000
946.772199   7.000000
947.276700   7.000000
947.781231   2.000000
948.285791   7.000000
948.790380   4.000000
949.295000   6.000000
949.799649   7.000000
950.304327   5.000000
950.809035   1.000000
951.313773   4.000000
951.818540   4.000000
952.323337   8.000000
952.828163   8.000000
953.333019  11.000000
953.837904   8.000000
954.342819   4.000000
954.847764   9.000000
955.352738  10.000000
955.857742   4.000000
956.362775  10.000000
956.867838   9.000000
957.372931   6.000000
957.878053   4.000000
958.383204   7.000000
958.888386   6.000000
959.393596   6.000000
959.898837   7.000000
960.404107   8.000000
960.909406   9.000000
961.414735   4.000000
961.920094   7.000000
962.425482   6.000000
962.930900   7.000000
963.436347   9.000000
963.941824   6.000000
964.447330   9.000000
964.952866   1.000000
965.458432   5.000000
965.964027   0.000000
966.469652   8.000000
966.975306   7.000000
967.480990   4.000000
967.986704   6.000000
968.492447   1.000000
968.998219   8.000000
969.504021   2.000000
970.009853   4.000000
970.515715   3.000000
971.021605   6.000000
971.527526   3.000000
972.033476   9.000000
972.539456   8.000000
973.045465   9.000000
973.551503   2.000000
974.057572   8.000000
974.563670   2.000000
975.069797   4.000000
975.575954   2.000000
976.082141   4.000000
976.588357   5.000000
977.094603   8.000000
977.600878  10.000000
978.107183   4.000000
978.613517   9.000000
979.119882   7.000000
979.626275   2.000000
980.132698   5.000000
980.639151   6.000000
981.145633   4.000000
981.652145   4.000000
982.158687   1.000000
982.665258   8.000000
983.171858   7.000000
983.678489   2.000000
984.185148   3.000000
984.691838   1.000000
985.198557   5.000000
985.705305   6.000000
986.212083   6.000000
986.718891   4.000000
987.225728   1.000000
987.732595   4.000000
988.239491   4.000000
988.746417   4.000000
989.253372   3.000000
989.760357   1.000000
990.267372   6.000000
990.774416   9.000000
991.281490   3.000000
991.788593   7.000000
992.295726   5.000000
992.802889   6.000000
993.310081   5.000000
993.817302   8.000000
994.324553   7.000000
994.831834   8.000000
995.339145   6.000000
995.846484   4.000000
996.353854   2.000000
996.861253   2.000000
997.368682   3.000000
997.876140   7.000000
998.383627   5.000000
998.891145   7.000000
999.398692   3.000000
999.906268   3.000000
1000.413874   3.000000
1000.921510   8.000000
1001.429175   3.000000
1001.936870   6.000000
1002.444594   4.000000
1002.952348   6.000000
1003.460131   4.000000
1003.967944   7.000000
1004.475787   5.000000
1004.983659   6.000000
1005.491561   5.000000
1005.999492   6.000000
1006.507453   5.000000
1007.015444   6.000000
1007.523464   6.000000
1008.031513   4.000000
1008.539593   3.000000
1009.047701   1.000000
1009.555840   4.000000
1010.064008   5.000000
1010.572205   2.000000
1011.080432   5.000000
1011.588689   4.000000
1012.096975   4.000000
1012.605291   5.000000
1013.113636   6.000000
1013.622011   3.000000
1014.130415   5.000000
1014.638849   2.000000
1015.147313   7.000000
1015.655806   3.000000
1016.164329   4.000000
1016.672881   1.000000
1017.181463   3.000000
1017.690075   7.000000
1018.198716   5.000000
1018.707386   8.000000
1019.216086   2.000000
1019.724816   4.000000
1020.233575   6.000000
1020.742364   5.000000
1021.251183   3.000000
1021.760031   3.000000
1022.268908   4.000000
1022.777816   5.000000
1023.286752   3.000000
1023.795719   5.000000
1024.304715   2.000000
1024.813740   2.000000
1025.322795   6.000000
1025.831880   7.000000
1026.340994   6.000000
1026.850138   2.000000
1027.359311   8.000000
1027.868514   2.000000
1028.377746   5.000000
1028.887008   7.000000
1029.396300   4.000000
1029.905621   5.000000
1030.414972   3.000000
1030.924352   5.000000
1031.433762   5.000000
1031.943202   8.000000
1032.452671   3.000000
1032.962169   7.000000
1033.471697   4.000000
1033.981255   4.000000
1034.490842   2.000000
1035.000459   2.000000
1035.510106   2.000000
1036.019782   8.000000
1036.529487   4.000000
1037.039223   7.000000
1037.548987   5.000000
1038.058782   4.000000
1038.568606   4.000000
1039.078459   6.000000
1039.588342   5.000000
1040.098255   4.000000
1040.608197   1.000000
1041.118169   3.000000
1041.628170   2.000000
1042.138201   1.000000
1042.648261   1.000000
1043.158351   2.000000
1043.668471   4.000000
1044.178620   3.000000
1044.688799   1.000000
1045.199007   1.000000
1045.709245   7.000000
1046.219513   2.000000
1046.729810   5.000000
1047.240136   5.000000
1047.750492   9.000000
1048.260878   8.000000
1048.771294   9.000000
1049.281738   7.000000
1049.792213   4.000000
1050.302717   6.000000
1050.813251   1.000000
1051.323814   2.000000
1051.834406   4.000000
1052.345029   0.000000
1052.855681   7.000000
1053.366362   7.000000
1053.877073   6.000000
1054.387814   5.000000
1054.898584   7.000000
1055.409384   7.000000
1055.920213   2.000000
1056.431072   1.000000
1056.941960   9.000000
1057.452878   3.000000
1057.963826   0.000000
1058.474803   2.000000
1058.985810   6.000000
1059.496846   2.000000
1060.007912   3.000000
1060.519008   7.000000
1061.030133   4.000000
1061.541287   1.000000
1062.052471   7.000000
1062.563685   5.000000
1063.074929   4.000000
1063.586201   8.000000
1064.097504   5.000000
1064.608836   7.000000
1065.120198   5.000000
1065.631589   6.000000
1066.143009   3.000000
1066.654460   7.000000
1067.165940   4.000000
1067.677449   1.000000
1068.188988   5.000000
1068.700557   3.000000
1069.212155   7.000000
1069.723783   4.000000
1070.235440   5.000000
1070.747127   3.000000
1071.258843   5.000000
1071.770589   3.000000
1072.282365   2.000000
1072.794170   3.000000
1073.306005   5.000000
1073.817869   3.000000
1074.329763   2.000000
1074.841687   3.000000
1075.353640   4.000000
1075.865622   6.000000
1076.377634   2.000000
1076.889676   7.000000
1077.401748   6.000000
1077.913848   5.000000
1078.425979   6.000000
1078.938139   3.000000
1079.450329   1.000000
1079.962548   3.000000
1080.474796   7.000000
1080.987075   4.000000
1081.499383   7.000000
1082.011720   5.000000
1082.524087   2.000000
1083.036484   4.000000
1083.548910   7.000000
1084.061366   0.000000
1084.573851   2.000000
1085.086366   6.000000
1085.598910   4.000000
1086.111484   1.000000
1086.624088   3.000000
1087.136721   7.000000
1087.649384   6.000000
1088.162076   3.000000
1088.674798   2.000000
1089.187550   6.000000
1089.700331   3.000000
1090.213141   1.000000
1090.725981   4.000000
1091.238851   5.000000
1091.751751   4.000000
1092.264679   4.000000
1092.777638   5.000000
1093.290626   4.000000
1093.803644   3.000000
1094.316691   6.000000
1094.829767   3.000000
1095.342874   5.000000
1095.856010   2.000000
1096.369175   4.000000
1096.882370   5.000000
1097.395595   0.000000
1097.908849   2.000000
1098.422133   5.000000
1098.935446   7.000000
1099.448789   4.000000
1099.962161   6.000000
1100.475563   4.000000
1100.988995   5.000000
1101.502456   5.000000
1102.015947   5.000000
1102.529467   1.000000
1103.043017   4.000000
1103.556597   3.000000
1104.070206   7.000000
1104.583844   2.000000
1105.097512   5.000000
1105.611210   3.000000
1106.124937   2.000000
1106.638694   5.000000
1107.152481   3.000000
1107.666297   2.000000
1108.180142   3.000000
1108.694018   6.000000
1109.207922   4.000000
1109.721857   5.000000
1110.235821   1.000000
1110.749814   2.000000
1111.263837   2.000000
1111.777890   3.000000
1112.291972   2.000000
1112.806084   2.000000
1113.320225   1.000000
1113.834396   3.000000
1114.348596   4.000000
1114.862826   4.000000
1115.377086   5.000000
1115.891375   5.000000
1116.405694   2.000000
1116.920042   3.000000
1117.434420   2.000000
1117.948828   5.000000
1118.463265   6.000000
1118.977731   4.000000
1119.492227   4.000000
1120.006753   4.000000
1120.521308   1.000000
1121.035893   5.000000
1121.550508   4.000000
1122.065152   3.000000
1122.579825   4.000000
1123.094529   1.000000
1123.609261   7.000000
1124.124024   5.000000
1124.638816   3.000000
1125.153637   3.000000
1125.668488   2.000000
1126.183369   7.000000
1126.698279   1.000000
1127.213219   1.000000
1127.728188   4.000000
1128.243187   1.000000
1128.758215   5.000000
1129.273273   4.000000
1129.788361   3.000000
1130.303478   3.000000
1130.818625   2.000000
1131.333801   5.000000
1131.849007   3.000000
1132.364242   5.000000
1132.879507   5.000000
1133.394802   4.000000
1133.910126   4.000000
1134.425480   6.000000
1134.940863   2.000000
1135.456276   2.000000
1135.971719   3.000000
1136.487191   6.000000
1137.002692   3.000000
1137.518223   5.000000
1138.033784   2.000000
1138.549375   4.000000
1139.064994   5.000000
1139.580644   3.000000
1140.096323   3.000000
1140.612032   5.000000
1141.127770   3.000000
1141.643537   3.000000
1142.159335   3.000000
1142.675162  11.000000
1143.191018   4.000000
1143.706904   3.000000
1144.222820   4.000000
1144.738765   5.000000
1145.254740   6.000000
1145.770744   1.000000
1146.286778   7.000000
1146.802841   5.000000
1147.318934   4.000000
1147.835057   8.000000
1148.351209   9.000000
1148.867391   7.000000
1149.383602   2.000000
1149.899843   5.000000
1150.416114   4.000000
1150.932414   3.000000
1151.448743   0.000000
1151.965102   4.000000
1152.481491   5.000000
1152.997909   3.000000
1153.514357   4.000000
1154.030835   1.000000
1154.547342   3.000000
1155.063878   6.000000
1155.580445   4.000000
1156.097040   5.000000
1156.613666   6.000000
1157.130321   8.000000
1157.647005   9.000000
1158.163719   3.000000
1158.680463   5.000000
1159.197236   5.000000
1159.714039   3.000000
1160.230871   7.000000
1160.747733   5.000000
1161.264624   4.000000
1161.781545   4.000000
1162.298496   9.000000
1162.815476   7.000000
1163.332486   5.000000
1163.849525   5.000000
1164.366594   3.000000
1164.883692   5.000000
1165.400820   4.000000
1165.917978   3.000000
1166.435165   4.000000
1166.952382   7.000000
1167.469628   7.000000
1167.986904   6.000000
1168.504210   6.000000
1169.021545   4.000000
1169.538909   8.000000
1170.056303   7.000000
1170.573727  10.000000
1171.091180   9.000000
1171.608663  12.000000
1172.126176   4.000000
1172.643718   7.000000
1173.161289   9.000000
1173.678891   8.000000
1174.196521   5.000000
1174.714182   7.000000
1175.231872  10.000000
1175.749591   6.000000
1176.267340   6.000000
1176.785119   9.000000
1177.302927   4.000000
1177.820765   5.000000
1178.338632   7.000000
1178.856529   5.000000
1179.374455  10.000000
1179.892411   9.000000
1180.410397   9.000000
1180.928412   5.000000
1181.446457   3.000000
1181.964531   9.000000
1182.482635   7.000000
1183.000768  11.000000
1183.518931   9.000000
1184.037124  10.000000
1184.555346  10.000000
1185.073598  10.000000
1185.591879   9.000000
1186.110190  11.000000
1186.628531   9.000000
1187.146901   7.000000
1187.665300   7.000000
1188.183729  12.000000
1188.702188   8.000000
1189.220676   9.000000
1189.739194   8.000000
1190.257742   9.000000
1190.776319   9.000000
1191.294925   9.000000
1191.813562   4.000000
1192.332227   7.000000
1192.850923  13.000000
1193.369648   9.000000
1193.888402  12.000000
1194.407186   5.000000
1194.926000   8.000000
1195.444843   9.000000
1195.963716  14.000000
1196.482618   6.000000
1197.001550   7.000000
1197.520511   9.000000
1198.039502   7.000000
1198.558523  10.000000
1199.077573  14.000000
1199.596653   6.000000
1200.115762   8.000000
1200.634901   9.000000
1201.154069   4.000000
1201.673267   7.000000
1202.192495   9.000000
1202.711752   7.000000
1203.231039  11.000000
1203.750355   5.000000
1204.269701  11.000000
1204.789077   8.000000
1205.308482   5.000000
1205.827916   8.000000
1206.347380   8.000000
1206.866874   5.000000
1207.386397  11.000000
1207.905950  22.000000
1208.425533   6.000000
1208.945145   8.000000
1209.464786   7.000000
1209.984458   9.000000
1210.504158  10.000000
1211.023889  11.000000
1211.543649   9.000000
1212.063438   7.000000
1212.583257  12.000000
1213.103106   9.000000
1213.622984   8.000000
1214.142892   6.000000
1214.662829   9.000000
1215.182796   9.000000
1215.702792   3.000000
1216.222818   8.000000
1216.742874   3.000000
1217.262959   6.000000
1217.783074   5.000000
1218.303218   4.000000
1218.823392   7.000000
1219.343595   5.000000
1219.863828   9.000000
1220.384091   2.000000
1220.904383   8.000000
1221.424705   5.000000
1221.945056   6.000000
1222.465437   6.000000
1222.985848   5.000000
1223.506288   6.000000
1224.026757   5.000000
1224.547256   5.000000
1225.067785   4.000000
1225.588343   5.000000
1226.108931   2.000000
1226.629549   2.000000
1227.150196   5.000000
1227.670872   6.000000
1228.191579   9.000000
1228.712314   4.000000
1229.233080   1.000000
1229.753875   3.000000
1230.274699   2.000000
1230.795553   5.000000
1231.316437   3.000000
1231.837350   5.000000
1232.358293   6.000000
1232.879265   2.000000
1233.400267   4.000000
1233.921298   3.000000
1234.442359   8.000000
1234.963450   5.000000
1235.484570   4.000000
1236.005720   4.000000
1236.526899   3.000000
1237.048108   5.000000
1237.569346   2.000000
1238.090614   2.000000
1238.611912   1.000000
1239.133239   5.000000
1239.654596   2.000000
1240.175982   4.000000
1240.697398   2.000000
1241.218844   3.000000
1241.740319   0.000000
1242.261823   1.000000
1242.783357   4.000000
1243.304921   4.000000
1243.826514   1.000000
1244.348137   2.000000
1244.869790   2.000000
1245.391472   2.000000
1245.913183   1.000000
1246.434925   3.000000
1246.956695   2.000000
1247.478496   1.000000
1248.000325   4.000000
1248.522185   2.000000
1249.044074   3.000000
1249.565993   1.000000
1250.087941   3.000000
1250.609918   1.000000
1251.131926   1.000000
1251.653963   1.000000
1252.176029   0.000000
1252.698125   3.000000
1253.220251   2.000000
1253.742406   1.000000
1254.264591   1.000000
1254.786805   2.000000
1255.309049   4.000000
1255.831322   3.000000
1256.353625   1.000000
1256.875958   3.000000
1257.398320   3.000000
1257.920712   0.000000
1258.443133   4.000000
1258.965584   3.000000
1259.488064   2.000000
1260.010574   2.000000
1260.533114   1.000000
1261.055683   3.000000
1261.578282   2.000000
1262.100910   4.000000
1262.623568   1.000000
1263.146256   2.000000
1263.668973   1.000000
1264.191719   2.000000
1264.714495   2.000000
1265.237301   1.000000
1265.760136   2.000000
1266.283001   1.000000
1266.805896   0.000000
1267.328820   7.000000
1267.851773   4.000000
1268.374757   0.000000
1268.897769   3.000000
1269.420812   3.000000
1269.943883   3.000000
1270.466985   4.000000
1270.990116   1.000000
1271.513277   0.000000
1272.036467   1.000000
1272.559686   3.000000
1273.082936   3.000000
1273.606215   0.000000
1274.129523   4.000000
1274.652861   2.000000
1275.176229   1.000000
1275.699626   2.000000
1276.223053   2.000000
1276.746509   1.000000
1277.269995   2.000000
1277.793510   2.000000
1278.317055   0.000000
1278.840630   1.000000
1279.364234   1.000000
1279.887868   1.000000
1280.411531   2.000000
1280.935224   3.000000
1281.458946   1.000000
1281.982698   0.000000
1282.506480   3.000000
1283.030291   2.000000
1283.554132   1.000000
1284.078002   0.000000
1284.601902   3.000000
1285.125832   0.000000
1285.649791   3.000000
1286.173779   2.000000
1286.697797   0.000000
1287.221845   3.000000
1287.745922   1.000000
1288.270029   1.000000
1288.794166   4.000000
1289.318332   5.000000
1289.842527   2.000000
1290.366753   2.000000
1290.891007   2.000000
1291.415292   2.000000
1291.939606   1.000000
1292.463949   3.000000
1292.988322   2.000000
1293.512725   1.000000
1294.037157   1.000000
1294.561618   0.000000
1295.086110   1.000000
1295.610631   1.000000
1296.135181   3.000000
1296.659761   2.000000
1297.184371   0.000000
1297.709010   0.000000
1298.233679   0.000000
1298.758377   1.000000
1299.283105   2.000000
1299.807862   4.000000
1300.332649   2.000000
1300.857466   5.000000
1301.382312   0.000000
1301.907188   3.000000
1302.432093   2.000000
1302.957028   4.000000
1303.481992   3.000000
1304.006986   2.000000
1304.532010   2.000000
1305.057063   2.000000
1305.582146   1.000000
1306.107258   2.000000
1306.632400   3.000000
1307.157572   0.000000
1307.682773   4.000000
1308.208003   1.000000
1308.733263   5.000000
1309.258553   3.000000
1309.783872   0.000000
1310.309221   1.000000
1310.834600   0.000000
1311.360008   3.000000
1311.885445   0.000000
1312.410913   1.000000
1312.936409   2.000000
1313.461936   6.000000
1313.987491   3.000000
1314.513077   4.000000
1315.038692   4.000000
1315.564337   2.000000
1316.090011   3.000000
1316.615714   2.000000
1317.141448   0.000000
1317.667211   1.000000
1318.193003   4.000000
1318.718825   2.000000
1319.244677   2.000000
1319.770558   0.000000
1320.296469   1.000000
1320.822409   2.000000
1321.348379   2.000000
1321.874378   2.000000
1322.400407   4.000000
1322.926466   2.000000
1323.452554   7.000000
1323.978672   4.000000
1324.504819   4.000000
1325.030996   3.000000
1325.557202   5.000000
1326.083438   5.000000
1326.609704   3.000000
1327.135999   2.000000
1327.662324   2.000000
1328.188678   4.000000
1328.715062   2.000000
1329.241476   5.000000
1329.767919   6.000000
1330.294391   4.000000
1330.820893   5.000000
1331.347425   1.000000
1331.873986   2.000000
1332.400577   1.000000
1332.927198   3.000000
1333.453848   4.000000
1333.980527   3.000000
1334.507236   3.000000
1335.033975   5.000000
1335.560743   4.000000
1336.087541   3.000000
1336.614369   4.000000
1337.141226   1.000000
1337.668112   2.000000
1338.195029   3.000000
1338.721974   2.000000
1339.248950   1.000000
1339.775955   5.000000
1340.302989   3.000000
1340.830053   6.000000
1341.357147   1.000000
1341.884270   6.000000
1342.411422   2.000000
1342.938605   2.000000
1343.465817   7.000000
1343.993058   6.000000
1344.520329   4.000000
1345.047630   6.000000
1345.574960   1.000000
1346.102320   2.000000
1346.629709   6.000000
1347.157128   1.000000
1347.684576   4.000000
1348.212054   6.000000
1348.739562   6.000000
1349.267099   7.000000
1349.794666   5.000000
1350.322262   2.000000
1350.849888   9.000000
1351.377543   3.000000
1351.905228   6.000000
1352.432943   6.000000
1352.960687   3.000000
1353.488461   4.000000
1354.016264   4.000000
1354.544097   2.000000
1355.071960   5.000000
1355.599852   9.000000
1356.127773   6.000000
1356.655724   3.000000
1357.183705   6.000000
1357.711715   6.000000
1358.239755   9.000000
1358.767825   5.000000
1359.295924   5.000000
1359.824052   3.000000
1360.352210   8.000000
1360.880398   9.000000
1361.408615   4.000000
1361.936862   7.000000
1362.465139   3.000000
1362.993445   7.000000
1363.521780   5.000000
1364.050146   6.000000
1364.578540   8.000000
1365.106965   5.000000
1365.635418   3.000000
1366.163902   8.000000
1366.692415   7.000000
1367.220958   1.000000
1367.749530   6.000000
1368.278131   9.000000
1368.806763  11.000000
1369.335424   2.000000
1369.864114   1.000000
1370.392834   4.000000
1370.921584   2.000000
1371.450363   7.000000
1371.979172   6.000000
1372.508010   8.000000
1373.036878   6.000000
1373.565775   6.000000
1374.094702   4.000000
1374.623659   2.000000
1375.152645   9.000000
1375.681661   6.000000
1376.210706   4.000000
1376.739781   3.000000
1377.268885   6.000000
1377.798019   7.000000
1378.327183   4.000000
1378.856376   4.000000
1379.385599   3.000000
1379.914851   5.000000
1380.444133   2.000000
1380.973444   7.000000
1381.502785   4.000000
1382.032156   8.000000
1382.561556   8.000000
1383.090986   4.000000
1383.620445   5.000000
1384.149934   6.000000
1384.679453   2.000000
1385.209001   5.000000
1385.738578   4.000000
1386.268185   3.000000
1386.797822   7.000000
1387.327488   2.000000
1387.857184   6.000000
1388.386910   6.000000
1388.916665   8.000000
1389.446449   6.000000
1389.976263   5.000000
1390.506107   3.000000
1391.035981   4.000000
1391.565883   3.000000
1392.095816   3.000000
1392.625778   5.000000
1393.155769   6.000000
1393.685791   5.000000
1394.215841   1.000000
1394.745922   8.000000
1395.276032   5.000000
1395.806171   5.000000
1396.336340   1.000000
1396.866539   3.000000
1397.396767   4.000000
1397.927024   3.000000
1398.457312   3.000000
1398.987629   3.000000
1399.517975   4.000000
1400.048351   5.000000
1400.578757   3.000000
1401.109192   4.000000
1401.639657   3.000000
1402.170151   5.000000
1402.700675   2.000000
1403.231228   1.000000
1403.761811   2.000000
1404.292424   7.000000
1404.823066   2.000000
1405.353738   4.000000
1405.884439   5.000000
1406.415170   4.000000
1406.945930   4.000000
1407.476720   4.000000
1408.007540   2.000000
1408.538389   4.000000
1409.069268   5.000000
1409.600176   6.000000
1410.131114   1.000000
1410.662081   0.000000
1411.193078   3.000000
1411.724105   2.000000
1412.255161   2.000000
1412.786247   2.000000
1413.317362   3.000000
1413.848507   5.000000
1414.379682   2.000000
1414.910886   1.000000
1415.442119   3.000000
1415.973382   4.000000
1416.504675   5.000000
1417.035997   1.000000
1417.567349   0.000000
1418.098731   1.000000
1418.630142   2.000000
1419.161582   3.000000
1419.693052   2.000000
1420.224552   2.000000
1420.756081   6.000000
1421.287640   1.000000
1421.819229   2.000000
1422.350847   3.000000
1422.882494   2.000000
1423.414172   2.000000
1423.945878   0.000000
1424.477615   0.000000
1425.009380   0.000000
1425.541176   1.000000
1426.073001   4.000000
1426.604856   1.000000
1427.136740   1.000000
1427.668653   0.000000
1428.200597   0.000000
1428.732570   1.000000
1429.264572   3.000000
1429.796604   1.000000
1430.328666   0.000000
1430.860757   2.000000
1431.392878   0.000000
1431.925028   0.000000
1432.457208   2.000000
1432.989417   1.000000
1433.521656   0.000000
1434.053925   0.000000
1434.586223   1.000000
1435.118551   1.000000
1435.650908   1.000000
1436.183295   2.000000
1436.715711   2.000000
1437.248157   1.000000
1437.780633   0.000000
1438.313138   0.000000
1438.845673   1.000000
1439.378237   0.000000
1439.910831   0.000000
1440.443454   3.000000
1440.976107   3.000000
1441.508790   1.000000
1442.041502   1.000000
1442.574244   2.000000
1443.107015   1.000000
1443.639816   1.000000
1444.172646   1.000000
1444.705506   0.000000
1445.238396   3.000000
1445.771315   0.000000
1446.304264   1.000000
1446.837242   0.000000
1447.370250   0.000000
1447.903288   1.000000
1448.436355   1.000000
1448.969451   0.000000
1449.502577   1.000000
1450.035733   2.000000
1450.568918   1.000000
1451.102133   2.000000
1451.635378   2.000000
1452.168652   0.000000
1452.701955   1.000000
1453.235288   1.000000
1453.768651   1.000000
1454.302043   0.000000
1454.835465   0.000000
1455.368917   2.000000
1455.902398   1.000000
1456.435908   0.000000
1456.969449   1.000000
1457.503018   0.000000
1458.036618   0.000000
1458.570246   1.000000
1459.103905   0.000000
1459.637593   2.000000
1460.171310   0.000000
1460.705058   1.000000
1461.238834   1.000000
1461.772641   1.000000
1462.306477   1.000000
1462.840342   0.000000
1463.374237   0.000000
1463.908162   1.000000
1464.442116   1.000000
1464.976099   3.000000
1465.510113   1.000000
1466.044156   1.000000
1466.578228   1.000000
1467.112330   1.000000
1467.646462   4.000000
1468.180623   0.000000
1468.714814   0.000000
1469.249034   0.000000
1469.783284   0.000000
1470.317563   1.000000
1470.851872   2.000000
1471.386211   3.000000
1471.920579   0.000000
1472.454977   0.000000
1472.989404   1.000000
1473.523861   3.000000
1474.058347   0.000000
1474.592863   0.000000
1475.127409   0.000000
1475.661984   1.000000
1476.196589   1.000000
1476.731223   1.000000
1477.265887   2.000000
1477.800580   0.000000
1478.335303   2.000000
1478.870056   3.000000
1479.404838   0.000000
1479.939650   0.000000
1480.474491   1.000000
1481.009362   0.000000
1481.544262   2.000000
1482.079192   0.000000
1482.614152   0.000000
1483.149141   0.000000
1483.684160   2.000000
1484.219208   1.000000
1484.754286   0.000000
1485.289394   1.000000
1485.824531   2.000000
1486.359697   0.000000
1486.894893   0.000000
1487.430119   1.000000
1487.965374   1.000000
1488.500659   1.000000
1489.035974   2.000000
1489.571318   1.000000
1490.106691   1.000000
1490.642094   1.000000
1491.177527   1.000000
1491.712989   2.000000
1492.248481   2.000000
1492.784003   0.000000
1493.319554   1.000000
1493.855134   2.000000
1494.390744   0.000000
1494.926384   0.000000
1495.462053   0.000000
1495.997752   2.000000
1496.533481   0.000000
1497.069239   3.000000
1497.605026   1.000000
1498.140844   1.000000
1498.676690   1.000000
1499.212567   0.000000
1499.748472   2.000000
1500.284408   0.000000
1500.820373   1.000000
1501.356367   0.000000
1501.892392   0.000000
1502.428445   0.000000
1502.964529   0.000000
1503.500642   2.000000
1504.036784   2.000000
1504.572956   0.000000
1505.109158   0.000000
1505.645389   0.000000
1506.181649   2.000000
1506.717940   0.000000
1507.254260   0.000000
1507.790609   1.000000
1508.326988   0.000000
1508.863397   1.000000
1509.399835   0.000000
1509.936303   0.000000
1510.472800   0.000000
1511.009327   1.000000
1511.545883   1.000000
1512.082469   0.000000
1512.619085   1.000000
1513.155730   1.000000
1513.692405   2.000000
1514.229109   1.000000
1514.765843   1.000000
1515.302606   0.000000
1515.839399   1.000000
1516.376222   0.000000
1516.913074   1.000000
1517.449956   1.000000
1517.986867   0.000000
1518.523808   2.000000
1519.060778   1.000000
1519.597778   1.000000
1520.134808   1.000000
1520.671867   0.000000
1521.208956   1.000000
1521.746074   2.000000
1522.283222   1.000000
1522.820399   3.000000
1523.357606   1.000000
1523.894843   1.000000
1524.432109   1.000000
1524.969405   3.000000
1525.506730   1.000000
1526.044085   0.000000
1526.581469   0.000000
1527.118883   0.000000
1527.656327   2.000000
1528.193800   0.000000
1528.731303   1.000000
1529.268835   0.000000
1529.806397   1.000000
1530.343989   0.000000
1530.881610   2.000000
1531.419260   1.000000
1531.956940   0.000000
1532.494650   0.000000
1533.032389   0.000000
1533.570158   0.000000
1534.107957   1.000000
1534.645785   1.000000
1535.183642   2.000000
1535.721529   0.000000
1536.259446   2.000000
1536.797392   1.000000
1537.335368   1.000000
1537.873374   0.000000
1538.411409   0.000000
1538.949473   0.000000
1539.487567   1.000000
1540.025691   0.000000
1540.563844   0.000000
1541.102027   1.000000
1541.640240   1.000000
1542.178482   0.000000
1542.716753   0.000000
1543.255054   0.000000
1543.793385   0.000000
1544.331746   1.000000
1544.870135   1.000000
1545.408555   0.000000
1545.947004   2.000000
1546.485482   0.000000
1547.023991   1.000000
1547.562528   0.000000
1548.101096   1.000000
1548.639692   1.000000
1549.178319   0.000000
1549.716975   1.000000
1550.255660   0.000000
1550.794376   1.000000
1551.333120   0.000000
1551.871895   1.000000
1552.410699   0.000000
1552.949532   1.000000
1553.488395   1.000000
1554.027288   0.000000
1554.566210   0.000000
1555.105161   0.000000
1555.644143   1.000000
1556.183154   0.000000
1556.722194   1.000000
1557.261264   1.000000
1557.800364   0.000000
1558.339493   2.000000
1558.878651   1.000000
1559.417840   0.000000
1559.957058   1.000000
1560.496305   2.000000
1561.035582   1.000000
1561.574889   1.000000
1562.114225   0.000000
1562.653591   1.000000
1563.192986   1.000000
1563.732411   0.000000
1564.271865   1.000000
1564.811349   2.000000
1565.350863   0.000000
1565.890406   1.000000
1566.429979   1.000000
1566.969581   1.000000
1567.509213   1.000000
1568.048874   0.000000
1568.588565   0.000000
1569.128286   0.000000
1569.668036   3.000000
1570.207816   0.000000
1570.747625   0.000000
1571.287464   1.000000
1571.827332   1.000000
1572.367230   1.000000
1572.907158   2.000000
1573.447115   0.000000
1573.987102   0.000000
1574.527118   1.000000
1575.067164   0.000000
1575.607239   0.000000
1576.147344   0.000000
1576.687479   0.000000
1577.227643   1.000000
1577.767837   2.000000
1578.308060   0.000000
1578.848313   0.000000
1579.388595   0.000000
1579.928907   0.000000
1580.469249   0.000000
1581.009620   2.000000
1581.550021   0.000000
1582.090451   4.000000
1582.630911   0.000000
1583.171400   0.000000
1583.711919   1.000000
1584.252468   1.000000
1584.793046   0.000000
1585.333654   4.000000
1585.874291   1.000000
1586.414958   1.000000
1586.955654   1.000000
1587.496380   1.000000
1588.037136   1.000000
1588.577921   0.000000
1589.118736   0.000000
1589.659580   0.000000
1590.200454   0.000000
1590.741358   1.000000
1591.282291   0.000000
1591.823253   0.000000
1592.364245   0.000000
1592.905267   1.000000
1593.446318   0.000000
1593.987399   0.000000
1594.528510   0.000000
1595.069650   2.000000
1595.610819   0.000000
1596.152018   1.000000
1596.693247   0.000000
1597.234505   1.000000
1597.775793   1.000000
1598.317111   0.000000
1598.858458   1.000000
1599.399834   0.000000
1599.941240   0.000000
1600.482676   0.000000
1601.024141   2.000000
1601.565636   1.000000
1602.107161   0.000000
1602.648715   3.000000
1603.190298   0.000000
1603.731911   2.000000
1604.273554   1.000000
1604.815226   2.000000
1605.356928   1.000000
1605.898660   0.000000
1606.440421   0.000000
1606.982211   1.000000
1607.524031   1.000000
1608.065881   1.000000
1608.607760   0.000000
1609.149669   1.000000
1609.691608   1.000000
1610.233576   0.000000
1610.775573   1.000000
1611.317600   0.000000
1611.859657   0.000000
1612.401744   0.000000
1612.943859   0.000000
1613.486005   0.000000
1614.028180   1.000000
1614.570384   2.000000
1615.112619   1.000000
1615.654882   0.000000
1616.197176   1.000000
1616.739498   0.000000
1617.281851   1.000000
1617.824233   0.000000
1618.366644   0.000000
1618.909086   0.000000
1619.451556   1.000000
1619.994057   1.000000
1620.536586   1.000000
1621.079146   1.000000
1621.621735   1.000000
1622.164353   0.000000
1622.707002   0.000000
1623.249679   0.000000
1623.792387   2.000000
1624.335123   0.000000
1624.877890   1.000000
1625.420686   1.000000
1625.963512   0.000000
1626.506367   1.000000
1627.049251   3.000000
1627.592166   1.000000
1628.135110   1.000000
1628.678083   1.000000
1629.221086   0.000000
1629.764119   1.000000
1630.307181   1.000000
1630.850272   0.000000
1631.393394   1.000000
1631.936545   0.000000
1632.479725   0.000000
1633.022935   0.000000
1633.566175   0.000000
1634.109444   3.000000
1634.652742   5.000000
1635.196071   0.000000
1635.739429   3.000000
1636.282816   0.000000
1636.826233   0.000000
1637.369680   1.000000
1637.913156   0.000000
1638.456661   3.000000
1639.000197   2.000000
1639.543762   3.000000
1640.087356   0.000000
1640.630980   2.000000
1641.174634   1.000000
1641.718317   1.000000
1642.262030   2.000000
1642.805772   0.000000
1643.349544   0.000000
1643.893345   0.000000
1644.437176   0.000000
1644.981037   0.000000
1645.524927   0.000000
1646.068847   1.000000
1646.612796   2.000000
1647.156775   0.000000
1647.700783   0.000000
1648.244821   1.000000
1648.788889   1.000000
1649.332986   0.000000
1649.877113   1.000000
1650.421269   1.000000
1650.965455   1.000000
1651.509670   0.000000
1652.053915   1.000000
1652.598190   1.000000
1653.142494   1.000000
1653.686828   1.000000
1654.231191   0.000000
1654.775584   2.000000
1655.320006   2.000000
1655.864458   0.000000
1656.408940   0.000000
1656.953451   3.000000
1657.497992   0.000000
1658.042562   1.000000
1658.587162   0.000000
1659.131791   0.000000
1659.676450   0.000000
1660.221139   0.000000
1660.765857   1.000000
1661.310605   1.000000
1661.855382   2.000000
1662.400189   0.000000
1662.945025   1.000000
1663.489891   0.000000
1664.034787   0.000000
1664.579712   0.000000
1665.124667   0.000000
1665.669651   3.000000
1666.214665   1.000000
1666.759708   2.000000
1667.304781   1.000000
1667.849884   0.000000
1668.395016   0.000000
1668.940178   0.000000
1669.485369   1.000000
1670.030590   1.000000
1670.575840   1.000000
1671.121120   0.000000
1671.666430   0.000000
1672.211769   1.000000
1672.757138   2.000000
1673.302536   2.000000
1673.847964   0.000000
1674.393421   0.000000
1674.938908   0.000000
1675.484425   1.000000
1676.029971   1.000000
1676.575547   1.000000
1677.121152   1.000000
1677.666787   0.000000
1678.212451   1.000000
1678.758145   0.000000
1679.303869   2.000000
1679.849622   0.000000
1680.395405   3.000000
1680.941217   0.000000
1681.487059   1.000000
1682.032930   2.000000
1682.578831   0.000000
1683.124762   0.000000
1683.670722   1.000000
1684.216712   2.000000
1684.762731   0.000000
1685.308780   0.000000
1685.854858   1.000000
1686.400966   1.000000
1686.947104   0.000000
1687.493271   2.000000
1688.039468   0.000000
1688.585694   0.000000
1689.131950   1.000000
1689.678235   2.000000
1690.224550   0.000000
1690.770895   1.000000
1691.317269   2.000000
1691.863673   1.000000
1692.410106   0.000000
1692.956569   0.000000
1693.503061   1.000000
1694.049583   2.000000
1694.596135   0.000000
1695.142716   0.000000
1695.689327   1.000000
1696.235967   0.000000
1696.782637   0.000000
1697.329336   3.000000
1697.876065   0.000000
1698.422824   1.000000
1698.969612   1.000000
1699.516430   1.000000
1700.063277   0.000000
1700.610154   0.000000
1701.157060   0.000000
1701.703996   0.000000
1702.250962   0.000000
1702.797957   0.000000
1703.344982   0.000000
1703.892036   2.000000
1704.439120   0.000000
1704.986233   2.000000
1705.533376   0.000000
1706.080549   1.000000
1706.627751   0.000000
1707.174983   1.000000
1707.722244   1.000000
1708.269535   1.000000
1708.816855   0.000000
1709.364205   0.000000
1709.911585   2.000000
1710.458994   0.000000
1711.006433   0.000000
1711.553901   2.000000
1712.101399   0.000000
1712.648926   1.000000
1713.196483   1.000000
1713.744070   1.000000
1714.291686   0.000000
1714.839332   3.000000
1715.387007   0.000000
1715.934712   0.000000
1716.482446   1.000000
1717.030210   0.000000
1717.578004   0.000000
1718.125827   1.000000
1718.673680   1.000000
1719.221562   0.000000
1719.769474   0.000000
1720.317415   0.000000
1720.865386   1.000000
1721.413387   2.000000
1721.961417   0.000000
1722.509477   2.000000
1723.057566   1.000000
1723.605685   0.000000
1724.153833   0.000000
1724.702011   0.000000
1725.250219   1.000000
1725.798456   0.000000
1726.346723   0.000000
1726.895019   1.000000
1727.443345   0.000000
1727.991700   0.000000
1728.540085   0.000000
1729.088500   3.000000
1729.636944   0.000000
1730.185418   0.000000
1730.733921   2.000000
1731.282454   1.000000
1731.831016   0.000000
1732.379608   1.000000
1732.928230   0.000000
1733.476881   1.000000
1734.025562   0.000000
1734.574272   0.000000
1735.123012   1.000000
1735.671781   0.000000
1736.220580   3.000000
1736.769409   2.000000
1737.318267   1.000000
1737.867155   0.000000
1738.416072   0.000000
1738.965019   1.000000
1739.513995   0.000000
1740.063001   1.000000
1740.612037   0.000000
1741.161102   2.000000
1741.710197   1.000000
1742.259321   0.000000
1742.808475   0.000000
1743.357658   1.000000
1743.906871   0.000000
1744.456114   0.000000
1745.005386   1.000000
1745.554688   0.000000
1746.104019   0.000000
1746.653380   1.000000
1747.202770   0.000000
1747.752190   0.000000
1748.301640   0.000000
1748.851119   0.000000
1749.400628   1.000000
1749.950166   0.000000
1750.499734   1.000000
1751.049331   0.000000
1751.598958   0.000000
1752.148615   0.000000
1752.698301   0.000000
1753.248017   0.000000
1753.797762   0.000000
1754.347537   0.000000
1754.897341   0.000000
1755.447175   0.000000
1755.997039   2.000000
1756.546932   0.000000
1757.096855   1.000000
1757.646807   1.000000
1758.196789   1.000000
1758.746800   0.000000
1759.296841   0.000000
1759.846912   0.000000
1760.397012   1.000000
1760.947142   0.000000
1761.497301   0.000000
1762.047490   0.000000
1762.597708   0.000000
1763.147956   1.000000
1763.698234   1.000000
1764.248541   0.000000
1764.798878   1.000000
1765.349244   2.000000
1765.899640   0.000000
1766.450065   1.000000
1767.000520   1.000000
1767.551005   1.000000
1768.101519   0.000000
1768.652063   1.000000
1769.202636   3.000000
1769.753239   0.000000
1770.303871   1.000000
1770.854533   0.000000
1771.405225   1.000000
1771.955946   0.000000
1772.506697   1.000000
1773.057477   0.000000
1773.608287   1.000000
1774.159126   0.000000
1774.709995   0.000000
1775.260894   0.000000
1775.811822   0.000000
1776.362780   0.000000
1776.913767   0.000000
1777.464784   0.000000
1778.015830   0.000000
1778.566906   0.000000
1779.118012   1.000000
1779.669147   0.000000
1780.220312   0.000000
1780.771506   0.000000
1781.322730   1.000000
1781.873983   0.000000
1782.425266   1.000000
1782.976579   0.000000
1783.527921   1.000000
1784.079293   0.000000
1784.630694   0.000000
1785.182125   0.000000
1785.733585   0.000000
1786.285075   0.000000
1786.836595   2.000000
1787.388144   0.000000
1787.939723   0.000000
1788.491331   0.000000
1789.042969   0.000000
1789.594636   0.000000
1790.146333   0.000000
1790.698060   1.000000
1791.249816   0.000000
1791.801602   1.000000
1792.353417   0.000000
1792.905262   0.000000
1793.457136   0.000000
1794.009040   0.000000
1794.560974   0.000000
1795.112937   0.000000
1795.664930   1.000000
1796.216952   0.000000
1796.769004   0.000000
1797.321085   1.000000
1797.873196   0.000000
1798.425337   1.000000
1798.977507   0.000000
1799.529707   0.000000
1800.081936   0.000000
1800.634195   0.000000
1801.186483   0.000000
1801.738801   1.000000
1802.291149   0.000000
1802.843526   2.000000
1803.395933   0.000000
1803.948369   0.000000
1804.500835   0.000000
1805.053330   0.000000
1805.605855   0.000000
1806.158410   0.000000
1806.710994   1.000000
1807.263608   0.000000
1807.816251   1.000000
1808.368924   0.000000
1808.921626   2.000000
1809.474358   0.000000
1810.027120   0.000000
1810.579911   0.000000
1811.132732   0.000000
1811.685582   0.000000
1812.238462   2.000000
1812.791371   1.000000
1813.344310   0.000000
1813.897279   1.000000
1814.450277   2.000000
1815.003305   0.000000
1815.556362   0.000000
1816.109449   0.000000
1816.662565   0.000000
1817.215711   0.000000
1817.768887   0.000000
1818.322092   2.000000
1818.875327   0.000000
1819.428591   0.000000
1819.981885   0.000000
1820.535208   0.000000
1821.088561   0.000000
1821.641944   0.000000
1822.195356   0.000000
1822.748797   0.000000
1823.302269   1.000000
1823.855770   1.000000
1824.409300   0.000000
1824.962860   0.000000
1825.516450   1.000000
1826.070069   0.000000
1826.623717   1.000000
1827.177396   0.000000
1827.731104   1.000000
1828.284841   0.000000
1828.838608   1.000000
1829.392405   0.000000
1829.946231   0.000000
1830.500086   1.000000
1831.053972   0.000000
1831.607887   0.000000
1832.161831   1.000000
1832.715805   0.000000
1833.269809   0.000000
1833.823842   0.000000
1834.377904   1.000000
1834.931997   2.000000
1835.486119   1.000000
1836.040270   0.000000
1836.594451   0.000000
1837.148661   0.000000
1837.702902   1.000000
1838.257171   2.000000
1838.811471   0.000000
1839.365799   0.000000
1839.920158   0.000000
1840.474546   0.000000
1841.028963   0.000000
1841.583411   1.000000
1842.137887   1.000000
1842.692394   2.000000
1843.246929   2.000000
1843.801495   0.000000
1844.356090   1.000000
1844.910714   0.000000
1845.465369   0.000000
1846.020052   0.000000
1846.574766   1.000000
1847.129508   1.000000
1847.684281   0.000000
1848.239083   0.000000
1848.793914   0.000000
1849.348775   0.000000
1849.903666   0.000000
1850.458586   1.000000
1851.013536   0.000000
1851.568516   1.000000
1852.123525   0.000000
1852.678563   3.000000
1853.233631   0.000000
1853.788729   0.000000
1854.343856   0.000000
1854.899013   1.000000
1855.454200   0.000000
1856.009416   0.000000
1856.564661   0.000000
1857.119936   0.000000
1857.675241   0.000000
1858.230575   0.000000
1858.785939   1.000000
1859.341333   1.000000
1859.896756   0.000000
1860.452208   0.000000
1861.007690   1.000000
1861.563202   0.000000
1862.118743   0.000000
1862.674314   0.000000
1863.229915   0.000000
1863.785545   0.000000
1864.341204   0.000000
1864.896893   1.000000
1865.452612   0.000000
1866.008360   0.000000
1866.564138   0.000000
1867.119946   0.000000
1867.675783   1.000000
1868.231649   0.000000
1868.787545   0.000000
1869.343471   0.000000
1869.899426   1.000000
1870.455411   1.000000
1871.011426   0.000000
1871.567470   2.000000
1872.123543   0.000000
1872.679646   0.000000
1873.235779   0.000000
1873.791941   0.000000
1874.348133   0.000000
1874.904354   0.000000
1875.460605   0.000000
1876.016886   0.000000
1876.573196   1.000000
1877.129536   0.000000
1877.685905   1.000000
1878.242304   0.000000
1878.798732   0.000000
1879.355190   0.000000
1879.911678   0.000000
1880.468195   0.000000
1881.024742   0.000000
1881.581318   1.000000
1882.137924   0.000000
1882.694559   1.000000
1883.251224   1.000000
1883.807919   0.000000
1884.364643   0.000000
1884.921397   0.000000
1885.478180   1.000000
1886.034993   1.000000
1886.591835   0.000000
1887.148707   0.000000
1887.705609   0.000000
1888.262540   1.000000
1888.819501   1.000000
1889.376491   0.000000
1889.933511   0.000000
1890.490560   0.000000
1891.047639   0.000000
1891.604748   0.000000
1892.161886   0.000000
1892.719054   0.000000
1893.276251   0.000000
1893.833478   0.000000
1894.390734   0.000000
1894.948020   0.000000
1895.505336   0.000000
1896.062681   0.000000
1896.620056   2.000000
1897.177460   0.000000
1897.734894   0.000000
1898.292357   0.000000
1898.849850   2.000000
1899.407373   0.000000
1899.964925   0.000000
1900.522507   0.000000
1901.080118   0.000000
1901.637759   1.000000
1902.195429   1.000000
1902.753129   0.000000
1903.310859   0.000000
1903.868618   0.000000
1904.426406   0.000000
1904.984225   0.000000
1905.542073   0.000000
1906.099950   0.000000
1906.657857   1.000000
1907.215794   0.000000
1907.773760   1.000000
1908.331755   0.000000
1908.889781   0.000000
1909.447836   0.000000
1910.005920   0.000000
1910.564034   0.000000
1911.122177   1.000000
1911.680351   0.000000
1912.238553   0.000000
1912.796786   0.000000
1913.355047   1.000000
1913.913339   0.000000
1914.471660   0.000000
1915.030010   1.000000
1915.588391   4.000000
1916.146800   0.000000
1916.705240   0.000000
1917.263708   0.000000
1917.822207   0.000000
1918.380735   0.000000
1918.939292   1.000000
1919.497879   0.000000
1920.056496   1.000000
1920.615142   0.000000
1921.173818   2.000000
1921.732524   0.000000
1922.291259   0.000000
1922.850023   0.000000
1923.408817   0.000000
1923.967641   0.000000
1924.526494   0.000000
1925.085377   0.000000
1925.644290   1.000000
1926.203232   0.000000
1926.762203   0.000000
1927.321204   1.000000
1927.880235   0.000000
1928.439295   0.000000
1928.998385   0.000000
1929.557505   0.000000
1930.116654   1.000000
1930.675832   0.000000
1931.235040   0.000000
1931.794278   1.000000
1932.353545   0.000000
1932.912842   1.000000
1933.472169   1.000000
1934.031525   2.000000
1934.590910   1.000000
1935.150325   0.000000
1935.709770   0.000000
1936.269244   0.000000
1936.828748   0.000000
1937.388281   0.000000
1937.947844   0.000000
1938.507437   0.000000
1939.067059   1.000000
1939.626711   0.000000
1940.186392   0.000000
1940.746103   0.000000
1941.305843   0.000000
1941.865613   0.000000
1942.425413   1.000000
1942.985242   0.000000
1943.545101   0.000000
1944.104989   1.000000
1944.664907   0.000000
1945.224854   0.000000
1945.784831   0.000000
1946.344838   0.000000
1946.904874   2.000000
1947.464940   1.000000
1948.025035   0.000000
1948.585160   0.000000
1949.145314   0.000000
1949.705498   0.000000
1950.265712   0.000000
1950.825955   1.000000
1951.386228   0.000000
1951.946530   0.000000
1952.506862   1.000000
1953.067223   0.000000
1953.627614   0.000000
1954.188035   1.000000
1954.748485   1.000000
1955.308965   0.000000
1955.869474   0.000000
1956.430013   0.000000
1956.990581   0.000000
1957.551179   0.000000
1958.111807   1.000000
1958.672464   1.000000
1959.233150   2.000000
1959.793867   0.000000
1960.354613   0.000000
1960.915388   0.000000
1961.476193   1.000000
1962.037028   1.000000
1962.597892   1.000000
1963.158785   1.000000
1963.719709   1.000000
1964.280661   0.000000
1964.841644   0.000000
1965.402656   0.000000
1965.963697   2.000000
1966.524769   0.000000
1967.085869   1.000000
1967.647000   0.000000
1968.208159   0.000000
1968.769349   0.000000
1969.330568   0.000000
1969.891816   2.000000
1970.453094   0.000000
1971.014402   0.000000
1971.575739   0.000000
1972.137106   1.000000
1972.698503   0.000000
1973.259929   0.000000
1973.821384   2.000000
1974.382869   1.000000
1974.944384   0.000000
1975.505928   1.000000
1976.067502   0.000000
1976.629106   0.000000
1977.190739   0.000000
1977.752401   1.000000
1978.314093   2.000000
1978.875815   0.000000
1979.437566   1.000000
1979.999347   0.000000
1980.561158   1.000000
1981.122998   0.000000
1981.684867   1.000000
1982.246766   1.000000
1982.808695   0.000000
1983.370653   1.000000
1983.932641   0.000000
1984.494658   1.000000
1985.056705   0.000000
1985.618782   1.000000
1986.180888   0.000000
1986.743024   0.000000
1987.305189   0.000000
1987.867384   0.000000
1988.429608   0.000000
1988.991862   0.000000
1989.554146   0.000000
1990.116459   1.000000
1990.678802   1.000000
1991.241174   1.000000
1991.803576   0.000000
1992.366007   0.000000
1992.928468   0.000000
1993.490959   0.000000
1994.053479   0.000000
1994.616029   0.000000
1995.178608   0.000000
1995.741217   0.000000
1996.303855   0.000000
1996.866523   1.000000
1997.429221   0.000000
1997.991948   0.000000
1998.554705   2.000000
1999.117491   0.000000
1999.680307   1.000000
2000.243152   0.000000
2000.806027   2.000000
2001.368932   1.000000
2001.931866   0.000000
2002.494829   0.000000
2003.057823   0.000000
2003.620846   1.000000
2004.183898   1.000000
2004.746980   0.000000
2005.310092   0.000000
2005.873233   1.000000
2006.436403   2.000000
2006.999604   1.000000
2007.562833   0.000000
2008.126093   0.000000
2008.689382   0.000000
2009.252700   0.000000
2009.816049   0.000000
2010.379426   1.000000
2010.942834   0.000000
2011.506270   1.000000
2012.069737   0.000000
2012.633233   0.000000
2013.196758   0.000000
2013.760313   1.000000
2014.323898   0.000000
2014.887512   0.000000
2015.451156   0.000000
2016.014830   1.000000
2016.578533   0.000000
2017.142265   0.000000
2017.706027   0.000000
2018.269819   0.000000
2018.833640   0.000000
2019.397491   0.000000
2019.961372   0.000000
2020.525282   0.000000
2021.089221   0.000000
2021.653190   0.000000
2022.217189   0.000000
2022.781217   1.000000
2023.345275   1.000000
2023.909362   2.000000
2024.473479   0.000000
2025.037626   0.000000
2025.601802   0.000000
2026.166008   0.000000
2026.730243   1.000000
2027.294508   0.000000
2027.858802   0.000000
2028.423126   0.000000
2028.987480   0.000000
2029.551863   1.000000
2030.116276   0.000000
2030.680718   2.000000
2031.245190   0.000000
2031.809691   0.000000
2032.374222   1.000000
2032.938783   1.000000
2033.503373   1.000000
2034.067993   0.000000
2034.632642   2.000000
2035.197321   0.000000
2035.762029   0.000000
2036.326767   1.000000
2036.891535   1.000000
2037.456332   0.000000
2038.021159   0.000000
2038.586015   1.000000
2039.150901   0.000000
2039.715816   0.000000
2040.280761   0.000000
2040.845736   0.000000
2041.410740   0.000000
2041.975773   0.000000
2042.540837   0.000000
2043.105930   0.000000
2043.671052   0.000000
2044.236204   0.000000
2044.801385   1.000000
2045.366597   0.000000
2045.931837   1.000000
2046.497108   1.000000
2047.062407   1.000000
2047.627737   1.000000
2048.193096   0.000000
2048.758484   1.000000
2049.323902   1.000000
2049.889350   0.000000
2050.454827   2.000000
2051.020334   1.000000
2051.585871   0.000000
2052.151437   0.000000
2052.717032   1.000000
2053.282657   1.000000
2053.848312   1.000000
2054.413996   0.000000
2054.979710   0.000000
2055.545454   0.000000
2056.111227   0.000000
2056.677029   1.000000
2057.242861   1.000000
2057.808723   0.000000
2058.374614   0.000000
2058.940535   0.000000
2059.506485   0.000000
2060.072465   0.000000
2060.638475   0.000000
2061.204514   0.000000
2061.770583   1.000000
2062.336681   0.000000
2062.902809   1.000000
2063.468966   1.000000
2064.035153   0.000000
2064.601370   0.000000
2065.167616   1.000000
2065.733892   0.000000
2066.300197   0.000000
2066.866532   1.000000
2067.432896   1.000000
2067.999290   0.000000
2068.565714   0.000000
2069.132167   0.000000
2069.698650   0.000000
2070.265162   0.000000
2070.831704   0.000000
2071.398275   1.000000
2071.964876   0.000000
2072.531507   2.000000
2073.098167   0.000000
2073.664856   0.000000
2074.231576   1.000000
2074.798325   1.000000
2075.365103   3.000000
2075.931911 972.000000
