2019_09_26_19_28_06_486 /home/raspion_user/data/Beacon_efficiency_Background_50cm.sp 100452 1800.000 1794.160 2.734449 0.478016  0.0000147857
  2.734449   0.000000
  3.212479   0.000000
  3.690540   0.000000
  4.168629   0.000000
  4.646748   0.000000
  5.124897   0.000000
  5.603076   0.000000
  6.081283   0.000000
  6.559521   0.000000
  7.037788   0.000000
  7.516085   0.000000
  7.994411   0.000000
  8.472767   0.000000
  8.951152   0.000000
  9.429567   0.000000
  9.908011   0.000000
 10.386486   0.000000
 10.864989   0.000000
 11.343522   0.000000
 11.822085   0.000000
 12.300677   0.000000
 12.779299   0.000000
 13.257951   5.000000
 13.736632   7.000000
 14.215343   4.000000
 14.694083   3.000000
 15.172853   9.000000
 15.651652   7.000000
 16.130481  10.000000
 16.609339   7.000000
 17.088227   8.000000
 17.567145  12.000000
 18.046092  13.000000
 18.525069  15.000000
 19.004075  14.000000
 19.483111  12.000000
 19.962177  15.000000
 20.441272  31.000000
 20.920397  24.000000
 21.399551  23.000000
 21.878735  37.000000
 22.357948  35.000000
 22.837191  27.000000
 23.316463  21.000000
 23.795765  24.000000
 24.275097  31.000000
 24.754458  40.000000
 25.233849  22.000000
 25.713269  35.000000
 26.192719  38.000000
 26.672199  26.000000
 27.151708  34.000000
 27.631246  51.000000
 28.110815  45.000000
 28.590412  52.000000
 29.070040  29.000000
 29.549697  42.000000
 30.029383  46.000000
 30.509099  42.000000
 30.988845  27.000000
 31.468620  40.000000
 31.948425  51.000000
 32.428259  50.000000
 32.908123  50.000000
 33.388017  42.000000
 33.867940  64.000000
 34.347892  72.000000
 34.827875  56.000000
 35.307886  55.000000
 35.787928  65.000000
 36.267999  65.000000
 36.748099  56.000000
 37.228229  58.000000
 37.708389  69.000000
 38.188578  61.000000
 38.668797  67.000000
 39.149045  60.000000
 39.629323  58.000000
 40.109631  81.000000
 40.589968  58.000000
 41.070334  75.000000
 41.550731  68.000000
 42.031156  80.000000
 42.511612  82.000000
 42.992097  71.000000
 43.472611  62.000000
 43.953155  70.000000
 44.433729  88.000000
 44.914332  69.000000
 45.394965  79.000000
 45.875627  96.000000
 46.356319  79.000000
 46.837041  69.000000
 47.317792  77.000000
 47.798572  84.000000
 48.279382  77.000000
 48.760222  86.000000
 49.241092  66.000000
 49.721991  77.000000
 50.202919  87.000000
 50.683877  65.000000
 51.164865  72.000000
 51.645882  83.000000
 52.126929  87.000000
 52.608005  73.000000
 53.089111  72.000000
 53.570246  81.000000
 54.051412  91.000000
 54.532606  79.000000
 55.013830  71.000000
 55.495084  80.000000
 55.976368  94.000000
 56.457680  83.000000
 56.939023  85.000000
 57.420395 102.000000
 57.901797  94.000000
 58.383228  75.000000
 58.864689 102.000000
 59.346179  89.000000
 59.827699 109.000000
 60.309248 104.000000
 60.790827  91.000000
 61.272436 106.000000
 61.754074 100.000000
 62.235742  93.000000
 62.717439 121.000000
 63.199166 128.000000
 63.680923 133.000000
 64.162709 114.000000
 64.644525 120.000000
 65.126370 129.000000
 65.608245 126.000000
 66.090149 130.000000
 66.572083 128.000000
 67.054046 120.000000
 67.536039 144.000000
 68.018062 153.000000
 68.500114 142.000000
 68.982196 178.000000
 69.464307 172.000000
 69.946448 161.000000
 70.428619 176.000000
 70.910819 171.000000
 71.393048 184.000000
 71.875308 172.000000
 72.357596 179.000000
 72.839915 163.000000
 73.322263 178.000000
 73.804640 177.000000
 74.287047 198.000000
 74.769484 190.000000
 75.251950 183.000000
 75.734446 221.000000
 76.216971 231.000000
 76.699526 216.000000
 77.182111 223.000000
 77.664725 195.000000
 78.147368 201.000000
 78.630042 216.000000
 79.112744 234.000000
 79.595477 222.000000
 80.078239 230.000000
 80.561030 200.000000
 81.043851 235.000000
 81.526702 233.000000
 82.009582 222.000000
 82.492492 235.000000
 82.975431 235.000000
 83.458400 224.000000
 83.941399 227.000000
 84.424427 250.000000
 84.907484 226.000000
 85.390571 213.000000
 85.873688 253.000000
 86.356835 273.000000
 86.840010 274.000000
 87.323216 230.000000
 87.806451 245.000000
 88.289716 231.000000
 88.773010 270.000000
 89.256334 248.000000
 89.739687 278.000000
 90.223070 268.000000
 90.706482 260.000000
 91.189924 291.000000
 91.673396 260.000000
 92.156897 265.000000
 92.640428 235.000000
 93.123988 253.000000
 93.607578 246.000000
 94.091198 257.000000
 94.574847 245.000000
 95.058526 271.000000
 95.542234 226.000000
 96.025972 254.000000
 96.509739 251.000000
 96.993536 267.000000
 97.477362 254.000000
 97.961218 239.000000
 98.445104 265.000000
 98.929019 250.000000
 99.412964 265.000000
 99.896938 228.000000
100.380942 231.000000
100.864976 257.000000
101.349039 259.000000
101.833131 232.000000
102.317254 240.000000
102.801405 234.000000
103.285587 252.000000
103.769798 256.000000
104.254038 264.000000
104.738308 267.000000
105.222608 255.000000
105.706937 263.000000
106.191296 248.000000
106.675684 234.000000
107.160102 265.000000
107.644550 264.000000
108.129027 262.000000
108.613533 251.000000
109.098069 240.000000
109.582635 237.000000
110.067231 213.000000
110.551856 251.000000
111.036510 263.000000
111.521194 230.000000
112.005908 218.000000
112.490651 236.000000
112.975424 232.000000
113.460226 244.000000
113.945058 272.000000
114.429919 276.000000
114.914811 232.000000
115.399731 258.000000
115.884681 265.000000
116.369661 243.000000
116.854670 242.000000
117.339709 241.000000
117.824778 258.000000
118.309876 249.000000
118.795004 257.000000
119.280161 250.000000
119.765348 257.000000
120.250564 232.000000
120.735810 217.000000
121.221085 253.000000
121.706390 230.000000
122.191725 229.000000
122.677089 264.000000
123.162483 216.000000
123.647906 247.000000
124.133359 233.000000
124.618842 231.000000
125.104354 259.000000
125.589895 258.000000
126.075467 231.000000
126.561067 213.000000
127.046698 248.000000
127.532358 250.000000
128.018047 249.000000
128.503766 232.000000
128.989515 220.000000
129.475293 220.000000
129.961101 232.000000
130.446938 232.000000
130.932805 251.000000
131.418702 234.000000
131.904628 227.000000
132.390583 244.000000
132.876568 230.000000
133.362583 223.000000
133.848628 259.000000
134.334702 250.000000
134.820805 206.000000
135.306938 216.000000
135.793101 203.000000
136.279293 222.000000
136.765515 197.000000
137.251766 227.000000
137.738047 206.000000
138.224357 210.000000
138.710697 251.000000
139.197067 213.000000
139.683466 217.000000
140.169895 212.000000
140.656353 212.000000
141.142841 208.000000
141.629359 233.000000
142.115906 229.000000
142.602483 203.000000
143.089089 222.000000
143.575724 224.000000
144.062390 229.000000
144.549085 192.000000
145.035809 234.000000
145.522563 188.000000
146.009347 199.000000
146.496160 200.000000
146.983003 208.000000
147.469875 181.000000
147.956777 214.000000
148.443709 194.000000
148.930670 238.000000
149.417660 169.000000
149.904681 218.000000
150.391730 182.000000
150.878810 220.000000
151.365919 214.000000
151.853057 202.000000
152.340225 207.000000
152.827423 170.000000
153.314650 204.000000
153.801907 215.000000
154.289193 233.000000
154.776509 177.000000
155.263854 191.000000
155.751230 183.000000
156.238634 189.000000
156.726068 196.000000
157.213532 189.000000
157.701026 190.000000
158.188548 176.000000
158.676101 156.000000
159.163683 181.000000
159.651295 218.000000
160.138936 182.000000
160.626607 199.000000
161.114307 155.000000
161.602037 175.000000
162.089796 172.000000
162.577585 195.000000
163.065404 164.000000
163.553252 172.000000
164.041130 179.000000
164.529037 151.000000
165.016974 161.000000
165.504941 180.000000
165.992937 163.000000
166.480962 162.000000
166.969018 158.000000
167.457102 167.000000
167.945217 166.000000
168.433361 136.000000
168.921534 153.000000
169.409737 159.000000
169.897970 147.000000
170.386232 164.000000
170.874524 170.000000
171.362845 173.000000
171.851196 181.000000
172.339577 139.000000
172.827987 156.000000
173.316426 165.000000
173.804895 157.000000
174.293394 168.000000
174.781923 147.000000
175.270480 152.000000
175.759068 160.000000
176.247685 165.000000
176.736332 133.000000
177.225008 162.000000
177.713714 154.000000
178.202449 166.000000
178.691214 140.000000
179.180008 144.000000
179.668832 131.000000
180.157686 145.000000
180.646569 138.000000
181.135482 161.000000
181.624424 131.000000
182.113396 163.000000
182.602398 142.000000
183.091429 149.000000
183.580489 147.000000
184.069580 137.000000
184.558699 139.000000
185.047849 149.000000
185.537028 130.000000
186.026236 124.000000
186.515474 133.000000
187.004742 121.000000
187.494039 131.000000
187.983366 122.000000
188.472722 128.000000
188.962108 127.000000
189.451524 121.000000
189.940969 130.000000
190.430443 128.000000
190.919947 129.000000
191.409481 152.000000
191.899045 147.000000
192.388637 131.000000
192.878260 140.000000
193.367912 146.000000
193.857594 121.000000
194.347305 116.000000
194.837046 113.000000
195.326816 111.000000
195.816616 146.000000
196.306445 123.000000
196.796304 123.000000
197.286193 110.000000
197.776111 130.000000
198.266059 117.000000
198.756036 142.000000
199.246043 141.000000
199.736080 124.000000
200.226146 117.000000
200.716241 109.000000
201.206367 126.000000
201.696521 107.000000
202.186706 130.000000
202.676920 107.000000
203.167163 107.000000
203.657436 126.000000
204.147739 121.000000
204.638071 128.000000
205.128433 127.000000
205.618824 103.000000
206.109245 117.000000
206.599696 114.000000
207.090176  94.000000
207.580685 119.000000
208.071224 108.000000
208.561793 117.000000
209.052392 125.000000
209.543019 100.000000
210.033677 100.000000
210.524364 118.000000
211.015081 112.000000
211.505827 114.000000
211.996603 116.000000
212.487408 116.000000
212.978243 113.000000
213.469107 121.000000
213.960001 100.000000
214.450925 106.000000
214.941878 106.000000
215.432861 125.000000
215.923873  79.000000
216.414915 101.000000
216.905987 103.000000
217.397088 109.000000
217.888218  88.000000
218.379379 121.000000
218.870568 101.000000
219.361788  96.000000
219.853037  92.000000
220.344315 114.000000
220.835623 110.000000
221.326961  93.000000
221.818328  93.000000
222.309725 114.000000
222.801151  82.000000
223.292607 116.000000
223.784092  85.000000
224.275608  99.000000
224.767152 115.000000
225.258726  89.000000
225.750330  92.000000
226.241963  83.000000
226.733626  99.000000
227.225319 103.000000
227.717041 112.000000
228.208793 104.000000
228.700574 106.000000
229.192385 105.000000
229.684225  70.000000
230.176095  94.000000
230.667994 111.000000
231.159923  90.000000
231.651882  89.000000
232.143870 103.000000
232.635888  98.000000
233.127935  84.000000
233.620012  90.000000
234.112119  96.000000
234.604255  79.000000
235.096420  95.000000
235.588615  88.000000
236.080840 112.000000
236.573095  80.000000
237.065379  89.000000
237.557692  98.000000
238.050035  94.000000
238.542408 104.000000
239.034810  91.000000
239.527242 103.000000
240.019703  93.000000
240.512194  81.000000
241.004714 100.000000
241.497264  88.000000
241.989844  85.000000
242.482453  83.000000
242.975092  94.000000
243.467760 112.000000
243.960458  90.000000
244.453186 112.000000
244.945943  91.000000
245.438729 104.000000
245.931546 104.000000
246.424391  90.000000
246.917267  86.000000
247.410172  82.000000
247.903106  99.000000
248.396070  82.000000
248.889064  76.000000
249.382087  85.000000
249.875140  86.000000
250.368222  82.000000
250.861334  80.000000
251.354476  84.000000
251.847647  82.000000
252.340847  98.000000
252.834077  85.000000
253.327337  88.000000
253.820626 109.000000
254.313945  94.000000
254.807294  76.000000
255.300672  83.000000
255.794080  77.000000
256.287517  81.000000
256.780984  88.000000
257.274480  89.000000
257.768006  78.000000
258.261561  78.000000
258.755146  75.000000
259.248761  79.000000
259.742405  62.000000
260.236079  75.000000
260.729782  71.000000
261.223515  65.000000
261.717278  87.000000
262.211070  83.000000
262.704891  68.000000
263.198742  70.000000
263.692623  80.000000
264.186534  58.000000
264.680474  66.000000
265.174443  78.000000
265.668442  55.000000
266.162471  75.000000
266.656529  51.000000
267.150617  63.000000
267.644734  60.000000
268.138881  70.000000
268.633057  73.000000
269.127263  51.000000
269.621499  57.000000
270.115764  72.000000
270.610059  70.000000
271.104383  76.000000
271.598737  71.000000
272.093121  63.000000
272.587534  64.000000
273.081976  60.000000
273.576449  60.000000
274.070950  68.000000
274.565482  52.000000
275.060043  61.000000
275.554633  51.000000
276.049253  56.000000
276.543903  57.000000
277.038582  48.000000
277.533291  60.000000
278.028029  48.000000
278.522797  58.000000
279.017594  51.000000
279.512422  60.000000
280.007278  49.000000
280.502164  55.000000
280.997080  62.000000
281.492025  57.000000
281.987000  64.000000
282.482005  51.000000
282.977039  54.000000
283.472102  52.000000
283.967196  49.000000
284.462318  55.000000
284.957471  62.000000
285.452653  58.000000
285.947864  51.000000
286.443105  52.000000
286.938376  48.000000
287.433676  44.000000
287.929006  59.000000
288.424365  52.000000
288.919754  38.000000
289.415173  53.000000
289.910621  61.000000
290.406098  60.000000
290.901605  63.000000
291.397142  42.000000
291.892709  43.000000
292.388304  52.000000
292.883930  46.000000
293.379585  43.000000
293.875270  45.000000
294.370984  58.000000
294.866728  47.000000
295.362501  42.000000
295.858304  63.000000
296.354136  50.000000
296.849998  44.000000
297.345890  41.000000
297.841811  52.000000
298.337762  63.000000
298.833742  47.000000
299.329752  56.000000
299.825792  45.000000
300.321861  43.000000
300.817959  42.000000
301.314087  57.000000
301.810245  45.000000
302.306433  58.000000
302.802649  40.000000
303.298896  69.000000
303.795172  41.000000
304.291478  52.000000
304.787813  50.000000
305.284178  40.000000
305.780572  44.000000
306.276996  55.000000
306.773449  56.000000
307.269932  39.000000
307.766445  36.000000
308.262987  52.000000
308.759559  48.000000
309.256160  44.000000
309.752791  59.000000
310.249452  62.000000
310.746142  44.000000
311.242861  46.000000
311.739611  34.000000
312.236389  50.000000
312.733198  33.000000
313.230036  42.000000
313.726903  49.000000
314.223800  41.000000
314.720727  37.000000
315.217683  47.000000
315.714669  38.000000
316.211684  45.000000
316.708729  33.000000
317.205803  46.000000
317.702907  40.000000
318.200041  45.000000
318.697204  26.000000
319.194397  34.000000
319.691619  33.000000
320.188871  42.000000
320.686153  39.000000
321.183464  39.000000
321.680804  38.000000
322.178175  47.000000
322.675574  25.000000
323.173004  47.000000
323.670463  52.000000
324.167951  51.000000
324.665469  36.000000
325.163017  45.000000
325.660594  42.000000
326.158201  46.000000
326.655837  28.000000
327.153503  34.000000
327.651198  42.000000
328.148923  51.000000
328.646678  39.000000
329.144462  33.000000
329.642276  35.000000
330.140119  44.000000
330.637992  40.000000
331.135895  33.000000
331.633827  27.000000
332.131788  41.000000
332.629780  37.000000
333.127800  29.000000
333.625851  33.000000
334.123931  39.000000
334.622040  43.000000
335.120179  31.000000
335.618348  37.000000
336.116546  38.000000
336.614774  35.000000
337.113031  35.000000
337.611318  30.000000
338.109634  31.000000
338.607980  35.000000
339.106356  36.000000
339.604761  36.000000
340.103196  49.000000
340.601660  38.000000
341.100154  31.000000
341.598678  50.000000
342.097231  32.000000
342.595813  40.000000
343.094426  36.000000
343.593067  35.000000
344.091739  31.000000
344.590440  45.000000
345.089170  39.000000
345.587930  33.000000
346.086720  28.000000
346.585539  40.000000
347.084388  40.000000
347.583266  33.000000
348.082174  39.000000
348.581111  32.000000
349.080078  23.000000
349.579075  37.000000
350.078101  30.000000
350.577157  27.000000
351.076242  30.000000
351.575357  43.000000
352.074502  41.000000
352.573676  33.000000
353.072879  31.000000
353.572113  35.000000
354.071375  34.000000
354.570668  31.000000
355.069990  31.000000
355.569341  34.000000
356.068722  33.000000
356.568133  29.000000
357.067573  36.000000
357.567043  29.000000
358.066542  34.000000
358.566071  36.000000
359.065629  21.000000
359.565217  32.000000
360.064835  39.000000
360.564482  35.000000
361.064159  43.000000
361.563865  42.000000
362.063601  42.000000
362.563367  38.000000
363.063162  36.000000
363.562986  35.000000
364.062841  24.000000
364.562724  19.000000
365.062638  33.000000
365.562581  32.000000
366.062553  33.000000
366.562555  36.000000
367.062587  29.000000
367.562648  17.000000
368.062739  27.000000
368.562859  20.000000
369.063009  23.000000
369.563188  27.000000
370.063397  31.000000
370.563636  36.000000
371.063904  20.000000
371.564202  22.000000
372.064529  33.000000
372.564886  25.000000
373.065273  35.000000
373.565689  27.000000
374.066134  32.000000
374.566610  20.000000
375.067114  30.000000
375.567649  27.000000
376.068213  29.000000
376.568806  37.000000
377.069429  26.000000
377.570082  28.000000
378.070764  23.000000
378.571476  23.000000
379.072217  29.000000
379.572988  46.000000
380.073788  28.000000
380.574618  19.000000
381.075478  23.000000
381.576367  25.000000
382.077286  27.000000
382.578234  23.000000
383.079212  23.000000
383.580220  20.000000
384.081257  27.000000
384.582323  10.000000
385.083420  24.000000
385.584545  26.000000
386.085701  28.000000
386.586886  20.000000
387.088100  17.000000
387.589344  24.000000
388.090618  22.000000
388.591921  20.000000
389.093254  23.000000
389.594616  25.000000
390.096008  27.000000
390.597429  17.000000
391.098880  25.000000
391.600361  18.000000
392.101871  24.000000
392.603411  16.000000
393.104980  23.000000
393.606579  21.000000
394.108208  20.000000
394.609866  39.000000
395.111553  15.000000
395.613271  19.000000
396.115017  28.000000
396.616794  17.000000
397.118599  23.000000
397.620435  30.000000
398.122300  32.000000
398.624195  32.000000
399.126119  21.000000
399.628073  19.000000
400.130056  19.000000
400.632069  24.000000
401.134111  18.000000
401.636183  31.000000
402.138285  23.000000
402.640416  23.000000
403.142577  22.000000
403.644767  22.000000
404.146987  21.000000
404.649237  25.000000
405.151516  17.000000
405.653824  22.000000
406.156162  25.000000
406.658530  15.000000
407.160928  18.000000
407.663354  17.000000
408.165811  30.000000
408.668297  20.000000
409.170813  21.000000
409.673358  14.000000
410.175933  15.000000
410.678537  20.000000
411.181171  15.000000
411.683834  21.000000
412.186527  16.000000
412.689250  20.000000
413.192002  18.000000
413.694784  23.000000
414.197595  30.000000
414.700436  22.000000
415.203307  20.000000
415.706207  15.000000
416.209136  20.000000
416.712095  11.000000
417.215084  29.000000
417.718102  20.000000
418.221150  21.000000
418.724228  20.000000
419.227335  27.000000
419.730471  19.000000
420.233638  21.000000
420.736833  18.000000
421.240059  19.000000
421.743314  16.000000
422.246598  20.000000
422.749912  18.000000
423.253256  20.000000
423.756629  21.000000
424.260032  14.000000
424.763464  17.000000
425.266926  12.000000
425.770417  18.000000
426.273938  18.000000
426.777489  15.000000
427.281069  24.000000
427.784679  23.000000
428.288318  16.000000
428.791987  18.000000
429.295686  18.000000
429.799414  22.000000
430.303171  18.000000
430.806959  19.000000
431.310775  12.000000
431.814622  21.000000
432.318498  22.000000
432.822403  16.000000
433.326338  24.000000
433.830303  15.000000
434.334297  17.000000
434.838321  20.000000
435.342374  22.000000
435.846457  22.000000
436.350569  17.000000
436.854711  14.000000
437.358883  17.000000
437.863084  17.000000
438.367315  20.000000
438.871575  14.000000
439.375865  16.000000
439.880185  13.000000
440.384534  13.000000
440.888912  15.000000
441.393320  22.000000
441.897758  22.000000
442.402226  16.000000
442.906722  13.000000
443.411249  19.000000
443.915805  22.000000
444.420391  14.000000
444.925006  14.000000
445.429651  17.000000
445.934325  15.000000
446.439029  16.000000
446.943762  15.000000
447.448525  11.000000
447.953318  23.000000
448.458140  18.000000
448.962992  14.000000
449.467873  19.000000
449.972784  21.000000
450.477725  12.000000
450.982695  16.000000
451.487694  17.000000
451.992723  18.000000
452.497782  18.000000
453.002870  10.000000
453.507988  11.000000
454.013136  11.000000
454.518313  14.000000
455.023519  13.000000
455.528756  23.000000
456.034021  18.000000
456.539317  13.000000
457.044642  19.000000
457.549996  16.000000
458.055380   9.000000
458.560794  11.000000
459.066237  20.000000
459.571710  20.000000
460.077212  12.000000
460.582744  13.000000
461.088305  20.000000
461.593896  19.000000
462.099517  18.000000
462.605167  11.000000
463.110847  19.000000
463.616556  19.000000
464.122295  19.000000
464.628064  20.000000
465.133862  10.000000
465.639689  24.000000
466.145547  17.000000
466.651433  12.000000
467.157350  13.000000
467.663296  12.000000
468.169271  15.000000
468.675276  20.000000
469.181311  19.000000
469.687375  14.000000
470.193469  12.000000
470.699592  20.000000
471.205745  10.000000
471.711927  18.000000
472.218139  11.000000
472.724381  14.000000
473.230652  17.000000
473.736953  17.000000
474.243283  12.000000
474.749643  13.000000
475.256033   8.000000
475.762452  15.000000
476.268900  12.000000
476.775378  21.000000
477.281886  19.000000
477.788423  13.000000
478.294990  14.000000
478.801587  10.000000
479.308213  12.000000
479.814868  13.000000
480.321554   7.000000
480.828268  11.000000
481.335013  19.000000
481.841787  12.000000
482.348590  20.000000
482.855423  16.000000
483.362286  11.000000
483.869178  18.000000
484.376100  14.000000
484.883051  19.000000
485.390032   6.000000
485.897042   9.000000
486.404082  13.000000
486.911152   9.000000
487.418251  23.000000
487.925380   7.000000
488.432538   6.000000
488.939726  10.000000
489.446944  16.000000
489.954191  12.000000
490.461467  20.000000
490.968774   9.000000
491.476109   9.000000
491.983475  22.000000
492.490869  14.000000
492.998294  12.000000
493.505748  12.000000
494.013232  14.000000
494.520745  24.000000
495.028288  21.000000
495.535860  17.000000
496.043462  16.000000
496.551093  20.000000
497.058754  18.000000
497.566445   7.000000
498.074165  11.000000
498.581915  19.000000
499.089694  15.000000
499.597503  12.000000
500.105342  10.000000
500.613210  16.000000
501.121107  13.000000
501.629034   6.000000
502.136991  14.000000
502.644977   9.000000
503.152993  10.000000
503.661039  12.000000
504.169114   7.000000
504.677218  11.000000
505.185353   9.000000
505.693516   9.000000
506.201710  11.000000
506.709933  13.000000
507.218185  14.000000
507.726467  10.000000
508.234779  12.000000
508.743120  19.000000
509.251491  11.000000
509.759891  22.000000
510.268321  15.000000
510.776780  13.000000
511.285269  14.000000
511.793788  13.000000
512.302336   9.000000
512.810914  12.000000
513.319521  21.000000
513.828158  14.000000
514.336825  11.000000
514.845521  17.000000
515.354246  15.000000
515.863001  11.000000
516.371786  13.000000
516.880601  14.000000
517.389444  19.000000
517.898318   8.000000
518.407221  10.000000
518.916154  11.000000
519.425116  16.000000
519.934107  11.000000
520.443129  15.000000
520.952180  21.000000
521.461260  11.000000
521.970370   9.000000
522.479510  16.000000
522.988679  21.000000
523.497878  12.000000
524.007106  10.000000
524.516364  14.000000
525.025651  10.000000
525.534968  16.000000
526.044315  10.000000
526.553691  13.000000
527.063097  14.000000
527.572532   8.000000
528.081997   8.000000
528.591492  13.000000
529.101016  15.000000
529.610569  13.000000
530.120152  14.000000
530.629765  11.000000
531.139408  10.000000
531.649079   9.000000
532.158781  13.000000
532.668512  11.000000
533.178273  11.000000
533.688063  10.000000
534.197883  14.000000
534.707732  11.000000
535.217611  17.000000
535.727519  12.000000
536.237457  11.000000
536.747425   7.000000
537.257422  11.000000
537.767449  13.000000
538.277505  18.000000
538.787591  13.000000
539.297706   7.000000
539.807851  16.000000
540.318026  11.000000
540.828230  10.000000
541.338464   5.000000
541.848727  17.000000
542.359020  14.000000
542.869343   9.000000
543.379695  18.000000
543.890076  13.000000
544.400488  11.000000
544.910928  10.000000
545.421399  10.000000
545.931898  13.000000
546.442428  13.000000
546.952987  14.000000
547.463576   6.000000
547.974194  11.000000
548.484842   7.000000
548.995519  17.000000
549.506226  11.000000
550.016962   6.000000
550.527728  15.000000
551.038524  11.000000
551.549349  11.000000
552.060204  11.000000
552.571088  11.000000
553.082002  10.000000
553.592945  14.000000
554.103919  10.000000
554.614921  12.000000
555.125953   9.000000
555.637015  21.000000
556.148106  11.000000
556.659227   7.000000
557.170378  12.000000
557.681558   6.000000
558.192767  12.000000
558.704007   6.000000
559.215275  11.000000
559.726574   4.000000
560.237902  11.000000
560.749259  14.000000
561.260646  11.000000
561.772063  17.000000
562.283509  12.000000
562.794985  11.000000
563.306490   7.000000
563.818025  12.000000
564.329589  10.000000
564.841183   8.000000
565.352807   7.000000
565.864460  12.000000
566.376143   5.000000
566.887855  12.000000
567.399597  13.000000
567.911368  11.000000
568.423170   9.000000
568.935000  12.000000
569.446860   7.000000
569.958750  11.000000
570.470669   8.000000
570.982618  13.000000
571.494597  14.000000
572.006605  12.000000
572.518642   8.000000
573.030710  12.000000
573.542806  19.000000
574.054933   6.000000
574.567088  11.000000
575.079274   8.000000
575.591489  11.000000
576.103734  15.000000
576.616008  15.000000
577.128312   7.000000
577.640645   8.000000
578.153008  13.000000
578.665400  10.000000
579.177822  13.000000
579.690274   7.000000
580.202755  10.000000
580.715266  14.000000
581.227806  11.000000
581.740376  11.000000
582.252975  14.000000
582.765604   8.000000
583.278263   3.000000
583.790951   9.000000
584.303669  14.000000
584.816416   7.000000
585.329193   8.000000
585.842000  12.000000
586.354836  16.000000
586.867701  11.000000
587.380597   8.000000
587.893521  15.000000
588.406476  10.000000
588.919459  14.000000
589.432473  14.000000
589.945516  19.000000
590.458589  10.000000
590.971691  16.000000
591.484822   9.000000
591.997984  13.000000
592.511175  10.000000
593.024395   7.000000
593.537645  13.000000
594.050925  15.000000
594.564234  11.000000
595.077573  22.000000
595.590941  12.000000
596.104339  14.000000
596.617766  12.000000
597.131223  10.000000
597.644710   9.000000
598.158226  14.000000
598.671772   9.000000
599.185347  13.000000
599.698952  10.000000
600.212587  12.000000
600.726251  11.000000
601.239944  14.000000
601.753667  12.000000
602.267420  10.000000
602.781203  13.000000
603.295014  11.000000
603.808856  13.000000
604.322727   9.000000
604.836628  10.000000
605.350558   9.000000
605.864517   6.000000
606.378507  14.000000
606.892526  15.000000
607.406574   6.000000
607.920652  12.000000
608.434760  18.000000
608.948897   9.000000
609.463064   8.000000
609.977260  11.000000
610.491486   8.000000
611.005741  16.000000
611.520026  14.000000
612.034341   9.000000
612.548685  10.000000
613.063059  14.000000
613.577462  11.000000
614.091895  14.000000
614.606358  15.000000
615.120850   9.000000
615.635371  10.000000
616.149922   9.000000
616.664503  17.000000
617.179113  14.000000
617.693753  10.000000
618.208423  16.000000
618.723122  10.000000
619.237850  14.000000
619.752609   8.000000
620.267396   9.000000
620.782214   6.000000
621.297061   9.000000
621.811937  16.000000
622.326843   7.000000
622.841779  14.000000
623.356744  17.000000
623.871739  14.000000
624.386763  11.000000
624.901817  13.000000
625.416900  12.000000
625.932013   8.000000
626.447156  10.000000
626.962328  25.000000
627.477530  11.000000
627.992761  10.000000
628.508022  12.000000
629.023312   5.000000
629.538633  10.000000
630.053982   9.000000
630.569361  14.000000
631.084770   8.000000
631.600208   8.000000
632.115676  16.000000
632.631174  11.000000
633.146701  10.000000
633.662257  11.000000
634.177844  12.000000
634.693459  15.000000
635.209105  12.000000
635.724779   7.000000
636.240484   8.000000
636.756218  13.000000
637.271982  11.000000
637.787775   9.000000
638.303597   6.000000
638.819450   6.000000
639.335332   7.000000
639.851243  12.000000
640.367184   5.000000
640.883155   9.000000
641.399155   5.000000
641.915185   4.000000
642.431244   6.000000
642.947333  10.000000
643.463451  14.000000
643.979599  13.000000
644.495777   7.000000
645.011984  11.000000
645.528221   8.000000
646.044487  10.000000
646.560783   7.000000
647.077109  12.000000
647.593464   8.000000
648.109848   5.000000
648.626262   6.000000
649.142706  11.000000
649.659179   6.000000
650.175682   5.000000
650.692215   4.000000
651.208777   9.000000
651.725368   8.000000
652.241990  10.000000
652.758640   9.000000
653.275321   5.000000
653.792031   8.000000
654.308770   4.000000
654.825539  12.000000
655.342338   9.000000
655.859166   2.000000
656.376024   6.000000
656.892911   8.000000
657.409828   9.000000
657.926774   6.000000
658.443750   7.000000
658.960756   8.000000
659.477791   3.000000
659.994856   5.000000
660.511950   3.000000
661.029074   6.000000
661.546227   8.000000
662.063410   6.000000
662.580623   4.000000
663.097865   8.000000
663.615137   5.000000
664.132438   4.000000
664.649769   9.000000
665.167130   6.000000
665.684520  11.000000
666.201939   6.000000
666.719388   8.000000
667.236867   4.000000
667.754376  12.000000
668.271913   3.000000
668.789481   6.000000
669.307078   5.000000
669.824704   8.000000
670.342361   4.000000
670.860046   9.000000
671.377762   7.000000
671.895507   7.000000
672.413281   8.000000
672.931085   8.000000
673.448919   7.000000
673.966782   6.000000
674.484675   8.000000
675.002597   8.000000
675.520549   8.000000
676.038530   5.000000
676.556541  12.000000
677.074582   8.000000
677.592652   4.000000
678.110752  11.000000
678.628881   7.000000
679.147040  12.000000
679.665228   6.000000
680.183447   5.000000
680.701694  10.000000
681.219971   6.000000
681.738278   4.000000
682.256614  12.000000
682.774980   4.000000
683.293376   4.000000
683.811801   5.000000
684.330255   9.000000
684.848739   3.000000
685.367253   8.000000
685.885797   3.000000
686.404369   9.000000
686.922972   8.000000
687.441604   8.000000
687.960266   6.000000
688.478957   6.000000
688.997677   4.000000
689.516428   9.000000
690.035208   7.000000
690.554017   6.000000
691.072856   8.000000
691.591725  10.000000
692.110623   3.000000
692.629551   5.000000
693.148508   7.000000
693.667495   7.000000
694.186511   5.000000
694.705557   8.000000
695.224633   7.000000
695.743738   7.000000
696.262873   6.000000
696.782037   4.000000
697.301231   7.000000
697.820454   7.000000
698.339708   4.000000
698.858990   4.000000
699.378302   2.000000
699.897644   8.000000
700.417015   8.000000
700.936416   5.000000
701.455847   5.000000
701.975307   6.000000
702.494796   7.000000
703.014315   8.000000
703.533864   6.000000
704.053443  10.000000
704.573050   5.000000
705.092688   9.000000
705.612355   7.000000
706.132051   6.000000
706.651778   7.000000
707.171533   4.000000
707.691319   1.000000
708.211134   9.000000
708.730978   2.000000
709.250852  10.000000
709.770756   7.000000
710.290689   7.000000
710.810652   8.000000
711.330644   5.000000
711.850666   2.000000
712.370717   7.000000
712.890798   8.000000
713.410909   6.000000
713.931049   4.000000
714.451219   7.000000
714.971418   8.000000
715.491647   4.000000
716.011905   4.000000
716.532193   4.000000
717.052511   4.000000
717.572858   3.000000
718.093235   8.000000
718.613641   7.000000
719.134077   5.000000
719.654543   8.000000
720.175038   4.000000
720.695562  10.000000
721.216116   7.000000
721.736700  10.000000
722.257313   8.000000
722.777956   5.000000
723.298629  10.000000
723.819331   6.000000
724.340062   6.000000
724.860824   5.000000
725.381614   8.000000
725.902435   6.000000
726.423285   4.000000
726.944164   6.000000
727.465073  12.000000
727.986012   6.000000
728.506980   2.000000
729.027978   6.000000
729.549005   9.000000
730.070062   4.000000
730.591148   6.000000
731.112264   7.000000
731.633410  10.000000
732.154585   8.000000
732.675790   6.000000
733.197024   4.000000
733.718288  12.000000
734.239581   5.000000
734.760904   8.000000
735.282257   5.000000
735.803639   3.000000
736.325051   5.000000
736.846492   9.000000
737.367963   7.000000
737.889464   7.000000
738.410994   4.000000
738.932553   5.000000
739.454142   5.000000
739.975761   7.000000
740.497409   8.000000
741.019087   7.000000
741.540795   6.000000
742.062532   3.000000
742.584298   2.000000
743.106095   5.000000
743.627920   7.000000
744.149776   5.000000
744.671660   2.000000
745.193575   5.000000
745.715519   6.000000
746.237493   5.000000
746.759496   4.000000
747.281528   6.000000
747.803591   6.000000
748.325683   2.000000
748.847804   5.000000
749.369955   6.000000
749.892136   7.000000
750.414346   6.000000
750.936586   6.000000
751.458855   8.000000
751.981154   4.000000
752.503482   9.000000
753.025840   9.000000
753.548228   4.000000
754.070645   6.000000
754.593092   7.000000
755.115568   6.000000
755.638074   1.000000
756.160609   5.000000
756.683174   5.000000
757.205769   2.000000
757.728393   6.000000
758.251047   2.000000
758.773730   4.000000
759.296443   4.000000
759.819186  11.000000
760.341958   5.000000
760.864759   8.000000
761.387590   0.000000
761.910451   8.000000
762.433341   6.000000
762.956261   8.000000
763.479211   6.000000
764.002190   9.000000
764.525198   4.000000
765.048237   3.000000
765.571304   7.000000
766.094402  10.000000
766.617529   6.000000
767.140685   5.000000
767.663871   5.000000
768.187087   5.000000
768.710332   6.000000
769.233607   5.000000
769.756911   2.000000
770.280245   7.000000
770.803608   5.000000
771.327001   2.000000
771.850424   5.000000
772.373876   8.000000
772.897358   9.000000
773.420869   2.000000
773.944410   8.000000
774.467980  11.000000
774.991580   4.000000
775.515210   7.000000
776.038869   6.000000
776.562558   6.000000
777.086276   6.000000
777.610024   5.000000
778.133801   3.000000
778.657609   6.000000
779.181445   5.000000
779.705311   4.000000
780.229207   3.000000
780.753132   7.000000
781.277087   4.000000
781.801072   7.000000
782.325086   5.000000
782.849129   5.000000
783.373202   7.000000
783.897305   1.000000
784.421437   5.000000
784.945599   9.000000
785.469791   4.000000
785.994012   5.000000
786.518262   8.000000
787.042543   9.000000
787.566852   6.000000
788.091192   7.000000
788.615561   2.000000
789.139959   6.000000
789.664387   7.000000
790.188845   7.000000
790.713332   3.000000
791.237848   4.000000
791.762395   8.000000
792.286971   7.000000
792.811576   8.000000
793.336211   7.000000
793.860876   3.000000
794.385570   4.000000
794.910294   6.000000
795.435047   6.000000
795.959830   3.000000
796.484642   5.000000
797.009484   9.000000
797.534356   4.000000
798.059257   8.000000
798.584188   3.000000
799.109148   7.000000
799.634138   3.000000
800.159157   5.000000
800.684206   5.000000
801.209285   5.000000
801.734393   3.000000
802.259531   4.000000
802.784698   6.000000
803.309895   5.000000
803.835122   8.000000
804.360378   3.000000
804.885663   4.000000
805.410978   3.000000
805.936323   7.000000
806.461697   4.000000
806.987101   4.000000
807.512535   7.000000
808.037998   5.000000
808.563490   5.000000
809.089013   4.000000
809.614564   5.000000
810.140146   5.000000
810.665756   3.000000
811.191397   1.000000
811.717067   7.000000
812.242767   4.000000
812.768496   4.000000
813.294254   4.000000
813.820043   5.000000
814.345861   3.000000
814.871708   3.000000
815.397585   4.000000
815.923492   3.000000
816.449428   9.000000
816.975394   4.000000
817.501389   2.000000
818.027414   4.000000
818.553468   7.000000
819.079552   6.000000
819.605666   5.000000
820.131809   6.000000
820.657982   5.000000
821.184184   7.000000
821.710416   6.000000
822.236677   7.000000
822.762968   7.000000
823.289289  10.000000
823.815639   4.000000
824.342019   6.000000
824.868428   3.000000
825.394867   6.000000
825.921336   2.000000
826.447834   7.000000
826.974361   4.000000
827.500918   5.000000
828.027505   4.000000
828.554121   4.000000
829.080767   3.000000
829.607443   4.000000
830.134148   4.000000
830.660882   6.000000
831.187646   3.000000
831.714440   2.000000
832.241263   1.000000
832.768116   3.000000
833.294999   7.000000
833.821911   2.000000
834.348852   5.000000
834.875824   5.000000
835.402824   6.000000
835.929855   4.000000
836.456915   4.000000
836.984004   2.000000
837.511123   6.000000
838.038272   6.000000
838.565450   1.000000
839.092657   3.000000
839.619895   8.000000
840.147162   7.000000
840.674458  12.000000
841.201784   5.000000
841.729140   3.000000
842.256525   5.000000
842.783940   2.000000
843.311384   1.000000
843.838858   6.000000
844.366361   5.000000
844.893894   5.000000
845.421457   6.000000
845.949049  12.000000
846.476671   8.000000
847.004322   8.000000
847.532003   3.000000
848.059713   6.000000
848.587453   6.000000
849.115223   6.000000
849.643022   8.000000
850.170851   4.000000
850.698709   4.000000
851.226597   2.000000
851.754515   7.000000
852.282462   4.000000
852.810438  12.000000
853.338444   6.000000
853.866480   6.000000
854.394545   3.000000
854.922640   6.000000
855.450765   4.000000
855.978919   3.000000
856.507102   5.000000
857.035315   6.000000
857.563558   8.000000
858.091830   6.000000
858.620132   6.000000
859.148464   4.000000
859.676825   3.000000
860.205215   7.000000
860.733636   4.000000
861.262085   6.000000
861.790565   6.000000
862.319073   1.000000
862.847612   3.000000
863.376180   1.000000
863.904778   3.000000
864.433405   4.000000
864.962061   5.000000
865.490748   2.000000
866.019464   4.000000
866.548209   7.000000
867.076984   8.000000
867.605789   7.000000
868.134623   6.000000
868.663487   5.000000
869.192380   3.000000
869.721303   4.000000
870.250255   5.000000
870.779237   6.000000
871.308249   3.000000
871.837290   5.000000
872.366361   8.000000
872.895461   5.000000
873.424591   4.000000
873.953750   3.000000
874.482939   4.000000
875.012158   1.000000
875.541406   2.000000
876.070684   3.000000
876.599991   7.000000
877.129328   6.000000
877.658694   6.000000
878.188090   5.000000
878.717516   6.000000
879.246971   8.000000
879.776456   4.000000
880.305970   4.000000
880.835514   0.000000
881.365088   3.000000
881.894691   3.000000
882.424323  11.000000
882.953985   5.000000
883.483677   5.000000
884.013398   4.000000
884.543149   7.000000
885.072930   6.000000
885.602740   5.000000
886.132579   6.000000
886.662448   1.000000
887.192347   3.000000
887.722276   3.000000
888.252233   3.000000
888.782221   4.000000
889.312238   9.000000
889.842284   9.000000
890.372361   3.000000
890.902466   2.000000
891.432602   4.000000
891.962767   1.000000
892.492961   6.000000
893.023185   6.000000
893.553439   8.000000
894.083722   9.000000
894.614034   6.000000
895.144377   6.000000
895.674749   3.000000
896.205150   3.000000
896.735581   2.000000
897.266042   3.000000
897.796532   3.000000
898.327052   2.000000
898.857601   5.000000
899.388180   5.000000
899.918788   4.000000
900.449426   5.000000
900.980094   2.000000
901.510791   4.000000
902.041518   3.000000
902.572274   6.000000
903.103060   0.000000
903.633875   4.000000
904.164720   4.000000
904.695595   6.000000
905.226499   1.000000
905.757433   3.000000
906.288396   6.000000
906.819389   4.000000
907.350411   5.000000
907.881463   3.000000
908.412545   9.000000
908.943656   4.000000
909.474797   4.000000
910.005967   4.000000
910.537167   6.000000
911.068397   4.000000
911.599656   5.000000
912.130944   6.000000
912.662262   1.000000
913.193610   5.000000
913.724987   5.000000
914.256394   4.000000
914.787831   6.000000
915.319297   1.000000
915.850792   7.000000
916.382317   4.000000
916.913872   3.000000
917.445456   6.000000
917.977070   7.000000
918.508714   6.000000
919.040387   9.000000
919.572089   3.000000
920.103822   7.000000
920.635583   1.000000
921.167375   3.000000
921.699195   6.000000
922.231046   6.000000
922.762926   3.000000
923.294836   4.000000
923.826775   5.000000
924.358743   5.000000
924.890742   3.000000
925.422770   3.000000
925.954827   6.000000
926.486914   5.000000
927.019031   6.000000
927.551177   1.000000
928.083353   6.000000
928.615558   4.000000
929.147793   3.000000
929.680057   3.000000
930.212351   7.000000
930.744675   5.000000
931.277028   5.000000
931.809411   5.000000
932.341823   3.000000
932.874265   6.000000
933.406736   6.000000
933.939237   7.000000
934.471768   7.000000
935.004328   3.000000
935.536918   2.000000
936.069537  11.000000
936.602186   4.000000
937.134864   2.000000
937.667572   5.000000
938.200310   2.000000
938.733077   4.000000
939.265874   4.000000
939.798700   2.000000
940.331556   5.000000
940.864441   5.000000
941.397356   2.000000
941.930301   5.000000
942.463275   0.000000
942.996279   8.000000
943.529312   4.000000
944.062375   2.000000
944.595468   1.000000
945.128590   7.000000
945.661741   5.000000
946.194922   3.000000
946.728133   3.000000
947.261373   0.000000
947.794643   4.000000
948.327943   4.000000
948.861272   6.000000
949.394630   1.000000
949.928018   6.000000
950.461436   1.000000
950.994883  11.000000
951.528360   4.000000
952.061867   3.000000
952.595403   2.000000
953.128968   8.000000
953.662564   4.000000
954.196188   4.000000
954.729843   4.000000
955.263526   5.000000
955.797240   7.000000
956.330983   3.000000
956.864755   5.000000
957.398558   2.000000
957.932389   2.000000
958.466251   4.000000
959.000142   5.000000
959.534062   6.000000
960.068012   4.000000
960.601992   4.000000
961.136001   5.000000
961.670039   3.000000
962.204108   5.000000
962.738206   4.000000
963.272333   7.000000
963.806490   5.000000
964.340677   5.000000
964.874893   3.000000
965.409139   7.000000
965.943414   3.000000
966.477719   5.000000
967.012053   5.000000
967.546417   4.000000
968.080811   2.000000
968.615234   2.000000
969.149687   4.000000
969.684169   4.000000
970.218681   2.000000
970.753222   5.000000
971.287793   5.000000
971.822394   3.000000
972.357024   5.000000
972.891684   7.000000
973.426373   6.000000
973.961092   2.000000
974.495840   3.000000
975.030618   1.000000
975.565426   9.000000
976.100263   2.000000
976.635130   7.000000
977.170026   3.000000
977.704952   1.000000
978.239907   3.000000
978.774892   2.000000
979.309907   4.000000
979.844951   4.000000
980.380025   4.000000
980.915128   5.000000
981.450261   2.000000
981.985424   5.000000
982.520616   4.000000
983.055837   3.000000
983.591088   3.000000
984.126369   8.000000
984.661679   6.000000
985.197019   4.000000
985.732389   9.000000
986.267788   3.000000
986.803216   5.000000
987.338674   4.000000
987.874162   4.000000
988.409679   4.000000
988.945226   4.000000
989.480803   2.000000
990.016409   7.000000
990.552044   4.000000
991.087709   3.000000
991.623404   4.000000
992.159128   4.000000
992.694882   4.000000
993.230666   5.000000
993.766479   6.000000
994.302321   4.000000
994.838194   4.000000
995.374095   5.000000
995.910027   4.000000
996.445987   4.000000
996.981978   3.000000
997.517998   4.000000
998.054047   6.000000
998.590127   4.000000
999.126235   1.000000
999.662374   2.000000
1000.198542   4.000000
1000.734739   5.000000
1001.270966   2.000000
1001.807223   3.000000
1002.343509   3.000000
1002.879824   4.000000
1003.416170   2.000000
1003.952545   4.000000
1004.488949   7.000000
1005.025383   1.000000
1005.561847   2.000000
1006.098340   4.000000
1006.634863   4.000000
1007.171415   3.000000
1007.707997   6.000000
1008.244608   6.000000
1008.781249   2.000000
1009.317920   7.000000
1009.854620   5.000000
1010.391350   4.000000
1010.928109   8.000000
1011.464898   3.000000
1012.001716   4.000000
1012.538564   4.000000
1013.075442   8.000000
1013.612349   4.000000
1014.149286   1.000000
1014.686252   4.000000
1015.223248   2.000000
1015.760273   1.000000
1016.297328   2.000000
1016.834413   8.000000
1017.371527   5.000000
1017.908671   4.000000
1018.445844   0.000000
1018.983047   5.000000
1019.520279   5.000000
1020.057541   4.000000
1020.594833   3.000000
1021.132154   2.000000
1021.669505   7.000000
1022.206885   5.000000
1022.744295   0.000000
1023.281734   3.000000
1023.819203   3.000000
1024.356702   4.000000
1024.894230   2.000000
1025.431788   6.000000
1025.969375   4.000000
1026.506992   5.000000
1027.044638   1.000000
1027.582315   3.000000
1028.120020   0.000000
1028.657755   3.000000
1029.195520   3.000000
1029.733314   2.000000
1030.271138   2.000000
1030.808992   1.000000
1031.346875   5.000000
1031.884787   4.000000
1032.422729   5.000000
1032.960701   3.000000
1033.498702   5.000000
1034.036733   3.000000
1034.574794   2.000000
1035.112884   4.000000
1035.651003   3.000000
1036.189152   3.000000
1036.727331   3.000000
1037.265539   5.000000
1037.803777   5.000000
1038.342045   4.000000
1038.880342   3.000000
1039.418668   1.000000
1039.957024   2.000000
1040.495410   1.000000
1041.033825   2.000000
1041.572270   2.000000
1042.110745   2.000000
1042.649249   6.000000
1043.187782   7.000000
1043.726346   2.000000
1044.264938   0.000000
1044.803561   3.000000
1045.342212   5.000000
1045.880894   2.000000
1046.419605   1.000000
1046.958345   7.000000
1047.497116   4.000000
1048.035915   3.000000
1048.574745   2.000000
1049.113603   2.000000
1049.652492   2.000000
1050.191410   1.000000
1050.730357   4.000000
1051.269335   6.000000
1051.808341   3.000000
1052.347378   3.000000
1052.886444   3.000000
1053.425539   4.000000
1053.964664   4.000000
1054.503819   0.000000
1055.043003   4.000000
1055.582216   9.000000
1056.121460   4.000000
1056.660733   3.000000
1057.200035   3.000000
1057.739367   3.000000
1058.278729   3.000000
1058.818120   8.000000
1059.357540   1.000000
1059.896991   6.000000
1060.436471   4.000000
1060.975980   3.000000
1061.515519   5.000000
1062.055088   2.000000
1062.594686   3.000000
1063.134314   4.000000
1063.673971   6.000000
1064.213658   2.000000
1064.753374   7.000000
1065.293120   4.000000
1065.832896   1.000000
1066.372701   1.000000
1066.912536   3.000000
1067.452400   3.000000
1067.992294   5.000000
1068.532217   4.000000
1069.072170   5.000000
1069.612153   5.000000
1070.152165   3.000000
1070.692207   3.000000
1071.232278   1.000000
1071.772379   5.000000
1072.312509   3.000000
1072.852669   3.000000
1073.392859   4.000000
1073.933078   5.000000
1074.473327   5.000000
1075.013605   7.000000
1075.553913   1.000000
1076.094250   2.000000
1076.634617   3.000000
1077.175014   4.000000
1077.715440   0.000000
1078.255896   5.000000
1078.796381   2.000000
1079.336896   2.000000
1079.877440   1.000000
1080.418014   5.000000
1080.958618   5.000000
1081.499251   8.000000
1082.039914   6.000000
1082.580606   2.000000
1083.121328   2.000000
1083.662079   2.000000
1084.202860   4.000000
1084.743671   5.000000
1085.284511   2.000000
1085.825381   3.000000
1086.366280   2.000000
1086.907209   0.000000
1087.448167   4.000000
1087.989155   2.000000
1088.530173   5.000000
1089.071220   4.000000
1089.612297   3.000000
1090.153403   5.000000
1090.694539   2.000000
1091.235705   4.000000
1091.776900   2.000000
1092.318124   7.000000
1092.859378   3.000000
1093.400662   9.000000
1093.941975   2.000000
1094.483318   7.000000
1095.024691   3.000000
1095.566093   3.000000
1096.107524   3.000000
1096.648985   3.000000
1097.190476   4.000000
1097.731996   1.000000
1098.273546   2.000000
1098.815126   6.000000
1099.356735   4.000000
1099.898373   3.000000
1100.440041   6.000000
1100.981739   4.000000
1101.523466   6.000000
1102.065223   7.000000
1102.607010   4.000000
1103.148826   1.000000
1103.690671   5.000000
1104.232546   5.000000
1104.774451   3.000000
1105.316385   1.000000
1105.858349   3.000000
1106.400343   1.000000
1106.942366   5.000000
1107.484418   5.000000
1108.026500   3.000000
1108.568612   7.000000
1109.110753   2.000000
1109.652924   6.000000
1110.195125   3.000000
1110.737355   6.000000
1111.279614   2.000000
1111.821903   4.000000
1112.364222   6.000000
1112.906570   2.000000
1113.448948   3.000000
1113.991356   4.000000
1114.533793   2.000000
1115.076259   5.000000
1115.618756   2.000000
1116.161281   2.000000
1116.703837   6.000000
1117.246421   3.000000
1117.789036   4.000000
1118.331680   3.000000
1118.874353   3.000000
1119.417057   3.000000
1119.959789   2.000000
1120.502552   4.000000
1121.045343   7.000000
1121.588165   2.000000
1122.131016   8.000000
1122.673896   0.000000
1123.216807   3.000000
1123.759746   2.000000
1124.302716   1.000000
1124.845714   4.000000
1125.388743   5.000000
1125.931801   3.000000
1126.474888   4.000000
1127.018006   1.000000
1127.561152   5.000000
1128.104329   1.000000
1128.647535   3.000000
1129.190770   0.000000
1129.734035   1.000000
1130.277330   2.000000
1130.820654   3.000000
1131.364007   3.000000
1131.907391   3.000000
1132.450804   5.000000
1132.994246   7.000000
1133.537718   4.000000
1134.081220   4.000000
1134.624751   3.000000
1135.168311   4.000000
1135.711902   5.000000
1136.255522   5.000000
1136.799171   3.000000
1137.342850   8.000000
1137.886559   2.000000
1138.430297   3.000000
1138.974064   4.000000
1139.517862   2.000000
1140.061689   3.000000
1140.605545   5.000000
1141.149431   4.000000
1141.693347   7.000000
1142.237292   3.000000
1142.781266   2.000000
1143.325271   0.000000
1143.869305   3.000000
1144.413368   6.000000
1144.957461   7.000000
1145.501584   2.000000
1146.045736   5.000000
1146.589918   1.000000
1147.134129   2.000000
1147.678370   4.000000
1148.222640   4.000000
1148.766940   1.000000
1149.311270   6.000000
1149.855629   3.000000
1150.400018   2.000000
1150.944436   3.000000
1151.488884   1.000000
1152.033361   5.000000
1152.577868   5.000000
1153.122405   9.000000
1153.666971   3.000000
1154.211567   3.000000
1154.756192   4.000000
1155.300847   1.000000
1155.845531   3.000000
1156.390245   3.000000
1156.934989   2.000000
1157.479762   5.000000
1158.024565   4.000000
1158.569397   1.000000
1159.114259   2.000000
1159.659150   6.000000
1160.204071   4.000000
1160.749022   4.000000
1161.294002   2.000000
1161.839012   4.000000
1162.384051   3.000000
1162.929120   3.000000
1163.474218   1.000000
1164.019346   4.000000
1164.564504   5.000000
1165.109691   2.000000
1165.654908   2.000000
1166.200154   3.000000
1166.745430   6.000000
1167.290735   2.000000
1167.836070   2.000000
1168.381435   3.000000
1168.926829   3.000000
1169.472253   3.000000
1170.017706   3.000000
1170.563189   3.000000
1171.108701   4.000000
1171.654243   2.000000
1172.199815   4.000000
1172.745416   3.000000
1173.291047   2.000000
1173.836707   3.000000
1174.382397   3.000000
1174.928116   3.000000
1175.473865   3.000000
1176.019644   2.000000
1176.565452   4.000000
1177.111290   7.000000
1177.657157   4.000000
1178.203054   3.000000
1178.748980   2.000000
1179.294936   2.000000
1179.840922   0.000000
1180.386937   1.000000
1180.932982   5.000000
1181.479056   2.000000
1182.025160   7.000000
1182.571293   3.000000
1183.117456   4.000000
1183.663649   2.000000
1184.209871   2.000000
1184.756123   4.000000
1185.302404   4.000000
1185.848715   1.000000
1186.395055   3.000000
1186.941425   4.000000
1187.487825   2.000000
1188.034254   3.000000
1188.580713   3.000000
1189.127201   1.000000
1189.673719   1.000000
1190.220266   3.000000
1190.766843   5.000000
1191.313450   1.000000
1191.860086   2.000000
1192.406752   2.000000
1192.953447   2.000000
1193.500172   1.000000
1194.046926   0.000000
1194.593710   1.000000
1195.140524   5.000000
1195.687367   2.000000
1196.234240   2.000000
1196.781142   8.000000
1197.328074   1.000000
1197.875035   5.000000
1198.422026   3.000000
1198.969047   1.000000
1199.516097   4.000000
1200.063177   4.000000
1200.610286   4.000000
1201.157425   2.000000
1201.704593   3.000000
1202.251791   6.000000
1202.799019   0.000000
1203.346276   4.000000
1203.893563   1.000000
1204.440879   2.000000
1204.988225   2.000000
1205.535600   2.000000
1206.083005   3.000000
1206.630440   3.000000
1207.177904   2.000000
1207.725398   3.000000
1208.272921   5.000000
1208.820474   1.000000
1209.368056   1.000000
1209.915668   5.000000
1210.463310   4.000000
1211.010981   5.000000
1211.558682   5.000000
1212.106412   3.000000
1212.654172   3.000000
1213.201961   7.000000
1213.749780   1.000000
1214.297629   3.000000
1214.845507   1.000000
1215.393415   4.000000
1215.941352   5.000000
1216.489319   3.000000
1217.037315   7.000000
1217.585341   8.000000
1218.133397   1.000000
1218.681482   5.000000
1219.229597   2.000000
1219.777741   3.000000
1220.325915   3.000000
1220.874118   0.000000
1221.422351   3.000000
1221.970614   1.000000
1222.518906   2.000000
1223.067228   3.000000
1223.615579   2.000000
1224.163960   2.000000
1224.712370   3.000000
1225.260810   1.000000
1225.809280   2.000000
1226.357779   0.000000
1226.906308   4.000000
1227.454866   3.000000
1228.003454   2.000000
1228.552071   1.000000
1229.100718   3.000000
1229.649395   3.000000
1230.198101   0.000000
1230.746837   2.000000
1231.295602   4.000000
1231.844397   1.000000
1232.393221   7.000000
1232.942075   3.000000
1233.490959   5.000000
1234.039872   2.000000
1234.588815   1.000000
1235.137787   5.000000
1235.686789   2.000000
1236.235820   3.000000
1236.784881   1.000000
1237.333972   2.000000
1237.883092   3.000000
1238.432242   2.000000
1238.981421   3.000000
1239.530630   2.000000
1240.079868   2.000000
1240.629136   2.000000
1241.178434   3.000000
1241.727761   3.000000
1242.277118   2.000000
1242.826504   2.000000
1243.375920   2.000000
1243.925365   4.000000
1244.474840   1.000000
1245.024345   2.000000
1245.573879   6.000000
1246.123443   0.000000
1246.673036   3.000000
1247.222659   2.000000
1247.772311   4.000000
1248.321993   3.000000
1248.871705   2.000000
1249.421446   0.000000
1249.971217   2.000000
1250.521017   4.000000
1251.070847   2.000000
1251.620706   1.000000
1252.170595   2.000000
1252.720514   4.000000
1253.270462   3.000000
1253.820440   2.000000
1254.370447   5.000000
1254.920484   2.000000
1255.470550   4.000000
1256.020646   2.000000
1256.570772   2.000000
1257.120927   3.000000
1257.671112   3.000000
1258.221326   0.000000
1258.771570   3.000000
1259.321843   0.000000
1259.872146   2.000000
1260.422479   1.000000
1260.972841   1.000000
1261.523233   3.000000
1262.073654   4.000000
1262.624105   4.000000
1263.174585   1.000000
1263.725095   2.000000
1264.275635   2.000000
1264.826204   4.000000
1265.376803   3.000000
1265.927431   5.000000
1266.478089   3.000000
1267.028776   5.000000
1267.579493   0.000000
1268.130240   2.000000
1268.681016   1.000000
1269.231822   2.000000
1269.782657   1.000000
1270.333522   2.000000
1270.884416   1.000000
1271.435340   3.000000
1271.986294   2.000000
1272.537277   5.000000
1273.088290   0.000000
1273.639332   2.000000
1274.190404   5.000000
1274.741505   0.000000
1275.292636   2.000000
1275.843797   1.000000
1276.394987   1.000000
1276.946207   1.000000
1277.497456   1.000000
1278.048735   2.000000
1278.600043   1.000000
1279.151381   2.000000
1279.702749   2.000000
1280.254146   7.000000
1280.805573   1.000000
1281.357029   1.000000
1281.908515   3.000000
1282.460030   1.000000
1283.011575   0.000000
1283.563150   0.000000
1284.114754   1.000000
1284.666388   2.000000
1285.218051   0.000000
1285.769744   1.000000
1286.321466   2.000000
1286.873218   0.000000
1287.425000   1.000000
1287.976811   2.000000
1288.528652   4.000000
1289.080522   3.000000
1289.632422   0.000000
1290.184351   3.000000
1290.736310   1.000000
1291.288299   0.000000
1291.840317   2.000000
1292.392365   0.000000
1292.944442   0.000000
1293.496549   4.000000
1294.048685   1.000000
1294.600851   5.000000
1295.153047   1.000000
1295.705272   1.000000
1296.257527   2.000000
1296.809811   2.000000
1297.362125   0.000000
1297.914468   2.000000
1298.466841   2.000000
1299.019244   1.000000
1299.571676   2.000000
1300.124138   1.000000
1300.676629   0.000000
1301.229150   0.000000
1301.781700   1.000000
1302.334280   1.000000
1302.886890   3.000000
1303.439529   4.000000
1303.992198   0.000000
1304.544896   3.000000
1305.097624   2.000000
1305.650381   0.000000
1306.203168   2.000000
1306.755985   3.000000
1307.308831   1.000000
1307.861706   0.000000
1308.414612   1.000000
1308.967547   1.000000
1309.520511   1.000000
1310.073505   0.000000
1310.626529   2.000000
1311.179582   2.000000
1311.732664   1.000000
1312.285777   2.000000
1312.838919   1.000000
1313.392090   1.000000
1313.945291   0.000000
1314.498522   3.000000
1315.051782   1.000000
1315.605071   6.000000
1316.158391   1.000000
1316.711740   2.000000
1317.265118   5.000000
1317.818526   2.000000
1318.371964   1.000000
1318.925431   5.000000
1319.478927   1.000000
1320.032454   3.000000
1320.586010   2.000000
1321.139595   3.000000
1321.693210   3.000000
1322.246855   1.000000
1322.800529   1.000000
1323.354232   3.000000
1323.907966   2.000000
1324.461728   1.000000
1325.015521   4.000000
1325.569343   0.000000
1326.123194   0.000000
1326.677076   2.000000
1327.230986   3.000000
1327.784927   3.000000
1328.338896   3.000000
1328.892896   0.000000
1329.446925   1.000000
1330.000983   1.000000
1330.555072   1.000000
1331.109189   2.000000
1331.663337   2.000000
1332.217513   0.000000
1332.771720   2.000000
1333.325956   2.000000
1333.880221   3.000000
1334.434517   1.000000
1334.988841   2.000000
1335.543196   0.000000
1336.097579   1.000000
1336.651993   0.000000
1337.206436   2.000000
1337.760908   2.000000
1338.315410   1.000000
1338.869942   1.000000
1339.424503   0.000000
1339.979094   2.000000
1340.533715   5.000000
1341.088365   1.000000
1341.643044   0.000000
1342.197753   2.000000
1342.752492   1.000000
1343.307260   0.000000
1343.862058   1.000000
1344.416886   1.000000
1344.971743   2.000000
1345.526629   1.000000
1346.081545   1.000000
1346.636491   1.000000
1347.191466   1.000000
1347.746471   1.000000
1348.301506   2.000000
1348.856570   2.000000
1349.411663   0.000000
1349.966786   1.000000
1350.521939   1.000000
1351.077121   1.000000
1351.632333   0.000000
1352.187575   0.000000
1352.742846   2.000000
1353.298146   0.000000
1353.853476   2.000000
1354.408836   1.000000
1354.964225   0.000000
1355.519644   1.000000
1356.075093   2.000000
1356.630571   0.000000
1357.186078   0.000000
1357.741615   4.000000
1358.297182   2.000000
1358.852778   0.000000
1359.408404   1.000000
1359.964060   3.000000
1360.519745   1.000000
1361.075459   2.000000
1361.631203   2.000000
1362.186977   2.000000
1362.742780   0.000000
1363.298613   1.000000
1363.854475   4.000000
1364.410367   2.000000
1364.966289   1.000000
1365.522240   0.000000
1366.078221   0.000000
1366.634231   0.000000
1367.190271   2.000000
1367.746340   1.000000
1368.302439   4.000000
1368.858568   4.000000
1369.414726   0.000000
1369.970914   1.000000
1370.527131   4.000000
1371.083378   0.000000
1371.639654   3.000000
1372.195960   4.000000
1372.752296   2.000000
1373.308661   1.000000
1373.865056   2.000000
1374.421480   0.000000
1374.977934   0.000000
1375.534417   1.000000
1376.090930   0.000000
1376.647473   1.000000
1377.204045   5.000000
1377.760647   2.000000
1378.317278   4.000000
1378.873939   5.000000
1379.430629   1.000000
1379.987349   3.000000
1380.544099   4.000000
1381.100878   3.000000
1381.657687   3.000000
1382.214525   2.000000
1382.771393   1.000000
1383.328290   2.000000
1383.885217   0.000000
1384.442174   3.000000
1384.999160   0.000000
1385.556176   0.000000
1386.113221   0.000000
1386.670296   1.000000
1387.227400   1.000000
1387.784534   0.000000
1388.341698   2.000000
1388.898891   1.000000
1389.456114   0.000000
1390.013366   3.000000
1390.570648   0.000000
1391.127959   4.000000
1391.685300   2.000000
1392.242671   0.000000
1392.800071   3.000000
1393.357500   3.000000
1393.914960   1.000000
1394.472449   0.000000
1395.029967   3.000000
1395.587515   1.000000
1396.145093   3.000000
1396.702700   3.000000
1397.260336   0.000000
1397.818003   2.000000
1398.375699   1.000000
1398.933424   2.000000
1399.491179   0.000000
1400.048964   3.000000
1400.606778   4.000000
1401.164621   2.000000
1401.722495   0.000000
1402.280397   0.000000
1402.838330   2.000000
1403.396292   0.000000
1403.954283   4.000000
1404.512305   1.000000
1405.070355   4.000000
1405.628436   1.000000
1406.186545   0.000000
1406.744685   6.000000
1407.302854   4.000000
1407.861052   4.000000
1408.419281   0.000000
1408.977538   0.000000
1409.535825   4.000000
1410.094142   3.000000
1410.652489   4.000000
1411.210865   1.000000
1411.769270   1.000000
1412.327705   0.000000
1412.886170   7.000000
1413.444664   2.000000
1414.003188   1.000000
1414.561742   4.000000
1415.120325   3.000000
1415.678937   1.000000
1416.237579   3.000000
1416.796251   2.000000
1417.354952   2.000000
1417.913683   2.000000
1418.472444   2.000000
1419.031234   0.000000
1419.590053   2.000000
1420.148902   0.000000
1420.707781   5.000000
1421.266689   1.000000
1421.825627   4.000000
1422.384595   3.000000
1422.943592   7.000000
1423.502618   5.000000
1424.061674   2.000000
1424.620760   2.000000
1425.179875   2.000000
1425.739020   1.000000
1426.298194   3.000000
1426.857398   2.000000
1427.416632   3.000000
1427.975895   5.000000
1428.535188   2.000000
1429.094510   5.000000
1429.653862   3.000000
1430.213243   6.000000
1430.772654   4.000000
1431.332095   8.000000
1431.891565   5.000000
1432.451065   5.000000
1433.010594   4.000000
1433.570153   4.000000
1434.129741   5.000000
1434.689359   3.000000
1435.249007   5.000000
1435.808684   1.000000
1436.368391   7.000000
1436.928127   3.000000
1437.487893   3.000000
1438.047688   8.000000
1438.607513   5.000000
1439.167368   3.000000
1439.727252   8.000000
1440.287166   3.000000
1440.847109   6.000000
1441.407082   8.000000
1441.967084   4.000000
1442.527116   7.000000
1443.087178   4.000000
1443.647269   5.000000
1444.207390   4.000000
1444.767540  10.000000
1445.327720   3.000000
1445.887929   4.000000
1446.448168   2.000000
1447.008437   2.000000
1447.568735   7.000000
1448.129062   5.000000
1448.689420   5.000000
1449.249807   3.000000
1449.810223   4.000000
1450.370669   2.000000
1450.931145   7.000000
1451.491650   6.000000
1452.052184   3.000000
1452.612749   3.000000
1453.173343   7.000000
1453.733966  10.000000
1454.294619   5.000000
1454.855301   3.000000
1455.416014   4.000000
1455.976755   4.000000
1456.537527   4.000000
1457.098327   6.000000
1457.659158   4.000000
1458.220018   9.000000
1458.780907   7.000000
1459.341827   5.000000
1459.902775   4.000000
1460.463754   8.000000
1461.024761   2.000000
1461.585799   5.000000
1462.146866   3.000000
1462.707962   4.000000
1463.269088   8.000000
1463.830244   3.000000
1464.391429   9.000000
1464.952644   6.000000
1465.513889   4.000000
1466.075163   5.000000
1466.636466   9.000000
1467.197799   5.000000
1467.759162  11.000000
1468.320554   8.000000
1468.881976   7.000000
1469.443428   6.000000
1470.004909   7.000000
1470.566419   5.000000
1471.127959  10.000000
1471.689529   9.000000
1472.251128   8.000000
1472.812757   9.000000
1473.374416   5.000000
1473.936103   6.000000
1474.497821   5.000000
1475.059568   5.000000
1475.621345   8.000000
1476.183151   4.000000
1476.744987   4.000000
1477.306852   7.000000
1477.868747   6.000000
1478.430672   7.000000
1478.992626   5.000000
1479.554610   3.000000
1480.116623   2.000000
1480.678666   4.000000
1481.240738   6.000000
1481.802840   5.000000
1482.364972   3.000000
1482.927133   5.000000
1483.489324   6.000000
1484.051544   1.000000
1484.613794   5.000000
1485.176073   4.000000
1485.738382   6.000000
1486.300721   4.000000
1486.863089   4.000000
1487.425487   3.000000
1487.987914   6.000000
1488.550371   7.000000
1489.112857   4.000000
1489.675373   3.000000
1490.237919   3.000000
1490.800494   4.000000
1491.363099   5.000000
1491.925733   4.000000
1492.488397   5.000000
1493.051090   4.000000
1493.613813   9.000000
1494.176566   4.000000
1494.739348   3.000000
1495.302159   4.000000
1495.865001   2.000000
1496.427872   6.000000
1496.990772   3.000000
1497.553702   1.000000
1498.116661   2.000000
1498.679651   2.000000
1499.242669   4.000000
1499.805718   3.000000
1500.368795   4.000000
1500.931903   2.000000
1501.495040   4.000000
1502.058206   0.000000
1502.621403   7.000000
1503.184628   2.000000
1503.747883   2.000000
1504.311168   3.000000
1504.874483   2.000000
1505.437827   1.000000
1506.001200   1.000000
1506.564603   2.000000
1507.128036   9.000000
1507.691498   1.000000
1508.254990   2.000000
1508.818512   5.000000
1509.382063   2.000000
1509.945643   1.000000
1510.509253   2.000000
1511.072893   0.000000
1511.636562   1.000000
1512.200261   2.000000
1512.763990   1.000000
1513.327748   1.000000
1513.891535   1.000000
1514.455352   2.000000
1515.019199   2.000000
1515.583075   0.000000
1516.146981   1.000000
1516.710916   2.000000
1517.274881   4.000000
1517.838876   4.000000
1518.402900   4.000000
1518.966954   4.000000
1519.531037   4.000000
1520.095150   2.000000
1520.659292   1.000000
1521.223464   1.000000
1521.787666   1.000000
1522.351897   0.000000
1522.916158   0.000000
1523.480448   1.000000
1524.044768   3.000000
1524.609117   1.000000
1525.173496   1.000000
1525.737905   2.000000
1526.302343   1.000000
1526.866811   1.000000
1527.431308   0.000000
1527.995835   0.000000
1528.560391   3.000000
1529.124977   2.000000
1529.689593   2.000000
1530.254238   1.000000
1530.818912   3.000000
1531.383617   2.000000
1531.948351   3.000000
1532.513114   0.000000
1533.077907   3.000000
1533.642730   0.000000
1534.207582   1.000000
1534.772463   2.000000
1535.337375   1.000000
1535.902315   0.000000
1536.467286   1.000000
1537.032286   2.000000
1537.597315   1.000000
1538.162375   2.000000
1538.727463   0.000000
1539.292582   0.000000
1539.857729   4.000000
1540.422907   1.000000
1540.988114   2.000000
1541.553350   1.000000
1542.118616   1.000000
1542.683912   0.000000
1543.249237   1.000000
1543.814592   2.000000
1544.379977   0.000000
1544.945391   1.000000
1545.510834   0.000000
1546.076307   1.000000
1546.641810   2.000000
1547.207342   1.000000
1547.772904   0.000000
1548.338496   0.000000
1548.904117   1.000000
1549.469767   0.000000
1550.035447   2.000000
1550.601157   0.000000
1551.166896   1.000000
1551.732665   0.000000
1552.298463   2.000000
1552.864291   0.000000
1553.430149   0.000000
1553.996036   1.000000
1554.561953   0.000000
1555.127899   1.000000
1555.693875   1.000000
1556.259880   1.000000
1556.825915   1.000000
1557.391980   1.000000
1557.958074   1.000000
1558.524198   0.000000
1559.090351   1.000000
1559.656534   2.000000
1560.222746   3.000000
1560.788988   1.000000
1561.355260   3.000000
1561.921561   1.000000
1562.487892   0.000000
1563.054252   0.000000
1563.620642   1.000000
1564.187061   0.000000
1564.753510   0.000000
1565.319989   0.000000
1565.886497   1.000000
1566.453034   2.000000
1567.019602   1.000000
1567.586199   2.000000
1568.152825   0.000000
1568.719481   0.000000
1569.286166   1.000000
1569.852882   0.000000
1570.419626   1.000000
1570.986401   2.000000
1571.553204   3.000000
1572.120038   0.000000
1572.686901   2.000000
1573.253793   0.000000
1573.820715   4.000000
1574.387667   0.000000
1574.954648   3.000000
1575.521659   0.000000
1576.088700   0.000000
1576.655770   0.000000
1577.222869   1.000000
1577.789998   1.000000
1578.357157   0.000000
1578.924345   1.000000
1579.491563   1.000000
1580.058811   0.000000
1580.626088   2.000000
1581.193394   0.000000
1581.760730   0.000000
1582.328096   1.000000
1582.895491   0.000000
1583.462916   1.000000
1584.030370   0.000000
1584.597854   2.000000
1585.165368   0.000000
1585.732911   2.000000
1586.300484   0.000000
1586.868086   1.000000
1587.435718   0.000000
1588.003379   1.000000
1588.571070   2.000000
1589.138791   1.000000
1589.706541   1.000000
1590.274321   0.000000
1590.842130   0.000000
1591.409969   0.000000
1591.977837   0.000000
1592.545735   1.000000
1593.113663   1.000000
1593.681620   0.000000
1594.249607   0.000000
1594.817623   2.000000
1595.385669   0.000000
1595.953744   1.000000
1596.521849   0.000000
1597.089984   1.000000
1597.658148   2.000000
1598.226341   1.000000
1598.794565   0.000000
1599.362818   1.000000
1599.931100   0.000000
1600.499412   0.000000
1601.067753   1.000000
1601.636125   1.000000
1602.204525   2.000000
1602.772956   2.000000
1603.341415   0.000000
1603.909905   1.000000
1604.478424   0.000000
1605.046972   2.000000
1605.615550   1.000000
1606.184158   1.000000
1606.752795   0.000000
1607.321462   0.000000
1607.890159   1.000000
1608.458885   1.000000
1609.027640   1.000000
1609.596425   1.000000
1610.165240   1.000000
1610.734084   0.000000
1611.302958   1.000000
1611.871862   0.000000
1612.440794   2.000000
1613.009757   1.000000
1613.578749   2.000000
1614.147771   0.000000
1614.716822   0.000000
1615.285903   1.000000
1615.855013   0.000000
1616.424153   1.000000
1616.993323   0.000000
1617.562522   1.000000
1618.131751   1.000000
1618.701009   0.000000
1619.270297   4.000000
1619.839614   0.000000
1620.408961   0.000000
1620.978338   0.000000
1621.547744   1.000000
1622.117180   2.000000
1622.686645   0.000000
1623.256140   0.000000
1623.825664   2.000000
1624.395218   1.000000
1624.964802   1.000000
1625.534415   1.000000
1626.104057   0.000000
1626.673730   4.000000
1627.243432   0.000000
1627.813163   1.000000
1628.382924   1.000000
1628.952714   0.000000
1629.522535   0.000000
1630.092384   0.000000
1630.662264   0.000000
1631.232172   0.000000
1631.802111   0.000000
1632.372079   0.000000
1632.942076   1.000000
1633.512103   1.000000
1634.082160   1.000000
1634.652246   0.000000
1635.222362   0.000000
1635.792508   0.000000
1636.362683   0.000000
1636.932887   2.000000
1637.503121   1.000000
1638.073385   0.000000
1638.643678   0.000000
1639.214001   0.000000
1639.784354   2.000000
1640.354735   2.000000
1640.925147   0.000000
1641.495588   0.000000
1642.066059   0.000000
1642.636559   0.000000
1643.207089   0.000000
1643.777648   1.000000
1644.348237   0.000000
1644.918856   1.000000
1645.489504   0.000000
1646.060182   0.000000
1646.630889   4.000000
1647.201626   2.000000
1647.772392   0.000000
1648.343188   0.000000
1648.914014   0.000000
1649.484869   1.000000
1650.055754   1.000000
1650.626668   0.000000
1651.197612   2.000000
1651.768585   1.000000
1652.339588   0.000000
1652.910621   1.000000
1653.481683   1.000000
1654.052774   1.000000
1654.623896   0.000000
1655.195046   0.000000
1655.766227   0.000000
1656.337437   0.000000
1656.908676   0.000000
1657.479946   0.000000
1658.051244   0.000000
1658.622573   1.000000
1659.193930   0.000000
1659.765318   1.000000
1660.336735   1.000000
1660.908181   0.000000
1661.479657   0.000000
1662.051163   0.000000
1662.622698   1.000000
1663.194263   1.000000
1663.765858   0.000000
1664.337482   2.000000
1664.909135   0.000000
1665.480818   2.000000
1666.052531   0.000000
1666.624273   0.000000
1667.196045   1.000000
1667.767846   1.000000
1668.339677   0.000000
1668.911538   0.000000
1669.483428   0.000000
1670.055348   2.000000
1670.627297   0.000000
1671.199276   1.000000
1671.771284   0.000000
1672.343322   0.000000
1672.915390   0.000000
1673.487487   0.000000
1674.059614   1.000000
1674.631770   0.000000
1675.203956   0.000000
1675.776171   2.000000
1676.348416   1.000000
1676.920691   0.000000
1677.492995   0.000000
1678.065328   2.000000
1678.637692   1.000000
1679.210085   0.000000
1679.782507   1.000000
1680.354959   1.000000
1680.927440   3.000000
1681.499952   1.000000
1682.072492   0.000000
1682.645063   0.000000
1683.217662   0.000000
1683.790292   0.000000
1684.362951   1.000000
1684.935639   0.000000
1685.508357   2.000000
1686.081105   0.000000
1686.653882   2.000000
1687.226689   0.000000
1687.799526   0.000000
1688.372392   0.000000
1688.945287   1.000000
1689.518212   0.000000
1690.091167   1.000000
1690.664151   0.000000
1691.237165   0.000000
1691.810208   0.000000
1692.383281   0.000000
1692.956384   0.000000
1693.529516   0.000000
1694.102678   2.000000
1694.675869   3.000000
1695.249090   0.000000
1695.822340   1.000000
1696.395620   0.000000
1696.968930   0.000000
1697.542269   0.000000
1698.115638   1.000000
1698.689036   0.000000
1699.262464   1.000000
1699.835921   2.000000
1700.409408   2.000000
1700.982925   0.000000
1701.556471   1.000000
1702.130046   0.000000
1702.703652   1.000000
1703.277287   1.000000
1703.850951   0.000000
1704.424645   0.000000
1704.998368   0.000000
1705.572122   0.000000
1706.145904   1.000000
1706.719717   2.000000
1707.293558   1.000000
1707.867430   0.000000
1708.441331   0.000000
1709.015261   0.000000
1709.589221   0.000000
1710.163211   0.000000
1710.737230   2.000000
1711.311279   1.000000
1711.885358   0.000000
1712.459466   1.000000
1713.033603   0.000000
1713.607770   0.000000
1714.181967   1.000000
1714.756193   1.000000
1715.330449   0.000000
1715.904734   2.000000
1716.479049   0.000000
1717.053394   0.000000
1717.627768   1.000000
1718.202172   1.000000
1718.776605   0.000000
1719.351068   2.000000
1719.925560   1.000000
1720.500082   0.000000
1721.074634   0.000000
1721.649215   0.000000
1722.223826   0.000000
1722.798466   1.000000
1723.373136   1.000000
1723.947835   0.000000
1724.522564   0.000000
1725.097323   3.000000
1725.672111   0.000000
1726.246928   1.000000
1726.821776   1.000000
1727.396652   1.000000
1727.971559   2.000000
1728.546495   0.000000
1729.121460   0.000000
1729.696456   0.000000
1730.271480   0.000000
1730.846534   4.000000
1731.421618   0.000000
1731.996732   0.000000
1732.571875   0.000000
1733.147047   1.000000
1733.722249   1.000000
1734.297481   2.000000
1734.872742   1.000000
1735.448033   0.000000
1736.023354   0.000000
1736.598704   0.000000
1737.174083   0.000000
1737.749492   0.000000
1738.324931   0.000000
1738.900399   0.000000
1739.475897   0.000000
1740.051424   1.000000
1740.626981   4.000000
1741.202568   0.000000
1741.778184   1.000000
1742.353830   1.000000
1742.929505   1.000000
1743.505210   0.000000
1744.080944   1.000000
1744.656708   3.000000
1745.232502   2.000000
1745.808325   3.000000
1746.384177   1.000000
1746.960060   1.000000
1747.535972   0.000000
1748.111913   0.000000
1748.687884   1.000000
1749.263885   0.000000
1749.839915   0.000000
1750.415974   0.000000
1750.992064   0.000000
1751.568182   1.000000
1752.144331   2.000000
1752.720509   1.000000
1753.296716   0.000000
1753.872953   1.000000
1754.449220   1.000000
1755.025516   1.000000
1755.601842   0.000000
1756.178198   0.000000
1756.754583   0.000000
1757.330997   0.000000
1757.907441   1.000000
1758.483915   1.000000
1759.060418   0.000000
1759.636951   2.000000
1760.213513   0.000000
1760.790105   0.000000
1761.366727   0.000000
1761.943378   1.000000
1762.520059   1.000000
1763.096769   1.000000
1763.673509   0.000000
1764.250278   0.000000
1764.827077   0.000000
1765.403906   0.000000
1765.980764   1.000000
1766.557652   1.000000
1767.134569   1.000000
1767.711516   2.000000
1768.288492   0.000000
1768.865498   0.000000
1769.442534   0.000000
1770.019599   0.000000
1770.596693   1.000000
1771.173818   1.000000
1771.750971   1.000000
1772.328155   0.000000
1772.905368   0.000000
1773.482610   2.000000
1774.059882   0.000000
1774.637184   2.000000
1775.214515   3.000000
1775.791876   1.000000
1776.369267   2.000000
1776.946687   2.000000
1777.524136   1.000000
1778.101615   1.000000
1778.679124   0.000000
1779.256662   0.000000
1779.834230   1.000000
1780.411827   2.000000
1780.989454   1.000000
1781.567111   0.000000
1782.144797   0.000000
1782.722513   1.000000
1783.300258   2.000000
1783.878033   0.000000
1784.455837   0.000000
1785.033671   3.000000
1785.611535   0.000000
1786.189428   2.000000
1786.767351   0.000000
1787.345303   2.000000
1787.923285   0.000000
1788.501296   1.000000
1789.079337   0.000000
1789.657408   0.000000
1790.235508   0.000000
1790.813637   0.000000
1791.391797   2.000000
1791.969985   2.000000
1792.548204   0.000000
1793.126452   1.000000
1793.704729   0.000000
1794.283036   1.000000
1794.861373   2.000000
1795.439739   1.000000
1796.018135   0.000000
1796.596561   0.000000
1797.175016   1.000000
1797.753500   1.000000
1798.332014   1.000000
1798.910558   0.000000
1799.489131   0.000000
1800.067734   1.000000
1800.646366   1.000000
1801.225028   1.000000
1801.803720   0.000000
1802.382441   1.000000
1802.961192   0.000000
1803.539972   0.000000
1804.118782   0.000000
1804.697621   1.000000
1805.276490   1.000000
1805.855389   1.000000
1806.434317   0.000000
1807.013275   1.000000
1807.592262   1.000000
1808.171279   2.000000
1808.750325   0.000000
1809.329401   1.000000
1809.908507   1.000000
1810.487642   0.000000
1811.066806   0.000000
1811.646001   0.000000
1812.225224   1.000000
1812.804478   0.000000
1813.383761   0.000000
1813.963073   1.000000
1814.542415   0.000000
1815.121787   0.000000
1815.701188   1.000000
1816.280619   1.000000
1816.860080   0.000000
1817.439570   1.000000
1818.019089   1.000000
1818.598638   1.000000
1819.178217   1.000000
1819.757825   1.000000
1820.337463   1.000000
1820.917130   0.000000
1821.496827   0.000000
1822.076554   0.000000
1822.656310   0.000000
1823.236096   0.000000
1823.815911   0.000000
1824.395756   0.000000
1824.975630   1.000000
1825.555534   1.000000
1826.135468   0.000000
1826.715431   1.000000
1827.295423   0.000000
1827.875446   0.000000
1828.455498   0.000000
1829.035579   0.000000
1829.615690   0.000000
1830.195830   1.000000
1830.776001   0.000000
1831.356200   1.000000
1831.936430   0.000000
1832.516688   0.000000
1833.096977   0.000000
1833.677295   1.000000
1834.257642   0.000000
1834.838019   1.000000
1835.418426   0.000000
1835.998862   1.000000
1836.579328   0.000000
1837.159824   3.000000
1837.740349   0.000000
1838.320903   0.000000
1838.901487   0.000000
1839.482101   0.000000
1840.062744   0.000000
1840.643417   0.000000
1841.224119   0.000000
1841.804851   0.000000
1842.385613   0.000000
1842.966404   1.000000
1843.547225   0.000000
1844.128075   0.000000
1844.708955   0.000000
1845.289864   0.000000
1845.870803   0.000000
1846.451772   0.000000
1847.032770   0.000000
1847.613797   1.000000
1848.194855   2.000000
1848.775941   1.000000
1849.357058   1.000000
1849.938204   0.000000
1850.519379   1.000000
1851.100585   0.000000
1851.681819   1.000000
1852.263083   1.000000
1852.844377   0.000000
1853.425701   0.000000
1854.007054   1.000000
1854.588436   2.000000
1855.169848   0.000000
1855.751290   0.000000
1856.332761   0.000000
1856.914262   1.000000
1857.495792   0.000000
1858.077352   1.000000
1858.658942   0.000000
1859.240561   0.000000
1859.822210   1.000000
1860.403888   0.000000
1860.985596   0.000000
1861.567333   0.000000
1862.149100   0.000000
1862.730897   0.000000
1863.312723   1.000000
1863.894579   0.000000
1864.476464   2.000000
1865.058379   0.000000
1865.640323   0.000000
1866.222297   1.000000
1866.804300   0.000000
1867.386334   1.000000
1867.968396   0.000000
1868.550489   1.000000
1869.132610   0.000000
1869.714762   1.000000
1870.296943   0.000000
1870.879153   0.000000
1871.461393   1.000000
1872.043663   0.000000
1872.625962   0.000000
1873.208291   1.000000
1873.790650   0.000000
1874.373038   0.000000
1874.955455   0.000000
1875.537902   0.000000
1876.120379   1.000000
1876.702885   0.000000
1877.285421   0.000000
1877.867986   1.000000
1878.450581   2.000000
1879.033206   2.000000
1879.615860   0.000000
1880.198544   0.000000
1880.781257   0.000000
1881.364000   1.000000
1881.946772   0.000000
1882.529574   0.000000
1883.112406   0.000000
1883.695267   0.000000
1884.278157   0.000000
1884.861078   1.000000
1885.444027   0.000000
1886.027007   0.000000
1886.610016   0.000000
1887.193054   0.000000
1887.776122   1.000000
1888.359220   0.000000
1888.942347   0.000000
1889.525504   0.000000
1890.108691   1.000000
1890.691907   0.000000
1891.275152   0.000000
1891.858427   2.000000
1892.441732   0.000000
1893.025066   0.000000
1893.608430   0.000000
1894.191823   2.000000
1894.775246   1.000000
1895.358699   1.000000
1895.942181   1.000000
1896.525693   1.000000
1897.109234   0.000000
1897.692805   0.000000
1898.276405   0.000000
1898.860035   0.000000
1899.443695   0.000000
1900.027384   0.000000
1900.611102   0.000000
1901.194851   0.000000
1901.778628   1.000000
1902.362436   0.000000
1902.946273   0.000000
1903.530139   0.000000
1904.114036   0.000000
1904.697961   0.000000
1905.281916   1.000000
1905.865901   0.000000
1906.449916   0.000000
1907.033960   0.000000
1907.618033   0.000000
1908.202136   0.000000
1908.786269   0.000000
1909.370431   2.000000
1909.954623   0.000000
1910.538844   1.000000
1911.123095   0.000000
1911.707376   0.000000
1912.291686   0.000000
1912.876026   0.000000
1913.460395   0.000000
1914.044794   1.000000
1914.629222   1.000000
1915.213680   0.000000
1915.798168   0.000000
1916.382685   1.000000
1916.967231   1.000000
1917.551808   1.000000
1918.136414   0.000000
1918.721049   0.000000
1919.305714   0.000000
1919.890408   0.000000
1920.475133   0.000000
1921.059886   1.000000
1921.644669   0.000000
1922.229482   0.000000
1922.814325   1.000000
1923.399197   0.000000
1923.984098   0.000000
1924.569029   0.000000
1925.153990   0.000000
1925.738980   0.000000
1926.324000   0.000000
1926.909049   0.000000
1927.494128   0.000000
1928.079237   0.000000
1928.664375   1.000000
1929.249543   1.000000
1929.834740   0.000000
1930.419967   1.000000
1931.005223   0.000000
1931.590509   0.000000
1932.175825   0.000000
1932.761170   0.000000
1933.346544   0.000000
1933.931949   0.000000
1934.517383   0.000000
1935.102846   0.000000
1935.688339   0.000000
1936.273861   1.000000
1936.859414   0.000000
1937.444995   1.000000
1938.030606   0.000000
1938.616247   0.000000
1939.201918   0.000000
1939.787618   0.000000
1940.373347   0.000000
1940.959106   1.000000
1941.544895   0.000000
1942.130713   0.000000
1942.716561   0.000000
1943.302438   1.000000
1943.888345   0.000000
1944.474282   1.000000
1945.060248   0.000000
1945.646244   1.000000
1946.232269   1.000000
1946.818324   0.000000
1947.404408   0.000000
1947.990522   0.000000
1948.576666   0.000000
1949.162839   0.000000
1949.749041   1.000000
1950.335274   0.000000
1950.921536   1.000000
1951.507827   0.000000
1952.094148   0.000000
1952.680498   1.000000
1953.266879   0.000000
1953.853288   2.000000
1954.439727   1.000000
1955.026196   0.000000
1955.612695   1.000000
1956.199223   1.000000
1956.785780   0.000000
1957.372367   0.000000
1957.958984   1.000000
1958.545630   0.000000
1959.132306   1.000000
1959.719011   1.000000
1960.305746   0.000000
1960.892511   0.000000
1961.479305   0.000000
1962.066129   0.000000
1962.652982   0.000000
1963.239865   1.000000
1963.826777   1.000000
1964.413719   0.000000
1965.000691   0.000000
1965.587692   0.000000
1966.174722   0.000000
1966.761783   0.000000
1967.348872   0.000000
1967.935992   0.000000
1968.523141   0.000000
1969.110319   0.000000
1969.697527   1.000000
1970.284765   0.000000
1970.872032   1.000000
1971.459329   1.000000
1972.046656   1.000000
1972.634012   1.000000
1973.221397   0.000000
1973.808812   1.000000
1974.396257   0.000000
1974.983731   0.000000
1975.571235   0.000000
1976.158768   0.000000
1976.746331   2.000000
1977.333924   0.000000
1977.921546   0.000000
1978.509198   0.000000
1979.096879   0.000000
1979.684590   0.000000
1980.272330   0.000000
1980.860100   0.000000
1981.447900   0.000000
1982.035729   0.000000
1982.623587   1.000000
1983.211476   1.000000
1983.799393   0.000000
1984.387341   0.000000
1984.975318   0.000000
1985.563324   1.000000
1986.151360   0.000000
1986.739426   0.000000
1987.327521   0.000000
1987.915646   0.000000
1988.503801   0.000000
1989.091985   0.000000
1989.680198   0.000000
1990.268441   1.000000
1990.856714   1.000000
1991.445016   0.000000
1992.033348   0.000000
1992.621709   2.000000
1993.210100   0.000000
1993.798521   1.000000
1994.386971   0.000000
1994.975451   0.000000
1995.563960   0.000000
1996.152499   1.000000
1996.741067   0.000000
1997.329665   2.000000
1997.918293   0.000000
1998.506950   0.000000
1999.095636   1.000000
1999.684353   0.000000
2000.273098   0.000000
2000.861874   0.000000
2001.450679   0.000000
2002.039513   1.000000
2002.628377   0.000000
2003.217271   0.000000
2003.806194   0.000000
2004.395147   0.000000
2004.984129   0.000000
2005.573141   1.000000
2006.162183   1.000000
2006.751254   0.000000
2007.340355   0.000000
2007.929485   0.000000
2008.518645   0.000000
2009.107834   0.000000
2009.697053   0.000000
2010.286302   0.000000
2010.875580   0.000000
2011.464887   0.000000
2012.054225   0.000000
2012.643592   0.000000
2013.232988   0.000000
2013.822414   0.000000
2014.411869   0.000000
2015.001355   0.000000
2015.590869   0.000000
2016.180413   0.000000
2016.769987   1.000000
2017.359591   0.000000
2017.949224   1.000000
2018.538886   0.000000
2019.128578   0.000000
2019.718300   1.000000
2020.308051   0.000000
2020.897832   0.000000
2021.487642   0.000000
2022.077482   0.000000
2022.667352   0.000000
2023.257251   1.000000
2023.847180   0.000000
2024.437138   1.000000
2025.027126   0.000000
2025.617143   0.000000
2026.207190   0.000000
2026.797267   0.000000
2027.387373   0.000000
2027.977508   0.000000
2028.567674   0.000000
2029.157868   0.000000
2029.748093   1.000000
2030.338347   0.000000
2030.928630   0.000000
2031.518943   0.000000
2032.109286   2.000000
2032.699658   0.000000
2033.290060   1.000000
2033.880492   0.000000
2034.470952   0.000000
2035.061443   1.000000
2035.651963   0.000000
2036.242513   0.000000
2036.833092   0.000000
2037.423701   0.000000
2038.014339   1.000000
2038.605007   0.000000
2039.195705   0.000000
2039.786432   0.000000
2040.377188   0.000000
2040.967975   0.000000
2041.558791   0.000000
2042.149636   0.000000
2042.740511   0.000000
2043.331415   0.000000
2043.922350   0.000000
2044.513313   0.000000
2045.104306   0.000000
2045.695329   0.000000
2046.286382   0.000000
2046.877464   0.000000
2047.468575   1.000000
2048.059716   1.000000
2048.650887   0.000000
2049.242087   1.000000
2049.833317   1.000000
2050.424576   0.000000
2051.015865   0.000000
2051.607184   0.000000
2052.198532   0.000000
2052.789910   0.000000
2053.381317   0.000000
2053.972754   0.000000
2054.564220   0.000000
2055.155716   0.000000
2055.747242   1.000000
2056.338797   1.000000
2056.930381   0.000000
2057.521996   0.000000
2058.113639   0.000000
2058.705313   0.000000
2059.297016   0.000000
2059.888748   0.000000
2060.480510   1.000000
2061.072302   2.000000
2061.664123   0.000000
2062.255974   0.000000
2062.847854   0.000000
2063.439764   0.000000
2064.031704   0.000000
2064.623673   1.000000
2065.215672   0.000000
2065.807700   1.000000
2066.399758   0.000000
2066.991845   1.000000
2067.583962   0.000000
2068.176109   4.000000
2068.768285   0.000000
2069.360490   1.000000
2069.952726   0.000000
2070.544991   1.000000
2071.137285   1.000000
2071.729609   1.000000
2072.321962   0.000000
2072.914345   0.000000
2073.506758   1.000000
2074.099200   0.000000
2074.691672   0.000000
2075.284174   0.000000
2075.876705   0.000000
2076.469265   1.000000
2077.061855   0.000000
2077.654475   1.000000
2078.247124   0.000000
2078.839803   0.000000
2079.432511   0.000000
2080.025249   0.000000
2080.618017   0.000000
2081.210814   1.000000
2081.803641   1.000000
2082.396497   0.000000
2082.989383   1.000000
2083.582298   1.000000
2084.175243   1.000000
2084.768217   0.000000
2085.361222   1.000000
2085.954255   0.000000
2086.547318   1.000000
2087.140411   0.000000
2087.733534   0.000000
2088.326686   0.000000
2088.919867   0.000000
2089.513078   1.000000
2090.106319   0.000000
2090.699589   2.000000
2091.292889   1.000000
2091.886218   0.000000
2092.479577   1.000000
2093.072966   0.000000
2093.666384   0.000000
2094.259832   0.000000
2094.853309   0.000000
2095.446816   0.000000
2096.040352   2.000000
2096.633918   0.000000
2097.227514   0.000000
2097.821139   0.000000
2098.414793   2.000000
2099.008478   1.000000
2099.602191   1.000000
2100.195935   1.000000
2100.789708   0.000000
2101.383510   2.000000
2101.977342   0.000000
2102.571204   1.000000
2103.165095   1.000000
2103.759016   0.000000
2104.352966   0.000000
2104.946946   1.000000
2105.540956   0.000000
2106.134995   0.000000
2106.729064   2.000000
2107.323162   1.000000
2107.917290   1.000000
2108.511447   0.000000
2109.105634   1.000000
2109.699851   1.000000
2110.294097   1.000000
2110.888372   1.000000
2111.482678   0.000000
2112.077012   1.000000
2112.671377   0.000000
2113.265771   1.000000
2113.860194   0.000000
2114.454647   1.000000
2115.049130   0.000000
2115.643642   0.000000
2116.238184   0.000000
2116.832756   2.000000
2117.427357   1.000000
2118.021987   1.000000
2118.616647   0.000000
2119.211337   1.000000
2119.806056   0.000000
2120.400805   0.000000
2120.995583   2.000000
2121.590391   0.000000
2122.185229   0.000000
2122.780096   0.000000
2123.374992   0.000000
2123.969919   0.000000
2124.564875   1.000000
2125.159860   0.000000
2125.754875   1.000000
2126.349919   1.000000
2126.944993   0.000000
2127.540097   0.000000
2128.135230   0.000000
2128.730393   1.000000
2129.325586   0.000000
2129.920808   0.000000
2130.516059   0.000000
2131.111340   0.000000
2131.706651   0.000000
2132.301991   1.000000
2132.897361   1.000000
2133.492760   1.000000
2134.088189   2.000000
2134.683648   0.000000
2135.279136   1.000000
2135.874654   0.000000
2136.470201   0.000000
2137.065778   0.000000
2137.661384   0.000000
2138.257020   0.000000
2138.852685   0.000000
2139.448381   1.000000
2140.044105   0.000000
2140.639859   0.000000
2141.235643   0.000000
2141.831457   1.000000
2142.427300   0.000000
2143.023172   0.000000
2143.619074   1.000000
2144.215006   0.000000
2144.810967   1.000000
2145.406958   4.000000
2146.002978   2.000000
2146.599028   1.000000
2147.195108   1.000000
2147.791217   0.000000
2148.387356   0.000000
2148.983524   0.000000
2149.579722   0.000000
2150.175949   2.000000
2150.772206   0.000000
2151.368492   0.000000
2151.964809   0.000000
2152.561154   0.000000
2153.157529   1.000000
2153.753934   1.000000
2154.350369   0.000000
2154.946833   0.000000
2155.543326   0.000000
2156.139849   0.000000
2156.736402   0.000000
2157.332984   1.000000
2157.929596   0.000000
2158.526237   0.000000
2159.122908   2.000000
2159.719609   1.000000
2160.316339   0.000000
2160.913099   0.000000
2161.509888   1.000000
2162.106707   0.000000
2162.703555   0.000000
2163.300433   0.000000
2163.897341   0.000000
2164.494278   0.000000
2165.091244   0.000000
2165.688241   0.000000
2166.285266   1.000000
2166.882322   2.000000
2167.479407   0.000000
2168.076521   1.000000
2168.673665   0.000000
2169.270839   0.000000
2169.868042   1.000000
2170.465275   1.000000
2171.062537   0.000000
2171.659829   1.000000
2172.257151   0.000000
2172.854502   0.000000
2173.451883   0.000000
2174.049293   1.000000
2174.646733   0.000000
2175.244202   1.000000
2175.841701   0.000000
2176.439230   0.000000
2177.036788   1.000000
2177.634375   0.000000
2178.231993   0.000000
2178.829639   0.000000
2179.427316   0.000000
2180.025022   1.000000
2180.622757   0.000000
2181.220522   0.000000
2181.818317   0.000000
2182.416141   1.000000
2183.013995   0.000000
2183.611878   0.000000
2184.209791   1.000000
2184.807734   0.000000
2185.405706   0.000000
2186.003708   0.000000
2186.601739   0.000000
2187.199800   0.000000
2187.797890   0.000000
2188.396010   0.000000
2188.994160   0.000000
2189.592339   0.000000
2190.190547   0.000000
2190.788786   0.000000
2191.387053   1.000000
2191.985351   1.000000
2192.583678   0.000000
2193.182034   0.000000
2193.780420   0.000000
2194.378836   1.000000
2194.977281   0.000000
2195.575756   1.000000
2196.174260   0.000000
2196.772794   0.000000
2197.371358   1.000000
2197.969951   1.000000
2198.568574   0.000000
2199.167226   0.000000
2199.765908   0.000000
2200.364619   0.000000
2200.963360   0.000000
2201.562130   0.000000
2202.160931   0.000000
2202.759760   0.000000
2203.358619   0.000000
2203.957508   0.000000
2204.556427   0.000000
2205.155375   0.000000
2205.754352   0.000000
2206.353359   0.000000
2206.952396   0.000000
2207.551462   0.000000
2208.150558 926.000000
