2019_09_26_18_25_32_732 /home/raspion_user/data/Beacon_efficiency_22Na_50cm.sp 637885 1800.002 1762.921 2.734449 0.473396  0.0000147857
  2.734449   3.000000
  3.207860   0.000000
  3.681300   0.000000
  4.154770   1.000000
  4.628269   0.000000
  5.101798   0.000000
  5.575357   2.000000
  6.048945   1.000000
  6.522562   0.000000
  6.996210   2.000000
  7.469886   0.000000
  7.943593   0.000000
  8.417329   1.000000
  8.891094   1.000000
  9.364889   1.000000
  9.838714   1.000000
 10.312568   0.000000
 10.786452   2.000000
 11.260365   1.000000
 11.734308   3.000000
 12.208281   1.000000
 12.682283   3.000000
 13.156315   3.000000
 13.630376   6.000000
 14.104467   4.000000
 14.578587   7.000000
 15.052737  14.000000
 15.526916  12.000000
 16.001126  14.000000
 16.475364  16.000000
 16.949632  33.000000
 17.423930  33.000000
 17.898258  28.000000
 18.372615  38.000000
 18.847001  47.000000
 19.321417  66.000000
 19.795863  56.000000
 20.270338  60.000000
 20.744843  95.000000
 21.219377  75.000000
 21.693941  87.000000
 22.168535 125.000000
 22.643158 103.000000
 23.117811 143.000000
 23.592493 146.000000
 24.067205 138.000000
 24.541946 157.000000
 25.016717 187.000000
 25.491517 192.000000
 25.966348 213.000000
 26.441207 246.000000
 26.916096 240.000000
 27.391015 242.000000
 27.865964 254.000000
 28.340942 260.000000
 28.815949 287.000000
 29.290986 253.000000
 29.766053 294.000000
 30.241149 304.000000
 30.716275 322.000000
 31.191430 323.000000
 31.666615 349.000000
 32.141830 355.000000
 32.617074 357.000000
 33.092347 345.000000
 33.567651 386.000000
 34.042983 368.000000
 34.518346 398.000000
 34.993738 420.000000
 35.469159 408.000000
 35.944610 416.000000
 36.420091 390.000000
 36.895601 393.000000
 37.371141 483.000000
 37.846710 490.000000
 38.322309 475.000000
 38.797938 492.000000
 39.273596 580.000000
 39.749284 536.000000
 40.225001 571.000000
 40.700748 550.000000
 41.176524 548.000000
 41.652330 490.000000
 42.128166 454.000000
 42.604031 433.000000
 43.079925 363.000000
 43.555850 330.000000
 44.031803 279.000000
 44.507787 292.000000
 44.983800 259.000000
 45.459842 272.000000
 45.935914 265.000000
 46.412016 268.000000
 46.888147 281.000000
 47.364308 283.000000
 47.840498 247.000000
 48.316718 295.000000
 48.792968 263.000000
 49.269247 279.000000
 49.745556 346.000000
 50.221894 305.000000
 50.698262 298.000000
 51.174659 323.000000
 51.651086 342.000000
 52.127542 365.000000
 52.604029 390.000000
 53.080544 349.000000
 53.557089 398.000000
 54.033664 361.000000
 54.510269 377.000000
 54.986903 422.000000
 55.463566 382.000000
 55.940259 403.000000
 56.416982 406.000000
 56.893734 444.000000
 57.370516 472.000000
 57.847327 460.000000
 58.324168 490.000000
 58.801039 480.000000
 59.277939 488.000000
 59.754868 479.000000
 60.231828 512.000000
 60.708817 499.000000
 61.185835 558.000000
 61.662883 506.000000
 62.139960 544.000000
 62.617067 566.000000
 63.094204 594.000000
 63.571370 573.000000
 64.048566 578.000000
 64.525792 617.000000
 65.003046 618.000000
 65.480331 633.000000
 65.957645 665.000000
 66.434989 627.000000
 66.912362 677.000000
 67.389765 628.000000
 67.867197 730.000000
 68.344659 652.000000
 68.822151 666.000000
 69.299672 661.000000
 69.777222 708.000000
 70.254803 680.000000
 70.732412 711.000000
 71.210052 679.000000
 71.687721 695.000000
 72.165419 690.000000
 72.643147 741.000000
 73.120905 764.000000
 73.598692 728.000000
 74.076509 767.000000
 74.554355 729.000000
 75.032231 740.000000
 75.510137 717.000000
 75.988072 673.000000
 76.466037 693.000000
 76.944031 751.000000
 77.422055 710.000000
 77.900108 734.000000
 78.378191 732.000000
 78.856303 732.000000
 79.334446 758.000000
 79.812617 732.000000
 80.290818 803.000000
 80.769049 707.000000
 81.247310 697.000000
 81.725600 726.000000
 82.203919 764.000000
 82.682268 736.000000
 83.160647 758.000000
 83.639055 740.000000
 84.117493 734.000000
 84.595960 706.000000
 85.074457 685.000000
 85.552984 709.000000
 86.031540 725.000000
 86.510125 684.000000
 86.988741 721.000000
 87.467385 742.000000
 87.946060 734.000000
 88.424764 728.000000
 88.903497 776.000000
 89.382260 716.000000
 89.861053 695.000000
 90.339875 652.000000
 90.818727 697.000000
 91.297608 696.000000
 91.776519 704.000000
 92.255460 677.000000
 92.734430 625.000000
 93.213430 619.000000
 93.692459 668.000000
 94.171518 623.000000
 94.650606 623.000000
 95.129724 678.000000
 95.608872 618.000000
 96.088049 635.000000
 96.567255 628.000000
 97.046491 615.000000
 97.525757 614.000000
 98.005053 604.000000
 98.484378 643.000000
 98.963732 620.000000
 99.443116 592.000000
 99.922530 615.000000
100.401973 625.000000
100.881446 634.000000
101.360948 607.000000
101.840480 641.000000
102.320042 631.000000
102.799633 643.000000
103.279253 660.000000
103.758904 659.000000
104.238584 691.000000
104.718293 653.000000
105.198032 677.000000
105.677800 643.000000
106.157598 667.000000
106.637426 668.000000
107.117283 719.000000
107.597170 696.000000
108.077086 737.000000
108.557032 704.000000
109.037008 715.000000
109.517013 768.000000
109.997048 746.000000
110.477112 784.000000
110.957206 774.000000
111.437329 770.000000
111.917482 767.000000
112.397665 777.000000
112.877877 772.000000
113.358118 764.000000
113.838390 745.000000
114.318690 769.000000
114.799021 799.000000
115.279381 796.000000
115.759770 826.000000
116.240189 774.000000
116.720638 854.000000
117.201116 847.000000
117.681624 846.000000
118.162161 817.000000
118.642728 865.000000
119.123325 781.000000
119.603951 850.000000
120.084606 898.000000
120.565292 852.000000
121.046007 836.000000
121.526751 840.000000
122.007525 841.000000
122.488328 835.000000
122.969161 829.000000
123.450024 845.000000
123.930916 811.000000
124.411838 847.000000
124.892789 837.000000
125.373770 829.000000
125.854781 818.000000
126.335821 846.000000
126.816891 839.000000
127.297990 857.000000
127.779119 785.000000
128.260277 829.000000
128.741465 814.000000
129.222683 845.000000
129.703930 792.000000
130.185206 815.000000
130.666513 794.000000
131.147848 863.000000
131.629214 775.000000
132.110609 783.000000
132.592033 815.000000
133.073487 833.000000
133.554971 792.000000
134.036484 767.000000
134.518027 776.000000
134.999599 826.000000
135.481201 773.000000
135.962833 788.000000
136.444494 674.000000
136.926184 742.000000
137.407905 792.000000
137.889654 720.000000
138.371434 772.000000
138.853243 729.000000
139.335081 732.000000
139.816949 738.000000
140.298847 713.000000
140.780774 792.000000
141.262731 729.000000
141.744717 727.000000
142.226733 717.000000
142.708779 722.000000
143.190854 696.000000
143.672959 722.000000
144.155093 702.000000
144.637257 724.000000
145.119450 700.000000
145.601673 697.000000
146.083925 735.000000
146.566208 673.000000
147.048519 685.000000
147.530860 715.000000
148.013231 658.000000
148.495632 718.000000
148.978062 647.000000
149.460521 661.000000
149.943010 649.000000
150.425529 660.000000
150.908077 689.000000
151.390655 681.000000
151.873262 619.000000
152.355899 693.000000
152.838566 640.000000
153.321262 675.000000
153.803987 645.000000
154.286743 698.000000
154.769527 682.000000
155.252342 619.000000
155.735186 659.000000
156.218059 663.000000
156.700962 652.000000
157.183895 641.000000
157.666857 634.000000
158.149849 640.000000
158.632870 631.000000
159.115921 600.000000
159.599002 617.000000
160.082112 630.000000
160.565252 701.000000
161.048421 642.000000
161.531620 656.000000
162.014848 668.000000
162.498106 656.000000
162.981393 680.000000
163.464710 685.000000
163.948057 644.000000
164.431433 701.000000
164.914839 673.000000
165.398275 709.000000
165.881739 645.000000
166.365234 701.000000
166.848758 673.000000
167.332312 657.000000
167.815895 705.000000
168.299508 687.000000
168.783150 748.000000
169.266822 751.000000
169.750524 739.000000
170.234255 721.000000
170.718015 718.000000
171.201806 742.000000
171.685625 725.000000
172.169475 772.000000
172.653354 732.000000
173.137262 734.000000
173.621200 715.000000
174.105168 792.000000
174.589165 762.000000
175.073192 740.000000
175.557248 765.000000
176.041334 790.000000
176.525450 724.000000
177.009595 724.000000
177.493769 786.000000
177.977974 774.000000
178.462207 812.000000
178.946471 801.000000
179.430764 773.000000
179.915086 854.000000
180.399438 835.000000
180.883820 801.000000
181.368231 855.000000
181.852672 819.000000
182.337142 825.000000
182.821642 768.000000
183.306172 791.000000
183.790731 788.000000
184.275320 733.000000
184.759938 773.000000
185.244586 784.000000
185.729263 781.000000
186.213970 794.000000
186.698706 794.000000
187.183473 749.000000
187.668268 794.000000
188.153093 810.000000
188.637948 756.000000
189.122833 810.000000
189.607747 803.000000
190.092690 792.000000
190.577663 712.000000
191.062666 758.000000
191.547698 701.000000
192.032760 808.000000
192.517851 750.000000
193.002972 748.000000
193.488123 699.000000
193.973303 706.000000
194.458512 703.000000
194.943752 687.000000
195.429020 729.000000
195.914319 732.000000
196.399647 749.000000
196.885004 665.000000
197.370391 673.000000
197.855808 675.000000
198.341254 657.000000
198.826730 702.000000
199.312235 645.000000
199.797770 675.000000
200.283335 623.000000
200.768929 672.000000
201.254552 653.000000
201.740206 638.000000
202.225888 611.000000
202.711601 677.000000
203.197343 664.000000
203.683114 635.000000
204.168915 624.000000
204.654746 661.000000
205.140606 613.000000
205.626496 652.000000
206.112415 662.000000
206.598364 665.000000
207.084343 627.000000
207.570351 645.000000
208.056389 625.000000
208.542456 590.000000
209.028553 593.000000
209.514679 635.000000
210.000835 550.000000
210.487020 594.000000
210.973235 647.000000
211.459480 593.000000
211.945754 566.000000
212.432058 615.000000
212.918392 600.000000
213.404754 621.000000
213.891147 560.000000
214.377569 592.000000
214.864021 581.000000
215.350502 616.000000
215.837013 510.000000
216.323553 596.000000
216.810123 619.000000
217.296723 615.000000
217.783352 543.000000
218.270010 605.000000
218.756698 526.000000
219.243416 593.000000
219.730164 579.000000
220.216941 553.000000
220.703747 591.000000
221.190583 568.000000
221.677449 549.000000
222.164344 560.000000
222.651269 577.000000
223.138223 545.000000
223.625207 582.000000
224.112221 583.000000
224.599264 562.000000
225.086336 570.000000
225.573439 549.000000
226.060570 649.000000
226.547732 589.000000
227.034923 506.000000
227.522143 519.000000
228.009393 554.000000
228.496673 561.000000
228.983982 503.000000
229.471321 567.000000
229.958689 548.000000
230.446087 523.000000
230.933515 531.000000
231.420972 520.000000
231.908458 554.000000
232.395975 562.000000
232.883520 509.000000
233.371096 527.000000
233.858701 562.000000
234.346335 529.000000
234.833999 521.000000
235.321693 476.000000
235.809416 514.000000
236.297169 505.000000
236.784951 554.000000
237.272763 462.000000
237.760605 533.000000
238.248476 546.000000
238.736377 499.000000
239.224307 484.000000
239.712267 524.000000
240.200256 520.000000
240.688275 558.000000
241.176323 470.000000
241.664401 506.000000
242.152509 502.000000
242.640646 489.000000
243.128813 496.000000
243.617010 495.000000
244.105235 473.000000
244.593491 510.000000
245.081776 468.000000
245.570091 508.000000
246.058435 456.000000
246.546809 518.000000
247.035212 487.000000
247.523645 499.000000
248.012108 507.000000
248.500600 496.000000
248.989121 477.000000
249.477672 491.000000
249.966253 491.000000
250.454864 456.000000
250.943504 440.000000
251.432173 473.000000
251.920872 528.000000
252.409601 473.000000
252.898359 439.000000
253.387147 465.000000
253.875964 475.000000
254.364811 429.000000
254.853688 446.000000
255.342594 464.000000
255.831529 462.000000
256.320495 460.000000
256.809489 409.000000
257.298514 433.000000
257.787568 421.000000
258.276651 440.000000
258.765764 484.000000
259.254907 417.000000
259.744079 441.000000
260.233281 435.000000
260.722512 461.000000
261.211773 451.000000
261.701064 462.000000
262.190384 444.000000
262.679733 430.000000
263.169113 429.000000
263.658521 452.000000
264.147960 424.000000
264.637428 426.000000
265.126925 462.000000
265.616452 443.000000
266.106009 418.000000
266.595595 404.000000
267.085211 432.000000
267.574856 446.000000
268.064531 501.000000
268.554236 432.000000
269.043970 433.000000
269.533733 436.000000
270.023527 439.000000
270.513349 467.000000
271.003202 464.000000
271.493084 423.000000
271.982995 467.000000
272.472936 385.000000
272.962907 380.000000
273.452907 430.000000
273.942937 388.000000
274.432996 383.000000
274.923085 422.000000
275.413204 442.000000
275.903352 417.000000
276.393530 439.000000
276.883737 425.000000
277.373974 379.000000
277.864240 426.000000
278.354536 398.000000
278.844861 404.000000
279.335216 379.000000
279.825601 415.000000
280.316015 397.000000
280.806459 404.000000
281.296932 395.000000
281.787435 397.000000
282.277968 395.000000
282.768530 402.000000
283.259122 385.000000
283.749743 416.000000
284.240394 376.000000
284.731074 408.000000
285.221784 385.000000
285.712523 415.000000
286.203292 409.000000
286.694091 402.000000
287.184919 390.000000
287.675777 407.000000
288.166665 403.000000
288.657581 393.000000
289.148528 382.000000
289.639504 397.000000
290.130510 405.000000
290.621545 396.000000
291.112610 398.000000
291.603704 408.000000
292.094828 399.000000
292.585981 406.000000
293.077165 386.000000
293.568377 364.000000
294.059619 403.000000
294.550891 387.000000
295.042193 385.000000
295.533524 423.000000
296.024884 420.000000
296.516274 397.000000
297.007694 378.000000
297.499143 415.000000
297.990622 396.000000
298.482130 405.000000
298.973668 350.000000
299.465236 410.000000
299.956833 354.000000
300.448459 385.000000
300.940115 390.000000
301.431801 360.000000
301.923517 318.000000
302.415262 397.000000
302.907036 409.000000
303.398840 380.000000
303.890674 381.000000
304.382537 383.000000
304.874430 404.000000
305.366352 378.000000
305.858304 381.000000
306.350286 402.000000
306.842297 368.000000
307.334337 402.000000
307.826408 391.000000
308.318507 388.000000
308.810637 387.000000
309.302796 369.000000
309.794984 422.000000
310.287202 382.000000
310.779450 394.000000
311.271727 329.000000
311.764034 368.000000
312.256370 365.000000
312.748736 384.000000
313.241132 373.000000
313.733557 332.000000
314.226011 370.000000
314.718496 353.000000
315.211009 375.000000
315.703553 348.000000
316.196126 369.000000
316.688728 364.000000
317.181360 365.000000
317.674022 365.000000
318.166713 345.000000
318.659434 369.000000
319.152184 341.000000
319.644964 332.000000
320.137774 322.000000
320.630613 354.000000
321.123481 371.000000
321.616380 389.000000
322.109307 330.000000
322.602265 366.000000
323.095252 352.000000
323.588268 327.000000
324.081314 340.000000
324.574390 382.000000
325.067495 335.000000
325.560630 338.000000
326.053794 314.000000
326.546988 338.000000
327.040212 341.000000
327.533465 325.000000
328.026747 321.000000
328.520060 322.000000
329.013401 345.000000
329.506773 316.000000
330.000174 328.000000
330.493604 285.000000
330.987064 308.000000
331.480554 302.000000
331.974073 313.000000
332.467622 362.000000
332.961200 296.000000
333.454808 292.000000
333.948446 311.000000
334.442113 302.000000
334.935809 312.000000
335.429536 282.000000
335.923291 284.000000
336.417077 300.000000
336.910892 279.000000
337.404736 291.000000
337.898610 293.000000
338.392514 281.000000
338.886447 266.000000
339.380410 306.000000
339.874402 275.000000
340.368424 284.000000
340.862476 272.000000
341.356557 277.000000
341.850667 322.000000
342.344808 248.000000
342.838977 296.000000
343.333177 240.000000
343.827406 292.000000
344.321664 265.000000
344.815952 266.000000
345.310270 298.000000
345.804617 254.000000
346.298994 279.000000
346.793400 280.000000
347.287836 250.000000
347.782302 286.000000
348.276797 264.000000
348.771321 263.000000
349.265876 253.000000
349.760459 255.000000
350.255073 283.000000
350.749716 269.000000
351.244388 258.000000
351.739090 260.000000
352.233822 269.000000
352.728583 229.000000
353.223374 228.000000
353.718194 222.000000
354.213044 265.000000
354.707924 276.000000
355.202833 244.000000
355.697771 231.000000
356.192740 228.000000
356.687737 235.000000
357.182765 216.000000
357.677822 227.000000
358.172908 228.000000
358.668024 232.000000
359.163170 245.000000
359.658345 268.000000
360.153550 223.000000
360.648784 264.000000
361.144048 230.000000
361.639342 216.000000
362.134665 244.000000
362.630017 242.000000
363.125400 217.000000
363.620811 205.000000
364.116253 256.000000
364.611724 204.000000
365.107224 222.000000
365.602754 219.000000
366.098314 199.000000
366.593903 214.000000
367.089522 194.000000
367.585170 214.000000
368.080848 234.000000
368.576556 205.000000
369.072293 215.000000
369.568059 234.000000
370.063856 233.000000
370.559681 228.000000
371.055537 236.000000
371.551422 225.000000
372.047336 200.000000
372.543280 206.000000
373.039254 202.000000
373.535257 234.000000
374.031290 217.000000
374.527352 210.000000
375.023444 214.000000
375.519566 200.000000
376.015717 232.000000
376.511897 202.000000
377.008108 211.000000
377.504347 228.000000
378.000617 230.000000
378.496916 199.000000
378.993244 207.000000
379.489602 222.000000
379.985990 213.000000
380.482407 214.000000
380.978854 197.000000
381.475330 200.000000
381.971836 222.000000
382.468372 212.000000
382.964937 188.000000
383.461531 205.000000
383.958156 191.000000
384.454809 208.000000
384.951493 179.000000
385.448206 232.000000
385.944948 201.000000
386.441720 204.000000
386.938522 229.000000
387.435353 197.000000
387.932214 176.000000
388.429104 207.000000
388.926024 177.000000
389.422974 213.000000
389.919953 224.000000
390.416961 232.000000
390.914000 212.000000
391.411067 217.000000
391.908165 203.000000
392.405292 213.000000
392.902448 176.000000
393.399634 210.000000
393.896850 206.000000
394.394095 195.000000
394.891370 194.000000
395.388674 200.000000
395.886008 186.000000
396.383372 217.000000
396.880765 217.000000
397.378187 203.000000
397.875640 228.000000
398.373121 169.000000
398.870633 171.000000
399.368174 237.000000
399.865744 197.000000
400.363344 170.000000
400.860974 174.000000
401.358633 203.000000
401.856322 218.000000
402.354040 195.000000
402.851788 188.000000
403.349566 219.000000
403.847373 210.000000
404.345209 189.000000
404.843076 191.000000
405.340971 196.000000
405.838897 230.000000
406.336852 196.000000
406.834836 178.000000
407.332850 190.000000
407.830894 209.000000
408.328967 197.000000
408.827070 193.000000
409.325202 218.000000
409.823364 181.000000
410.321556 215.000000
410.819777 192.000000
411.318027 216.000000
411.816308 205.000000
412.314617 202.000000
412.812957 190.000000
413.311326 210.000000
413.809724 176.000000
414.308152 201.000000
414.806610 196.000000
415.305097 192.000000
415.803614 192.000000
416.302160 226.000000
416.800736 175.000000
417.299342 207.000000
417.797977 188.000000
418.296641 200.000000
418.795335 186.000000
419.294059 191.000000
419.792813 191.000000
420.291596 197.000000
420.790408 204.000000
421.289250 187.000000
421.788122 184.000000
422.287023 188.000000
422.785954 198.000000
423.284914 182.000000
423.783904 212.000000
424.282924 196.000000
424.781973 177.000000
425.281051 193.000000
425.780159 189.000000
426.279297 192.000000
426.778465 184.000000
427.277662 184.000000
427.776888 200.000000
428.276144 203.000000
428.775430 212.000000
429.274745 211.000000
429.774090 197.000000
430.273464 222.000000
430.772868 186.000000
431.272301 188.000000
431.771765 209.000000
432.271257 204.000000
432.770779 191.000000
433.270331 201.000000
433.769913 198.000000
434.269523 171.000000
434.769164 181.000000
435.268834 193.000000
435.768534 197.000000
436.268263 216.000000
436.768022 170.000000
437.267810 197.000000
437.767628 197.000000
438.267475 161.000000
438.767352 180.000000
439.267259 192.000000
439.767195 190.000000
440.267161 191.000000
440.767156 191.000000
441.267181 173.000000
441.767236 183.000000
442.267320 178.000000
442.767434 203.000000
443.267577 202.000000
443.767750 166.000000
444.267952 180.000000
444.768184 198.000000
445.268445 217.000000
445.768736 188.000000
446.269057 196.000000
446.769407 184.000000
447.269787 177.000000
447.770196 199.000000
448.270635 195.000000
448.771104 179.000000
449.271602 190.000000
449.772130 191.000000
450.272687 196.000000
450.773274 194.000000
451.273890 222.000000
451.774536 210.000000
452.275211 191.000000
452.775916 168.000000
453.276651 192.000000
453.777415 167.000000
454.278209 195.000000
454.779032 179.000000
455.279885 210.000000
455.780768 213.000000
456.281680 197.000000
456.782621 198.000000
457.283593 209.000000
457.784593 221.000000
458.285624 176.000000
458.786684 209.000000
459.287773 227.000000
459.788892 193.000000
460.290041 227.000000
460.791219 213.000000
461.292427 215.000000
461.793664 166.000000
462.294931 201.000000
462.796228 189.000000
463.297554 212.000000
463.798909 206.000000
464.300295 200.000000
464.801709 250.000000
465.303154 203.000000
465.804628 232.000000
466.306131 224.000000
466.807664 228.000000
467.309227 216.000000
467.810819 256.000000
468.312441 238.000000
468.814092 230.000000
469.315773 250.000000
469.817484 272.000000
470.319224 272.000000
470.820993 270.000000
471.322792 265.000000
471.824621 243.000000
472.326480 269.000000
472.828368 276.000000
473.330285 292.000000
473.832232 307.000000
474.334209 332.000000
474.836215 281.000000
475.338251 319.000000
475.840316 299.000000
476.342411 314.000000
476.844535 330.000000
477.346690 352.000000
477.848873 380.000000
478.351086 347.000000
478.853329 346.000000
479.355602 387.000000
479.857903 355.000000
480.360235 441.000000
480.862596 405.000000
481.364987 426.000000
481.867407 427.000000
482.369857 425.000000
482.872336 472.000000
483.374845 476.000000
483.877383 485.000000
484.379951 539.000000
484.882549 518.000000
485.385176 568.000000
485.887833 553.000000
486.390519 555.000000
486.893235 584.000000
487.395981 626.000000
487.898756 639.000000
488.401561 607.000000
488.904395 647.000000
489.407259 706.000000
489.910152 669.000000
490.413075 790.000000
490.916027 742.000000
491.419009 733.000000
491.922021 776.000000
492.425062 810.000000
492.928133 791.000000
493.431233 841.000000
493.934363 861.000000
494.437523 910.000000
494.940712 859.000000
495.443930 1003.000000
495.947179 912.000000
496.450456 1006.000000
496.953764 1014.000000
497.457101 979.000000
497.960467 1035.000000
498.463863 1042.000000
498.967289 1077.000000
499.470744 1164.000000
499.974229 1093.000000
500.477743 1189.000000
500.981287 1146.000000
501.484861 1133.000000
501.988464 1235.000000
502.492096 1287.000000
502.995759 1247.000000
503.499450 1296.000000
504.003172 1288.000000
504.506923 1283.000000
505.010703 1204.000000
505.514513 1291.000000
506.018353 1310.000000
506.522222 1325.000000
507.026121 1282.000000
507.530049 1396.000000
508.034007 1401.000000
508.537995 1346.000000
509.042012 1368.000000
509.546058 1375.000000
510.050134 1385.000000
510.554240 1434.000000
511.058376 1365.000000
511.562540 1439.000000
512.066735 1362.000000
512.570959 1354.000000
513.075213 1308.000000
513.579496 1369.000000
514.083809 1429.000000
514.588151 1406.000000
515.092523 1370.000000
515.596924 1358.000000
516.101355 1378.000000
516.605816 1366.000000
517.110306 1334.000000
517.614826 1295.000000
518.119375 1312.000000
518.623954 1343.000000
519.128563 1249.000000
519.633201 1235.000000
520.137869 1310.000000
520.642566 1310.000000
521.147293 1162.000000
521.652049 1230.000000
522.156835 1192.000000
522.661650 1145.000000
523.166495 1061.000000
523.671370 1151.000000
524.176274 1140.000000
524.681208 1139.000000
525.186171 1023.000000
525.691164 1043.000000
526.196187 1025.000000
526.701239 1033.000000
527.206320 957.000000
527.711432 953.000000
528.216572 908.000000
528.721743 947.000000
529.226943 832.000000
529.732172 857.000000
530.237431 844.000000
530.742720 800.000000
531.248038 738.000000
531.753386 731.000000
532.258763 698.000000
532.764170 733.000000
533.269607 649.000000
533.775073 644.000000
534.280568 620.000000
534.786093 571.000000
535.291648 589.000000
535.797233 594.000000
536.302847 601.000000
536.808490 530.000000
537.314163 525.000000
537.819866 530.000000
538.325598 427.000000
538.831360 445.000000
539.337151 415.000000
539.842972 437.000000
540.348822 427.000000
540.854702 404.000000
541.360612 352.000000
541.866551 358.000000
542.372520 308.000000
542.878518 317.000000
543.384546 291.000000
543.890604 298.000000
544.396691 291.000000
544.902808 279.000000
545.408954 286.000000
545.915130 292.000000
546.421335 227.000000
546.927570 251.000000
547.433834 214.000000
547.940128 253.000000
548.446452 217.000000
548.952805 215.000000
549.459188 209.000000
549.965600 198.000000
550.472042 186.000000
550.978514 192.000000
551.485015 188.000000
551.991545 177.000000
552.498106 173.000000
553.004695 187.000000
553.511315 192.000000
554.017964 157.000000
554.524642 173.000000
555.031350 151.000000
555.538088 140.000000
556.044855 147.000000
556.551652 151.000000
557.058478 110.000000
557.565334 123.000000
558.072220 126.000000
558.579135 124.000000
559.086079 117.000000
559.593053 122.000000
560.100057 138.000000
560.607091 126.000000
561.114153 127.000000
561.621246 110.000000
562.128368 109.000000
562.635520 124.000000
563.142701 112.000000
563.649912 109.000000
564.157152 109.000000
564.664422 112.000000
565.171721 115.000000
565.679050 107.000000
566.186409  96.000000
566.693797  86.000000
567.201215  89.000000
567.708662 107.000000
568.216139  96.000000
568.723646  97.000000
569.231182  96.000000
569.738748  80.000000
570.246343  87.000000
570.753967  94.000000
571.261622  98.000000
571.769306 103.000000
572.277019  87.000000
572.784762  84.000000
573.292535  89.000000
573.800337  92.000000
574.308169  84.000000
574.816030  80.000000
575.323921  94.000000
575.831842  75.000000
576.339792  70.000000
576.847771  83.000000
577.355781  82.000000
577.863819  83.000000
578.371888  82.000000
578.879986  86.000000
579.388113  84.000000
579.896270  80.000000
580.404457  83.000000
580.912673  79.000000
581.420919  79.000000
581.929194  71.000000
582.437499  85.000000
582.945833  63.000000
583.454198  84.000000
583.962591  86.000000
584.471014  93.000000
584.979467  75.000000
585.487949  88.000000
585.996461  72.000000
586.505003  96.000000
587.013574  88.000000
587.522175  74.000000
588.030805  78.000000
588.539465  85.000000
589.048154  82.000000
589.556873  80.000000
590.065621  78.000000
590.574399  89.000000
591.083207  84.000000
591.592044  80.000000
592.100911  73.000000
592.609807  69.000000
593.118733  68.000000
593.627689  61.000000
594.136674  70.000000
594.645688  57.000000
595.154733  76.000000
595.663806  94.000000
596.172910  80.000000
596.682043  80.000000
597.191205  71.000000
597.700397  82.000000
598.209619  70.000000
598.718870  71.000000
599.228151  74.000000
599.737461  63.000000
600.246801  88.000000
600.756171  61.000000
601.265570  76.000000
601.774998  74.000000
602.284456  74.000000
602.793944  71.000000
603.303462  84.000000
603.813008  82.000000
604.322585  79.000000
604.832191  78.000000
605.341827  74.000000
605.851492  69.000000
606.361187  75.000000
606.870911  71.000000
607.380665  65.000000
607.890448  85.000000
608.400261  64.000000
608.910104  93.000000
609.419976  59.000000
609.929878  82.000000
610.439809  73.000000
610.949770  74.000000
611.459761  79.000000
611.969781  85.000000
612.479830  76.000000
612.989910  62.000000
613.500018  86.000000
614.010157  71.000000
614.520325  82.000000
615.030522  61.000000
615.540749  75.000000
616.051006  69.000000
616.561292  64.000000
617.071608  68.000000
617.581953  75.000000
618.092328  67.000000
618.602733  75.000000
619.113167  67.000000
619.623630  79.000000
620.134123  67.000000
620.644646  86.000000
621.155199  64.000000
621.665780  79.000000
622.176392  71.000000
622.687033  86.000000
623.197704  65.000000
623.708404  72.000000
624.219134  78.000000
624.729893  72.000000
625.240682  76.000000
625.751500  74.000000
626.262348  72.000000
626.773226  74.000000
627.284133  71.000000
627.795070  72.000000
628.306036  71.000000
628.817032  49.000000
629.328058  80.000000
629.839113  63.000000
630.350197  61.000000
630.861312  81.000000
631.372455  75.000000
631.883629  73.000000
632.394832  65.000000
632.906064  78.000000
633.417326  72.000000
633.928618  78.000000
634.439939  71.000000
634.951290  73.000000
635.462670  68.000000
635.974080  66.000000
636.485519  64.000000
636.996989  78.000000
637.508487  81.000000
638.020015  85.000000
638.531573  80.000000
639.043160  62.000000
639.554777  63.000000
640.066424  80.000000
640.578100  74.000000
641.089806  75.000000
641.601541  79.000000
642.113306  75.000000
642.625100  80.000000
643.136924  88.000000
643.648777  84.000000
644.160660  71.000000
644.672573  72.000000
645.184515  88.000000
645.696487  81.000000
646.208488  89.000000
646.720519  84.000000
647.232580  81.000000
647.744670  96.000000
648.256789  81.000000
648.768939  77.000000
649.281117  66.000000
649.793326  82.000000
650.305564  55.000000
650.817831  90.000000
651.330128  77.000000
651.842455  89.000000
652.354811  87.000000
652.867197  79.000000
653.379612  61.000000
653.892057  89.000000
654.404531  80.000000
654.917035  86.000000
655.429569  64.000000
655.942132  96.000000
656.454725  76.000000
656.967347  85.000000
657.479999  84.000000
657.992681  80.000000
658.505392  81.000000
659.018132  73.000000
659.530903  82.000000
660.043702  80.000000
660.556532  81.000000
661.069391  86.000000
661.582279  79.000000
662.095197  90.000000
662.608145  89.000000
663.121122  77.000000
663.634129  84.000000
664.147165  83.000000
664.660231  76.000000
665.173327  77.000000
665.686452  83.000000
666.199606  74.000000
666.712790  76.000000
667.226004  63.000000
667.739248  81.000000
668.252520  92.000000
668.765823  92.000000
669.279155  89.000000
669.792517  83.000000
670.305908  90.000000
670.819329  90.000000
671.332779  66.000000
671.846259  78.000000
672.359768  61.000000
672.873307  87.000000
673.386876  74.000000
673.900474  77.000000
674.414102  66.000000
674.927759  72.000000
675.441446  65.000000
675.955163  62.000000
676.468909  59.000000
676.982684  71.000000
677.496490  65.000000
678.010324  70.000000
678.524189  55.000000
679.038083  59.000000
679.552006  74.000000
680.065959  68.000000
680.579942  78.000000
681.093954  61.000000
681.607996  64.000000
682.122067  65.000000
682.636168  53.000000
683.150298  69.000000
683.664459  56.000000
684.178648  71.000000
684.692867  84.000000
685.207116  67.000000
685.721394  67.000000
686.235702  66.000000
686.750040  74.000000
687.264407  70.000000
687.778804  63.000000
688.293230  50.000000
688.807685  60.000000
689.322171  58.000000
689.836686  50.000000
690.351230  59.000000
690.865804  64.000000
691.380408  55.000000
691.895041  58.000000
692.409704  54.000000
692.924396  66.000000
693.439118  52.000000
693.953870  63.000000
694.468651  51.000000
694.983461  59.000000
695.498301  59.000000
696.013171  56.000000
696.528071  59.000000
697.042999  64.000000
697.557958  49.000000
698.072946  62.000000
698.587964  57.000000
699.103011  38.000000
699.618088  60.000000
700.133194  50.000000
700.648330  68.000000
701.163495  65.000000
701.678690  60.000000
702.193915  51.000000
702.709169  56.000000
703.224453  55.000000
703.739766  62.000000
704.255109  48.000000
704.770482  51.000000
705.285884  54.000000
705.801315  56.000000
706.316777  50.000000
706.832267  47.000000
707.347788  51.000000
707.863338  60.000000
708.378917  50.000000
708.894526  59.000000
709.410165  57.000000
709.925833  57.000000
710.441531  68.000000
710.957258  53.000000
711.473015  61.000000
711.988801  51.000000
712.504617  49.000000
713.020463  55.000000
713.536338  44.000000
714.052243  57.000000
714.568177  47.000000
715.084141  38.000000
715.600135  62.000000
716.116158  48.000000
716.632210  47.000000
717.148293  51.000000
717.664404  58.000000
718.180546  47.000000
718.696717  44.000000
719.212917  62.000000
719.729147  45.000000
720.245407  67.000000
720.761696  51.000000
721.278015  47.000000
721.794363  53.000000
722.310741  51.000000
722.827148  34.000000
723.343586  45.000000
723.860052  57.000000
724.376548  55.000000
724.893074  38.000000
725.409629  45.000000
725.926214  61.000000
726.442829  43.000000
726.959473  42.000000
727.476146  50.000000
727.992850  65.000000
728.509582  53.000000
729.026345  66.000000
729.543137  51.000000
730.059958  58.000000
730.576809  42.000000
731.093690  59.000000
731.610600  56.000000
732.127540  55.000000
732.644509  66.000000
733.161508  49.000000
733.678537  71.000000
734.195595  57.000000
734.712682  39.000000
735.229799  54.000000
735.746946  46.000000
736.264122  44.000000
736.781328  57.000000
737.298564  49.000000
737.815829  61.000000
738.333124  46.000000
738.850448  66.000000
739.367802  54.000000
739.885185  64.000000
740.402598  46.000000
740.920040  62.000000
741.437512  54.000000
741.955014  51.000000
742.472545  61.000000
742.990106  48.000000
743.507696  44.000000
744.025316  53.000000
744.542966  47.000000
745.060645  59.000000
745.578353  45.000000
746.096091  52.000000
746.613859  50.000000
747.131657  57.000000
747.649483  42.000000
748.167340  58.000000
748.685226  52.000000
749.203142  47.000000
749.721087  50.000000
750.239062  48.000000
750.757066  51.000000
751.275100  51.000000
751.793163  65.000000
752.311256  53.000000
752.829379  47.000000
753.347531  60.000000
753.865713  57.000000
754.383924  52.000000
754.902165  49.000000
755.420436  56.000000
755.938736  53.000000
756.457065  46.000000
756.975424  48.000000
757.493813  60.000000
758.012232  44.000000
758.530679  54.000000
759.049157  50.000000
759.567664  55.000000
760.086201  49.000000
760.604767  51.000000
761.123363  53.000000
761.641988  48.000000
762.160643  58.000000
762.679327  49.000000
763.198041  40.000000
763.716785  46.000000
764.235558  45.000000
764.754361  41.000000
765.273193  50.000000
765.792055  56.000000
766.310947  59.000000
766.829868  55.000000
767.348818  48.000000
767.867799  46.000000
768.386808  56.000000
768.905848  40.000000
769.424917  55.000000
769.944015  49.000000
770.463143  65.000000
770.982301  51.000000
771.501488  56.000000
772.020705  57.000000
772.539951  58.000000
773.059227  42.000000
773.578532  52.000000
774.097867  48.000000
774.617232  56.000000
775.136626  54.000000
775.656050  56.000000
776.175503  43.000000
776.694986  56.000000
777.214499  44.000000
777.734041  72.000000
778.253612  52.000000
778.773214  49.000000
779.292844  57.000000
779.812505  49.000000
780.332195  54.000000
780.851914  51.000000
781.371663  51.000000
781.891442  57.000000
782.411250  48.000000
782.931088  53.000000
783.450955  50.000000
783.970852  63.000000
784.490778  59.000000
785.010734  50.000000
785.530720  53.000000
786.050735  49.000000
786.570780  55.000000
787.090854  64.000000
787.610958  53.000000
788.131092  50.000000
788.651255  55.000000
789.171447  49.000000
789.691670  59.000000
790.211921  49.000000
790.732203  55.000000
791.252514  51.000000
791.772854  53.000000
792.293224  54.000000
792.813624  56.000000
793.334053  57.000000
793.854512  50.000000
794.375000  67.000000
794.895518  63.000000
795.416065  46.000000
795.936642  45.000000
796.457249  45.000000
796.977885  61.000000
797.498551  62.000000
798.019246  47.000000
798.539971  51.000000
799.060726  38.000000
799.581510  52.000000
800.102323  55.000000
800.623167  43.000000
801.144039  44.000000
801.664942  50.000000
802.185874  46.000000
802.706835  46.000000
803.227826  54.000000
803.748847  48.000000
804.269897  43.000000
804.790977  50.000000
805.312086  45.000000
805.833225  43.000000
806.354393  61.000000
806.875591  46.000000
807.396819  51.000000
807.918076  53.000000
808.439363  43.000000
808.960679  47.000000
809.482025  43.000000
810.003401  41.000000
810.524806  54.000000
811.046240  56.000000
811.567704  49.000000
812.089198  59.000000
812.610722  40.000000
813.132274  58.000000
813.653857  57.000000
814.175469  50.000000
814.697111  47.000000
815.218782  62.000000
815.740483  55.000000
816.262213  44.000000
816.783973  62.000000
817.305762  53.000000
817.827581  56.000000
818.349430  44.000000
818.871308  51.000000
819.393216  63.000000
819.915153  45.000000
820.437120  54.000000
820.959117  62.000000
821.481143  57.000000
822.003198  55.000000
822.525283  55.000000
823.047398  53.000000
823.569543  51.000000
824.091716  45.000000
824.613920  48.000000
825.136153  49.000000
825.658416  46.000000
826.180708  46.000000
826.703030  65.000000
827.225381  44.000000
827.747762  66.000000
828.270172  53.000000
828.792612  52.000000
829.315082  44.000000
829.837581  46.000000
830.360110  46.000000
830.882668  49.000000
831.405256  53.000000
831.927874  47.000000
832.450521  58.000000
832.973197  49.000000
833.495903  46.000000
834.018639  41.000000
834.541404  45.000000
835.064199  43.000000
835.587024  59.000000
836.109878  45.000000
836.632762  52.000000
837.155675  46.000000
837.678617  47.000000
838.201590  51.000000
838.724592  57.000000
839.247623  52.000000
839.770684  42.000000
840.293775  52.000000
840.816895  46.000000
841.340045  68.000000
841.863224  51.000000
842.386433  52.000000
842.909671  44.000000
843.432940  56.000000
843.956237  50.000000
844.479564  55.000000
845.002921  44.000000
845.526307  56.000000
846.049723  58.000000
846.573169  47.000000
847.096644  57.000000
847.620148  54.000000
848.143683  47.000000
848.667246  60.000000
849.190840  59.000000
849.714463  59.000000
850.238115  51.000000
850.761797  44.000000
851.285509  56.000000
851.809250  53.000000
852.333021  56.000000
852.856821  55.000000
853.380651  52.000000
853.904510  46.000000
854.428399  55.000000
854.952318  42.000000
855.476266  47.000000
856.000244  52.000000
856.524251  58.000000
857.048288  54.000000
857.572355  35.000000
858.096451  41.000000
858.620576  49.000000
859.144732  48.000000
859.668916  51.000000
860.193131  56.000000
860.717375  61.000000
861.241648  65.000000
861.765951  55.000000
862.290284  57.000000
862.814646  53.000000
863.339038  49.000000
863.863459  43.000000
864.387910  54.000000
864.912390  60.000000
865.436900  48.000000
865.961440  50.000000
866.486009  70.000000
867.010608  63.000000
867.535236  61.000000
868.059894  50.000000
868.584582  55.000000
869.109299  55.000000
869.634045  56.000000
870.158821  56.000000
870.683627  39.000000
871.208463  37.000000
871.733327  52.000000
872.258222  47.000000
872.783146  58.000000
873.308100  57.000000
873.833083  48.000000
874.358096  66.000000
874.883138  59.000000
875.408210  53.000000
875.933311  59.000000
876.458442  42.000000
876.983603  46.000000
877.508793  55.000000
878.034013  49.000000
878.559262  55.000000
879.084541  53.000000
879.609850  54.000000
880.135188  55.000000
880.660555  44.000000
881.185952  44.000000
881.711379  61.000000
882.236835  47.000000
882.762321  55.000000
883.287837  55.000000
883.813382  49.000000
884.338956  59.000000
884.864561  43.000000
885.390194  57.000000
885.915858  47.000000
886.441551  59.000000
886.967273  47.000000
887.493025  53.000000
888.018807  57.000000
888.544618  51.000000
889.070459  44.000000
889.596329  42.000000
890.122229  44.000000
890.648158  53.000000
891.174117  54.000000
891.700106  50.000000
892.226124  49.000000
892.752172  56.000000
893.278249  58.000000
893.804356  47.000000
894.330493  46.000000
894.856659  58.000000
895.382854  69.000000
895.909080  55.000000
896.435334  48.000000
896.961619  50.000000
897.487933  41.000000
898.014276  54.000000
898.540649  59.000000
899.067052  56.000000
899.593484  67.000000
900.119946  51.000000
900.646437  54.000000
901.172958  57.000000
901.699508  50.000000
902.226088  68.000000
902.752698  63.000000
903.279337  50.000000
903.806006  42.000000
904.332704  31.000000
904.859432  58.000000
905.386190  54.000000
905.912977  53.000000
906.439793  41.000000
906.966639  51.000000
907.493515  47.000000
908.020420  68.000000
908.547355  62.000000
909.074320  51.000000
909.601314  47.000000
910.128338  52.000000
910.655391  53.000000
911.182473  63.000000
911.709586  44.000000
912.236728  39.000000
912.763899  38.000000
913.291100  55.000000
913.818331  43.000000
914.345591  52.000000
914.872881  62.000000
915.400200  54.000000
915.927549  46.000000
916.454927  61.000000
916.982335  51.000000
917.509773  65.000000
918.037240  43.000000
918.564737  50.000000
919.092263  59.000000
919.619819  57.000000
920.147405  50.000000
920.675020  56.000000
921.202664  56.000000
921.730339  68.000000
922.258042  45.000000
922.785776  43.000000
923.313539  38.000000
923.841331  57.000000
924.369153  44.000000
924.897005  56.000000
925.424886  56.000000
925.952797  46.000000
926.480737  50.000000
927.008707  46.000000
927.536706  51.000000
928.064735  36.000000
928.592794  50.000000
929.120882  57.000000
929.649000  39.000000
930.177147  58.000000
930.705324  47.000000
931.233531  60.000000
931.761767  58.000000
932.290032  71.000000
932.818327  58.000000
933.346652  52.000000
933.875006  42.000000
934.403390  50.000000
934.931804  65.000000
935.460247  66.000000
935.988719  58.000000
936.517222  59.000000
937.045753  51.000000
937.574315  49.000000
938.102906  50.000000
938.631526  62.000000
939.160176  58.000000
939.688856  52.000000
940.217565  56.000000
940.746304  38.000000
941.275072  57.000000
941.803870  58.000000
942.332697  50.000000
942.861554  54.000000
943.390441  53.000000
943.919357  72.000000
944.448303  55.000000
944.977278  43.000000
945.506283  53.000000
946.035318  61.000000
946.564382  57.000000
947.093475  67.000000
947.622598  61.000000
948.151751  66.000000
948.680934  64.000000
949.210145  47.000000
949.739387  52.000000
950.268658  62.000000
950.797959  63.000000
951.327289  54.000000
951.856648  49.000000
952.386038  63.000000
952.915457  61.000000
953.444905  56.000000
953.974383  63.000000
954.503891  54.000000
955.033428  61.000000
955.562995  54.000000
956.092591  72.000000
956.622217  54.000000
957.151872  50.000000
957.681557  56.000000
958.211272  59.000000
958.741016  55.000000
959.270790  61.000000
959.800593  61.000000
960.330426  44.000000
960.860289  57.000000
961.390181  65.000000
961.920102  65.000000
962.450054  72.000000
962.980034  56.000000
963.510045  48.000000
964.040085  52.000000
964.570154  61.000000
965.100253  37.000000
965.630382  64.000000
966.160540  52.000000
966.690728  44.000000
967.220945  48.000000
967.751192  58.000000
968.281468  55.000000
968.811774  48.000000
969.342110  48.000000
969.872475  50.000000
970.402870  69.000000
970.933294  56.000000
971.463748  52.000000
971.994232  60.000000
972.524745  46.000000
973.055287  51.000000
973.585859  59.000000
974.116461  67.000000
974.647092  58.000000
975.177753  66.000000
975.708444  54.000000
976.239164  55.000000
976.769913  48.000000
977.300693  66.000000
977.831501  60.000000
978.362340  59.000000
978.893208  65.000000
979.424105  55.000000
979.955032  50.000000
980.485989  55.000000
981.016975  51.000000
981.547991  56.000000
982.079036  57.000000
982.610111  62.000000
983.141215  57.000000
983.672349  63.000000
984.203513  51.000000
984.734706  54.000000
985.265929  47.000000
985.797181  61.000000
986.328463  50.000000
986.859775  59.000000
987.391116  49.000000
987.922486  75.000000
988.453886  61.000000
988.985316  65.000000
989.516775  62.000000
990.048264  52.000000
990.579783  60.000000
991.111331  64.000000
991.642908  52.000000
992.174516  54.000000
992.706152  60.000000
993.237819  54.000000
993.769515  59.000000
994.301240  65.000000
994.832995  56.000000
995.364780  48.000000
995.896594  59.000000
996.428438  64.000000
996.960311  55.000000
997.492214  56.000000
998.024146  58.000000
998.556108  63.000000
999.088100  65.000000
999.620121  58.000000
1000.152172  53.000000
1000.684252  50.000000
1001.216362  50.000000
1001.748502  56.000000
1002.280671  62.000000
1002.812869  54.000000
1003.345097  41.000000
1003.877355  47.000000
1004.409642  55.000000
1004.941959  59.000000
1005.474306  57.000000
1006.006682  43.000000
1006.539087  47.000000
1007.071523  51.000000
1007.603987  71.000000
1008.136482  63.000000
1008.669006  67.000000
1009.201559  47.000000
1009.734142  43.000000
1010.266755  54.000000
1010.799397  50.000000
1011.332069  60.000000
1011.864770  58.000000
1012.397501  41.000000
1012.930261  50.000000
1013.463051  46.000000
1013.995871  55.000000
1014.528720  69.000000
1015.061599  41.000000
1015.594507  48.000000
1016.127445  61.000000
1016.660413  51.000000
1017.193410  48.000000
1017.726436  69.000000
1018.259492  79.000000
1018.792578  56.000000
1019.325693  43.000000
1019.858838  49.000000
1020.392013  37.000000
1020.925217  43.000000
1021.458450  40.000000
1021.991714  42.000000
1022.525006  51.000000
1023.058329  45.000000
1023.591681  39.000000
1024.125062  41.000000
1024.658473  50.000000
1025.191914  50.000000
1025.725384  46.000000
1026.258884  45.000000
1026.792413  49.000000
1027.325972  55.000000
1027.859560  41.000000
1028.393178  46.000000
1028.926826  54.000000
1029.460503  46.000000
1029.994210  36.000000
1030.527946  58.000000
1031.061712  41.000000
1031.595508  46.000000
1032.129333  37.000000
1032.663187  49.000000
1033.197071  41.000000
1033.730985  42.000000
1034.264928  37.000000
1034.798901  35.000000
1035.332904  48.000000
1035.866936  46.000000
1036.400997  42.000000
1036.935089  22.000000
1037.469209  43.000000
1038.003360  48.000000
1038.537540  37.000000
1039.071749  43.000000
1039.605988  38.000000
1040.140257  38.000000
1040.674555  29.000000
1041.208883  41.000000
1041.743240  51.000000
1042.277627  37.000000
1042.812043  37.000000
1043.346489  30.000000
1043.880965  39.000000
1044.415470  39.000000
1044.950005  46.000000
1045.484569  37.000000
1046.019163  33.000000
1046.553786  34.000000
1047.088440  33.000000
1047.623122  42.000000
1048.157834  33.000000
1048.692576  42.000000
1049.227347  33.000000
1049.762148  48.000000
1050.296979  31.000000
1050.831839  38.000000
1051.366728  29.000000
1051.901648  28.000000
1052.436596  26.000000
1052.971575  26.000000
1053.506582  37.000000
1054.041620  22.000000
1054.576687  22.000000
1055.111784  28.000000
1055.646910  32.000000
1056.182065  35.000000
1056.717251  23.000000
1057.252466  31.000000
1057.787710  32.000000
1058.322984  19.000000
1058.858288  35.000000
1059.393621  32.000000
1059.928984  23.000000
1060.464376  29.000000
1060.999798  28.000000
1061.535249  25.000000
1062.070730  33.000000
1062.606241  22.000000
1063.141781  20.000000
1063.677351  29.000000
1064.212950  25.000000
1064.748579  26.000000
1065.284238  29.000000
1065.819926  24.000000
1066.355643  25.000000
1066.891390  23.000000
1067.427167  27.000000
1067.962973  33.000000
1068.498809  27.000000
1069.034675  33.000000
1069.570570  36.000000
1070.106494  17.000000
1070.642449  22.000000
1071.178432  25.000000
1071.714446  22.000000
1072.250489  26.000000
1072.786561  21.000000
1073.322663  20.000000
1073.858795  21.000000
1074.394956  26.000000
1074.931147  21.000000
1075.467367  21.000000
1076.003617  15.000000
1076.539896  19.000000
1077.076205  24.000000
1077.612544  18.000000
1078.148912  20.000000
1078.685310  22.000000
1079.221737  25.000000
1079.758194  28.000000
1080.294681  26.000000
1080.831197  19.000000
1081.367742  19.000000
1081.904317  21.000000
1082.440922  30.000000
1082.977556  32.000000
1083.514220  21.000000
1084.050914  16.000000
1084.587637  26.000000
1085.124389  27.000000
1085.661172  18.000000
1086.197983  20.000000
1086.734825  21.000000
1087.271695  19.000000
1087.808596  15.000000
1088.345526  22.000000
1088.882486  12.000000
1089.419475  20.000000
1089.956494  16.000000
1090.493542  23.000000
1091.030620  22.000000
1091.567727  25.000000
1092.104864  21.000000
1092.642031  16.000000
1093.179227  23.000000
1093.716453  27.000000
1094.253708  17.000000
1094.790993  21.000000
1095.328307  16.000000
1095.865651  20.000000
1096.403025  14.000000
1096.940428  15.000000
1097.477861  20.000000
1098.015323  26.000000
1098.552815  15.000000
1099.090337  17.000000
1099.627888  13.000000
1100.165468  21.000000
1100.703078  17.000000
1101.240718  16.000000
1101.778387  23.000000
1102.316086  20.000000
1102.853815  19.000000
1103.391573  19.000000
1103.929360  23.000000
1104.467178  13.000000
1105.005024  15.000000
1105.542901  22.000000
1106.080807  13.000000
1106.618742  20.000000
1107.156707  19.000000
1107.694702  14.000000
1108.232726  23.000000
1108.770780   8.000000
1109.308863  24.000000
1109.846976  15.000000
1110.385118  20.000000
1110.923290  15.000000
1111.461492  16.000000
1111.999723  16.000000
1112.537984   7.000000
1113.076274  12.000000
1113.614594  13.000000
1114.152943  18.000000
1114.691322  15.000000
1115.229731  21.000000
1115.768169  11.000000
1116.306637  22.000000
1116.845134  15.000000
1117.383661  16.000000
1117.922218  10.000000
1118.460804  16.000000
1118.999419  14.000000
1119.538064  19.000000
1120.076739  18.000000
1120.615444  10.000000
1121.154177  17.000000
1121.692941  16.000000
1122.231734  11.000000
1122.770556  15.000000
1123.309409  20.000000
1123.848290  15.000000
1124.387202  13.000000
1124.926143  17.000000
1125.465113   8.000000
1126.004113  23.000000
1126.543143  10.000000
1127.082202  15.000000
1127.621291  14.000000
1128.160409  24.000000
1128.699557  17.000000
1129.238734  20.000000
1129.777941  10.000000
1130.317178  13.000000
1130.856444  21.000000
1131.395740  14.000000
1131.935065  15.000000
1132.474420   9.000000
1133.013804  14.000000
1133.553219  16.000000
1134.092662  12.000000
1134.632135  10.000000
1135.171638  12.000000
1135.711170  12.000000
1136.250732  12.000000
1136.790324  17.000000
1137.329945  14.000000
1137.869595  13.000000
1138.409275   6.000000
1138.948985  19.000000
1139.488725  16.000000
1140.028493  17.000000
1140.568292  15.000000
1141.108120  21.000000
1141.647978  13.000000
1142.187865  11.000000
1142.727781  16.000000
1143.267728  12.000000
1143.807704  13.000000
1144.347709   9.000000
1144.887744  21.000000
1145.427809  16.000000
1145.967903   9.000000
1146.508027  11.000000
1147.048180  10.000000
1147.588363  18.000000
1148.128575  17.000000
1148.668817  11.000000
1149.209089  14.000000
1149.749390  12.000000
1150.289721  19.000000
1150.830081  15.000000
1151.370471  14.000000
1151.910890   9.000000
1152.451339   9.000000
1152.991818  10.000000
1153.532326  19.000000
1154.072864  11.000000
1154.613431  15.000000
1155.154028  20.000000
1155.694655  15.000000
1156.235311  15.000000
1156.775996   8.000000
1157.316711  13.000000
1157.857456  12.000000
1158.398231   7.000000
1158.939034   6.000000
1159.479868  14.000000
1160.020731  14.000000
1160.561623   9.000000
1161.102546  14.000000
1161.643497  16.000000
1162.184479  21.000000
1162.725490  24.000000
1163.266530  14.000000
1163.807600  14.000000
1164.348700  17.000000
1164.889829  18.000000
1165.430988  13.000000
1165.972176  11.000000
1166.513394  13.000000
1167.054641  11.000000
1167.595918  12.000000
1168.137225  17.000000
1168.678561  12.000000
1169.219927  19.000000
1169.761322  12.000000
1170.302747  18.000000
1170.844201   9.000000
1171.385685  14.000000
1171.927199   7.000000
1172.468742  15.000000
1173.010315  11.000000
1173.551917  13.000000
1174.093549  20.000000
1174.635211  11.000000
1175.176902  19.000000
1175.718622  19.000000
1176.260372  16.000000
1176.802152  12.000000
1177.343961  12.000000
1177.885800  14.000000
1178.427669  13.000000
1178.969567  20.000000
1179.511494  21.000000
1180.053452  14.000000
1180.595438  16.000000
1181.137455  11.000000
1181.679501  19.000000
1182.221576  21.000000
1182.763681  25.000000
1183.305816  16.000000
1183.847980  23.000000
1184.390174  20.000000
1184.932397  19.000000
1185.474650  16.000000
1186.016932  15.000000
1186.559244  21.000000
1187.101586  14.000000
1187.643957  11.000000
1188.186358  18.000000
1188.728788  12.000000
1189.271248  20.000000
1189.813737  19.000000
1190.356256  21.000000
1190.898805  18.000000
1191.441383  17.000000
1191.983991  20.000000
1192.526628  19.000000
1193.069295  18.000000
1193.611992  15.000000
1194.154718  23.000000
1194.697473  31.000000
1195.240258  22.000000
1195.783073  19.000000
1196.325917  38.000000
1196.868791  23.000000
1197.411695  17.000000
1197.954628  28.000000
1198.497590  25.000000
1199.040582  16.000000
1199.583604  15.000000
1200.126656  27.000000
1200.669736  23.000000
1201.212847  34.000000
1201.755987  34.000000
1202.299157  32.000000
1202.842356  38.000000
1203.385584  25.000000
1203.928843  32.000000
1204.472131  27.000000
1205.015448  35.000000
1205.558795  37.000000
1206.102172  28.000000
1206.645578  29.000000
1207.189014  32.000000
1207.732479  25.000000
1208.275974  37.000000
1208.819498  40.000000
1209.363052  34.000000
1209.906636  38.000000
1210.450249  44.000000
1210.993892  39.000000
1211.537564  48.000000
1212.081266  38.000000
1212.624997  42.000000
1213.168758  41.000000
1213.712549  55.000000
1214.256369  42.000000
1214.800219  54.000000
1215.344098  55.000000
1215.888007  47.000000
1216.431946  39.000000
1216.975914  45.000000
1217.519911  57.000000
1218.063938  66.000000
1218.607995  47.000000
1219.152081  58.000000
1219.696197  64.000000
1220.240343  66.000000
1220.784518  59.000000
1221.328722  57.000000
1221.872957  67.000000
1222.417220  70.000000
1222.961514  67.000000
1223.505836  63.000000
1224.050189  79.000000
1224.594571  66.000000
1225.138983  71.000000
1225.683424  81.000000
1226.227894  75.000000
1226.772395  83.000000
1227.316925  73.000000
1227.861484  75.000000
1228.406073  82.000000
1228.950692  80.000000
1229.495340  88.000000
1230.040018 100.000000
1230.584725  95.000000
1231.129462 110.000000
1231.674228  93.000000
1232.219024  87.000000
1232.763850  93.000000
1233.308705 115.000000
1233.853590 123.000000
1234.398504 111.000000
1234.943448  91.000000
1235.488421  99.000000
1236.033424 121.000000
1236.578457 113.000000
1237.123519 118.000000
1237.668611 120.000000
1238.213732 122.000000
1238.758883 120.000000
1239.304064 110.000000
1239.849274 143.000000
1240.394513 128.000000
1240.939782 129.000000
1241.485081 120.000000
1242.030409 138.000000
1242.575767 123.000000
1243.121155 130.000000
1243.666572 136.000000
1244.212018 135.000000
1244.757495 138.000000
1245.303000 127.000000
1245.848536 167.000000
1246.394100 160.000000
1246.939695 152.000000
1247.485319 163.000000
1248.030973 147.000000
1248.576656 160.000000
1249.122368 154.000000
1249.668111 164.000000
1250.213883 131.000000
1250.759684 163.000000
1251.305515 142.000000
1251.851376 155.000000
1252.397266 156.000000
1252.943186 183.000000
1253.489135 167.000000
1254.035114 164.000000
1254.581122 169.000000
1255.127160 189.000000
1255.673228 158.000000
1256.219325 157.000000
1256.765452 168.000000
1257.311608 156.000000
1257.857794 162.000000
1258.404009 179.000000
1258.950254 166.000000
1259.496529 180.000000
1260.042833 194.000000
1260.589167 194.000000
1261.135530 168.000000
1261.681923 182.000000
1262.228346 152.000000
1262.774798 173.000000
1263.321279 165.000000
1263.867790 155.000000
1264.414331 172.000000
1264.960901 191.000000
1265.507501 172.000000
1266.054131 171.000000
1266.600790 175.000000
1267.147478 161.000000
1267.694196 177.000000
1268.240944 154.000000
1268.787722 163.000000
1269.334528 149.000000
1269.881365 170.000000
1270.428231 137.000000
1270.975126 193.000000
1271.522052 163.000000
1272.069006 135.000000
1272.615991 165.000000
1273.163005 157.000000
1273.710048 162.000000
1274.257121 158.000000
1274.804224 163.000000
1275.351356 157.000000
1275.898517 153.000000
1276.445709 153.000000
1276.992930 145.000000
1277.540180 155.000000
1278.087460 129.000000
1278.634770 151.000000
1279.182109 143.000000
1279.729478 138.000000
1280.276876 140.000000
1280.824304 153.000000
1281.371761 131.000000
1281.919248 141.000000
1282.466765 122.000000
1283.014311 101.000000
1283.561887 135.000000
1284.109492 111.000000
1284.657127 160.000000
1285.204791 117.000000
1285.752485 113.000000
1286.300209 127.000000
1286.847962 114.000000
1287.395745 117.000000
1287.943557 117.000000
1288.491399 115.000000
1289.039271 120.000000
1289.587172  94.000000
1290.135102 104.000000
1290.683062  93.000000
1291.231052  98.000000
1291.779071  93.000000
1292.327120 101.000000
1292.875199  99.000000
1293.423307  85.000000
1293.971444  86.000000
1294.519611  73.000000
1295.067808  95.000000
1295.616035  79.000000
1296.164290 101.000000
1296.712576  78.000000
1297.260891  81.000000
1297.809235  85.000000
1298.357610  80.000000
1298.906013  75.000000
1299.454447  58.000000
1300.002910  67.000000
1300.551402  67.000000
1301.099924  83.000000
1301.648476  59.000000
1302.197057  59.000000
1302.745668  58.000000
1303.294308  46.000000
1303.842978  56.000000
1304.391677  50.000000
1304.940406  55.000000
1305.489165  66.000000
1306.037953  48.000000
1306.586771  55.000000
1307.135618  47.000000
1307.684495  39.000000
1308.233401  41.000000
1308.782337  46.000000
1309.331303  47.000000
1309.880298  41.000000
1310.429323  55.000000
1310.978377  30.000000
1311.527461  36.000000
1312.076574  36.000000
1312.625717  27.000000
1313.174890  32.000000
1313.724092  31.000000
1314.273324  31.000000
1314.822585  34.000000
1315.371876  29.000000
1315.921197  29.000000
1316.470547  30.000000
1317.019926  32.000000
1317.569335  30.000000
1318.118774  25.000000
1318.668242  31.000000
1319.217740  21.000000
1319.767268  17.000000
1320.316825  21.000000
1320.866411  24.000000
1321.416027  25.000000
1321.965673  24.000000
1322.515348  16.000000
1323.065053  18.000000
1323.614788  25.000000
1324.164552  24.000000
1324.714345  22.000000
1325.264169  19.000000
1325.814021  15.000000
1326.363904  18.000000
1326.913815  13.000000
1327.463757  13.000000
1328.013728  17.000000
1328.563729  13.000000
1329.113759  13.000000
1329.663818  17.000000
1330.213908  20.000000
1330.764027  18.000000
1331.314175  13.000000
1331.864353  18.000000
1332.414561   6.000000
1332.964798  14.000000
1333.515065  10.000000
1334.065361  14.000000
1334.615687   9.000000
1335.166042   8.000000
1335.716427  13.000000
1336.266842  17.000000
1336.817286  16.000000
1337.367760  17.000000
1337.918263  13.000000
1338.468796   8.000000
1339.019358   7.000000
1339.569950   7.000000
1340.120572   9.000000
1340.671223   9.000000
1341.221904   9.000000
1341.772614   7.000000
1342.323354  11.000000
1342.874123   9.000000
1343.424922   8.000000
1343.975751  10.000000
1344.526609   8.000000
1345.077497   4.000000
1345.628414  10.000000
1346.179361  10.000000
1346.730338  13.000000
1347.281344   7.000000
1347.832379   2.000000
1348.383444  10.000000
1348.934539   5.000000
1349.485663  10.000000
1350.036817  12.000000
1350.588001   8.000000
1351.139214   9.000000
1351.690456   5.000000
1352.241728   7.000000
1352.793030  11.000000
1353.344361   4.000000
1353.895722   7.000000
1354.447113   9.000000
1354.998533   8.000000
1355.549982   9.000000
1356.101462   5.000000
1356.652970   7.000000
1357.204509   5.000000
1357.756076   6.000000
1358.307674   5.000000
1358.859301  11.000000
1359.410958   7.000000
1359.962644   8.000000
1360.514359   6.000000
1361.066105   5.000000
1361.617880   4.000000
1362.169684   8.000000
1362.721518   5.000000
1363.273382  11.000000
1363.825275   7.000000
1364.377198   6.000000
1364.929150   8.000000
1365.481132   7.000000
1366.033143   6.000000
1366.585184   5.000000
1367.137255   8.000000
1367.689355   4.000000
1368.241485   4.000000
1368.793644   5.000000
1369.345833   4.000000
1369.898051   5.000000
1370.450299   3.000000
1371.002577   8.000000
1371.554884   4.000000
1372.107221  10.000000
1372.659587   4.000000
1373.211983   5.000000
1373.764408   2.000000
1374.316863   7.000000
1374.869348   9.000000
1375.421862   6.000000
1375.974406   3.000000
1376.526979   7.000000
1377.079582   5.000000
1377.632215   4.000000
1378.184877   7.000000
1378.737568   7.000000
1379.290289   2.000000
1379.843040   6.000000
1380.395820   3.000000
1380.948630   6.000000
1381.501470   7.000000
1382.054339   2.000000
1382.607237   1.000000
1383.160165   5.000000
1383.713123   2.000000
1384.266110   2.000000
1384.819127   3.000000
1385.372174   4.000000
1385.925250   4.000000
1386.478355   5.000000
1387.031490   3.000000
1387.584655   2.000000
1388.137850   4.000000
1388.691073   4.000000
1389.244327   4.000000
1389.797610   2.000000
1390.350922   8.000000
1390.904265   6.000000
1391.457636   3.000000
1392.011038   0.000000
1392.564469   4.000000
1393.117929   5.000000
1393.671419   8.000000
1394.224939   4.000000
1394.778488   4.000000
1395.332066   2.000000
1395.885675   5.000000
1396.439313   6.000000
1396.992980   2.000000
1397.546677   2.000000
1398.100404   5.000000
1398.654160   4.000000
1399.207946   5.000000
1399.761761   3.000000
1400.315606   4.000000
1400.869480   7.000000
1401.423384   2.000000
1401.977318   6.000000
1402.531281   4.000000
1403.085274   5.000000
1403.639296   4.000000
1404.193348   5.000000
1404.747429   3.000000
1405.301540   6.000000
1405.855681   1.000000
1406.409851   4.000000
1406.964051   4.000000
1407.518280   5.000000
1408.072539   2.000000
1408.626827   5.000000
1409.181145   4.000000
1409.735493   6.000000
1410.289870   4.000000
1410.844277   5.000000
1411.398713   1.000000
1411.953179   3.000000
1412.507674   5.000000
1413.062199   5.000000
1413.616754   7.000000
1414.171338   5.000000
1414.725952   4.000000
1415.280595   5.000000
1415.835268   6.000000
1416.389971   6.000000
1416.944703   2.000000
1417.499464   6.000000
1418.054255   7.000000
1418.609076   5.000000
1419.163926   5.000000
1419.718806   3.000000
1420.273716   9.000000
1420.828655   2.000000
1421.383623   6.000000
1421.938621   4.000000
1422.493649   4.000000
1423.048706   7.000000
1423.603793   8.000000
1424.158910   7.000000
1424.714056   5.000000
1425.269231   5.000000
1425.824437   8.000000
1426.379671   3.000000
1426.934936  12.000000
1427.490229   5.000000
1428.045553   0.000000
1428.600906   5.000000
1429.156288   7.000000
1429.711701   5.000000
1430.267142  10.000000
1430.822614  10.000000
1431.378115   7.000000
1431.933645   4.000000
1432.489205   5.000000
1433.044795   7.000000
1433.600414   4.000000
1434.156062   5.000000
1434.711741   3.000000
1435.267449   8.000000
1435.823186   8.000000
1436.378953   9.000000
1436.934750   5.000000
1437.490576   5.000000
1438.046432   4.000000
1438.602317   5.000000
1439.158232   9.000000
1439.714176  11.000000
1440.270150   6.000000
1440.826154   5.000000
1441.382187  11.000000
1441.938250   8.000000
1442.494342   3.000000
1443.050464   3.000000
1443.606615   8.000000
1444.162796   5.000000
1444.719007   6.000000
1445.275247  10.000000
1445.831517  10.000000
1446.387816  10.000000
1446.944145   9.000000
1447.500503   6.000000
1448.056891   4.000000
1448.613309   4.000000
1449.169756   7.000000
1449.726233   4.000000
1450.282739   6.000000
1450.839275   5.000000
1451.395840   9.000000
1451.952435   5.000000
1452.509060   8.000000
1453.065714   9.000000
1453.622398   5.000000
1454.179111   8.000000
1454.735854   4.000000
1455.292626   7.000000
1455.849428   8.000000
1456.406260   4.000000
1456.963121   7.000000
1457.520012   6.000000
1458.076932   6.000000
1458.633882   5.000000
1459.190862   9.000000
1459.747871   7.000000
1460.304909   6.000000
1460.861977  12.000000
1461.419075   3.000000
1461.976202   5.000000
1462.533359   9.000000
1463.090546   9.000000
1463.647762   9.000000
1464.205007   4.000000
1464.762282  11.000000
1465.319587   6.000000
1465.876921   6.000000
1466.434285   3.000000
1466.991679   7.000000
1467.549102   6.000000
1468.106554   5.000000
1468.664036   3.000000
1469.221548   2.000000
1469.779089   6.000000
1470.336660   8.000000
1470.894261   1.000000
1471.451891   3.000000
1472.009550   7.000000
1472.567240   6.000000
1473.124958   4.000000
1473.682707   4.000000
1474.240484   4.000000
1474.798292   7.000000
1475.356129   9.000000
1475.913995   0.000000
1476.471892   5.000000
1477.029817   7.000000
1477.587773   2.000000
1478.145758   5.000000
1478.703772   3.000000
1479.261816   3.000000
1479.819890   5.000000
1480.377993   2.000000
1480.936125   3.000000
1481.494288   2.000000
1482.052480   1.000000
1482.610701   4.000000
1483.168952   4.000000
1483.727233   4.000000
1484.285543   2.000000
1484.843883  11.000000
1485.402252   2.000000
1485.960651   0.000000
1486.519079   2.000000
1487.077537   4.000000
1487.636025   1.000000
1488.194542   3.000000
1488.753089   2.000000
1489.311665   4.000000
1489.870271   0.000000
1490.428906   5.000000
1490.987571   1.000000
1491.546266   2.000000
1492.104990   2.000000
1492.663744   2.000000
1493.222527   4.000000
1493.781340   2.000000
1494.340182   1.000000
1494.899054   1.000000
1495.457956   2.000000
1496.016887   4.000000
1496.575848   4.000000
1497.134838   2.000000
1497.693858   3.000000
1498.252907   2.000000
1498.811986   2.000000
1499.371095   2.000000
1499.930233   5.000000
1500.489401   3.000000
1501.048598   0.000000
1501.607825   3.000000
1502.167081   0.000000
1502.726367   1.000000
1503.285683   2.000000
1503.845028   3.000000
1504.404403   1.000000
1504.963807   2.000000
1505.523241   1.000000
1506.082704   2.000000
1506.642197   1.000000
1507.201720   1.000000
1507.761272   0.000000
1508.320854   2.000000
1508.880465   4.000000
1509.440106   2.000000
1509.999777   1.000000
1510.559477   3.000000
1511.119206   2.000000
1511.678965   0.000000
1512.238754   2.000000
1512.798572   2.000000
1513.358420   4.000000
1513.918298   2.000000
1514.478205   0.000000
1515.038141   1.000000
1515.598107   0.000000
1516.158103   0.000000
1516.718128   2.000000
1517.278183   2.000000
1517.838268   0.000000
1518.398382   3.000000
1518.958525   0.000000
1519.518698   2.000000
1520.078901   2.000000
1520.639133   2.000000
1521.199395   2.000000
1521.759687   0.000000
1522.320008   2.000000
1522.880358   4.000000
1523.440738   2.000000
1524.001148   1.000000
1524.561587   2.000000
1525.122056   2.000000
1525.682555   0.000000
1526.243083   2.000000
1526.803640   1.000000
1527.364228   2.000000
1527.924844   2.000000
1528.485491   1.000000
1529.046166   2.000000
1529.606872   2.000000
1530.167607   1.000000
1530.728371   2.000000
1531.289166   0.000000
1531.849989   0.000000
1532.410843   2.000000
1532.971725   1.000000
1533.532638   0.000000
1534.093580   1.000000
1534.654551   4.000000
1535.215553   2.000000
1535.776583   0.000000
1536.337644   2.000000
1536.898733   2.000000
1537.459853   3.000000
1538.021002   4.000000
1538.582181   1.000000
1539.143389   1.000000
1539.704626   2.000000
1540.265894   1.000000
1540.827191   0.000000
1541.388517   0.000000
1541.949873   3.000000
1542.511259   1.000000
1543.072674   2.000000
1543.634118   1.000000
1544.195593   1.000000
1544.757097   0.000000
1545.318630   0.000000
1545.880193   0.000000
1546.441786   1.000000
1547.003408   3.000000
1547.565060   2.000000
1548.126741   3.000000
1548.688452   0.000000
1549.250192   1.000000
1549.811962   1.000000
1550.373762   2.000000
1550.935591   2.000000
1551.497450   2.000000
1552.059338   1.000000
1552.621256   0.000000
1553.183203   0.000000
1553.745180   2.000000
1554.307187   0.000000
1554.869223   0.000000
1555.431289   0.000000
1555.993384   0.000000
1556.555509   1.000000
1557.117663   1.000000
1557.679847   3.000000
1558.242061   0.000000
1558.804304   1.000000
1559.366577   1.000000
1559.928879   0.000000
1560.491211   1.000000
1561.053572   0.000000
1561.615963   1.000000
1562.178384   1.000000
1562.740834   1.000000
1563.303314   1.000000
1563.865823   3.000000
1564.428362   0.000000
1564.990930   2.000000
1565.553528   1.000000
1566.116156   1.000000
1566.678813   1.000000
1567.241500   2.000000
1567.804216   1.000000
1568.366962   1.000000
1568.929737   0.000000
1569.492542   0.000000
1570.055377   1.000000
1570.618241   1.000000
1571.181135   1.000000
1571.744058   0.000000
1572.307011   1.000000
1572.869993   0.000000
1573.433005   2.000000
1573.996047   0.000000
1574.559118   1.000000
1575.122219   1.000000
1575.685349   0.000000
1576.248509   0.000000
1576.811698   0.000000
1577.374917   1.000000
1577.938166   2.000000
1578.501444   2.000000
1579.064752   0.000000
1579.628089   4.000000
1580.191456   0.000000
1580.754852   2.000000
1581.318278   1.000000
1581.881734   2.000000
1582.445219   0.000000
1583.008734   1.000000
1583.572278   2.000000
1584.135852   1.000000
1584.699455   2.000000
1585.263088   4.000000
1585.826751   1.000000
1586.390443   5.000000
1586.954165   0.000000
1587.517916   3.000000
1588.081697   0.000000
1588.645508   1.000000
1589.209348   0.000000
1589.773217   4.000000
1590.337116   3.000000
1590.901045   0.000000
1591.465003   1.000000
1592.028991   2.000000
1592.593009   0.000000
1593.157056   1.000000
1593.721132   0.000000
1594.285238   0.000000
1594.849374   3.000000
1595.413539   0.000000
1595.977734   0.000000
1596.541959   2.000000
1597.106213   1.000000
1597.670496   1.000000
1598.234809   0.000000
1598.799152   0.000000
1599.363524   0.000000
1599.927926   1.000000
1600.492358   1.000000
1601.056819   1.000000
1601.621309   1.000000
1602.185829   1.000000
1602.750379   1.000000
1603.314958   1.000000
1603.879567   0.000000
1604.444206   1.000000
1605.008874   0.000000
1605.573571   0.000000
1606.138298   0.000000
1606.703055   1.000000
1607.267841   0.000000
1607.832657   1.000000
1608.397503   1.000000
1608.962378   0.000000
1609.527282   0.000000
1610.092216   1.000000
1610.657180   1.000000
1611.222173   0.000000
1611.787196   0.000000
1612.352249   0.000000
1612.917331   1.000000
1613.482442   1.000000
1614.047583   0.000000
1614.612754   0.000000
1615.177954   0.000000
1615.743184   0.000000
1616.308444   2.000000
1616.873733   1.000000
1617.439051   1.000000
1618.004399   1.000000
1618.569777   1.000000
1619.135184   0.000000
1619.700621   2.000000
1620.266088   1.000000
1620.831584   1.000000
1621.397109   1.000000
1621.962665   1.000000
1622.528249   0.000000
1623.093864   0.000000
1623.659507   1.000000
1624.225181   0.000000
1624.790884   1.000000
1625.356616   1.000000
1625.922379   1.000000
1626.488170   3.000000
1627.053992   1.000000
1627.619842   1.000000
1628.185723   1.000000
1628.751633   2.000000
1629.317572   0.000000
1629.883542   0.000000
1630.449540   2.000000
1631.015569   1.000000
1631.581626   2.000000
1632.147714   0.000000
1632.713831   0.000000
1633.279977   1.000000
1633.846154   1.000000
1634.412359   0.000000
1634.978595   2.000000
1635.544859   2.000000
1636.111154   1.000000
1636.677478   2.000000
1637.243831   0.000000
1637.810215   0.000000
1638.376627   0.000000
1638.943070   1.000000
1639.509541   0.000000
1640.076043   1.000000
1640.642574   1.000000
1641.209134   1.000000
1641.775725   1.000000
1642.342344   2.000000
1642.908994   0.000000
1643.475672   0.000000
1644.042381   0.000000
1644.609119   1.000000
1645.175886   1.000000
1645.742684   1.000000
1646.309510   0.000000
1646.876367   3.000000
1647.443252   0.000000
1648.010168   1.000000
1648.577113   3.000000
1649.144087   1.000000
1649.711092   2.000000
1650.278125   2.000000
1650.845189   0.000000
1651.412282   0.000000
1651.979404   0.000000
1652.546556   2.000000
1653.113738   0.000000
1653.680949   0.000000
1654.248189   0.000000
1654.815460   0.000000
1655.382760   1.000000
1655.950089   2.000000
1656.517448   0.000000
1657.084837   1.000000
1657.652255   1.000000
1658.219702   0.000000
1658.787180   0.000000
1659.354687   0.000000
1659.922223   0.000000
1660.489789   0.000000
1661.057385   0.000000
1661.625010   0.000000
1662.192664   2.000000
1662.760349   1.000000
1663.328063   0.000000
1663.895806   1.000000
1664.463579   1.000000
1665.031382   0.000000
1665.599214   0.000000
1666.167075   3.000000
1666.734967   0.000000
1667.302888   2.000000
1667.870838   1.000000
1668.438818   1.000000
1669.006828   0.000000
1669.574867   0.000000
1670.142935   0.000000
1670.711034   1.000000
1671.279162   0.000000
1671.847319   0.000000
1672.415506   3.000000
1672.983723   2.000000
1673.551969   1.000000
1674.120244   2.000000
1674.688550   0.000000
1675.256885   1.000000
1675.825249   1.000000
1676.393643   1.000000
1676.962067   2.000000
1677.530520   2.000000
1678.099002   0.000000
1678.667515   0.000000
1679.236057   0.000000
1679.804628   0.000000
1680.373229   0.000000
1680.941860   0.000000
1681.510520   1.000000
1682.079209   0.000000
1682.647929   0.000000
1683.216678   0.000000
1683.785456   1.000000
1684.354264   0.000000
1684.923102   1.000000
1685.491969   1.000000
1686.060865   2.000000
1686.629792   1.000000
1687.198748   0.000000
1687.767733   0.000000
1688.336748   1.000000
1688.905793   0.000000
1689.474867   0.000000
1690.043970   1.000000
1690.613104   0.000000
1691.182267   0.000000
1691.751459   0.000000
1692.320681   0.000000
1692.889933   0.000000
1693.459214   1.000000
1694.028524   1.000000
1694.597865   3.000000
1695.167235   0.000000
1695.736634   1.000000
1696.306063   0.000000
1696.875522   0.000000
1697.445010   4.000000
1698.014527   1.000000
1698.584075   1.000000
1699.153652   1.000000
1699.723258   3.000000
1700.292894   1.000000
1700.862560   0.000000
1701.432255   0.000000
1702.001979   0.000000
1702.571734   2.000000
1703.141518   1.000000
1703.711331   1.000000
1704.281174   1.000000
1704.851047   0.000000
1705.420949   0.000000
1705.990880   1.000000
1706.560842   0.000000
1707.130833   0.000000
1707.700853   1.000000
1708.270903   1.000000
1708.840983   0.000000
1709.411092   0.000000
1709.981230   0.000000
1710.551399   0.000000
1711.121597   0.000000
1711.691824   0.000000
1712.262081   0.000000
1712.832368   1.000000
1713.402684   1.000000
1713.973029   0.000000
1714.543405   1.000000
1715.113810   1.000000
1715.684244   0.000000
1716.254708   0.000000
1716.825202   2.000000
1717.395725   2.000000
1717.966277   1.000000
1718.536860   3.000000
1719.107472   0.000000
1719.678113   0.000000
1720.248784   3.000000
1720.819485   1.000000
1721.390215   0.000000
1721.960974   1.000000
1722.531764   1.000000
1723.102583   1.000000
1723.673431   0.000000
1724.244309   0.000000
1724.815217   0.000000
1725.386154   1.000000
1725.957120   0.000000
1726.528117   1.000000
1727.099143   0.000000
1727.670198   0.000000
1728.241283   0.000000
1728.812398   0.000000
1729.383542   0.000000
1729.954715   2.000000
1730.525919   1.000000
1731.097152   0.000000
1731.668414   1.000000
1732.239706   0.000000
1732.811028   2.000000
1733.382379   0.000000
1733.953759   1.000000
1734.525170   1.000000
1735.096609   2.000000
1735.668079   1.000000
1736.239578   1.000000
1736.811106   1.000000
1737.382665   0.000000
1737.954252   1.000000
1738.525870   0.000000
1739.097516   1.000000
1739.669193   0.000000
1740.240899   0.000000
1740.812634   1.000000
1741.384400   1.000000
1741.956194   1.000000
1742.528019   0.000000
1743.099872   0.000000
1743.671756   0.000000
1744.243669   2.000000
1744.815611   0.000000
1745.387584   1.000000
1745.959585   1.000000
1746.531617   2.000000
1747.103677   0.000000
1747.675768   1.000000
1748.247888   1.000000
1748.820037   2.000000
1749.392217   0.000000
1749.964425   0.000000
1750.536664   0.000000
1751.108931   2.000000
1751.681229   0.000000
1752.253556   1.000000
1752.825912   0.000000
1753.398299   1.000000
1753.970714   1.000000
1754.543160   1.000000
1755.115634   0.000000
1755.688139   3.000000
1756.260673   0.000000
1756.833236   1.000000
1757.405830   2.000000
1757.978452   0.000000
1758.551105   1.000000
1759.123786   0.000000
1759.696498   1.000000
1760.269239   1.000000
1760.842009   0.000000
1761.414810   1.000000
1761.987639   0.000000
1762.560499   1.000000
1763.133387   1.000000
1763.706306   2.000000
1764.279254   2.000000
1764.852231   1.000000
1765.425238   1.000000
1765.998275   1.000000
1766.571341   1.000000
1767.144437   1.000000
1767.717563   0.000000
1768.290718   0.000000
1768.863902   0.000000
1769.437116   2.000000
1770.010360   0.000000
1770.583633   1.000000
1771.156936   3.000000
1771.730269   0.000000
1772.303631   1.000000
1772.877022   1.000000
1773.450443   2.000000
1774.023894   0.000000
1774.597374   1.000000
1775.170884   0.000000
1775.744424   1.000000
1776.317993   1.000000
1776.891591   0.000000
1777.465219   0.000000
1778.038877   0.000000
1778.612564   1.000000
1779.186281   0.000000
1779.760028   1.000000
1780.333804   0.000000
1780.907609   1.000000
1781.481444   1.000000
1782.055309   0.000000
1782.629203   0.000000
1783.203127   0.000000
1783.777081   1.000000
1784.351064   0.000000
1784.925076   2.000000
1785.499118   1.000000
1786.073190   1.000000
1786.647291   2.000000
1787.221422   0.000000
1787.795583   1.000000
1788.369773   0.000000
1788.943992   1.000000
1789.518241   0.000000
1790.092520   0.000000
1790.666828   1.000000
1791.241166   0.000000
1791.815534   0.000000
1792.389931   2.000000
1792.964357   0.000000
1793.538813   1.000000
1794.113299   1.000000
1794.687814   0.000000
1795.262359   1.000000
1795.836934   2.000000
1796.411538   0.000000
1796.986171   0.000000
1797.560834   2.000000
1798.135527   1.000000
1798.710249   1.000000
1799.285001   1.000000
1799.859782   0.000000
1800.434593   0.000000
1801.009434   0.000000
1801.584304   3.000000
1802.159204   0.000000
1802.734133   0.000000
1803.309092   1.000000
1803.884080   0.000000
1804.459098   2.000000
1805.034146   1.000000
1805.609223   0.000000
1806.184330   0.000000
1806.759466   1.000000
1807.334632   0.000000
1807.909827   1.000000
1808.485052   0.000000
1809.060307   0.000000
1809.635591   0.000000
1810.210905   0.000000
1810.786248   0.000000
1811.361621   0.000000
1811.937023   0.000000
1812.512455   0.000000
1813.087917   0.000000
1813.663408   0.000000
1814.238929   0.000000
1814.814479   0.000000
1815.390059   0.000000
1815.965668   0.000000
1816.541307   1.000000
1817.116976   0.000000
1817.692674   0.000000
1818.268402   2.000000
1818.844159   1.000000
1819.419946   0.000000
1819.995762   2.000000
1820.571608   1.000000
1821.147484   0.000000
1821.723389   0.000000
1822.299324   1.000000
1822.875288   1.000000
1823.451282   0.000000
1824.027305   0.000000
1824.603358   0.000000
1825.179441   0.000000
1825.755553   0.000000
1826.331695   1.000000
1826.907866   0.000000
1827.484067   2.000000
1828.060297   0.000000
1828.636557   0.000000
1829.212847   0.000000
1829.789166   1.000000
1830.365515   1.000000
1830.941893   0.000000
1831.518301   0.000000
1832.094738   3.000000
1832.671205   0.000000
1833.247702   0.000000
1833.824228   1.000000
1834.400784   1.000000
1834.977369   0.000000
1835.553984   0.000000
1836.130628   1.000000
1836.707302   0.000000
1837.284006   1.000000
1837.860739   1.000000
1838.437501   1.000000
1839.014294   0.000000
1839.591116   1.000000
1840.167967   0.000000
1840.744848   1.000000
1841.321759   0.000000
1841.898699   0.000000
1842.475668   0.000000
1843.052668   0.000000
1843.629697   0.000000
1844.206755   1.000000
1844.783843   0.000000
1845.360961   1.000000
1845.938108   0.000000
1846.515284   1.000000
1847.092491   1.000000
1847.669727   0.000000
1848.246992   0.000000
1848.824287   0.000000
1849.401611   1.000000
1849.978966   0.000000
1850.556349   2.000000
1851.133763   0.000000
1851.711205   1.000000
1852.288678   2.000000
1852.866180   0.000000
1853.443711   0.000000
1854.021273   0.000000
1854.598863   0.000000
1855.176484   0.000000
1855.754133   0.000000
1856.331813   1.000000
1856.909522   1.000000
1857.487260   1.000000
1858.065029   0.000000
1858.642826   0.000000
1859.220654   1.000000
1859.798510   0.000000
1860.376397   0.000000
1860.954313   0.000000
1861.532258   1.000000
1862.110233   1.000000
1862.688238   0.000000
1863.266272   0.000000
1863.844336   2.000000
1864.422430   2.000000
1865.000553   0.000000
1865.578705   0.000000
1866.156887   0.000000
1866.735099   0.000000
1867.313340   0.000000
1867.891611   0.000000
1868.469912   1.000000
1869.048242   1.000000
1869.626601   0.000000
1870.204990   0.000000
1870.783409   1.000000
1871.361857   0.000000
1871.940335   0.000000
1872.518843   1.000000
1873.097380   1.000000
1873.675946   0.000000
1874.254542   0.000000
1874.833168   0.000000
1875.411823   1.000000
1875.990508   1.000000
1876.569223   1.000000
1877.147967   0.000000
1877.726740   0.000000
1878.305543   0.000000
1878.884376   0.000000
1879.463238   0.000000
1880.042130   0.000000
1880.621051   0.000000
1881.200002   1.000000
1881.778983   0.000000
1882.357993   0.000000
1882.937033   1.000000
1883.516102   0.000000
1884.095201   0.000000
1884.674329   0.000000
1885.253487   0.000000
1885.832675   1.000000
1886.411892   0.000000
1886.991139   2.000000
1887.570415   0.000000
1888.149721   0.000000
1888.729056   0.000000
1889.308421   0.000000
1889.887816   0.000000
1890.467240   0.000000
1891.046694   1.000000
1891.626177   0.000000
1892.205690   0.000000
1892.785232   0.000000
1893.364804   1.000000
1893.944406   1.000000
1894.524037   0.000000
1895.103698   0.000000
1895.683388   2.000000
1896.263108   0.000000
1896.842857   0.000000
1897.422636   2.000000
1898.002445   0.000000
1898.582283   0.000000
1899.162151   1.000000
1899.742048   0.000000
1900.321975   0.000000
1900.901931   0.000000
1901.481917   0.000000
1902.061933   1.000000
1902.641978   1.000000
1903.222053   0.000000
1903.802157   0.000000
1904.382291   0.000000
1904.962454   1.000000
1905.542647   0.000000
1906.122870   0.000000
1906.703122   1.000000
1907.283403   0.000000
1907.863715   1.000000
1908.444056   0.000000
1909.024426   0.000000
1909.604826   0.000000
1910.185256   0.000000
1910.765715   0.000000
1911.346203   0.000000
1911.926722   0.000000
1912.507269   0.000000
1913.087847   0.000000
1913.668454   0.000000
1914.249090   0.000000
1914.829757   1.000000
1915.410452   1.000000
1915.991178   0.000000
1916.571932   1.000000
1917.152717   0.000000
1917.733531   0.000000
1918.314374   0.000000
1918.895247   0.000000
1919.476150   0.000000
1920.057082   1.000000
1920.638044   0.000000
1921.219036   1.000000
1921.800057   0.000000
1922.381107   1.000000
1922.962187   1.000000
1923.543297   2.000000
1924.124436   1.000000
1924.705605   0.000000
1925.286804   0.000000
1925.868032   0.000000
1926.449289   1.000000
1927.030576   0.000000
1927.611893   0.000000
1928.193239   3.000000
1928.774615   0.000000
1929.356021   0.000000
1929.937456   0.000000
1930.518920   0.000000
1931.100414   0.000000
1931.681938   0.000000
1932.263491   0.000000
1932.845074   0.000000
1933.426686   2.000000
1934.008328   1.000000
1934.590000   0.000000
1935.171701   0.000000
1935.753432   1.000000
1936.335192   1.000000
1936.916982   0.000000
1937.498801   1.000000
1938.080650   0.000000
1938.662529   1.000000
1939.244437   0.000000
1939.826375   0.000000
1940.408342   1.000000
1940.990339   0.000000
1941.572365   1.000000
1942.154421   0.000000
1942.736507   0.000000
1943.318622   0.000000
1943.900767   0.000000
1944.482941   0.000000
1945.065145   1.000000
1945.647378   2.000000
1946.229641   0.000000
1946.811934   0.000000
1947.394256   0.000000
1947.976608   0.000000
1948.558989   1.000000
1949.141400   0.000000
1949.723840   0.000000
1950.306310   1.000000
1950.888810   1.000000
1951.471339   2.000000
1952.053898   0.000000
1952.636486   0.000000
1953.219104   0.000000
1953.801751   0.000000
1954.384428   0.000000
1954.967135   1.000000
1955.549871   1.000000
1956.132636   0.000000
1956.715432   0.000000
1957.298257   0.000000
1957.881111   4.000000
1958.463995   0.000000
1959.046909   0.000000
1959.629852   0.000000
1960.212824   0.000000
1960.795827   2.000000
1961.378858   1.000000
1961.961920   1.000000
1962.545011   1.000000
1963.128131   0.000000
1963.711282   0.000000
1964.294461   0.000000
1964.877671   0.000000
1965.460909   0.000000
1966.044178   0.000000
1966.627476   1.000000
1967.210803   0.000000
1967.794160   1.000000
1968.377547   0.000000
1968.960963   0.000000
1969.544409   0.000000
1970.127885   0.000000
1970.711390   1.000000
1971.294924   0.000000
1971.878488   1.000000
1972.462082   0.000000
1973.045705   0.000000
1973.629358   0.000000
1974.213041   0.000000
1974.796753   1.000000
1975.380494   1.000000
1975.964265   0.000000
1976.548066   0.000000
1977.131896   0.000000
1977.715756   1.000000
1978.299645   0.000000
1978.883564   2.000000
1979.467513   0.000000
1980.051491   1.000000
1980.635499   0.000000
1981.219536   0.000000
1981.803603   0.000000
1982.387699   0.000000
1982.971825   0.000000
1983.555981   0.000000
1984.140166   0.000000
1984.724381   0.000000
1985.308625   0.000000
1985.892899   2.000000
1986.477202   0.000000
1987.061535   0.000000
1987.645898   0.000000
1988.230290   1.000000
1988.814712   0.000000
1989.399163   0.000000
1989.983644   0.000000
1990.568154   1.000000
1991.152694   0.000000
1991.737264   0.000000
1992.321863   0.000000
1992.906492   0.000000
1993.491150   0.000000
1994.075838   1.000000
1994.660555   1.000000
1995.245302   0.000000
1995.830079   0.000000
1996.414885   0.000000
1996.999720   0.000000
1997.584586   0.000000
1998.169481   0.000000
1998.754405   1.000000
1999.339359   2.000000
1999.924343   0.000000
2000.509356   0.000000
2001.094398   1.000000
2001.679471   0.000000
2002.264572   0.000000
2002.849704   1.000000
2003.434865   1.000000
2004.020055   0.000000
2004.605276   1.000000
2005.190525   0.000000
2005.775804   1.000000
2006.361113   0.000000
2006.946452   1.000000
2007.531820   0.000000
2008.117217   0.000000
2008.702644   0.000000
2009.288101   0.000000
2009.873587   1.000000
2010.459103   0.000000
2011.044649   0.000000
2011.630224   0.000000
2012.215828   0.000000
2012.801462   0.000000
2013.387126   0.000000
2013.972819   0.000000
2014.558542   0.000000
2015.144295   1.000000
2015.730077   0.000000
2016.315888   0.000000
2016.901729   0.000000
2017.487600   2.000000
2018.073500   0.000000
2018.659430   0.000000
2019.245389   2.000000
2019.831378   0.000000
2020.417397   1.000000
2021.003445   0.000000
2021.589523   0.000000
2022.175630   0.000000
2022.761767   2.000000
2023.347933   0.000000
2023.934129   1.000000
2024.520355   0.000000
2025.106610   2.000000
2025.692895   0.000000
2026.279209   0.000000
2026.865553   0.000000
2027.451926   0.000000
2028.038329   0.000000
2028.624762   0.000000
2029.211224   0.000000
2029.797716   1.000000
2030.384237   0.000000
2030.970788   0.000000
2031.557368   0.000000
2032.143978   0.000000
2032.730618   0.000000
2033.317287   0.000000
2033.903985   0.000000
2034.490714   0.000000
2035.077472   1.000000
2035.664259   0.000000
2036.251076   1.000000
2036.837922   0.000000
2037.424799   0.000000
2038.011704   0.000000
2038.598640   0.000000
2039.185604   0.000000
2039.772599   0.000000
2040.359623   1.000000
2040.946676   0.000000
2041.533759   0.000000
2042.120872   0.000000
2042.708014   0.000000
2043.295186   0.000000
2043.882388   1.000000
2044.469619   2.000000
2045.056879   1.000000
2045.644169   1.000000
2046.231489   0.000000
2046.818838   0.000000
2047.406217   0.000000
2047.993626   0.000000
2048.581064   0.000000
2049.168531   0.000000
2049.756028   0.000000
2050.343555   1.000000
2050.931111   1.000000
2051.518697   0.000000
2052.106312   0.000000
2052.693957   1.000000
2053.281632   1.000000
2053.869336   0.000000
2054.457070   0.000000
2055.044833   0.000000
2055.632626   0.000000
2056.220448   0.000000
2056.808300   0.000000
2057.396182   1.000000
2057.984093   1.000000
2058.572034   1.000000
2059.160004   0.000000
2059.748004   1.000000
2060.336033   0.000000
2060.924092   0.000000
2061.512181   0.000000
2062.100299   2.000000
2062.688447   0.000000
2063.276624   1.000000
2063.864831   1.000000
2064.453067   0.000000
2065.041333   0.000000
2065.629629   0.000000
2066.217954   0.000000
2066.806308   0.000000
2067.394693   0.000000
2067.983107   1.000000
2068.571550   0.000000
2069.160023   1.000000
2069.748525   0.000000
2070.337058   0.000000
2070.925619   1.000000
2071.514211   0.000000
2072.102831   0.000000
2072.691482   0.000000
2073.280162   0.000000
2073.868871   0.000000
2074.457610   1.000000
2075.046379   1.000000
2075.635177   0.000000
2076.224005   0.000000
2076.812863   1.000000
2077.401750   1.000000
2077.990666   1.000000
2078.579612   0.000000
2079.168588   0.000000
2079.757593   0.000000
2080.346628   0.000000
2080.935693   0.000000
2081.524787   0.000000
2082.113910   0.000000
2082.703063   0.000000
2083.292246   1.000000
2083.881458   1.000000
2084.470700   1.000000
2085.059971   1.000000
2085.649272   0.000000
2086.238603   0.000000
2086.827963   0.000000
2087.417353   0.000000
2088.006772   1.000000
2088.596221   1.000000
2089.185699   1.000000
2089.775207   0.000000
2090.364745   0.000000
2090.954312   1.000000
2091.543909   0.000000
2092.133535   0.000000
2092.723191   1.000000
2093.312876   1.000000
2093.902591   1.000000
2094.492336   2.000000
2095.082110   1.000000
2095.671914   0.000000
2096.261747   0.000000
2096.851610   0.000000
2097.441502   0.000000
2098.031424   0.000000
2098.621376   0.000000
2099.211357   0.000000
2099.801367   0.000000
2100.391408   1.000000
2100.981477   1.000000
2101.571577   0.000000
2102.161706   0.000000
2102.751864   1.000000
2103.342053   0.000000
2103.932270   0.000000
2104.522517   1.000000
2105.112794   0.000000
2105.703101   0.000000
2106.293437   0.000000
2106.883802   0.000000
2107.474197   0.000000
2108.064622   1.000000
2108.655076   0.000000
2109.245560   0.000000
2109.836074   1.000000
2110.426617   0.000000
2111.017189   0.000000
2111.607791   0.000000
2112.198423   3.000000
2112.789084   0.000000
2113.379775   1.000000
2113.970495   0.000000
2114.561245   0.000000
2115.152025   1.000000
2115.742834   0.000000
2116.333673   0.000000
2116.924541   1.000000
2117.515439   0.000000
2118.106366   1.000000
2118.697323   1.000000
2119.288310   0.000000
2119.879326   0.000000
2120.470372   1.000000
2121.061447   0.000000
2121.652552   1.000000
2122.243686   1.000000
2122.834850   1.000000
2123.426044   2.000000
2124.017267   1.000000
2124.608519   0.000000
2125.199802   1.000000
2125.791114   0.000000
2126.382455   0.000000
2126.973826   0.000000
2127.565227   0.000000
2128.156657   2.000000
2128.748116   0.000000
2129.339606   0.000000
2129.931124   0.000000
2130.522673   0.000000
2131.114251   0.000000
2131.705858   0.000000
2132.297495   0.000000
2132.889162   0.000000
2133.480858   0.000000
2134.072584   0.000000
2134.664340   0.000000
2135.256125   0.000000
2135.847939   0.000000
2136.439783   0.000000
2137.031657   0.000000
2137.623560   0.000000
2138.215493   0.000000
2138.807456   0.000000
2139.399448   1.000000
2139.991469   0.000000
2140.583520   2.000000
2141.175601   0.000000
2141.767711   1.000000
2142.359851   1.000000
2142.952020   1.000000
2143.544219   1.000000
2144.136448   0.000000
2144.728706   0.000000
2145.320994   0.000000
2145.913311   1.000000
2146.505658   0.000000
2147.098034   0.000000
2147.690440   0.000000
2148.282876   1.000000
2148.875341   1.000000
2149.467836   0.000000
2150.060360   1.000000
2150.652914   0.000000
2151.245497   0.000000
2151.838110   0.000000
2152.430753   0.000000
2153.023425   0.000000
2153.616126   0.000000
2154.208858   0.000000
2154.801619   0.000000
2155.394409   1.000000
2155.987229   0.000000
2156.580078   0.000000
2157.172958   0.000000
2157.765866   1.000000
2158.358805   0.000000
2158.951772   1.000000
2159.544770   0.000000
2160.137797   0.000000
2160.730853   2.000000
2161.323939   0.000000
2161.917055   0.000000
2162.510200   1.000000
2163.103375   1.000000
2163.696580   1.000000
2164.289814   0.000000
2164.883077   2.000000
2165.476370   0.000000
2166.069693   1.000000
2166.663045   0.000000
2167.256427   0.000000
2167.849838   0.000000
2168.443279   0.000000
2169.036750   0.000000
2169.630250   1.000000
2170.223780   3.000000
2170.817339   2.000000
2171.410928   1.000000
2172.004546   1.000000
2172.598194   0.000000
2173.191872   0.000000
2173.785579   1.000000
2174.379316   1.000000
2174.973082   0.000000
2175.566878   1.000000
2176.160703   0.000000
2176.754558   3.000000
2177.348443   0.000000
2177.942357   1.000000
2178.536300   0.000000
2179.130274   0.000000
2179.724277   0.000000
2180.318309   1.000000
2180.912371   1.000000
2181.506462   0.000000
2182.100584   0.000000
2182.694734   0.000000
2183.288915   0.000000
2183.883124   0.000000
2184.477364   0.000000
2185.071633   0.000000
2185.665931   0.000000
2186.260259   1.000000
2186.854617   0.000000
2187.449004   1.000000
2188.043421   0.000000
2188.637868   0.000000
2189.232344 944.000000
