2019_09_26_17_47_51_471 /home/raspion_user/data/Beacon_efficiency_137Cs_50cm.sp 327351 1800.000 1780.971 2.734449 0.475199  0.0000147857
  2.734449   0.000000
  3.209663   0.000000
  3.684906   0.000000
  4.160179   0.000000
  4.635482   0.000000
  5.110814   0.000000
  5.586176   0.000000
  6.061567   0.000000
  6.536988   0.000000
  7.012438   0.000000
  7.487918   0.000000
  7.963428   0.000000
  8.438967   0.000000
  8.914536   0.000000
  9.390134   0.000000
  9.865762   0.000000
 10.341419   0.000000
 10.817106   0.000000
 11.292823   1.000000
 11.768569   0.000000
 12.244344   1.000000
 12.720150   1.000000
 13.195985   5.000000
 13.671849   5.000000
 14.147743   7.000000
 14.623667   6.000000
 15.099620  13.000000
 15.575602  12.000000
 16.051615  16.000000
 16.527657  13.000000
 17.003728  23.000000
 17.479829  24.000000
 17.955959  27.000000
 18.432120  36.000000
 18.908309  35.000000
 19.384529  50.000000
 19.860777  51.000000
 20.337056  35.000000
 20.813364  48.000000
 21.289701  62.000000
 21.766069  73.000000
 22.242465  81.000000
 22.718891  97.000000
 23.195347 114.000000
 23.671833 101.000000
 24.148348  96.000000
 24.624892 134.000000
 25.101466 104.000000
 25.578070 127.000000
 26.054703 116.000000
 26.531366 141.000000
 27.008059 151.000000
 27.484781 156.000000
 27.961532 184.000000
 28.438313 174.000000
 28.915124 182.000000
 29.391964 203.000000
 29.868834 182.000000
 30.345734 236.000000
 30.822663 220.000000
 31.299621 234.000000
 31.776609 225.000000
 32.253627 246.000000
 32.730674 236.000000
 33.207751 279.000000
 33.684857 251.000000
 34.161993 289.000000
 34.639159 287.000000
 35.116354 302.000000
 35.593579 287.000000
 36.070833 309.000000
 36.548117 293.000000
 37.025430 302.000000
 37.502773 336.000000
 37.980146 315.000000
 38.457548 339.000000
 38.934980 352.000000
 39.412441 358.000000
 39.889932 369.000000
 40.367452 411.000000
 40.845002 365.000000
 41.322582 385.000000
 41.800191 393.000000
 42.277830 432.000000
 42.755498 387.000000
 43.233196 423.000000
 43.710923 399.000000
 44.188680 415.000000
 44.666467 353.000000
 45.144283 368.000000
 45.622129 347.000000
 46.100004 315.000000
 46.577909 348.000000
 47.055843 348.000000
 47.533807 332.000000
 48.011801 291.000000
 48.489824 314.000000
 48.967876 319.000000
 49.445959 269.000000
 49.924071 300.000000
 50.402212 268.000000
 50.880383 305.000000
 51.358584 282.000000
 51.836814 269.000000
 52.315073 272.000000
 52.793363 271.000000
 53.271681 216.000000
 53.750030 276.000000
 54.228408 238.000000
 54.706815 250.000000
 55.185253 231.000000
 55.663719 232.000000
 56.142216 267.000000
 56.620741 262.000000
 57.099297 259.000000
 57.577882 269.000000
 58.056496 251.000000
 58.535140 292.000000
 59.013814 257.000000
 59.492517 266.000000
 59.971250 248.000000
 60.450013 276.000000
 60.928805 280.000000
 61.407626 301.000000
 61.886477 277.000000
 62.365358 286.000000
 62.844268 272.000000
 63.323208 296.000000
 63.802178 331.000000
 64.281177 309.000000
 64.760205 323.000000
 65.239263 332.000000
 65.718351 324.000000
 66.197468 345.000000
 66.676615 370.000000
 67.155791 387.000000
 67.634997 361.000000
 68.114233 402.000000
 68.593498 400.000000
 69.072793 401.000000
 69.552117 425.000000
 70.031471 416.000000
 70.510854 385.000000
 70.990267 430.000000
 71.469710 421.000000
 71.949182 412.000000
 72.428684 451.000000
 72.908215 421.000000
 73.387776 418.000000
 73.867366 443.000000
 74.346986 408.000000
 74.826636 476.000000
 75.306315 425.000000
 75.786024 447.000000
 76.265762 510.000000
 76.745530 483.000000
 77.225327 458.000000
 77.705154 437.000000
 78.185011 461.000000
 78.664897 437.000000
 79.144813 462.000000
 79.624758 450.000000
 80.104733 462.000000
 80.584737 488.000000
 81.064771 443.000000
 81.544835 481.000000
 82.024928 444.000000
 82.505050 442.000000
 82.985203 441.000000
 83.465385 467.000000
 83.945596 503.000000
 84.425837 458.000000
 84.906107 466.000000
 85.386408 472.000000
 85.866737 434.000000
 86.347097 488.000000
 86.827485 475.000000
 87.307904 437.000000
 87.788352 475.000000
 88.268829 456.000000
 88.749336 469.000000
 89.229873 445.000000
 89.710439 431.000000
 90.191035 517.000000
 90.671661 520.000000
 91.152316 470.000000
 91.633000 456.000000
 92.113714 448.000000
 92.594458 446.000000
 93.075231 448.000000
 93.556034 452.000000
 94.036867 450.000000
 94.517729 460.000000
 94.998620 418.000000
 95.479541 475.000000
 95.960492 431.000000
 96.441472 455.000000
 96.922482 434.000000
 97.403521 445.000000
 97.884590 488.000000
 98.365689 441.000000
 98.846817 473.000000
 99.327975 499.000000
 99.809162 435.000000
100.290379 498.000000
100.771625 448.000000
101.252901 479.000000
101.734207 474.000000
102.215542 441.000000
102.696907 462.000000
103.178301 428.000000
103.659725 494.000000
104.141178 443.000000
104.622661 505.000000
105.104174 522.000000
105.585716 484.000000
106.067288 454.000000
106.548889 464.000000
107.030520 471.000000
107.512180 507.000000
107.993870 459.000000
108.475590 472.000000
108.957339 486.000000
109.439117 486.000000
109.920926 504.000000
110.402764 497.000000
110.884631 484.000000
111.366528 532.000000
111.848455 544.000000
112.330411 527.000000
112.812396 536.000000
113.294412 526.000000
113.776456 517.000000
114.258531 534.000000
114.740635 511.000000
115.222768 507.000000
115.704932 532.000000
116.187124 536.000000
116.669346 548.000000
117.151598 562.000000
117.633880 515.000000
118.116191 552.000000
118.598531 534.000000
119.080901 551.000000
119.563301 517.000000
120.045730 549.000000
120.528189 569.000000
121.010678 536.000000
121.493196 540.000000
121.975743 581.000000
122.458320 543.000000
122.940927 573.000000
123.423563 557.000000
123.906229 557.000000
124.388924 534.000000
124.871649 545.000000
125.354404 513.000000
125.837188 595.000000
126.320002 537.000000
126.802845 511.000000
127.285718 572.000000
127.768620 513.000000
128.251552 544.000000
128.734514 550.000000
129.217505 540.000000
129.700526 539.000000
130.183576 544.000000
130.666656 497.000000
131.149765 528.000000
131.632904 485.000000
132.116073 501.000000
132.599271 548.000000
133.082499 492.000000
133.565756 519.000000
134.049043 522.000000
134.532359 467.000000
135.015705 498.000000
135.499081 481.000000
135.982486 481.000000
136.465920 511.000000
136.949385 418.000000
137.432879 482.000000
137.916402 490.000000
138.399955 468.000000
138.883537 482.000000
139.367150 474.000000
139.850791 450.000000
140.334463 467.000000
140.818163 487.000000
141.301894 461.000000
141.785654 423.000000
142.269443 440.000000
142.753262 477.000000
143.237111 446.000000
143.720989 444.000000
144.204897 384.000000
144.688835 423.000000
145.172802 450.000000
145.656798 509.000000
146.140824 452.000000
146.624880 422.000000
147.108965 478.000000
147.593080 422.000000
148.077225 439.000000
148.561399 426.000000
149.045602 435.000000
149.529835 427.000000
150.014098 441.000000
150.498390 381.000000
150.982712 468.000000
151.467063 423.000000
151.951444 401.000000
152.435855 399.000000
152.920295 426.000000
153.404765 403.000000
153.889264 428.000000
154.373793 399.000000
154.858351 379.000000
155.342939 400.000000
155.827557 450.000000
156.312204 406.000000
156.796881 417.000000
157.281587 385.000000
157.766323 418.000000
158.251088 399.000000
158.735883 426.000000
159.220708 387.000000
159.705562 403.000000
160.190445 416.000000
160.675359 368.000000
161.160302 392.000000
161.645274 392.000000
162.130276 400.000000
162.615307 430.000000
163.100369 442.000000
163.585459 408.000000
164.070580 446.000000
164.555729 383.000000
165.040909 403.000000
165.526118 384.000000
166.011356 419.000000
166.496624 374.000000
166.981922 382.000000
167.467249 386.000000
167.952606 391.000000
168.437993 418.000000
168.923409 372.000000
169.408854 429.000000
169.894329 364.000000
170.379834 418.000000
170.865368 389.000000
171.350932 390.000000
171.836526 414.000000
172.322148 378.000000
172.807801 414.000000
173.293483 422.000000
173.779195 465.000000
174.264936 391.000000
174.750707 432.000000
175.236507 372.000000
175.722337 408.000000
176.208197 407.000000
176.694086 405.000000
177.180005 430.000000
177.665953 431.000000
178.151931 397.000000
178.637938 395.000000
179.123975 411.000000
179.610042 391.000000
180.096138 410.000000
180.582264 414.000000
181.068419 410.000000
181.554604 398.000000
182.040818 392.000000
182.527062 405.000000
183.013336 445.000000
183.499639 394.000000
183.985971 394.000000
184.472334 361.000000
184.958725 415.000000
185.445147 444.000000
185.931598 438.000000
186.418078 422.000000
186.904589 407.000000
187.391128 430.000000
187.877697 409.000000
188.364296 441.000000
188.850925 431.000000
189.337583 423.000000
189.824270 427.000000
190.310987 413.000000
190.797734 433.000000
191.284510 398.000000
191.771316 448.000000
192.258152 420.000000
192.745017 424.000000
193.231911 389.000000
193.718835 445.000000
194.205789 428.000000
194.692772 420.000000
195.179785 387.000000
195.666827 395.000000
196.153899 420.000000
196.641001 417.000000
197.128132 419.000000
197.615293 425.000000
198.102483 444.000000
198.589703 399.000000
199.076952 420.000000
199.564231 415.000000
200.051540 385.000000
200.538878 409.000000
201.026246 373.000000
201.513643 417.000000
202.001070 416.000000
202.488526 397.000000
202.976012 364.000000
203.463528 377.000000
203.951073 385.000000
204.438647 383.000000
204.926252 381.000000
205.413886 400.000000
205.901549 377.000000
206.389242 388.000000
206.876964 340.000000
207.364717 397.000000
207.852498 372.000000
208.340310 361.000000
208.828150 370.000000
209.316021 369.000000
209.803921 377.000000
210.291850 332.000000
210.779809 360.000000
211.267798 326.000000
211.755816 360.000000
212.243864 339.000000
212.731942 333.000000
213.220049 324.000000
213.708185 354.000000
214.196351 352.000000
214.684547 320.000000
215.172772 329.000000
215.661027 314.000000
216.149311 346.000000
216.637625 293.000000
217.125969 320.000000
217.614342 328.000000
218.102745 350.000000
218.591177 351.000000
219.079639 320.000000
219.568130 311.000000
220.056651 315.000000
220.545202 319.000000
221.033782 314.000000
221.522392 314.000000
222.011031 321.000000
222.499700 305.000000
222.988398 290.000000
223.477126 311.000000
223.965884 300.000000
224.454671 302.000000
224.943487 281.000000
225.432334 306.000000
225.921210 306.000000
226.410115 303.000000
226.899050 314.000000
227.388014 302.000000
227.877009 277.000000
228.366032 307.000000
228.855086 292.000000
229.344168 304.000000
229.833281 261.000000
230.322423 262.000000
230.811594 284.000000
231.300795 287.000000
231.790026 330.000000
232.279286 277.000000
232.768576 253.000000
233.257896 261.000000
233.747245 290.000000
234.236623 307.000000
234.726031 278.000000
235.215469 266.000000
235.704936 296.000000
236.194433 266.000000
236.683959 291.000000
237.173515 263.000000
237.663101 288.000000
238.152716 280.000000
238.642361 255.000000
239.132035 267.000000
239.621739 284.000000
240.111472 281.000000
240.601235 279.000000
241.091028 286.000000
241.580850 309.000000
242.070702 278.000000
242.560583 300.000000
243.050494 240.000000
243.540434 264.000000
244.030404 249.000000
244.520404 285.000000
245.010433 252.000000
245.500491 249.000000
245.990580 264.000000
246.480697 268.000000
246.970845 248.000000
247.461022 262.000000
247.951228 268.000000
248.441465 254.000000
248.931730 267.000000
249.422025 260.000000
249.912350 257.000000
250.402705 290.000000
250.893089 264.000000
251.383502 277.000000
251.873945 260.000000
252.364418 243.000000
252.854920 221.000000
253.345452 216.000000
253.836014 255.000000
254.326604 236.000000
254.817225 266.000000
255.307875 271.000000
255.798555 242.000000
256.289264 258.000000
256.780003 243.000000
257.270771 251.000000
257.761569 215.000000
258.252397 261.000000
258.743254 250.000000
259.234141 237.000000
259.725057 258.000000
260.216003 236.000000
260.706978 242.000000
261.197983 236.000000
261.689018 223.000000
262.180082 242.000000
262.671175 273.000000
263.162299 246.000000
263.653452 216.000000
264.144634 225.000000
264.635846 228.000000
265.127087 218.000000
265.618359 223.000000
266.109659 237.000000
266.600990 229.000000
267.092349 223.000000
267.583739 234.000000
268.075158 228.000000
268.566606 223.000000
269.058084 256.000000
269.549592 203.000000
270.041129 232.000000
270.532696 208.000000
271.024293 236.000000
271.515919 196.000000
272.007574 216.000000
272.499259 222.000000
272.990974 195.000000
273.482718 204.000000
273.974492 227.000000
274.466295 217.000000
274.958128 204.000000
275.449991 220.000000
275.941883 209.000000
276.433805 217.000000
276.925756 206.000000
277.417737 177.000000
277.909747 201.000000
278.401787 233.000000
278.893857 226.000000
279.385956 191.000000
279.878084 211.000000
280.370243 224.000000
280.862431 183.000000
281.354648 210.000000
281.846895 199.000000
282.339172 203.000000
282.831478 210.000000
283.323813 174.000000
283.816179 200.000000
284.308573 195.000000
284.800998 176.000000
285.293452 197.000000
285.785935 175.000000
286.278448 193.000000
286.770991 170.000000
287.263563 199.000000
287.756165 193.000000
288.248797 205.000000
288.741458 186.000000
289.234148 194.000000
289.726868 196.000000
290.219618 190.000000
290.712397 175.000000
291.205206 180.000000
291.698044 195.000000
292.190912 184.000000
292.683810 190.000000
293.176737 195.000000
293.669694 169.000000
294.162680 191.000000
294.655696 197.000000
295.148741 179.000000
295.641816 193.000000
296.134921 163.000000
296.628055 191.000000
297.121219 170.000000
297.614412 177.000000
298.107635 188.000000
298.600887 195.000000
299.094169 198.000000
299.587481 191.000000
300.080822 176.000000
300.574192 199.000000
301.067593 168.000000
301.561022 173.000000
302.054482 157.000000
302.547971 183.000000
303.041489 171.000000
303.535037 189.000000
304.028615 193.000000
304.522222 181.000000
305.015859 173.000000
305.509526 157.000000
306.003222 199.000000
306.496947 169.000000
306.990702 178.000000
307.484487 175.000000
307.978301 194.000000
308.472145 191.000000
308.966018 164.000000
309.459921 161.000000
309.953854 178.000000
310.447816 170.000000
310.941808 168.000000
311.435829 189.000000
311.929880 184.000000
312.423960 174.000000
312.918070 174.000000
313.412210 183.000000
313.906379 166.000000
314.400577 167.000000
314.894806 158.000000
315.389064 177.000000
315.883351 160.000000
316.377668 177.000000
316.872014 155.000000
317.366391 192.000000
317.860796 166.000000
318.355232 179.000000
318.849696 180.000000
319.344191 168.000000
319.838715 149.000000
320.333268 165.000000
320.827851 175.000000
321.322464 185.000000
321.817106 134.000000
322.311778 179.000000
322.806480 147.000000
323.301211 159.000000
323.795971 140.000000
324.290761 165.000000
324.785581 148.000000
325.280430 164.000000
325.775309 162.000000
326.270217 171.000000
326.765155 156.000000
327.260123 155.000000
327.755120 175.000000
328.250147 170.000000
328.745203 140.000000
329.240289 165.000000
329.735404 161.000000
330.230549 147.000000
330.725724 154.000000
331.220928 152.000000
331.716161 155.000000
332.211425 168.000000
332.706718 140.000000
333.202040 142.000000
333.697392 146.000000
334.192773 172.000000
334.688185 170.000000
335.183625 144.000000
335.679095 162.000000
336.174595 140.000000
336.670125 134.000000
337.165684 154.000000
337.661272 164.000000
338.156890 135.000000
338.652538 157.000000
339.148215 151.000000
339.643922 134.000000
340.139658 149.000000
340.635424 157.000000
341.131220 177.000000
341.627045 130.000000
342.122900 138.000000
342.618784 177.000000
343.114698 149.000000
343.610641 153.000000
344.106614 155.000000
344.602617 151.000000
345.098649 158.000000
345.594711 151.000000
346.090802 139.000000
346.586923 168.000000
347.083073 146.000000
347.579253 145.000000
348.075463 133.000000
348.571702 153.000000
349.067970 149.000000
349.564269 143.000000
350.060596 160.000000
350.556954 160.000000
351.053341 127.000000
351.549757 150.000000
352.046203 145.000000
352.542679 135.000000
353.039184 165.000000
353.535719 146.000000
354.032284 147.000000
354.528878 130.000000
355.025501 154.000000
355.522154 134.000000
356.018837 155.000000
356.515549 143.000000
357.012291 142.000000
357.509062 153.000000
358.005863 139.000000
358.502694 162.000000
358.999554 142.000000
359.496444 139.000000
359.993363 152.000000
360.490312 146.000000
360.987290 136.000000
361.484298 146.000000
361.981336 139.000000
362.478403 151.000000
362.975499 151.000000
363.472626 141.000000
363.969782 139.000000
364.466967 124.000000
364.964182 142.000000
365.461426 140.000000
365.958701 160.000000
366.456004 135.000000
366.953337 146.000000
367.450700 145.000000
367.948093 142.000000
368.445515 134.000000
368.942966 136.000000
369.440447 129.000000
369.937958 130.000000
370.435498 127.000000
370.933068 130.000000
371.430667 139.000000
371.928296 148.000000
372.425955 138.000000
372.923643 121.000000
373.421361 142.000000
373.919108 159.000000
374.416885 125.000000
374.914691 134.000000
375.412527 137.000000
375.910393 131.000000
376.408288 134.000000
376.906213 134.000000
377.404167 112.000000
377.902151 134.000000
378.400164 121.000000
378.898207 154.000000
379.396279 126.000000
379.894382 137.000000
380.392513 124.000000
380.890675 137.000000
381.388865 137.000000
381.887086 131.000000
382.385336 132.000000
382.883615 140.000000
383.381924 118.000000
383.880263 129.000000
384.378631 143.000000
384.877029 120.000000
385.375457 139.000000
385.873913 139.000000
386.372400 125.000000
386.870916 133.000000
387.369462 154.000000
387.868037 136.000000
388.366642 109.000000
388.865276 147.000000
389.363940 126.000000
389.862634 129.000000
390.361357 122.000000
390.860110 138.000000
391.358892 146.000000
391.857704 143.000000
392.356545 127.000000
392.855416 123.000000
393.354317 137.000000
393.853247 113.000000
394.352206 135.000000
394.851196 118.000000
395.350214 125.000000
395.849263 132.000000
396.348341 106.000000
396.847448 142.000000
397.346585 149.000000
397.845752 135.000000
398.344948 136.000000
398.844174 134.000000
399.343430 134.000000
399.842715 125.000000
400.342029 102.000000
400.841373 120.000000
401.340747 129.000000
401.840150 136.000000
402.339583 124.000000
402.839045 128.000000
403.338537 133.000000
403.838059 128.000000
404.337610 114.000000
404.837191 115.000000
405.336801 129.000000
405.836441 122.000000
406.336110 116.000000
406.835809 136.000000
407.335538 140.000000
407.835296 135.000000
408.335083 151.000000
408.834901 113.000000
409.334747 144.000000
409.834624 146.000000
410.334530 129.000000
410.834465 112.000000
411.334430 134.000000
411.834425 133.000000
412.334449 132.000000
412.834503 118.000000
413.334587 117.000000
413.834700 133.000000
414.334842 127.000000
414.835014 139.000000
415.335216 125.000000
415.835447 136.000000
416.335708 113.000000
416.835998 123.000000
417.336318 106.000000
417.836668 129.000000
418.337047 103.000000
418.837456 112.000000
419.337894 127.000000
419.838362 123.000000
420.338859 122.000000
420.839386 123.000000
421.339943 128.000000
421.840529 110.000000
422.341144 146.000000
422.841790 130.000000
423.342464 131.000000
423.843169 133.000000
424.343903 133.000000
424.844666 120.000000
425.345459 152.000000
425.846282 114.000000
426.347134 130.000000
426.848016 134.000000
427.348928 113.000000
427.849869 119.000000
428.350839 104.000000
428.851839 124.000000
429.352869 126.000000
429.853928 123.000000
430.355017 117.000000
430.856135 114.000000
431.357283 129.000000
431.858461 128.000000
432.359668 123.000000
432.860905 123.000000
433.362171 128.000000
433.863467 106.000000
434.364792 116.000000
434.866147 112.000000
435.367532 136.000000
435.868946 132.000000
436.370389 123.000000
436.871863 113.000000
437.373365 104.000000
437.874898 126.000000
438.376460 112.000000
438.878051 123.000000
439.379672 122.000000
439.881323 129.000000
440.383003 136.000000
440.884713 130.000000
441.386453  98.000000
441.888222 128.000000
442.390020 122.000000
442.891848 123.000000
443.393706 122.000000
443.895593 124.000000
444.397510 151.000000
444.899456 117.000000
445.401432 123.000000
445.903438 121.000000
446.405473 107.000000
446.907538 109.000000
447.409632 131.000000
447.911756 137.000000
448.413909 129.000000
448.916092 108.000000
449.418305 114.000000
449.920547 117.000000
450.422818 128.000000
450.925120 139.000000
451.427450  87.000000
451.929811 119.000000
452.432201 141.000000
452.934620  98.000000
453.437069 100.000000
453.939548 117.000000
454.442056 104.000000
454.944594 133.000000
455.447161 123.000000
455.949758 102.000000
456.452385 104.000000
456.955041 130.000000
457.457727 117.000000
457.960442 107.000000
458.463187 104.000000
458.965961 120.000000
459.468765  97.000000
459.971599 118.000000
460.474462 118.000000
460.977354 111.000000
461.480277 131.000000
461.983229  99.000000
462.486210 105.000000
462.989221 105.000000
463.492261 115.000000
463.995332 106.000000
464.498431 114.000000
465.001560 116.000000
465.504719 117.000000
466.007908  93.000000
466.511126  95.000000
467.014373 120.000000
467.517650 106.000000
468.020957 112.000000
468.524293 102.000000
469.027659  84.000000
469.531054 108.000000
470.034479 102.000000
470.537934  73.000000
471.041418 106.000000
471.544932  87.000000
472.048475 113.000000
472.552048  90.000000
473.055650  97.000000
473.559282  95.000000
474.062944  97.000000
474.566635  84.000000
475.070355  75.000000
475.574106  83.000000
476.077885 102.000000
476.581695  91.000000
477.085534  84.000000
477.589402  88.000000
478.093300  79.000000
478.597228  82.000000
479.101185  83.000000
479.605172  76.000000
480.109189  85.000000
480.613235  74.000000
481.117310  82.000000
481.621415  82.000000
482.125550  77.000000
482.629714  68.000000
483.133908  99.000000
483.638131  79.000000
484.142384  82.000000
484.646667 102.000000
485.150979  86.000000
485.655321 101.000000
486.159692 100.000000
486.664093  61.000000
487.168523  89.000000
487.672983  76.000000
488.177473  88.000000
488.681992  85.000000
489.186540  87.000000
489.691119  72.000000
490.195726  89.000000
490.700364  82.000000
491.205031  92.000000
491.709727  98.000000
492.214453  86.000000
492.719209  77.000000
493.223994  78.000000
493.728809  94.000000
494.233653  96.000000
494.738527  86.000000
495.243431  83.000000
495.748364  81.000000
496.253327  85.000000
496.758319  83.000000
497.263341  89.000000
497.768392  83.000000
498.273473  76.000000
498.778584  92.000000
499.283724 102.000000
499.788893  95.000000
500.294093  90.000000
500.799322  97.000000
501.304580  82.000000
501.809868  88.000000
502.315185  82.000000
502.820533  84.000000
503.325909  84.000000
503.831315  89.000000
504.336751  82.000000
504.842217  85.000000
505.347712  91.000000
505.853236 109.000000
506.358790  86.000000
506.864374  89.000000
507.369987 105.000000
507.875630  95.000000
508.381302  85.000000
508.887004  93.000000
509.392736  81.000000
509.898497 103.000000
510.404288  84.000000
510.910108  96.000000
511.415958  88.000000
511.921837  66.000000
512.427746  81.000000
512.933685  76.000000
513.439653  94.000000
513.945650  88.000000
514.451678  91.000000
514.957734 102.000000
515.463821  90.000000
515.969937  90.000000
516.476082  88.000000
516.982257  87.000000
517.488462  86.000000
517.994696  80.000000
518.500960  81.000000
519.007253  75.000000
519.513576  79.000000
520.019929  87.000000
520.526311  96.000000
521.032723  91.000000
521.539164  78.000000
522.045635  89.000000
522.552135  86.000000
523.058665  84.000000
523.565225  89.000000
524.071814  78.000000
524.578432  72.000000
525.085081  85.000000
525.591759  92.000000
526.098466  76.000000
526.605203  81.000000
527.111969  69.000000
527.618765  73.000000
528.125591  73.000000
528.632446  83.000000
529.139331  77.000000
529.646246  72.000000
530.153190  66.000000
530.660163  68.000000
531.167166  71.000000
531.674199  66.000000
532.181261  73.000000
532.688353  56.000000
533.195474  77.000000
533.702625  70.000000
534.209806  62.000000
534.717016  80.000000
535.224256  70.000000
535.731525  74.000000
536.238824  66.000000
536.746152  56.000000
537.253510  62.000000
537.760898  65.000000
538.268315  66.000000
538.775761  70.000000
539.283238  53.000000
539.790743  51.000000
540.298279  83.000000
540.805844  70.000000
541.313438  57.000000
541.821062  59.000000
542.328716  53.000000
542.836399  46.000000
543.344112  52.000000
543.851854  62.000000
544.359626  51.000000
544.867428  65.000000
545.375259  60.000000
545.883120  54.000000
546.391010  48.000000
546.898930  52.000000
547.406879  48.000000
547.914858  66.000000
548.422867  57.000000
548.930905  58.000000
549.438972  58.000000
549.947070  51.000000
550.455196  60.000000
550.963353  53.000000
551.471539  52.000000
551.979754  65.000000
552.487999  63.000000
552.996274  41.000000
553.504578  52.000000
554.012912  44.000000
554.521276  51.000000
555.029668  51.000000
555.538091  51.000000
556.046543  57.000000
556.555025  42.000000
557.063536  53.000000
557.572077  51.000000
558.080647  70.000000
558.589247  50.000000
559.097877  54.000000
559.606536  45.000000
560.115224  50.000000
560.623943  45.000000
561.132691  53.000000
561.641468  60.000000
562.150275  50.000000
562.659111  50.000000
563.167977  52.000000
563.676873  45.000000
564.185798  45.000000
564.694753  40.000000
565.203738  43.000000
565.712752  59.000000
566.221795  47.000000
566.730868  53.000000
567.239971  53.000000
567.749103  47.000000
568.258265  49.000000
568.767456  46.000000
569.276677  47.000000
569.785928  39.000000
570.295208  42.000000
570.804518  38.000000
571.313857  51.000000
571.823226  41.000000
572.332624  37.000000
572.842052  63.000000
573.351509  50.000000
573.860997  49.000000
574.370513  51.000000
574.880059  47.000000
575.389635  50.000000
575.899241  43.000000
576.408876  61.000000
576.918540  51.000000
577.428234  50.000000
577.937958  46.000000
578.447711  38.000000
578.957494  49.000000
579.467306  39.000000
579.977148  48.000000
580.487020  50.000000
580.996921  49.000000
581.506852  55.000000
582.016812  44.000000
582.526802  45.000000
583.036821  40.000000
583.546870  60.000000
584.056949  50.000000
584.567057  54.000000
585.077194  41.000000
585.587362  58.000000
586.097558  45.000000
586.607785  48.000000
587.118041  59.000000
587.628326  59.000000
588.138641  45.000000
588.648986  51.000000
589.159360  55.000000
589.669764  57.000000
590.180197  36.000000
590.690660  56.000000
591.201153  43.000000
591.711675  43.000000
592.222227  41.000000
592.732808  48.000000
593.243419  51.000000
593.754059  62.000000
594.264729  37.000000
594.775429  54.000000
595.286158  44.000000
595.796916  48.000000
596.307705  44.000000
596.818522  64.000000
597.329370  54.000000
597.840247  69.000000
598.351153  51.000000
598.862089  50.000000
599.373055  54.000000
599.884050  42.000000
600.395075  58.000000
600.906129  50.000000
601.417213  56.000000
601.928327  59.000000
602.439470  57.000000
602.950643  67.000000
603.461845  50.000000
603.973077  56.000000
604.484338  64.000000
604.995629  65.000000
605.506950  56.000000
606.018300  69.000000
606.529679  67.000000
607.041089  73.000000
607.552527  58.000000
608.063996  49.000000
608.575494  60.000000
609.087021  65.000000
609.598578  54.000000
610.110165  50.000000
610.621781  58.000000
611.133427  70.000000
611.645102  53.000000
612.156807  60.000000
612.668542  66.000000
613.180306  61.000000
613.692100  81.000000
614.203923  59.000000
614.715776  72.000000
615.227658  70.000000
615.739570  78.000000
616.251512  79.000000
616.763483  89.000000
617.275483  75.000000
617.787514  82.000000
618.299573 100.000000
618.811663  81.000000
619.323782  82.000000
619.835930  83.000000
620.348108  88.000000
620.860316  83.000000
621.372553  97.000000
621.884820  85.000000
622.397116  89.000000
622.909442  94.000000
623.421798  96.000000
623.934183 116.000000
624.446598  97.000000
624.959042 107.000000
625.471516 122.000000
625.984019 118.000000
626.496552 112.000000
627.009115 131.000000
627.521707 114.000000
628.034328 137.000000
628.546980 135.000000
629.059660 129.000000
629.572371 135.000000
630.085111 150.000000
630.597880 157.000000
631.110679 141.000000
631.623508 177.000000
632.136366 156.000000
632.649254 186.000000
633.162171 158.000000
633.675118 200.000000
634.188095 171.000000
634.701101 183.000000
635.214137 191.000000
635.727202 192.000000
636.240297 231.000000
636.753421 215.000000
637.266575 189.000000
637.779759 212.000000
638.292972 233.000000
638.806214 235.000000
639.319487 245.000000
639.832788 230.000000
640.346120 283.000000
640.859481 263.000000
641.372871 264.000000
641.886291 276.000000
642.399741 298.000000
642.913220 292.000000
643.426729 271.000000
643.940267 290.000000
644.453835 317.000000
644.967433 320.000000
645.481060 309.000000
645.994717 338.000000
646.508403 338.000000
647.022119 350.000000
647.535864 287.000000
648.049639 347.000000
648.563444 350.000000
649.077278 345.000000
649.591141 346.000000
650.105035 364.000000
650.618957 382.000000
651.132910 376.000000
651.646892 386.000000
652.160903 410.000000
652.674944 442.000000
653.189015 394.000000
653.703115 388.000000
654.217245 418.000000
654.731404 430.000000
655.245593 406.000000
655.759812 419.000000
656.274060 440.000000
656.788338 449.000000
657.302645 463.000000
657.816982 438.000000
658.331348 434.000000
658.845744 480.000000
659.360170 461.000000
659.874625 442.000000
660.389109 468.000000
660.903624 454.000000
661.418167 471.000000
661.932741 437.000000
662.447344 438.000000
662.961976 488.000000
663.476638 457.000000
663.991330 418.000000
664.506051 466.000000
665.020802 418.000000
665.535582 493.000000
666.050392 447.000000
666.565232 474.000000
667.080101 426.000000
667.595000 416.000000
668.109928 442.000000
668.624886 427.000000
669.139873 401.000000
669.654890 408.000000
670.169937 459.000000
670.685013 404.000000
671.200118 399.000000
671.715254 417.000000
672.230418 370.000000
672.745613 398.000000
673.260837 387.000000
673.776090 380.000000
674.291373 369.000000
674.806686 401.000000
675.322028 398.000000
675.837400 396.000000
676.352801 361.000000
676.868232 357.000000
677.383693 336.000000
677.899183 328.000000
678.414703 341.000000
678.930252 324.000000
679.445831 336.000000
679.961439 309.000000
680.477077 310.000000
680.992744 300.000000
681.508442 285.000000
682.024168 285.000000
682.539924 230.000000
683.055710 280.000000
683.571526 249.000000
684.087371 234.000000
684.603245 253.000000
685.119149 244.000000
685.635083 213.000000
686.151046 223.000000
686.667039 237.000000
687.183061 235.000000
687.699113 208.000000
688.215195 183.000000
688.731306 185.000000
689.247447 200.000000
689.763617 158.000000
690.279817 177.000000
690.796046 153.000000
691.312305 132.000000
691.828593 146.000000
692.344912 146.000000
692.861259 121.000000
693.377636 142.000000
693.894043 129.000000
694.410480 133.000000
694.926946 125.000000
695.443441 115.000000
695.959966 113.000000
696.476521 109.000000
696.993105  94.000000
697.509719 105.000000
698.026362  98.000000
698.543035  90.000000
699.059738  99.000000
699.576470  77.000000
700.093231  93.000000
700.610023  87.000000
701.126843  76.000000
701.643694  77.000000
702.160574  73.000000
702.677483  51.000000
703.194422  64.000000
703.711391  63.000000
704.228389  65.000000
704.745417  55.000000
705.262475  60.000000
705.779561  50.000000
706.296678  63.000000
706.813824  62.000000
707.331000  48.000000
707.848205  55.000000
708.365440  44.000000
708.882704  55.000000
709.399998  41.000000
709.917322  50.000000
710.434675  40.000000
710.952057  36.000000
711.469470  39.000000
711.986911  44.000000
712.504383  40.000000
713.021884  42.000000
713.539414  41.000000
714.056974  29.000000
714.574564  36.000000
715.092183  40.000000
715.609832  28.000000
716.127510  25.000000
716.645218  25.000000
717.162956  25.000000
717.680723  30.000000
718.198520  22.000000
718.716346  17.000000
719.234202  39.000000
719.752087  34.000000
720.270002  22.000000
720.787947  22.000000
721.305921  18.000000
721.823924  17.000000
722.341958  27.000000
722.860020  22.000000
723.378113  28.000000
723.896235  19.000000
724.414386  21.000000
724.932567   9.000000
725.450778  25.000000
725.969018  23.000000
726.487288  24.000000
727.005587  18.000000
727.523916  18.000000
728.042275  10.000000
728.560663  13.000000
729.079081  20.000000
729.597528  16.000000
730.116005  15.000000
730.634511  17.000000
731.153047   8.000000
731.671612  17.000000
732.190207  14.000000
732.708832  18.000000
733.227486  16.000000
733.746170  18.000000
734.264884  14.000000
734.783627  16.000000
735.302399  25.000000
735.821201  19.000000
736.340033  11.000000
736.858894  11.000000
737.377785  13.000000
737.896705  15.000000
738.415655  13.000000
738.934635  18.000000
739.453644  11.000000
739.972682  13.000000
740.491751  13.000000
741.010848  10.000000
741.529976  17.000000
742.049133  20.000000
742.568319  17.000000
743.087535  15.000000
743.606781  13.000000
744.126056  18.000000
744.645361  15.000000
745.164695  13.000000
745.684059  14.000000
746.203453  18.000000
746.722876   8.000000
747.242329  10.000000
747.761811   9.000000
748.281323  14.000000
748.800864  13.000000
749.320435  11.000000
749.840036  14.000000
750.359666  12.000000
750.879325  11.000000
751.399015  18.000000
751.918733  14.000000
752.438482  13.000000
752.958260  15.000000
753.478067   9.000000
753.997904  14.000000
754.517771  10.000000
755.037667   8.000000
755.557593  14.000000
756.077548  14.000000
756.597533  11.000000
757.117548  16.000000
757.637592  16.000000
758.157666  11.000000
758.677769   9.000000
759.197902  14.000000
759.718064   8.000000
760.238256  11.000000
760.758477  12.000000
761.278728  10.000000
761.799009  12.000000
762.319319  12.000000
762.839659   8.000000
763.360029  16.000000
763.880427   8.000000
764.400856  13.000000
764.921314  11.000000
765.441802  12.000000
765.962319  10.000000
766.482866  10.000000
767.003442  16.000000
767.524048  17.000000
768.044684  10.000000
768.565349  15.000000
769.086043   8.000000
769.606768  11.000000
770.127521   5.000000
770.648305  14.000000
771.169118  11.000000
771.689960  13.000000
772.210832  14.000000
772.731734  11.000000
773.252665  12.000000
773.773626   9.000000
774.294616  10.000000
774.815636  11.000000
775.336686  16.000000
775.857765   6.000000
776.378874   5.000000
776.900012  14.000000
777.421180  21.000000
777.942377  15.000000
778.463604  13.000000
778.984860   5.000000
779.506147  20.000000
780.027462   6.000000
780.548807   6.000000
781.070182   4.000000
781.591587  18.000000
782.113021   6.000000
782.634484   9.000000
783.155977   8.000000
783.677500   9.000000
784.199052  12.000000
784.720634   9.000000
785.242245  10.000000
785.763886   6.000000
786.285557  10.000000
786.807257  11.000000
787.328986  10.000000
787.850746  11.000000
788.372534   6.000000
788.894353   9.000000
789.416201   5.000000
789.938078  16.000000
790.459985   7.000000
790.981922  11.000000
791.503888   9.000000
792.025884   9.000000
792.547909  14.000000
793.069964  15.000000
793.592049   9.000000
794.114163   5.000000
794.636307   6.000000
795.158480  16.000000
795.680683  10.000000
796.202915  11.000000
796.725177   4.000000
797.247468  10.000000
797.769790   8.000000
798.292140  15.000000
798.814520   9.000000
799.336930   8.000000
799.859370   8.000000
800.381839  10.000000
800.904337   7.000000
801.426865  10.000000
801.949423   7.000000
802.472010   8.000000
802.994627  11.000000
803.517273  15.000000
804.039949  13.000000
804.562655   9.000000
805.085390   7.000000
805.608154  11.000000
806.130949   5.000000
806.653772  11.000000
807.176626   9.000000
807.699509  12.000000
808.222421   9.000000
808.745363   5.000000
809.268335  10.000000
809.791336   3.000000
810.314367   8.000000
810.837427   9.000000
811.360517   8.000000
811.883637   5.000000
812.406786  11.000000
812.929965  11.000000
813.453173   7.000000
813.976411   5.000000
814.499678   9.000000
815.022975   9.000000
815.546301   1.000000
816.069658   7.000000
816.593043   7.000000
817.116458   7.000000
817.639903   8.000000
818.163378   9.000000
818.686882   9.000000
819.210415   9.000000
819.733978   7.000000
820.257571   7.000000
820.781193  10.000000
821.304845  11.000000
821.828526  11.000000
822.352237   9.000000
822.875978  10.000000
823.399748   7.000000
823.923547   6.000000
824.447377   5.000000
824.971235   6.000000
825.495124  10.000000
826.019042  13.000000
826.542989   2.000000
827.066966   8.000000
827.590973   9.000000
828.115009  12.000000
828.639075   7.000000
829.163170  11.000000
829.687295   4.000000
830.211450   6.000000
830.735634   6.000000
831.259848  10.000000
831.784091   8.000000
832.308364   6.000000
832.832666   7.000000
833.356998   8.000000
833.881359   7.000000
834.405750   6.000000
834.930171  14.000000
835.454621   9.000000
835.979101  14.000000
836.503611   8.000000
837.028149   9.000000
837.552718   8.000000
838.077316   9.000000
838.601944   2.000000
839.126601   7.000000
839.651288  11.000000
840.176004   6.000000
840.700750   7.000000
841.225526   5.000000
841.750331  12.000000
842.275165   5.000000
842.800030   9.000000
843.324923   5.000000
843.849847   7.000000
844.374800  13.000000
844.899782   5.000000
845.424794   9.000000
845.949836   5.000000
846.474907   3.000000
847.000008   4.000000
847.525138   9.000000
848.050298   8.000000
848.575488   5.000000
849.100707   4.000000
849.625955  11.000000
850.151234  11.000000
850.676542   8.000000
851.201879   3.000000
851.727246   8.000000
852.252642   6.000000
852.778068   9.000000
853.303524   9.000000
853.829009   5.000000
854.354524   6.000000
854.880068   9.000000
855.405642   5.000000
855.931246   5.000000
856.456879  12.000000
856.982542  10.000000
857.508234   9.000000
858.033956  14.000000
858.559707  12.000000
859.085488   5.000000
859.611298   8.000000
860.137139  12.000000
860.663008   8.000000
861.188907   5.000000
861.714836   7.000000
862.240795   8.000000
862.766783   9.000000
863.292800   6.000000
863.818847   7.000000
864.344924   9.000000
864.871030  13.000000
865.397166   9.000000
865.923331   8.000000
866.449526   8.000000
866.975751  12.000000
867.502005  14.000000
868.028288   8.000000
868.554602   7.000000
869.080944  12.000000
869.607317   6.000000
870.133719   4.000000
870.660150   5.000000
871.186611   6.000000
871.713102   7.000000
872.239622   6.000000
872.766172   5.000000
873.292751   8.000000
873.819360  10.000000
874.345999   8.000000
874.872667   8.000000
875.399365  11.000000
875.926092  10.000000
876.452849   9.000000
876.979635   7.000000
877.506451   8.000000
878.033296   9.000000
878.560171   4.000000
879.087076  10.000000
879.614010  10.000000
880.140974   7.000000
880.667967   6.000000
881.194990   6.000000
881.722043  10.000000
882.249125  11.000000
882.776237   6.000000
883.303378   9.000000
883.830549   7.000000
884.357749   9.000000
884.884979   9.000000
885.412238   5.000000
885.939528   7.000000
886.466846   7.000000
886.994194   7.000000
887.521572   8.000000
888.048980   9.000000
888.576417   2.000000
889.103883   4.000000
889.631379   6.000000
890.158905   8.000000
890.686460   6.000000
891.214045   5.000000
891.741659   7.000000
892.269303   6.000000
892.796977   7.000000
893.324680   8.000000
893.852412   5.000000
894.380175   6.000000
894.907966  10.000000
895.435788   8.000000
895.963639   8.000000
896.491519   7.000000
897.019429   8.000000
897.547369   3.000000
898.075338   6.000000
898.603337   9.000000
899.131365  11.000000
899.659423  10.000000
900.187511   5.000000
900.715628   8.000000
901.243774   8.000000
901.771951   3.000000
902.300157   2.000000
902.828392   7.000000
903.356657  10.000000
903.884951   9.000000
904.413275  12.000000
904.941629  10.000000
905.470012   8.000000
905.998425  15.000000
906.526867   2.000000
907.055339  10.000000
907.583841   8.000000
908.112372   7.000000
908.640933   4.000000
909.169523  10.000000
909.698143  15.000000
910.226792   8.000000
910.755471   8.000000
911.284179   7.000000
911.812918  10.000000
912.341685  10.000000
912.870482   8.000000
913.399309  12.000000
913.928166   7.000000
914.457051   7.000000
914.985967   9.000000
915.514912  13.000000
916.043887  12.000000
916.572891   7.000000
917.101925   4.000000
917.630988  10.000000
918.160081   7.000000
918.689204   7.000000
919.218356   8.000000
919.747537   6.000000
920.276749   7.000000
920.805989   9.000000
921.335260  12.000000
921.864560   5.000000
922.393889   7.000000
922.923248   6.000000
923.452637  14.000000
923.982055   5.000000
924.511503   7.000000
925.040980   3.000000
925.570487   8.000000
926.100024   7.000000
926.629590   5.000000
927.159185   6.000000
927.688811   7.000000
928.218465   8.000000
928.748150  12.000000
929.277864   4.000000
929.807607   6.000000
930.337380   6.000000
930.867183   4.000000
931.397015   6.000000
931.926877   8.000000
932.456768  15.000000
932.986689   6.000000
933.516640   7.000000
934.046620   6.000000
934.576629   7.000000
935.106669   2.000000
935.636738  10.000000
936.166836   6.000000
936.696964  10.000000
937.227121   7.000000
937.757308   8.000000
938.287525  10.000000
938.817771   3.000000
939.348047  10.000000
939.878352   6.000000
940.408687   7.000000
940.939052  11.000000
941.469446   8.000000
941.999870   9.000000
942.530323   8.000000
943.060806   6.000000
943.591318   8.000000
944.121860   6.000000
944.652431   6.000000
945.183032   7.000000
945.713663   8.000000
946.244323   7.000000
946.775013   9.000000
947.305733   7.000000
947.836481  11.000000
948.367260   7.000000
948.898068   7.000000
949.428906   5.000000
949.959773   5.000000
950.490670  11.000000
951.021596   8.000000
951.552552   5.000000
952.083537   6.000000
952.614553   7.000000
953.145597   7.000000
953.676671   8.000000
954.207775   6.000000
954.738909   8.000000
955.270072   5.000000
955.801264   5.000000
956.332486  10.000000
956.863738   5.000000
957.395019   5.000000
957.926330   8.000000
958.457670   9.000000
958.989040   5.000000
959.520440  14.000000
960.051869   6.000000
960.583327   7.000000
961.114816   7.000000
961.646333   4.000000
962.177881   5.000000
962.709458   4.000000
963.241064   7.000000
963.772700  10.000000
964.304366   9.000000
964.836061   5.000000
965.367786   7.000000
965.899540   5.000000
966.431324   6.000000
966.963138   4.000000
967.494981   8.000000
968.026853   8.000000
968.558756   5.000000
969.090687   3.000000
969.622649   4.000000
970.154640   5.000000
970.686660   4.000000
971.218710   1.000000
971.750790   6.000000
972.282899   6.000000
972.815038   5.000000
973.347206   4.000000
973.879404   4.000000
974.411632   4.000000
974.943889   7.000000
975.476175   9.000000
976.008492   7.000000
976.540837   6.000000
977.073213   8.000000
977.605618   6.000000
978.138052   5.000000
978.670516   6.000000
979.203010   8.000000
979.735533   4.000000
980.268086   6.000000
980.800668   9.000000
981.333280   9.000000
981.865922   7.000000
982.398593   8.000000
982.931294   6.000000
983.464024  10.000000
983.996784   9.000000
984.529573   5.000000
985.062392   6.000000
985.595240   6.000000
986.128118   6.000000
986.661026   6.000000
987.193963   4.000000
987.726930  13.000000
988.259926   4.000000
988.792952   3.000000
989.326008   9.000000
989.859093   8.000000
990.392208   9.000000
990.925352   8.000000
991.458526  10.000000
991.991729   5.000000
992.524962   7.000000
993.058224   8.000000
993.591516   9.000000
994.124838   6.000000
994.658189   8.000000
995.191570   9.000000
995.724980   9.000000
996.258420   4.000000
996.791890   3.000000
997.325389   2.000000
997.858918   8.000000
998.392476   9.000000
998.926064   9.000000
999.459681   5.000000
999.993328   5.000000
1000.527004   9.000000
1001.060711   5.000000
1001.594446  10.000000
1002.128211   6.000000
1002.662006   5.000000
1003.195831   3.000000
1003.729684   8.000000
1004.263568   5.000000
1004.797481   7.000000
1005.331424   3.000000
1005.865396   7.000000
1006.399398   5.000000
1006.933429   4.000000
1007.467490   3.000000
1008.001580   7.000000
1008.535701   5.000000
1009.069850   6.000000
1009.604029  11.000000
1010.138238   4.000000
1010.672477   5.000000
1011.206745   7.000000
1011.741042   4.000000
1012.275369   3.000000
1012.809726   7.000000
1013.344112   6.000000
1013.878528   6.000000
1014.412973   4.000000
1014.947448   8.000000
1015.481953   4.000000
1016.016487   6.000000
1016.551050   6.000000
1017.085643   6.000000
1017.620266   7.000000
1018.154919   6.000000
1018.689601   8.000000
1019.224312   6.000000
1019.759053   6.000000
1020.293824   4.000000
1020.828624   5.000000
1021.363454   7.000000
1021.898313   2.000000
1022.433202   4.000000
1022.968121   7.000000
1023.503069   4.000000
1024.038046   3.000000
1024.573053   4.000000
1025.108090   6.000000
1025.643157   4.000000
1026.178253   8.000000
1026.713378   7.000000
1027.248533  11.000000
1027.783718   6.000000
1028.318932   2.000000
1028.854176   3.000000
1029.389449   8.000000
1029.924752   6.000000
1030.460085   7.000000
1030.995447   7.000000
1031.530838   6.000000
1032.066260   3.000000
1032.601710   6.000000
1033.137191   6.000000
1033.672701   4.000000
1034.208240   8.000000
1034.743809   3.000000
1035.279408   5.000000
1035.815036  10.000000
1036.350694   4.000000
1036.886381   9.000000
1037.422098   2.000000
1037.957845   9.000000
1038.493621   6.000000
1039.029426   8.000000
1039.565262   5.000000
1040.101126   8.000000
1040.637021   3.000000
1041.172945   6.000000
1041.708898   5.000000
1042.244881   3.000000
1042.780894   6.000000
1043.316936   5.000000
1043.853008   9.000000
1044.389109   5.000000
1044.925240   2.000000
1045.461401   0.000000
1045.997591   6.000000
1046.533810   3.000000
1047.070060   1.000000
1047.606338   6.000000
1048.142647   8.000000
1048.678985   6.000000
1049.215352   2.000000
1049.751749   8.000000
1050.288176   6.000000
1050.824632   3.000000
1051.361118   7.000000
1051.897633   4.000000
1052.434178   3.000000
1052.970753   5.000000
1053.507357   2.000000
1054.043990   1.000000
1054.580654   4.000000
1055.117346   7.000000
1055.654069   3.000000
1056.190821   1.000000
1056.727602   6.000000
1057.264413   0.000000
1057.801254   7.000000
1058.338124   2.000000
1058.875024   1.000000
1059.411953   8.000000
1059.948912   4.000000
1060.485901   4.000000
1061.022919   5.000000
1061.559966   3.000000
1062.097044   6.000000
1062.634150   4.000000
1063.171287   5.000000
1063.708453   4.000000
1064.245648   6.000000
1064.782873  11.000000
1065.320128   7.000000
1065.857412   6.000000
1066.394726   5.000000
1066.932069   8.000000
1067.469442   3.000000
1068.006845   2.000000
1068.544277   5.000000
1069.081738   6.000000
1069.619230   2.000000
1070.156750   4.000000
1070.694301   6.000000
1071.231881   5.000000
1071.769490   8.000000
1072.307129   5.000000
1072.844798   9.000000
1073.382496   5.000000
1073.920224   4.000000
1074.457981   5.000000
1074.995768   4.000000
1075.533585   6.000000
1076.071431   6.000000
1076.609306   5.000000
1077.147212   3.000000
1077.685146   2.000000
1078.223111   3.000000
1078.761105   5.000000
1079.299128   2.000000
1079.837181   2.000000
1080.375264   4.000000
1080.913376   7.000000
1081.451518   5.000000
1081.989689   7.000000
1082.527890   1.000000
1083.066121   4.000000
1083.604381   5.000000
1084.142670   6.000000
1084.680990   4.000000
1085.219338   3.000000
1085.757717   2.000000
1086.296125   4.000000
1086.834562   4.000000
1087.373029   2.000000
1087.911526   2.000000
1088.450052   2.000000
1088.988608   4.000000
1089.527193   6.000000
1090.065808   4.000000
1090.604453   9.000000
1091.143127   5.000000
1091.681830   5.000000
1092.220564  11.000000
1092.759326   4.000000
1093.298119   4.000000
1093.836941   3.000000
1094.375792   6.000000
1094.914673   5.000000
1095.453584   4.000000
1095.992524   5.000000
1096.531494   4.000000
1097.070493   6.000000
1097.609522   4.000000
1098.148581   2.000000
1098.687669   3.000000
1099.226786   3.000000
1099.765934   2.000000
1100.305110   2.000000
1100.844317   3.000000
1101.383553   5.000000
1101.922818   6.000000
1102.462113   4.000000
1103.001438   5.000000
1103.540792   3.000000
1104.080176   0.000000
1104.619589   2.000000
1105.159032   2.000000
1105.698505   5.000000
1106.238007   1.000000
1106.777538   6.000000
1107.317099   7.000000
1107.856690   6.000000
1108.396311   4.000000
1108.935961   5.000000
1109.475640   4.000000
1110.015349   6.000000
1110.555088   6.000000
1111.094856   1.000000
1111.634654   7.000000
1112.174481   3.000000
1112.714338   6.000000
1113.254225   4.000000
1113.794141   6.000000
1114.334086   6.000000
1114.874061   2.000000
1115.414066   8.000000
1115.954101   4.000000
1116.494165   5.000000
1117.034258   6.000000
1117.574381   5.000000
1118.114534   4.000000
1118.654716   4.000000
1119.194928   5.000000
1119.735169   3.000000
1120.275440   2.000000
1120.815741   4.000000
1121.356071   4.000000
1121.896430   5.000000
1122.436819   5.000000
1122.977238   4.000000
1123.517687   5.000000
1124.058164   1.000000
1124.598672   3.000000
1125.139209   0.000000
1125.679776   4.000000
1126.220372   4.000000
1126.760998   3.000000
1127.301653   9.000000
1127.842338   5.000000
1128.383052   4.000000
1128.923797   5.000000
1129.464570   3.000000
1130.005373   7.000000
1130.546206   3.000000
1131.087069   3.000000
1131.627960   7.000000
1132.168882   4.000000
1132.709833   3.000000
1133.250814   5.000000
1133.791824   4.000000
1134.332864   4.000000
1134.873933   5.000000
1135.415032   2.000000
1135.956160   3.000000
1136.497318   8.000000
1137.038506   2.000000
1137.579723   4.000000
1138.120970   7.000000
1138.662246   3.000000
1139.203552   4.000000
1139.744888   4.000000
1140.286253   2.000000
1140.827648   5.000000
1141.369072   3.000000
1141.910526   1.000000
1142.452009   2.000000
1142.993522  10.000000
1143.535064   8.000000
1144.076636   7.000000
1144.618238   6.000000
1145.159869   6.000000
1145.701530   5.000000
1146.243220   4.000000
1146.784940   4.000000
1147.326690   7.000000
1147.868469   2.000000
1148.410278   3.000000
1148.952116   6.000000
1149.493984   4.000000
1150.035881   8.000000
1150.577808   3.000000
1151.119764   3.000000
1151.661750   4.000000
1152.203766   6.000000
1152.745811   5.000000
1153.287886   4.000000
1153.829990   5.000000
1154.372124   7.000000
1154.914288   3.000000
1155.456481   8.000000
1155.998703   5.000000
1156.540956   4.000000
1157.083237   6.000000
1157.625549   2.000000
1158.167890   2.000000
1158.710260   6.000000
1159.252660   6.000000
1159.795090   5.000000
1160.337549   5.000000
1160.880038   2.000000
1161.422556   6.000000
1161.965104   2.000000
1162.507682   4.000000
1163.050289   4.000000
1163.592925   3.000000
1164.135592   5.000000
1164.678287   3.000000
1165.221013   3.000000
1165.763768   5.000000
1166.306552   2.000000
1166.849366  10.000000
1167.392210   3.000000
1167.935083   6.000000
1168.477986   5.000000
1169.020918   3.000000
1169.563880   4.000000
1170.106872   0.000000
1170.649893   3.000000
1171.192943   2.000000
1171.736024   5.000000
1172.279133   6.000000
1172.822273   5.000000
1173.365442   3.000000
1173.908640   4.000000
1174.451868   7.000000
1174.995126   8.000000
1175.538413   4.000000
1176.081730   3.000000
1176.625076   4.000000
1177.168452   5.000000
1177.711858   6.000000
1178.255293   3.000000
1178.798757   4.000000
1179.342251   4.000000
1179.885775   1.000000
1180.429329   6.000000
1180.972912   3.000000
1181.516524   2.000000
1182.060166   1.000000
1182.603838   3.000000
1183.147539   8.000000
1183.691270   3.000000
1184.235030   2.000000
1184.778820   3.000000
1185.322639   6.000000
1185.866489   3.000000
1186.410367   4.000000
1186.954275   2.000000
1187.498213   6.000000
1188.042181   5.000000
1188.586177   4.000000
1189.130204   5.000000
1189.674260   5.000000
1190.218346   4.000000
1190.762461   4.000000
1191.306606   7.000000
1191.850780   3.000000
1192.394984   3.000000
1192.939217   4.000000
1193.483480   4.000000
1194.027773   0.000000
1194.572095   6.000000
1195.116447   2.000000
1195.660828   5.000000
1196.205239   4.000000
1196.749680   3.000000
1197.294150   5.000000
1197.838650   4.000000
1198.383179   2.000000
1198.927738   2.000000
1199.472326   5.000000
1200.016944   7.000000
1200.561591   3.000000
1201.106268   5.000000
1201.650975   1.000000
1202.195711   3.000000
1202.740477   2.000000
1203.285272   4.000000
1203.830097   8.000000
1204.374952   2.000000
1204.919836   5.000000
1205.464749   2.000000
1206.009693   3.000000
1206.554665   4.000000
1207.099668   5.000000
1207.644700   3.000000
1208.189761   4.000000
1208.734852   3.000000
1209.279973   2.000000
1209.825123   3.000000
1210.370303   3.000000
1210.915512   2.000000
1211.460751   4.000000
1212.006020   3.000000
1212.551318   4.000000
1213.096645   4.000000
1213.642003   2.000000
1214.187389   4.000000
1214.732806   4.000000
1215.278252   4.000000
1215.823727   3.000000
1216.369232   4.000000
1216.914767   4.000000
1217.460331   1.000000
1218.005925   3.000000
1218.551548   6.000000
1219.097201   6.000000
1219.642884   5.000000
1220.188596   5.000000
1220.734337   6.000000
1221.280108   4.000000
1221.825909   5.000000
1222.371740   8.000000
1222.917599   4.000000
1223.463489   2.000000
1224.009408   3.000000
1224.555357   9.000000
1225.101335   2.000000
1225.647343   3.000000
1226.193380   6.000000
1226.739447   6.000000
1227.285543   6.000000
1227.831669   3.000000
1228.377825   6.000000
1228.924010   4.000000
1229.470225   5.000000
1230.016469   5.000000
1230.562743   5.000000
1231.109047   5.000000
1231.655380   4.000000
1232.201743   8.000000
1232.748135   5.000000
1233.294557   8.000000
1233.841008   4.000000
1234.387489   5.000000
1234.933999   7.000000
1235.480539   7.000000
1236.027109   5.000000
1236.573708   5.000000
1237.120337   5.000000
1237.666995   8.000000
1238.213683   6.000000
1238.760401   6.000000
1239.307148   4.000000
1239.853924   4.000000
1240.400731  11.000000
1240.947566   7.000000
1241.494432   5.000000
1242.041327  10.000000
1242.588251   6.000000
1243.135205  10.000000
1243.682189   8.000000
1244.229202   9.000000
1244.776245   4.000000
1245.323317   7.000000
1245.870419   8.000000
1246.417551  11.000000
1246.964712   5.000000
1247.511902   5.000000
1248.059122   6.000000
1248.606372   4.000000
1249.153652  16.000000
1249.700961   7.000000
1250.248299   5.000000
1250.795667   6.000000
1251.343065  10.000000
1251.890492   3.000000
1252.437949   5.000000
1252.985435   9.000000
1253.532951   2.000000
1254.080496   8.000000
1254.628072  12.000000
1255.175676   4.000000
1255.723310   9.000000
1256.270974   4.000000
1256.818667  10.000000
1257.366390   6.000000
1257.914143  13.000000
1258.461925  14.000000
1259.009737  10.000000
1259.557578  11.000000
1260.105449   5.000000
1260.653349   9.000000
1261.201279   9.000000
1261.749238  15.000000
1262.297227   6.000000
1262.845246   7.000000
1263.393294  11.000000
1263.941372   8.000000
1264.489479   5.000000
1265.037616   4.000000
1265.585783   9.000000
1266.133979   7.000000
1266.682204   7.000000
1267.230460  11.000000
1267.778744   9.000000
1268.327059   8.000000
1268.875403   5.000000
1269.423776   3.000000
1269.972179   7.000000
1270.520612   9.000000
1271.069074   7.000000
1271.617566   5.000000
1272.166087   7.000000
1272.714638   6.000000
1273.263219   5.000000
1273.811829   9.000000
1274.360468  13.000000
1274.909137   6.000000
1275.457836  14.000000
1276.006565   9.000000
1276.555323  12.000000
1277.104110   7.000000
1277.652927   9.000000
1278.201774   5.000000
1278.750650   6.000000
1279.299556   6.000000
1279.848491   9.000000
1280.397456  17.000000
1280.946450   5.000000
1281.495474   7.000000
1282.044528   8.000000
1282.593611   6.000000
1283.142724  12.000000
1283.691866   7.000000
1284.241038  12.000000
1284.790240   5.000000
1285.339471   9.000000
1285.888732   5.000000
1286.438022   2.000000
1286.987342   3.000000
1287.536691   8.000000
1288.086070   7.000000
1288.635478   5.000000
1289.184916   8.000000
1289.734384   7.000000
1290.283881   5.000000
1290.833408   8.000000
1291.382964   5.000000
1291.932550   3.000000
1292.482166   2.000000
1293.031811   3.000000
1293.581485   7.000000
1294.131190   5.000000
1294.680923   4.000000
1295.230687   4.000000
1295.780480   7.000000
1296.330302   5.000000
1296.880154   2.000000
1297.430036   1.000000
1297.979947  10.000000
1298.529888   3.000000
1299.079858   4.000000
1299.629858   4.000000
1300.179888   5.000000
1300.729947   5.000000
1301.280035   8.000000
1301.830153   4.000000
1302.380301   4.000000
1302.930479   5.000000
1303.480685   8.000000
1304.030922   3.000000
1304.581188   4.000000
1305.131484   1.000000
1305.681809   1.000000
1306.232164   2.000000
1306.782548   1.000000
1307.332962   3.000000
1307.883405   3.000000
1308.433878   3.000000
1308.984381   6.000000
1309.534913   4.000000
1310.085475   5.000000
1310.636066   4.000000
1311.186687   4.000000
1311.737338   6.000000
1312.288018   6.000000
1312.838727   9.000000
1313.389467   1.000000
1313.940235   2.000000
1314.491034   6.000000
1315.041862   4.000000
1315.592719   4.000000
1316.143606   4.000000
1316.694523   2.000000
1317.245469   7.000000
1317.796445   2.000000
1318.347450   6.000000
1318.898485   5.000000
1319.449550   7.000000
1320.000644   6.000000
1320.551767   5.000000
1321.102920   2.000000
1321.654103   4.000000
1322.205316   3.000000
1322.756557   4.000000
1323.307829   3.000000
1323.859130   4.000000
1324.410461   8.000000
1324.961821   1.000000
1325.513211   6.000000
1326.064630   2.000000
1326.616079   3.000000
1327.167557   4.000000
1327.719065   3.000000
1328.270603   4.000000
1328.822170   2.000000
1329.373767   3.000000
1329.925393   2.000000
1330.477049   4.000000
1331.028735   2.000000
1331.580450   2.000000
1332.132194   1.000000
1332.683969   4.000000
1333.235772   0.000000
1333.787606   2.000000
1334.339469   2.000000
1334.891361   1.000000
1335.443283   1.000000
1335.995235   3.000000
1336.547216   3.000000
1337.099227   3.000000
1337.651267   0.000000
1338.203337   3.000000
1338.755437   4.000000
1339.307566   1.000000
1339.859724   3.000000
1340.411912   2.000000
1340.964130   2.000000
1341.516378   0.000000
1342.068655   6.000000
1342.620961   4.000000
1343.173297   0.000000
1343.725663   1.000000
1344.278058   2.000000
1344.830483   1.000000
1345.382937   4.000000
1345.935421   1.000000
1346.487934   2.000000
1347.040477   1.000000
1347.593050   1.000000
1348.145652   1.000000
1348.698284   2.000000
1349.250945   2.000000
1349.803636   2.000000
1350.356357   5.000000
1350.909107   1.000000
1351.461886   2.000000
1352.014696   2.000000
1352.567534   2.000000
1353.120403   0.000000
1353.673301   3.000000
1354.226228   1.000000
1354.779185   0.000000
1355.332172   2.000000
1355.885188   2.000000
1356.438234   2.000000
1356.991309   0.000000
1357.544414   1.000000
1358.097549   2.000000
1358.650713   2.000000
1359.203906   2.000000
1359.757129   3.000000
1360.310382   4.000000
1360.863665   2.000000
1361.416976   1.000000
1361.970318   1.000000
1362.523689   4.000000
1363.077090   1.000000
1363.630520   2.000000
1364.183980   5.000000
1364.737469   0.000000
1365.290988   2.000000
1365.844536   1.000000
1366.398114   2.000000
1366.951722   1.000000
1367.505359   2.000000
1368.059026   3.000000
1368.612722   1.000000
1369.166448   3.000000
1369.720204   2.000000
1370.273989   1.000000
1370.827803   3.000000
1371.381648   1.000000
1371.935521   2.000000
1372.489425   5.000000
1373.043358   4.000000
1373.597320   1.000000
1374.151312   2.000000
1374.705334   2.000000
1375.259385   3.000000
1375.813466   1.000000
1376.367576   3.000000
1376.921716   0.000000
1377.475886   2.000000
1378.030085   3.000000
1378.584313   1.000000
1379.138571   3.000000
1379.692859   0.000000
1380.247177   4.000000
1380.801523   0.000000
1381.355900   1.000000
1381.910306   0.000000
1382.464742   1.000000
1383.019207   1.000000
1383.573702   1.000000
1384.128226   4.000000
1384.682780   2.000000
1385.237363   1.000000
1385.791976   4.000000
1386.346619   1.000000
1386.901291   4.000000
1387.455993   0.000000
1388.010724   3.000000
1388.565485   4.000000
1389.120276   1.000000
1389.675096   2.000000
1390.229945   4.000000
1390.784825   3.000000
1391.339733   2.000000
1391.894672   1.000000
1392.449640   3.000000
1393.004637   1.000000
1393.559664   1.000000
1394.114721   4.000000
1394.669807   3.000000
1395.224923   5.000000
1395.780068   2.000000
1396.335243   1.000000
1396.890447   1.000000
1397.445681   2.000000
1398.000945   1.000000
1398.556238   2.000000
1399.111561   2.000000
1399.666913   2.000000
1400.222295   2.000000
1400.777707   3.000000
1401.333148   4.000000
1401.888618   2.000000
1402.444119   4.000000
1402.999648   1.000000
1403.555208   2.000000
1404.110797   3.000000
1404.666415   4.000000
1405.222063   0.000000
1405.777741   3.000000
1406.333448   5.000000
1406.889185   3.000000
1407.444951   4.000000
1408.000747   8.000000
1408.556573   4.000000
1409.112428   4.000000
1409.668312   1.000000
1410.224226   1.000000
1410.780170   6.000000
1411.336144   2.000000
1411.892146   6.000000
1412.448179   0.000000
1413.004241   3.000000
1413.560333   3.000000
1414.116454   3.000000
1414.672605   1.000000
1415.228785   3.000000
1415.784995   5.000000
1416.341234   5.000000
1416.897503   5.000000
1417.453802   3.000000
1418.010130   3.000000
1418.566488   5.000000
1419.122875   4.000000
1419.679292   4.000000
1420.235739   5.000000
1420.792215   1.000000
1421.348720   5.000000
1421.905256   7.000000
1422.461820   4.000000
1423.018415   4.000000
1423.575039   4.000000
1424.131692   3.000000
1424.688375   1.000000
1425.245088   5.000000
1425.801830   5.000000
1426.358602   4.000000
1426.915403   2.000000
1427.472234   2.000000
1428.029094   5.000000
1428.585984   3.000000
1429.142904   5.000000
1429.699853   2.000000
1430.256832   3.000000
1430.813840   4.000000
1431.370878   3.000000
1431.927946   4.000000
1432.485043   7.000000
1433.042169   2.000000
1433.599326   2.000000
1434.156511   7.000000
1434.713727   6.000000
1435.270972   7.000000
1435.828246   3.000000
1436.385550   7.000000
1436.942884   4.000000
1437.500247   5.000000
1438.057640   9.000000
1438.615062   4.000000
1439.172514   4.000000
1439.729996   7.000000
1440.287507   7.000000
1440.845047   7.000000
1441.402617   6.000000
1441.960217   5.000000
1442.517846   7.000000
1443.075505  10.000000
1443.633194   5.000000
1444.190912   6.000000
1444.748660   7.000000
1445.306437   4.000000
1445.864244   3.000000
1446.422080   7.000000
1446.979946   5.000000
1447.537841   5.000000
1448.095766   5.000000
1448.653721   7.000000
1449.211705   9.000000
1449.769719   5.000000
1450.327762   3.000000
1450.885835   6.000000
1451.443938   4.000000
1452.002070   6.000000
1452.560231   5.000000
1453.118422   5.000000
1453.676643   6.000000
1454.234894   5.000000
1454.793173   8.000000
1455.351483   2.000000
1455.909822   5.000000
1456.468191   3.000000
1457.026589   4.000000
1457.585017  10.000000
1458.143474   5.000000
1458.701961   4.000000
1459.260477   5.000000
1459.819023   7.000000
1460.377599   4.000000
1460.936204   8.000000
1461.494839   2.000000
1462.053503   9.000000
1462.612197   6.000000
1463.170921   5.000000
1463.729674   6.000000
1464.288456   2.000000
1464.847269   8.000000
1465.406110   6.000000
1465.964982   4.000000
1466.523883   2.000000
1467.082813   3.000000
1467.641773   3.000000
1468.200763   3.000000
1468.759782   2.000000
1469.318831   5.000000
1469.877909   4.000000
1470.437017   9.000000
1470.996154   3.000000
1471.555321   4.000000
1472.114518   1.000000
1472.673744   6.000000
1473.233000   5.000000
1473.792285   4.000000
1474.351600   5.000000
1474.910945   5.000000
1475.470319   6.000000
1476.029722   6.000000
1476.589156   2.000000
1477.148618   5.000000
1477.708111   6.000000
1478.267633   5.000000
1478.827184   5.000000
1479.386765   4.000000
1479.946376   3.000000
1480.506016   3.000000
1481.065686   4.000000
1481.625385   6.000000
1482.185114   8.000000
1482.744872   3.000000
1483.304660   4.000000
1483.864478   2.000000
1484.424325   1.000000
1484.984202   3.000000
1485.544108   2.000000
1486.104044   7.000000
1486.664010   4.000000
1487.224005   7.000000
1487.784029   2.000000
1488.344084   1.000000
1488.904167   3.000000
1489.464281   4.000000
1490.024424   2.000000
1490.584596   5.000000
1491.144798   4.000000
1491.705030   2.000000
1492.265291   3.000000
1492.825582   2.000000
1493.385902   4.000000
1493.946252   2.000000
1494.506631   4.000000
1495.067041   2.000000
1495.627479   3.000000
1496.187947   1.000000
1496.748445   3.000000
1497.308972   2.000000
1497.869529   2.000000
1498.430116   1.000000
1498.990732   1.000000
1499.551377   5.000000
1500.112053   2.000000
1500.672757   2.000000
1501.233492   2.000000
1501.794256   1.000000
1502.355049   1.000000
1502.915872   2.000000
1503.476725   2.000000
1504.037607   3.000000
1504.598519   3.000000
1505.159460   4.000000
1505.720431   2.000000
1506.281431   3.000000
1506.842462   2.000000
1507.403521   1.000000
1507.964610   2.000000
1508.525729   0.000000
1509.086877   0.000000
1509.648055   6.000000
1510.209263   2.000000
1510.770500   2.000000
1511.331767   0.000000
1511.893063   1.000000
1512.454388   2.000000
1513.015744   1.000000
1513.577129   0.000000
1514.138543   1.000000
1514.699987   0.000000
1515.261461   2.000000
1515.822964   5.000000
1516.384497   1.000000
1516.946059   3.000000
1517.507651   1.000000
1518.069273   2.000000
1518.630924   2.000000
1519.192604   0.000000
1519.754314   1.000000
1520.316054   1.000000
1520.877823   2.000000
1521.439622   1.000000
1522.001451   2.000000
1522.563309   0.000000
1523.125197   1.000000
1523.687114   2.000000
1524.249060   0.000000
1524.811037   0.000000
1525.373043   3.000000
1525.935078   0.000000
1526.497143   0.000000
1527.059238   1.000000
1527.621362   3.000000
1528.183516   0.000000
1528.745699   0.000000
1529.307912   0.000000
1529.870155   2.000000
1530.432427   1.000000
1530.994728   0.000000
1531.557059   2.000000
1532.119420   3.000000
1532.681810   2.000000
1533.244230   0.000000
1533.806680   2.000000
1534.369159   0.000000
1534.931668   0.000000
1535.494206   1.000000
1536.056773   0.000000
1536.619371   1.000000
1537.181998   0.000000
1537.744654   2.000000
1538.307340   0.000000
1538.870056   1.000000
1539.432801   0.000000
1539.995576   1.000000
1540.558380   2.000000
1541.121214   0.000000
1541.684077   1.000000
1542.246971   1.000000
1542.809893   1.000000
1543.372845   0.000000
1543.935827   0.000000
1544.498838   1.000000
1545.061879   1.000000
1545.624950   2.000000
1546.188050   2.000000
1546.751179   1.000000
1547.314339   1.000000
1547.877527   1.000000
1548.440746   1.000000
1549.003994   3.000000
1549.567271   0.000000
1550.130578   2.000000
1550.693915   2.000000
1551.257281   2.000000
1551.820677   0.000000
1552.384102   2.000000
1552.947557   0.000000
1553.511041   1.000000
1554.074556   0.000000
1554.638099   0.000000
1555.201672   2.000000
1555.765275   3.000000
1556.328907   2.000000
1556.892569   1.000000
1557.456261   1.000000
1558.019982   0.000000
1558.583732   1.000000
1559.147513   1.000000
1559.711322   0.000000
1560.275162   0.000000
1560.839031   0.000000
1561.402929   2.000000
1561.966857   0.000000
1562.530815   0.000000
1563.094802   0.000000
1563.658819   0.000000
1564.222865   4.000000
1564.786941   1.000000
1565.351046   0.000000
1565.915181   3.000000
1566.479346   2.000000
1567.043540   2.000000
1567.607764   0.000000
1568.172017   1.000000
1568.736300   0.000000
1569.300613   0.000000
1569.864955   2.000000
1570.429326   1.000000
1570.993728   0.000000
1571.558158   0.000000
1572.122619   0.000000
1572.687109   2.000000
1573.251628   0.000000
1573.816177   2.000000
1574.380756   0.000000
1574.945364   1.000000
1575.510002   2.000000
1576.074669   1.000000
1576.639366   2.000000
1577.204092   1.000000
1577.768848   1.000000
1578.333634   2.000000
1578.898449   1.000000
1579.463294   0.000000
1580.028168   0.000000
1580.593072   1.000000
1581.158006   1.000000
1581.722969   0.000000
1582.287961   0.000000
1582.852984   3.000000
1583.418035   1.000000
1583.983117   3.000000
1584.548228   0.000000
1585.113368   2.000000
1585.678538   1.000000
1586.243738   0.000000
1586.808967   0.000000
1587.374226   2.000000
1587.939514   1.000000
1588.504832   0.000000
1589.070179   2.000000
1589.635556   0.000000
1590.200963   0.000000
1590.766399   0.000000
1591.331865   1.000000
1591.897360   0.000000
1592.462885   1.000000
1593.028440   2.000000
1593.594024   3.000000
1594.159637   1.000000
1594.725280   0.000000
1595.290953   2.000000
1595.856656   3.000000
1596.422387   0.000000
1596.988149   1.000000
1597.553940   0.000000
1598.119761   2.000000
1598.685611   2.000000
1599.251491   1.000000
1599.817400   1.000000
1600.383339   3.000000
1600.949307   2.000000
1601.515305   3.000000
1602.081333   3.000000
1602.647390   0.000000
1603.213477   0.000000
1603.779593   0.000000
1604.345739   1.000000
1604.911915   0.000000
1605.478120   3.000000
1606.044354   0.000000
1606.610618   1.000000
1607.176912   3.000000
1607.743235   0.000000
1608.309588   1.000000
1608.875971   1.000000
1609.442383   0.000000
1610.008825   0.000000
1610.575296   0.000000
1611.141796   1.000000
1611.708327   1.000000
1612.274887   1.000000
1612.841476   1.000000
1613.408095   1.000000
1613.974744   0.000000
1614.541422   1.000000
1615.108130   0.000000
1615.674867   1.000000
1616.241634   2.000000
1616.808430   1.000000
1617.375257   1.000000
1617.942112   2.000000
1618.508997   0.000000
1619.075912   1.000000
1619.642856   0.000000
1620.209830   0.000000
1620.776834   0.000000
1621.343867   2.000000
1621.910929   0.000000
1622.478022   0.000000
1623.045143   0.000000
1623.612295   1.000000
1624.179476   3.000000
1624.746686   3.000000
1625.313926   2.000000
1625.881196   1.000000
1626.448495   0.000000
1627.015824   0.000000
1627.583182   2.000000
1628.150570   0.000000
1628.717987   0.000000
1629.285434   0.000000
1629.852911   0.000000
1630.420417   0.000000
1630.987953   4.000000
1631.555518   1.000000
1632.123113   0.000000
1632.690738   1.000000
1633.258392   0.000000
1633.826075   0.000000
1634.393788   1.000000
1634.961531   0.000000
1635.529304   0.000000
1636.097105   1.000000
1636.664937   0.000000
1637.232798   0.000000
1637.800689   2.000000
1638.368609   0.000000
1638.936559   0.000000
1639.504538   2.000000
1640.072547   0.000000
1640.640585   0.000000
1641.208653   2.000000
1641.776751   0.000000
1642.344878   0.000000
1642.913035   1.000000
1643.481221   0.000000
1644.049437   1.000000
1644.617683   1.000000
1645.185958   2.000000
1645.754262   0.000000
1646.322596   1.000000
1646.890960   1.000000
1647.459353   0.000000
1648.027776   0.000000
1648.596229   2.000000
1649.164711   0.000000
1649.733222   1.000000
1650.301764   0.000000
1650.870334   0.000000
1651.438935   0.000000
1652.007565   0.000000
1652.576224   0.000000
1653.144913   1.000000
1653.713632   1.000000
1654.282380   1.000000
1654.851158   0.000000
1655.419965   1.000000
1655.988802   0.000000
1656.557668   0.000000
1657.126564   0.000000
1657.695490   2.000000
1658.264445   0.000000
1658.833430   2.000000
1659.402444   0.000000
1659.971488   1.000000
1660.540562   0.000000
1661.109665   1.000000
1661.678797   1.000000
1662.247960   0.000000
1662.817151   1.000000
1663.386373   1.000000
1663.955624   0.000000
1664.524904   0.000000
1665.094214   0.000000
1665.663554   0.000000
1666.232923   0.000000
1666.802322   0.000000
1667.371750   0.000000
1667.941208   0.000000
1668.510695   1.000000
1669.080212   2.000000
1669.649759   2.000000
1670.219335   1.000000
1670.788941   1.000000
1671.358576   0.000000
1671.928241   0.000000
1672.497936   0.000000
1673.067660   0.000000
1673.637413   1.000000
1674.207196   2.000000
1674.777009   0.000000
1675.346851   0.000000
1675.916723   0.000000
1676.486625   1.000000
1677.056556   1.000000
1677.626516   0.000000
1678.196507   0.000000
1678.766526   0.000000
1679.336576   0.000000
1679.906655   2.000000
1680.476763   0.000000
1681.046901   1.000000
1681.617069   1.000000
1682.187266   0.000000
1682.757493   0.000000
1683.327749   1.000000
1683.898035   0.000000
1684.468350   0.000000
1685.038695   0.000000
1685.609070   0.000000
1686.179474   0.000000
1686.749908   1.000000
1687.320371   1.000000
1687.890864   2.000000
1688.461387   0.000000
1689.031939   0.000000
1689.602520   0.000000
1690.173131   1.000000
1690.743772   0.000000
1691.314443   1.000000
1691.885142   0.000000
1692.455872   0.000000
1693.026631   1.000000
1693.597420   0.000000
1694.168238   1.000000
1694.739086   2.000000
1695.309963   0.000000
1695.880870   0.000000
1696.451806   1.000000
1697.022772   1.000000
1697.593768   1.000000
1698.164793   0.000000
1698.735848   1.000000
1699.306932   0.000000
1699.878046   2.000000
1700.449189   5.000000
1701.020363   1.000000
1701.591565   0.000000
1702.162797   3.000000
1702.734059   0.000000
1703.305350   0.000000
1703.876671   0.000000
1704.448022   2.000000
1705.019402   2.000000
1705.590811   0.000000
1706.162251   1.000000
1706.733719   0.000000
1707.305218   0.000000
1707.876746   1.000000
1708.448303   0.000000
1709.019890   0.000000
1709.591507   2.000000
1710.163153   2.000000
1710.734829   2.000000
1711.306534   0.000000
1711.878269   1.000000
1712.450033   1.000000
1713.021827   0.000000
1713.593651   0.000000
1714.165504   0.000000
1714.737387   1.000000
1715.309299   0.000000
1715.881241   2.000000
1716.453213   2.000000
1717.025214   1.000000
1717.597244   1.000000
1718.169304   2.000000
1718.741394   1.000000
1719.313513   0.000000
1719.885662   0.000000
1720.457841   1.000000
1721.030049   0.000000
1721.602286   0.000000
1722.174554   1.000000
1722.746850   0.000000
1723.319177   1.000000
1723.891533   1.000000
1724.463918   1.000000
1725.036333   1.000000
1725.608778   1.000000
1726.181252   2.000000
1726.753756   0.000000
1727.326289   2.000000
1727.898852   0.000000
1728.471444   1.000000
1729.044066   1.000000
1729.616718   1.000000
1730.189399   0.000000
1730.762110   0.000000
1731.334850   0.000000
1731.907620   1.000000
1732.480420   1.000000
1733.053249   1.000000
1733.626107   1.000000
1734.198995   0.000000
1734.771913   0.000000
1735.344860   1.000000
1735.917837   2.000000
1736.490844   2.000000
1737.063880   0.000000
1737.636945   1.000000
1738.210041   0.000000
1738.783165   2.000000
1739.356320   2.000000
1739.929504   1.000000
1740.502717   2.000000
1741.075960   1.000000
1741.649233   1.000000
1742.222535   2.000000
1742.795867   1.000000
1743.369228   0.000000
1743.942619   1.000000
1744.516039   0.000000
1745.089489   1.000000
1745.662969   0.000000
1746.236478   1.000000
1746.810017   1.000000
1747.383585   0.000000
1747.957183   2.000000
1748.530811   2.000000
1749.104468   0.000000
1749.678154   0.000000
1750.251870   0.000000
1750.825616   1.000000
1751.399392   1.000000
1751.973196   1.000000
1752.547031   0.000000
1753.120895   2.000000
1753.694789   1.000000
1754.268712   1.000000
1754.842664   1.000000
1755.416647   3.000000
1755.990659   1.000000
1756.564700   2.000000
1757.138771   2.000000
1757.712872   0.000000
1758.287002   1.000000
1758.861162   2.000000
1759.435351   0.000000
1760.009570   1.000000
1760.583818   1.000000
1761.158096   0.000000
1761.732404   0.000000
1762.306741   0.000000
1762.881108   1.000000
1763.455504   0.000000
1764.029930   2.000000
1764.604386   1.000000
1765.178871   2.000000
1765.753385   0.000000
1766.327929   3.000000
1766.902503   1.000000
1767.477107   0.000000
1768.051739   1.000000
1768.626402   1.000000
1769.201094   1.000000
1769.775816   2.000000
1770.350567   0.000000
1770.925347   0.000000
1771.500158   0.000000
1772.074998   0.000000
1772.649867   2.000000
1773.224766   0.000000
1773.799695   1.000000
1774.374653   0.000000
1774.949641   0.000000
1775.524658   4.000000
1776.099705   0.000000
1776.674781   0.000000
1777.249887   1.000000
1777.825023   0.000000
1778.400188   1.000000
1778.975383   0.000000
1779.550607   1.000000
1780.125861   0.000000
1780.701145   1.000000
1781.276458   0.000000
1781.851800   1.000000
1782.427172   0.000000
1783.002574   2.000000
1783.578006   0.000000
1784.153466   0.000000
1784.728957   2.000000
1785.304477   0.000000
1785.880026   0.000000
1786.455606   0.000000
1787.031214   1.000000
1787.606853   0.000000
1788.182521   1.000000
1788.758218   0.000000
1789.333945   2.000000
1789.909702   0.000000
1790.485488   1.000000
1791.061304   0.000000
1791.637149   2.000000
1792.213024   2.000000
1792.788928   0.000000
1793.364862   2.000000
1793.940826   3.000000
1794.516819   0.000000
1795.092842   0.000000
1795.668894   1.000000
1796.244976   0.000000
1796.821088   1.000000
1797.397229   0.000000
1797.973399   1.000000
1798.549599   2.000000
1799.125829   1.000000
1799.702088   0.000000
1800.278377   0.000000
1800.854696   0.000000
1801.431044   0.000000
1802.007421   0.000000
1802.583829   0.000000
1803.160265   0.000000
1803.736732   1.000000
1804.313228   0.000000
1804.889753   1.000000
1805.466308   0.000000
1806.042893   0.000000
1806.619507   0.000000
1807.196151   1.000000
1807.772824   0.000000
1808.349527   0.000000
1808.926259   0.000000
1809.503021   0.000000
1810.079813   0.000000
1810.656634   0.000000
1811.233485   0.000000
1811.810365   0.000000
1812.387275   0.000000
1812.964215   1.000000
1813.541184   3.000000
1814.118182   1.000000
1814.695210   2.000000
1815.272268   0.000000
1815.849355   0.000000
1816.426472   0.000000
1817.003619   1.000000
1817.580795   1.000000
1818.158000   2.000000
1818.735236   1.000000
1819.312500   0.000000
1819.889795   1.000000
1820.467119   1.000000
1821.044472   1.000000
1821.621855   1.000000
1822.199268   0.000000
1822.776710   1.000000
1823.354182   2.000000
1823.931683   0.000000
1824.509214   0.000000
1825.086774   0.000000
1825.664364   1.000000
1826.241984   0.000000
1826.819633   1.000000
1827.397312   0.000000
1827.975020   0.000000
1828.552758   1.000000
1829.130525   1.000000
1829.708322   0.000000
1830.286149   0.000000
1830.864005   1.000000
1831.441891   1.000000
1832.019806   2.000000
1832.597751   0.000000
1833.175726   0.000000
1833.753730   1.000000
1834.331763   0.000000
1834.909826   1.000000
1835.487919   1.000000
1836.066042   3.000000
1836.644193   0.000000
1837.222375   0.000000
1837.800586   1.000000
1838.378827   0.000000
1838.957097   0.000000
1839.535396   0.000000
1840.113726   0.000000
1840.692085   0.000000
1841.270473   1.000000
1841.848891   1.000000
1842.427339   0.000000
1843.005816   0.000000
1843.584323   0.000000
1844.162859   0.000000
1844.741425   1.000000
1845.320020   0.000000
1845.898645   0.000000
1846.477300   0.000000
1847.055984   0.000000
1847.634698   0.000000
1848.213441   0.000000
1848.792214   1.000000
1849.371017   0.000000
1849.949849   0.000000
1850.528710   0.000000
1851.107601   0.000000
1851.686522   2.000000
1852.265472   0.000000
1852.844452   0.000000
1853.423462   2.000000
1854.002501   0.000000
1854.581569   0.000000
1855.160668   0.000000
1855.739795   0.000000
1856.318953   0.000000
1856.898140   0.000000
1857.477356   0.000000
1858.056602   0.000000
1858.635878   1.000000
1859.215183   3.000000
1859.794518   0.000000
1860.373882   0.000000
1860.953276   1.000000
1861.532699   0.000000
1862.112152   0.000000
1862.691635   0.000000
1863.271147   0.000000
1863.850689   1.000000
1864.430260   1.000000
1865.009861   1.000000
1865.589491   0.000000
1866.169151   1.000000
1866.748841   0.000000
1867.328560   0.000000
1867.908309   2.000000
1868.488087   1.000000
1869.067895   0.000000
1869.647733   0.000000
1870.227600   0.000000
1870.807496   0.000000
1871.387422   0.000000
1871.967378   0.000000
1872.547363   1.000000
1873.127378   0.000000
1873.707423   0.000000
1874.287497   0.000000
1874.867600   0.000000
1875.447734   0.000000
1876.027896   0.000000
1876.608089   0.000000
1877.188311   0.000000
1877.768562   0.000000
1878.348843   0.000000
1878.929154   0.000000
1879.509494   0.000000
1880.089864   0.000000
1880.670263   0.000000
1881.250692   0.000000
1881.831150   0.000000
1882.411638   1.000000
1882.992156   2.000000
1883.572703   0.000000
1884.153280   1.000000
1884.733886   0.000000
1885.314522   0.000000
1885.895187   0.000000
1886.475882   1.000000
1887.056607   0.000000
1887.637361   0.000000
1888.218145   0.000000
1888.798958   0.000000
1889.379801   1.000000
1889.960674   0.000000
1890.541576   1.000000
1891.122507   0.000000
1891.703468   1.000000
1892.284459   1.000000
1892.865480   0.000000
1893.446529   0.000000
1894.027609   0.000000
1894.608718   0.000000
1895.189857   0.000000
1895.771025   0.000000
1896.352222   0.000000
1896.933450   1.000000
1897.514707   0.000000
1898.095993   2.000000
1898.677309   0.000000
1899.258655   0.000000
1899.840030   1.000000
1900.421435   3.000000
1901.002869   0.000000
1901.584333   0.000000
1902.165826   0.000000
1902.747349   2.000000
1903.328902   0.000000
1903.910484   1.000000
1904.492096   0.000000
1905.073737   0.000000
1905.655408   1.000000
1906.237108   0.000000
1906.818839   0.000000
1907.400598   0.000000
1907.982387   0.000000
1908.564206   0.000000
1909.146054   0.000000
1909.727932   0.000000
1910.309840   0.000000
1910.891777   0.000000
1911.473743   0.000000
1912.055739   1.000000
1912.637765   0.000000
1913.219821   1.000000
1913.801905   0.000000
1914.384020   0.000000
1914.966164   0.000000
1915.548338   0.000000
1916.130541   0.000000
1916.712773   0.000000
1917.295036   0.000000
1917.877328   0.000000
1918.459649   1.000000
1919.042000   0.000000
1919.624381   0.000000
1920.206791   0.000000
1920.789231   2.000000
1921.371700   0.000000
1921.954199   0.000000
1922.536727   0.000000
1923.119285   1.000000
1923.701873   0.000000
1924.284490   0.000000
1924.867137   0.000000
1925.449813   0.000000
1926.032519   0.000000
1926.615254   0.000000
1927.198019   0.000000
1927.780814   0.000000
1928.363638   0.000000
1928.946492   0.000000
1929.529375   0.000000
1930.112288   1.000000
1930.695231   0.000000
1931.278203   1.000000
1931.861204   0.000000
1932.444235   0.000000
1933.027296   0.000000
1933.610387   0.000000
1934.193506   2.000000
1934.776656   0.000000
1935.359835   0.000000
1935.943043   0.000000
1936.526282   0.000000
1937.109549   0.000000
1937.692847   0.000000
1938.276174   0.000000
1938.859530   0.000000
1939.442916   0.000000
1940.026332   0.000000
1940.609777   0.000000
1941.193252   0.000000
1941.776756   0.000000
1942.360290   0.000000
1942.943853   0.000000
1943.527446   0.000000
1944.111069   1.000000
1944.694721   1.000000
1945.278403   0.000000
1945.862114   1.000000
1946.445855   1.000000
1947.029625   1.000000
1947.613425   0.000000
1948.197255   0.000000
1948.781114   0.000000
1949.365003   0.000000
1949.948921   0.000000
1950.532869   1.000000
1951.116847   0.000000
1951.700854   0.000000
1952.284890   0.000000
1952.868956   1.000000
1953.453052   0.000000
1954.037177   0.000000
1954.621332   0.000000
1955.205517   0.000000
1955.789731   0.000000
1956.373974   0.000000
1956.958248   0.000000
1957.542550   0.000000
1958.126883   0.000000
1958.711245   0.000000
1959.295636   0.000000
1959.880057   1.000000
1960.464508   0.000000
1961.048988   1.000000
1961.633497   0.000000
1962.218037   1.000000
1962.802606   0.000000
1963.387204   0.000000
1963.971832   0.000000
1964.556490   0.000000
1965.141177   2.000000
1965.725894   0.000000
1966.310640   0.000000
1966.895416   0.000000
1967.480221   0.000000
1968.065056   0.000000
1968.649921   0.000000
1969.234815   1.000000
1969.819739   1.000000
1970.404692   0.000000
1970.989675   1.000000
1971.574688   0.000000
1972.159730   0.000000
1972.744801   0.000000
1973.329902   0.000000
1973.915033   1.000000
1974.500193   1.000000
1975.085383   0.000000
1975.670603   2.000000
1976.255852   0.000000
1976.841130   1.000000
1977.426438   0.000000
1978.011776   1.000000
1978.597144   0.000000
1979.182540   0.000000
1979.767967   0.000000
1980.353423   0.000000
1980.938908   0.000000
1981.524424   0.000000
1982.109968   3.000000
1982.695543   0.000000
1983.281147   0.000000
1983.866780   0.000000
1984.452443   1.000000
1985.038136   0.000000
1985.623858   0.000000
1986.209610   1.000000
1986.795391   1.000000
1987.381202   3.000000
1987.967042   0.000000
1988.552912   0.000000
1989.138812   0.000000
1989.724741   0.000000
1990.310700   0.000000
1990.896688   1.000000
1991.482706   1.000000
1992.068753   1.000000
1992.654830   0.000000
1993.240937   2.000000
1993.827073   0.000000
1994.413239   0.000000
1994.999434   0.000000
1995.585659   0.000000
1996.171914   1.000000
1996.758198   0.000000
1997.344511   1.000000
1997.930854   1.000000
1998.517227   0.000000
1999.103629   0.000000
1999.690061   0.000000
2000.276523   1.000000
2000.863014   0.000000
2001.449534   0.000000
2002.036084   0.000000
2002.622664   0.000000
2003.209274   0.000000
2003.795912   0.000000
2004.382581   2.000000
2004.969279   1.000000
2005.556006   0.000000
2006.142764   0.000000
2006.729550   0.000000
2007.316367   0.000000
2007.903213   0.000000
2008.490088   0.000000
2009.076993   0.000000
2009.663928   0.000000
2010.250892   0.000000
2010.837886   0.000000
2011.424909   0.000000
2012.011962   0.000000
2012.599044   0.000000
2013.186156   1.000000
2013.773298   1.000000
2014.360469   0.000000
2014.947670   1.000000
2015.534900   1.000000
2016.122160   0.000000
2016.709449   0.000000
2017.296768   0.000000
2017.884117   0.000000
2018.471495   0.000000
2019.058903   1.000000
2019.646340   0.000000
2020.233807   0.000000
2020.821304   1.000000
2021.408830   0.000000
2021.996385   0.000000
2022.583970   1.000000
2023.171585   0.000000
2023.759229   0.000000
2024.346903   0.000000
2024.934607   0.000000
2025.522340   0.000000
2026.110102   0.000000
2026.697894   0.000000
2027.285716   0.000000
2027.873568   1.000000
2028.461448   0.000000
2029.049359   0.000000
2029.637299   2.000000
2030.225268   0.000000
2030.813268   0.000000
2031.401296   0.000000
2031.989355   0.000000
2032.577443   0.000000
2033.165560   0.000000
2033.753707   0.000000
2034.341884   1.000000
2034.930090   0.000000
2035.518326   0.000000
2036.106591   0.000000
2036.694886   0.000000
2037.283210   0.000000
2037.871564   0.000000
2038.459948   1.000000
2039.048361   1.000000
2039.636804   0.000000
2040.225276   0.000000
2040.813778   1.000000
2041.402309   0.000000
2041.990870   1.000000
2042.579461   1.000000
2043.168081   0.000000
2043.756731   0.000000
2044.345410   0.000000
2044.934119   0.000000
2045.522857   0.000000
2046.111625   0.000000
2046.700423   2.000000
2047.289250   1.000000
2047.878107   1.000000
2048.466993   0.000000
2049.055909   2.000000
2049.644855   0.000000
2050.233830   0.000000
2050.822834   0.000000
2051.411868   0.000000
2052.000932   0.000000
2052.590025   0.000000
2053.179148   0.000000
2053.768301   0.000000
2054.357483   0.000000
2054.946694   0.000000
2055.535936   0.000000
2056.125206   1.000000
2056.714507   0.000000
2057.303836   0.000000
2057.893196   1.000000
2058.482585   1.000000
2059.072004   0.000000
2059.661452   1.000000
2060.250929   0.000000
2060.840437   0.000000
2061.429974   1.000000
2062.019540   1.000000
2062.609136   0.000000
2063.198762   0.000000
2063.788417   0.000000
2064.378102   1.000000
2064.967816   1.000000
2065.557560   0.000000
2066.147333   0.000000
2066.737136   0.000000
2067.326969   0.000000
2067.916831   0.000000
2068.506723   1.000000
2069.096644   0.000000
2069.686595   0.000000
2070.276575   0.000000
2070.866585   0.000000
2071.456625   1.000000
2072.046694   0.000000
2072.636793   0.000000
2073.226921   0.000000
2073.817079   1.000000
2074.407267   1.000000
2074.997484   0.000000
2075.587730   0.000000
2076.178006   0.000000
2076.768312   0.000000
2077.358647   0.000000
2077.949012   0.000000
2078.539407   0.000000
2079.129831   0.000000
2079.720284   0.000000
2080.310767   0.000000
2080.901280   1.000000
2081.491822   0.000000
2082.082394   0.000000
2082.672996   0.000000
2083.263627   1.000000
2083.854287   1.000000
2084.444978   1.000000
2085.035697   0.000000
2085.626447   1.000000
2086.217225   0.000000
2086.808034   1.000000
2087.398872   1.000000
2087.989740   0.000000
2088.580637   1.000000
2089.171563   0.000000
2089.762520   0.000000
2090.353506   0.000000
2090.944521   0.000000
2091.535566   0.000000
2092.126641   1.000000
2092.717745   1.000000
2093.308879   0.000000
2093.900042   1.000000
2094.491235   0.000000
2095.082457   0.000000
2095.673709   0.000000
2096.264991   0.000000
2096.856302   1.000000
2097.447643   3.000000
2098.039013   0.000000
2098.630413   2.000000
2099.221842   0.000000
2099.813301   0.000000
2100.404790   0.000000
2100.996308   0.000000
2101.587856   1.000000
2102.179433   0.000000
2102.771040   0.000000
2103.362676   1.000000
2103.954342   2.000000
2104.546038   0.000000
2105.137763   0.000000
2105.729518   2.000000
2106.321302   0.000000
2106.913116   1.000000
2107.504960   0.000000
2108.096833   0.000000
2108.688735   1.000000
2109.280667   0.000000
2109.872629   0.000000
2110.464620   0.000000
2111.056641   0.000000
2111.648692   0.000000
2112.240772   0.000000
2112.832881   0.000000
2113.425020   0.000000
2114.017189   1.000000
2114.609388   0.000000
2115.201615   0.000000
2115.793873   0.000000
2116.386160   0.000000
2116.978476   0.000000
2117.570823   0.000000
2118.163198   2.000000
2118.755604   0.000000
2119.348039   1.000000
2119.940503   0.000000
2120.532997   1.000000
2121.125521   0.000000
2121.718074   0.000000
2122.310656   1.000000
2122.903269   0.000000
2123.495911   0.000000
2124.088582   0.000000
2124.681283   0.000000
2125.274014   0.000000
2125.866774   0.000000
2126.459564   1.000000
2127.052383   1.000000
2127.645232   0.000000
2128.238110   0.000000
2128.831018   1.000000
2129.423956   0.000000
2130.016923   0.000000
2130.609920   1.000000
2131.202946   0.000000
2131.796002   0.000000
2132.389087   1.000000
2132.982202   0.000000
2133.575347   0.000000
2134.168521   0.000000
2134.761725   0.000000
2135.354958   0.000000
2135.948221   2.000000
2136.541513   0.000000
2137.134835   1.000000
2137.728187   0.000000
2138.321568   0.000000
2138.914979   0.000000
2139.508419   0.000000
2140.101889   1.000000
2140.695389   0.000000
2141.288918   0.000000
2141.882476   2.000000
2142.476064   0.000000
2143.069682   0.000000
2143.663329   0.000000
2144.257006   0.000000
2144.850713   0.000000
2145.444449   1.000000
2146.038214   0.000000
2146.632009   0.000000
2147.225834   0.000000
2147.819689   1.000000
2148.413572   0.000000
2149.007486   1.000000
2149.601429   0.000000
2150.195401   0.000000
2150.789404   0.000000
2151.383435   0.000000
2151.977497   0.000000
2152.571588   0.000000
2153.165708   0.000000
2153.759858   1.000000
2154.354038   0.000000
2154.948247   1.000000
2155.542485   0.000000
2156.136754   0.000000
2156.731052   0.000000
2157.325379   1.000000
2157.919736   0.000000
2158.514123   2.000000
2159.108539   0.000000
2159.702985   0.000000
2160.297460   0.000000
2160.891965   0.000000
2161.486499   1.000000
2162.081063   1.000000
2162.675657   0.000000
2163.270280   0.000000
2163.864933   0.000000
2164.459615   2.000000
2165.054327   0.000000
2165.649068   0.000000
2166.243839   0.000000
2166.838640   0.000000
2167.433470   0.000000
2168.028330   0.000000
2168.623219   2.000000
2169.218138   0.000000
2169.813086   0.000000
2170.408064   1.000000
2171.003072   1.000000
2171.598109   1.000000
2172.193176   1.000000
2172.788272   1.000000
2173.383398   0.000000
2173.978554   0.000000
2174.573739   1.000000
2175.168953   0.000000
2175.764197   0.000000
2176.359471   0.000000
2176.954774   0.000000
2177.550107   1.000000
2178.145470   0.000000
2178.740862   0.000000
2179.336283   0.000000
2179.931734   0.000000
2180.527215   0.000000
2181.122725   1.000000
2181.718265   1.000000
2182.313835   0.000000
2182.909434   0.000000
2183.505062   0.000000
2184.100720   1.000000
2184.696408   1.000000
2185.292126   1.000000
2185.887872   0.000000
2186.483649   0.000000
2187.079455   0.000000
2187.675290   0.000000
2188.271156   0.000000
2188.867050   1.000000
2189.462975   1.000000
2190.058928   1.000000
2190.654912   1.000000
2191.250925   0.000000
2191.846968   0.000000
2192.443040   0.000000
2193.039141   0.000000
2193.635273   0.000000
2194.231434   0.000000
2194.827624   0.000000
2195.423844   1.000000
2196.020094   0.000000
2196.616373 952.000000
