2019_09_27_14_06_25_185 /home/raspion_user/data/Beacon_drone1.sp 46272  300.003  297.313 -3.511057 0.714451  0.000025758
  -3.511 0
  -2.797 0
  -2.082 0
  -1.367 0
  -0.653 0
   0.062 0
   0.777 0
   1.491 0
   2.206 0
   2.921 0
   3.636 0
   4.351 0
   5.066 0
   5.781 0
   6.496 0
   7.212 0
   7.927 0
   8.642 0
   9.357 1
  10.073 0
  10.788 0
  11.504 3
  12.219 1
  12.935 3
  13.651 3
  14.366 3
  15.082 4
  15.798 6
  16.514 4
  17.230 4
  17.946 5
  18.662 5
  19.378 7
  20.094 8
  20.810 9
  21.526 9
  22.243 10
  22.959 19
  23.675 8
  24.392 16
  25.108 16
  25.825 13
  26.541 16
  27.258 14
  27.975 12
  28.691 18
  29.408 15
  30.125 8
  30.842 21
  31.559 20
  32.276 24
  32.993 18
  33.710 18
  34.427 17
  35.144 32
  35.862 28
  36.579 22
  37.296 20
  38.014 29
  38.731 28
  39.449 22
  40.166 29
  40.884 26
  41.602 37
  42.319 23
  43.037 24
  43.755 37
  44.473 33
  45.191 31
  45.909 26
  46.627 43
  47.345 37
  48.063 40
  48.781 37
  49.499 42
  50.218 40
  50.936 37
  51.654 31
  52.373 48
  53.091 47
  53.810 43
  54.528 50
  55.247 55
  55.966 41
  56.685 55
  57.403 46
  58.122 33
  58.841 49
  59.560 42
  60.279 27
  60.998 34
  61.717 35
  62.436 42
  63.156 42
  63.875 40
  64.594 26
  65.314 38
  66.033 34
  66.753 25
  67.472 36
  68.192 27
  68.911 29
  69.631 35
  70.351 34
  71.070 26
  71.790 31
  72.510 33
  73.230 35
  73.950 36
  74.670 36
  75.390 34
  76.110 32
  76.831 30
  77.551 33
  78.271 33
  78.991 30
  79.712 26
  80.432 34
  81.153 47
  81.873 34
  82.594 36
  83.315 29
  84.035 36
  84.756 31
  85.477 31
  86.198 32
  86.919 37
  87.640 46
  88.361 44
  89.082 39
  89.803 44
  90.524 43
  91.245 38
  91.967 39
  92.688 40
  93.409 42
  94.131 57
  94.852 52
  95.574 48
  96.295 56
  97.017 45
  97.739 47
  98.460 47
  99.182 59
  99.904 41
 100.626 39
 101.348 45
 102.070 50
 102.792 43
 103.514 39
 104.236 56
 104.958 57
 105.681 42
 106.403 44
 107.125 45
 107.848 45
 108.570 38
 109.293 51
 110.015 47
 110.738 48
 111.461 52
 112.183 51
 112.906 53
 113.629 66
 114.352 47
 115.075 45
 115.798 48
 116.521 51
 117.244 40
 117.967 61
 118.690 47
 119.413 48
 120.137 68
 120.860 68
 121.583 42
 122.307 55
 123.030 60
 123.754 51
 124.477 55
 125.201 71
 125.925 62
 126.648 78
 127.372 38
 128.096 65
 128.820 62
 129.544 51
 130.268 63
 130.992 48
 131.716 50
 132.440 56
 133.164 57
 133.889 61
 134.613 55
 135.337 54
 136.062 48
 136.786 42
 137.511 40
 138.235 49
 138.960 50
 139.685 42
 140.409 46
 141.134 50
 141.859 47
 142.584 47
 143.309 52
 144.034 49
 144.759 58
 145.484 39
 146.209 50
 146.934 54
 147.660 44
 148.385 54
 149.110 52
 149.836 48
 150.561 46
 151.287 60
 152.012 43
 152.738 56
 153.463 46
 154.189 57
 154.915 60
 155.641 54
 156.367 55
 157.092 67
 157.818 64
 158.544 70
 159.270 65
 159.997 58
 160.723 62
 161.449 66
 162.175 62
 162.902 66
 163.628 57
 164.354 49
 165.081 63
 165.807 64
 166.534 64
 167.261 55
 167.987 50
 168.714 62
 169.441 63
 170.168 59
 170.895 68
 171.622 72
 172.349 61
 173.076 79
 173.803 72
 174.530 48
 175.257 58
 175.984 69
 176.712 56
 177.439 59
 178.166 62
 178.894 76
 179.621 57
 180.349 59
 181.076 56
 181.804 51
 182.532 67
 183.260 69
 183.987 59
 184.715 64
 185.443 60
 186.171 71
 186.899 51
 187.627 75
 188.355 56
 189.084 58
 189.812 61
 190.540 53
 191.268 68
 191.997 68
 192.725 60
 193.454 56
 194.182 61
 194.911 48
 195.640 58
 196.368 50
 197.097 56
 197.826 68
 198.555 63
 199.284 60
 200.013 55
 200.742 56
 201.471 72
 202.200 61
 202.929 58
 203.658 54
 204.387 63
 205.117 52
 205.846 60
 206.575 71
 207.305 66
 208.034 52
 208.764 53
 209.494 44
 210.223 43
 210.953 60
 211.683 70
 212.413 51
 213.142 55
 213.872 61
 214.602 44
 215.332 45
 216.062 52
 216.793 49
 217.523 67
 218.253 57
 218.983 60
 219.714 50
 220.444 36
 221.175 54
 221.905 52
 222.636 47
 223.366 55
 224.097 50
 224.828 47
 225.558 60
 226.289 50
 227.020 48
 227.751 46
 228.482 50
 229.213 52
 229.944 47
 230.675 48
 231.406 44
 232.137 51
 232.869 50
 233.600 51
 234.331 51
 235.063 64
 235.794 56
 236.526 51
 237.257 52
 237.989 52
 238.721 51
 239.452 47
 240.184 63
 240.916 58
 241.648 53
 242.380 58
 243.112 51
 243.844 53
 244.576 44
 245.308 46
 246.040 56
 246.773 50
 247.505 48
 248.237 51
 248.970 63
 249.702 42
 250.435 48
 251.167 46
 251.900 50
 252.632 49
 253.365 45
 254.098 55
 254.831 46
 255.564 64
 256.297 61
 257.030 40
 257.763 41
 258.496 59
 259.229 48
 259.962 68
 260.695 49
 261.428 46
 262.162 46
 262.895 50
 263.629 57
 264.362 58
 265.096 41
 265.829 49
 266.563 63
 267.297 57
 268.030 58
 268.764 68
 269.498 49
 270.232 56
 270.966 50
 271.700 54
 272.434 59
 273.168 49
 273.902 57
 274.636 74
 275.371 67
 276.105 52
 276.839 67
 277.574 62
 278.308 57
 279.043 53
 279.777 59
 280.512 64
 281.246 77
 281.981 54
 282.716 65
 283.451 78
 284.186 68
 284.921 59
 285.656 45
 286.391 52
 287.126 67
 287.861 57
 288.596 49
 289.331 56
 290.067 68
 290.802 74
 291.537 67
 292.273 54
 293.008 58
 293.744 52
 294.479 51
 295.215 54
 295.951 55
 296.686 47
 297.422 54
 298.158 55
 298.894 55
 299.630 71
 300.366 57
 301.102 61
 301.838 40
 302.574 50
 303.311 55
 304.047 46
 304.783 68
 305.520 47
 306.256 53
 306.992 76
 307.729 52
 308.466 58
 309.202 69
 309.939 58
 310.676 61
 311.412 65
 312.149 57
 312.886 61
 313.623 51
 314.360 55
 315.097 48
 315.834 40
 316.571 50
 317.308 50
 318.046 59
 318.783 50
 319.520 62
 320.258 50
 320.995 44
 321.733 64
 322.470 59
 323.208 43
 323.946 60
 324.683 40
 325.421 46
 326.159 50
 326.897 39
 327.635 47
 328.373 46
 329.111 59
 329.849 37
 330.587 55
 331.325 47
 332.063 41
 332.801 33
 333.540 37
 334.278 53
 335.017 48
 335.755 47
 336.494 58
 337.232 42
 337.971 30
 338.710 41
 339.448 46
 340.187 30
 340.926 45
 341.665 51
 342.404 43
 343.143 31
 343.882 47
 344.621 36
 345.360 37
 346.099 47
 346.839 50
 347.578 34
 348.317 48
 349.057 37
 349.796 41
 350.536 44
 351.275 43
 352.015 48
 352.754 34
 353.494 40
 354.234 55
 354.974 36
 355.714 45
 356.454 47
 357.194 40
 357.934 42
 358.674 38
 359.414 50
 360.154 29
 360.894 32
 361.634 39
 362.375 37
 363.115 35
 363.856 44
 364.596 43
 365.337 48
 366.077 35
 366.818 43
 367.559 36
 368.299 37
 369.040 37
 369.781 45
 370.522 48
 371.263 34
 372.004 45
 372.745 38
 373.486 29
 374.227 40
 374.968 42
 375.710 39
 376.451 46
 377.192 32
 377.934 39
 378.675 35
 379.417 44
 380.158 31
 380.900 29
 381.642 30
 382.383 38
 383.125 30
 383.867 38
 384.609 41
 385.351 41
 386.093 31
 386.835 41
 387.577 40
 388.319 39
 389.061 22
 389.804 33
 390.546 39
 391.288 41
 392.031 44
 392.773 29
 393.516 31
 394.258 25
 395.001 32
 395.743 31
 396.486 34
 397.229 29
 397.972 32
 398.714 30
 399.457 43
 400.200 33
 400.943 41
 401.686 31
 402.430 37
 403.173 29
 403.916 35
 404.659 42
 405.403 45
 406.146 23
 406.889 31
 407.633 28
 408.376 33
 409.120 30
 409.864 40
 410.607 46
 411.351 27
 412.095 29
 412.839 28
 413.583 30
 414.326 24
 415.070 29
 415.815 29
 416.559 34
 417.303 29
 418.047 40
 418.791 28
 419.536 25
 420.280 31
 421.024 26
 421.769 27
 422.513 39
 423.258 32
 424.002 40
 424.747 33
 425.492 31
 426.237 30
 426.981 32
 427.726 29
 428.471 27
 429.216 21
 429.961 19
 430.706 36
 431.451 38
 432.197 27
 432.942 32
 433.687 33
 434.432 34
 435.178 31
 435.923 24
 436.669 30
 437.414 21
 438.160 37
 438.906 34
 439.651 29
 440.397 27
 441.143 19
 441.889 20
 442.635 24
 443.380 28
 444.126 29
 444.873 29
 445.619 27
 446.365 30
 447.111 25
 447.857 23
 448.604 20
 449.350 29
 450.096 29
 450.843 21
 451.589 32
 452.336 20
 453.083 20
 453.829 30
 454.576 29
 455.323 22
 456.070 31
 456.816 23
 457.563 34
 458.310 39
 459.057 27
 459.804 25
 460.552 29
 461.299 28
 462.046 30
 462.793 19
 463.541 30
 464.288 24
 465.036 28
 465.783 26
 466.531 29
 467.278 25
 468.026 26
 468.774 34
 469.521 28
 470.269 17
 471.017 26
 471.765 23
 472.513 15
 473.261 33
 474.009 23
 474.757 23
 475.505 26
 476.253 27
 477.002 18
 477.750 25
 478.498 34
 479.247 22
 479.995 30
 480.744 22
 481.492 34
 482.241 26
 482.990 29
 483.738 20
 484.487 30
 485.236 28
 485.985 35
 486.734 25
 487.483 25
 488.232 34
 488.981 23
 489.730 29
 490.479 28
 491.229 27
 491.978 34
 492.727 35
 493.477 24
 494.226 23
 494.976 17
 495.725 33
 496.475 22
 497.224 27
 497.974 18
 498.724 20
 499.474 31
 500.224 25
 500.974 21
 501.724 29
 502.474 26
 503.224 23
 503.974 22
 504.724 23
 505.474 14
 506.224 25
 506.975 31
 507.725 21
 508.476 28
 509.226 32
 509.977 24
 510.727 25
 511.478 34
 512.229 29
 512.979 17
 513.730 16
 514.481 26
 515.232 22
 515.983 30
 516.734 28
 517.485 21
 518.236 19
 518.987 23
 519.738 23
 520.490 22
 521.241 20
 521.992 22
 522.744 21
 523.495 18
 524.247 24
 524.998 24
 525.750 17
 526.501 28
 527.253 23
 528.005 23
 528.757 26
 529.509 21
 530.261 24
 531.013 21
 531.765 21
 532.517 15
 533.269 36
 534.021 26
 534.773 24
 535.526 24
 536.278 21
 537.030 31
 537.783 35
 538.535 18
 539.288 27
 540.040 18
 540.793 32
 541.546 29
 542.298 19
 543.051 29
 543.804 31
 544.557 24
 545.310 16
 546.063 25
 546.816 24
 547.569 26
 548.322 23
 549.076 31
 549.829 24
 550.582 20
 551.336 16
 552.089 22
 552.842 19
 553.596 20
 554.350 16
 555.103 26
 555.857 24
 556.611 21
 557.364 35
 558.118 17
 558.872 18
 559.626 23
 560.380 20
 561.134 22
 561.888 19
 562.642 16
 563.396 20
 564.151 27
 564.905 17
 565.659 20
 566.414 18
 567.168 28
 567.923 26
 568.677 18
 569.432 26
 570.187 19
 570.941 22
 571.696 21
 572.451 21
 573.206 19
 573.961 15
 574.716 21
 575.471 23
 576.226 14
 576.981 23
 577.736 20
 578.491 23
 579.246 20
 580.002 17
 580.757 16
 581.513 20
 582.268 18
 583.024 14
 583.779 25
 584.535 17
 585.291 23
 586.046 15
 586.802 23
 587.558 21
 588.314 20
 589.070 18
 589.826 15
 590.582 21
 591.338 16
 592.094 20
 592.850 22
 593.607 14
 594.363 19
 595.119 13
 595.876 12
 596.632 17
 597.389 21
 598.145 19
 598.902 19
 599.658 18
 600.415 27
 601.172 20
 601.929 19
 602.686 22
 603.443 16
 604.200 18
 604.957 20
 605.714 22
 606.471 21
 607.228 27
 607.985 12
 608.742 13
 609.500 21
 610.257 15
 611.015 33
 611.772 24
 612.530 19
 613.287 21
 614.045 22
 614.803 21
 615.560 23
 616.318 17
 617.076 21
 617.834 26
 618.592 22
 619.350 18
 620.108 20
 620.866 25
 621.624 30
 622.382 18
 623.141 16
 623.899 21
 624.657 30
 625.416 16
 626.174 26
 626.933 22
 627.691 17
 628.450 18
 629.209 20
 629.967 20
 630.726 15
 631.485 21
 632.244 23
 633.003 16
 633.762 22
 634.521 13
 635.280 22
 636.039 20
 636.798 22
 637.558 17
 638.317 15
 639.076 21
 639.836 29
 640.595 19
 641.355 16
 642.114 20
 642.874 16
 643.633 24
 644.393 19
 645.153 21
 645.913 17
 646.672 16
 647.432 23
 648.192 25
 648.952 20
 649.712 20
 650.473 16
 651.233 24
 651.993 29
 652.753 11
 653.514 25
 654.274 24
 655.034 25
 655.795 25
 656.555 27
 657.316 22
 658.077 17
 658.837 19
 659.598 23
 660.359 23
 661.120 19
 661.881 16
 662.642 23
 663.402 27
 664.164 13
 664.925 22
 665.686 21
 666.447 17
 667.208 20
 667.970 23
 668.731 11
 669.492 22
 670.254 11
 671.015 21
 671.777 18
 672.538 20
 673.300 17
 674.062 26
 674.824 16
 675.585 22
 676.347 14
 677.109 21
 677.871 22
 678.633 17
 679.395 21
 680.157 17
 680.920 16
 681.682 19
 682.444 22
 683.206 8
 683.969 15
 684.731 25
 685.494 16
 686.256 20
 687.019 14
 687.782 11
 688.544 26
 689.307 20
 690.070 20
 690.833 19
 691.596 21
 692.359 18
 693.122 12
 693.885 16
 694.648 18
 695.411 14
 696.174 15
 696.937 11
 697.701 15
 698.464 15
 699.227 17
 699.991 18
 700.754 12
 701.518 12
 702.282 13
 703.045 16
 703.809 19
 704.573 13
 705.337 15
 706.100 12
 706.864 14
 707.628 7
 708.392 8
 709.157 7
 709.921 12
 710.685 14
 711.449 8
 712.213 19
 712.978 14
 713.742 10
 714.507 19
 715.271 14
 716.036 11
 716.800 13
 717.565 15
 718.330 8
 719.094 10
 719.859 12
 720.624 10
 721.389 19
 722.154 13
 722.919 9
 723.684 4
 724.449 13
 725.214 11
 725.979 12
 726.745 14
 727.510 7
 728.275 17
 729.041 9
 729.806 19
 730.572 20
 731.337 11
 732.103 11
 732.869 10
 733.634 9
 734.400 14
 735.166 9
 735.932 8
 736.698 8
 737.464 12
 738.230 15
 738.996 11
 739.762 6
 740.528 13
 741.295 15
 742.061 13
 742.827 14
 743.594 10
 744.360 9
 745.127 12
 745.893 10
 746.660 8
 747.427 7
 748.193 8
 748.960 9
 749.727 11
 750.494 10
 751.261 8
 752.028 12
 752.795 15
 753.562 5
 754.329 8
 755.096 5
 755.863 6
 756.630 10
 757.398 11
 758.165 8
 758.933 8
 759.700 7
 760.468 10
 761.235 7
 762.003 10
 762.771 13
 763.538 6
 764.306 7
 765.074 4
 765.842 8
 766.610 9
 767.378 12
 768.146 11
 768.914 10
 769.682 8
 770.450 10
 771.219 8
 771.987 10
 772.755 10
 773.524 11
 774.292 10
 775.061 18
 775.829 10
 776.598 6
 777.367 6
 778.135 2
 778.904 5
 779.673 9
 780.442 9
 781.211 11
 781.980 11
 782.749 8
 783.518 12
 784.287 9
 785.056 11
 785.825 11
 786.595 6
 787.364 8
 788.133 11
 788.903 5
 789.672 10
 790.442 8
 791.211 10
 791.981 12
 792.751 11
 793.521 14
 794.290 11
 795.060 9
 795.830 5
 796.600 7
 797.370 5
 798.140 9
 798.910 6
 799.680 9
 800.451 9
 801.221 7
 801.991 1
 802.762 2
 803.532 3
 804.303 8
 805.073 8
 805.844 7
 806.614 4
 807.385 8
 808.156 8
 808.926 6
 809.697 5
 810.468 10
 811.239 6
 812.010 6
 812.781 9
 813.552 7
 814.323 3
 815.095 8
 815.866 9
 816.637 5
 817.408 3
 818.180 5
 818.951 6
 819.723 3
 820.494 7
 821.266 4
 822.038 10
 822.809 10
 823.581 8
 824.353 8
 825.125 8
 825.897 10
 826.669 8
 827.441 5
 828.213 4
 828.985 4
 829.757 8
 830.529 7
 831.302 9
 832.074 9
 832.846 9
 833.619 8
 834.391 8
 835.164 2
 835.936 3
 836.709 12
 837.482 5
 838.254 6
 839.027 9
 839.800 4
 840.573 5
 841.346 1
 842.119 9
 842.892 3
 843.665 11
 844.438 7
 845.211 4
 845.985 8
 846.758 5
 847.531 9
 848.305 9
 849.078 13
 849.852 9
 850.625 11
 851.399 3
 852.173 3
 852.946 8
 853.720 1
 854.494 4
 855.268 6
 856.042 5
 856.816 7
 857.590 10
 858.364 7
 859.138 2
 859.912 3
 860.686 7
 861.461 10
 862.235 12
 863.009 3
 863.784 8
 864.558 4
 865.333 6
 866.107 4
 866.882 6
 867.657 7
 868.431 4
 869.206 7
 869.981 6
 870.756 9
 871.531 4
 872.306 9
 873.081 6
 873.856 9
 874.631 10
 875.407 6
 876.182 4
 876.957 8
 877.733 9
 878.508 8
 879.283 4
 880.059 8
 880.835 12
 881.610 4
 882.386 6
 883.162 8
 883.937 4
 884.713 11
 885.489 6
 886.265 3
 887.041 10
 887.817 13
 888.593 11
 889.369 8
 890.145 7
 890.922 6
 891.698 6
 892.474 3
 893.251 10
 894.027 8
 894.804 8
 895.580 9
 896.357 6
 897.133 6
 897.910 12
 898.687 7
 899.464 12
 900.241 8
 901.018 10
 901.794 12
 902.572 6
 903.349 8
 904.126 10
 904.903 12
 905.680 11
 906.457 6
 907.235 12
 908.012 8
 908.790 17
 909.567 9
 910.345 4
 911.122 7
 911.900 8
 912.677 13
 913.455 13
 914.233 10
 915.011 10
 915.789 18
 916.567 17
 917.345 13
 918.123 15
 918.901 15
 919.679 11
 920.457 8
 921.235 16
 922.014 14
 922.792 9
 923.570 16
 924.349 13
 925.127 11
 925.906 15
 926.685 7
 927.463 13
 928.242 16
 929.021 24
 929.800 18
 930.578 18
 931.357 12
 932.136 22
 932.915 20
 933.694 27
 934.474 17
 935.253 21
 936.032 18
 936.811 30
 937.591 21
 938.370 30
 939.149 17
 939.929 26
 940.708 20
 941.488 23
 942.268 27
 943.047 25
 943.827 26
 944.607 32
 945.387 39
 946.167 33
 946.947 29
 947.727 34
 948.507 43
 949.287 40
 950.067 40
 950.847 53
 951.627 49
 952.408 40
 953.188 39
 953.969 44
 954.749 47
 955.530 43
 956.310 45
 957.091 58
 957.871 49
 958.652 52
 959.433 44
 960.214 74
 960.995 67
 961.776 62
 962.557 62
 963.338 57
 964.119 59
 964.900 73
 965.681 57
 966.462 70
 967.244 53
 968.025 73
 968.806 78
 969.588 85
 970.369 73
 971.151 69
 971.932 76
 972.714 85
 973.496 87
 974.277 77
 975.059 89
 975.841 83
 976.623 88
 977.405 90
 978.187 96
 978.969 87
 979.751 88
 980.533 88
 981.316 107
 982.098 77
 982.880 89
 983.663 103
 984.445 94
 985.227 85
 986.010 85
 986.793 96
 987.575 99
 988.358 83
 989.141 84
 989.923 91
 990.706 95
 991.489 82
 992.272 96
 993.055 87
 993.838 93
 994.621 103
 995.404 107
 996.188 99
 996.971 95
 997.754 72
 998.537 105
 999.321 102
1000.104 64
1000.888 86
1001.671 80
1002.455 81
1003.239 94
1004.022 85
1004.806 103
1005.590 91
1006.374 87
1007.158 69
1007.942 68
1008.726 77
1009.510 66
1010.294 76
1011.078 77
1011.862 71
1012.647 76
1013.431 66
1014.215 77
1015.000 55
1015.784 58
1016.569 63
1017.353 55
1018.138 38
1018.923 62
1019.708 51
1020.492 45
1021.277 45
1022.062 48
1022.847 41
1023.632 42
1024.417 38
1025.202 38
1025.987 53
1026.773 44
1027.558 43
1028.343 35
1029.128 37
1029.914 37
1030.699 34
1031.485 22
1032.270 34
1033.056 17
1033.842 32
1034.627 23
1035.413 19
1036.199 26
1036.985 28
1037.771 26
1038.557 17
1039.343 22
1040.129 16
1040.915 21
1041.701 14
1042.488 22
1043.274 19
1044.060 10
1044.847 17
1045.633 15
1046.419 8
1047.206 15
1047.993 16
1048.779 9
1049.566 13
1050.353 10
1051.140 8
1051.926 17
1052.713 15
1053.500 12
1054.287 7
1055.074 10
1055.861 8
1056.649 6
1057.436 7
1058.223 9
1059.010 4
1059.798 5
1060.585 11
1061.373 5
1062.160 3
1062.948 5
1063.735 6
1064.523 7
1065.311 2
1066.099 12
1066.886 7
1067.674 4
1068.462 2
1069.250 4
1070.038 3
1070.826 1
1071.615 4
1072.403 3
1073.191 4
1073.979 1
1074.768 6
1075.556 6
1076.345 4
1077.133 2
1077.922 2
1078.710 2
1079.499 4
1080.288 3
1081.076 3
1081.865 3
1082.654 2
1083.443 2
1084.232 0
1085.021 4
1085.810 3
1086.599 3
1087.388 1
1088.177 2
1088.967 4
1089.756 3
1090.545 3
1091.335 2
1092.124 5
1092.914 3
1093.704 3
1094.493 6
1095.283 4
1096.073 3
1096.862 3
1097.652 3
1098.442 0
1099.232 4
1100.022 3
1100.812 3
1101.602 2
1102.392 2
1103.183 1
1103.973 1
1104.763 2
1105.554 1
1106.344 1
1107.134 2
1107.925 1
1108.715 3
1109.506 2
1110.297 0
1111.087 4
1111.878 0
1112.669 1
1113.460 3
1114.251 0
1115.042 5
1115.833 1
1116.624 2
1117.415 0
1118.206 2
1118.998 2
1119.789 1
1120.580 2
1121.372 1
1122.163 2
1122.954 2
1123.746 1
1124.538 1
1125.329 4
1126.121 3
1126.913 0
1127.704 0
1128.496 1
1129.288 1
1130.080 1
1130.872 2
1131.664 2
1132.456 2
1133.249 0
1134.041 1
1134.833 2
1135.625 2
1136.418 2
1137.210 0
1138.003 4
1138.795 2
1139.588 2
1140.380 0
1141.173 1
1141.966 4
1142.759 3
1143.551 0
1144.344 0
1145.137 2
1145.930 0
1146.723 3
1147.516 0
1148.309 0
1149.103 0
1149.896 1
1150.689 1
1151.483 1
1152.276 1
1153.069 2
1153.863 1
1154.656 1
1155.450 0
1156.244 0
1157.037 0
1157.831 1
1158.625 0
1159.419 1
1160.213 1
1161.007 2
1161.801 1
1162.595 0
1163.389 2
1164.183 2
1164.977 3
1165.772 0
1166.566 0
1167.360 2
1168.155 1
1168.949 1
1169.744 0
1170.538 3
1171.333 1
1172.128 0
1172.922 0
1173.717 1
1174.512 0
1175.307 1
1176.102 0
1176.897 0
1177.692 2
1178.487 1
1179.282 1
1180.077 2
1180.873 0
1181.668 0
1182.463 1
1183.259 1
1184.054 2
1184.850 1
1185.645 1
1186.441 0
1187.236 0
1188.032 2
1188.828 2
1189.624 1
1190.420 2
1191.216 2
1192.012 1
1192.808 2
1193.604 1
1194.400 1
1195.196 2
1195.992 0
1196.788 0
1197.585 1
1198.381 0
1199.178 0
1199.974 0
1200.771 2
1201.567 0
1202.364 1
1203.161 2
1203.957 1
1204.754 0
1205.551 1
1206.348 0
1207.145 0
1207.942 0
1208.739 0
1209.536 0
1210.333 0
1211.130 0
1211.928 0
1212.725 1
1213.522 0
1214.320 0
1215.117 0
1215.915 0
1216.712 0
1217.510 0
1218.308 0
1219.105 0
1219.903 1
1220.701 0
1221.499 1
1222.297 1
1223.095 4
1223.893 2
1224.691 1
1225.489 0
1226.287 1
1227.085 0
1227.884 1
1228.682 1
1229.481 0
1230.279 0
1231.077 1
1231.876 0
1232.675 0
1233.473 0
1234.272 0
1235.071 1
1235.870 0
1236.668 1
1237.467 0
1238.266 0
1239.065 1
1239.864 0
1240.663 0
1241.463 0
1242.262 2
1243.061 1
1243.860 1
1244.660 0
1245.459 0
1246.259 1
1247.058 0
1247.858 1
1248.657 1
1249.457 0
1250.257 0
1251.057 0
1251.857 0
1252.656 0
1253.456 0
1254.256 0
1255.056 0
1255.856 0
1256.657 1
1257.457 1
1258.257 0
1259.057 0
1259.858 1
1260.658 1
1261.459 0
1262.259 0
1263.060 0
1263.860 0
1264.661 0
1265.462 0
1266.262 0
1267.063 0
1267.864 1
1268.665 3
1269.466 0
1270.267 0
1271.068 0
1271.869 1
1272.670 0
1273.472 0
1274.273 0
1275.074 1
1275.876 0
1276.677 1
1277.479 1
1278.280 1
1279.082 0
1279.883 0
1280.685 1
1281.487 0
1282.289 1
1283.090 0
1283.892 1
1284.694 0
1285.496 0
1286.298 1
1287.100 2
1287.903 0
1288.705 1
1289.507 0
1290.309 0
1291.112 0
1291.914 0
1292.717 0
1293.519 0
1294.322 2
1295.124 0
1295.927 0
1296.730 0
1297.532 0
1298.335 0
1299.138 0
1299.941 1
1300.744 0
1301.547 2
1302.350 0
1303.153 2
1303.957 0
1304.760 0
1305.563 0
1306.366 0
1307.170 1
1307.973 0
1308.777 0
1309.580 0
1310.384 2
1311.188 1
1311.991 0
1312.795 0
1313.599 0
1314.403 0
1315.207 0
1316.011 1
1316.815 1
1317.619 0
1318.423 0
1319.227 0
1320.031 0
1320.835 2
1321.640 1
1322.444 1
1323.248 0
1324.053 1
1324.857 1
1325.662 1
1326.467 1
1327.271 0
1328.076 1
1328.881 0
1329.686 1
1330.491 1
1331.296 0
1332.101 0
1332.906 1
1333.711 1
1334.516 1
1335.321 0
1336.126 0
1336.932 1
1337.737 0
1338.542 4
1339.348 2
1340.153 0
1340.959 1
1341.764 0
1342.570 0
1343.376 0
1344.182 0
1344.987 1
1345.793 0
1346.599 0
1347.405 1
1348.211 2
1349.017 1
1349.823 1
1350.630 0
1351.436 2
1352.242 0
1353.048 2
1353.855 0
1354.661 1
1355.468 0
1356.274 0
1357.081 1
1357.887 2
1358.694 0
1359.501 0
1360.308 1
1361.115 0
1361.921 0
1362.728 0
1363.535 0
1364.342 0
1365.150 3
1365.957 0
1366.764 1
1367.571 0
1368.378 1
1369.186 0
1369.993 1
1370.801 0
1371.608 0
1372.416 0
1373.223 0
1374.031 1
1374.839 0
1375.647 0
1376.454 0
1377.262 0
1378.070 0
1378.878 1
1379.686 0
1380.494 1
1381.302 1
1382.111 0
1382.919 0
1383.727 1
1384.535 0
1385.344 0
1386.152 0
1386.961 0
1387.769 1
1388.578 0
1389.387 0
1390.195 0
1391.004 0
1391.813 0
1392.622 0
1393.431 1
1394.240 1
1395.049 1
1395.858 0
1396.667 0
1397.476 0
1398.285 0
1399.094 0
1399.904 0
1400.713 2
1401.522 0
1402.332 0
1403.141 0
1403.951 0
1404.761 0
1405.570 1
1406.380 0
1407.190 0
1408.000 0
1408.810 1
1409.619 1
1410.429 1
1411.240 0
1412.050 0
1412.860 2
1413.670 2
1414.480 0
1415.290 0
1416.101 0
1416.911 0
1417.722 1
1418.532 0
1419.343 0
1420.153 1
1420.964 0
1421.775 0
1422.585 0
1423.396 1
1424.207 1
1425.018 0
1425.829 0
1426.640 2
1427.451 0
1428.262 3
1429.073 0
1429.885 1
1430.696 0
1431.507 0
1432.319 1
1433.130 0
1433.942 0
1434.753 0
1435.565 1
1436.376 1
1437.188 0
1438.000 1
1438.811 1
1439.623 0
1440.435 0
1441.247 1
1442.059 1
1442.871 0
1443.683 0
1444.495 1
1445.308 0
1446.120 0
1446.932 0
1447.745 0
1448.557 0
1449.369 1
1450.182 0
1450.995 0
1451.807 0
1452.620 1
1453.433 0
1454.245 2
1455.058 0
1455.871 0
1456.684 0
1457.497 0
1458.310 0
1459.123 0
1459.936 0
1460.749 1
1461.563 0
1462.376 0
1463.189 0
1464.003 2
1464.816 0
1465.629 0
1466.443 0
1467.257 0
1468.070 1
1468.884 0
1469.698 0
1470.511 0
1471.325 2
1472.139 0
1472.953 0
1473.767 0
1474.581 0
1475.395 0
1476.210 0
1477.024 0
1477.838 0
1478.652 0
1479.467 0
1480.281 1
1481.096 0
1481.910 1
1482.725 0
1483.539 1
1484.354 1
1485.169 0
1485.983 0
1486.798 1
1487.613 0
1488.428 0
1489.243 0
1490.058 0
1490.873 0
1491.688 1
1492.504 1
1493.319 2
1494.134 0
1494.949 2
1495.765 0
1496.580 0
1497.396 0
1498.211 0
1499.027 0
1499.843 0
1500.658 0
1501.474 0
1502.290 1
1503.106 0
1503.922 1
1504.738 1
1505.554 1
1506.370 0
1507.186 0
1508.002 0
1508.818 0
1509.634 0
1510.451 0
1511.267 0
1512.084 0
1512.900 2
1513.717 0
1514.533 0
1515.350 0
1516.166 0
1516.983 0
1517.800 2
1518.617 0
1519.434 0
1520.251 0
1521.068 0
1521.885 0
1522.702 1
1523.519 2
1524.336 0
1525.153 1
1525.971 0
1526.788 0
1527.605 0
1528.423 1
1529.240 0
1530.058 0
1530.876 1
1531.693 0
1532.511 0
1533.329 0
1534.147 0
1534.964 0
1535.782 0
1536.600 0
1537.418 1
1538.236 0
1539.055 0
1539.873 0
1540.691 1
1541.509 0
1542.328 3
1543.146 0
1543.964 0
1544.783 1
1545.601 0
1546.420 0
1547.239 0
1548.057 0
1548.876 1
1549.695 0
1550.514 1
1551.333 0
1552.152 0
1552.971 1
1553.790 1
1554.609 0
1555.428 0
1556.247 0
1557.066 0
1557.886 0
1558.705 0
1559.524 0
1560.344 1
1561.163 0
1561.983 0
1562.803 0
1563.622 0
1564.442 1
1565.262 0
1566.082 0
1566.902 0
1567.721 0
1568.541 0
1569.361 0
1570.182 0
1571.002 1
1571.822 0
1572.642 0
1573.462 0
1574.283 0
1575.103 0
1575.924 1
1576.744 0
1577.565 1
1578.385 1
1579.206 1
1580.027 0
1580.847 0
1581.668 0
1582.489 1
1583.310 0
1584.131 1
1584.952 0
1585.773 0
1586.594 0
1587.415 1
1588.236 0
1589.058 0
1589.879 1
1590.700 0
1591.522 0
1592.343 0
1593.165 1
1593.986 1
1594.808 1
1595.630 0
1596.451 0
1597.273 0
1598.095 1
1598.917 0
1599.739 0
1600.561 0
1601.383 0
1602.205 0
1603.027 0
1603.849 0
1604.672 1
1605.494 0
1606.316 0
1607.139 1
1607.961 0
1608.784 0
1609.606 0
1610.429 0
1611.251 1
1612.074 0
1612.897 0
1613.720 1
1614.543 0
1615.366 1
1616.189 0
1617.012 0
1617.835 0
1618.658 0
1619.481 0
1620.304 0
1621.127 1
1621.951 1
1622.774 0
1623.598 0
1624.421 0
1625.245 0
1626.068 0
1626.892 0
1627.716 0
1628.539 0
1629.363 1
1630.187 2
1631.011 0
1631.835 0
1632.659 1
1633.483 0
1634.307 0
1635.131 0
1635.955 0
1636.780 0
1637.604 0
1638.428 0
1639.253 0
1640.077 1
1640.902 0
1641.726 0
1642.551 0
1643.375 0
1644.200 0
1645.025 0
1645.850 0
1646.675 0
1647.500 1
1648.325 0
1649.150 1
1649.975 1
1650.800 0
1651.625 1
1652.450 0
1653.275 0
1654.101 0
1654.926 0
1655.752 1
1656.577 0
1657.403 0
1658.228 1
1659.054 0
1659.880 0
1660.705 0
1661.531 0
1662.357 0
1663.183 0
1664.009 0
1664.835 0
1665.661 0
1666.487 0
1667.313 0
1668.139 0
1668.966 0
1669.792 0
1670.618 0
1671.445 0
1672.271 0
1673.098 0
1673.924 1
1674.751 0
1675.578 0
1676.404 0
1677.231 0
1678.058 0
1678.885 0
1679.712 0
1680.539 1
1681.366 0
1682.193 0
1683.020 0
1683.847 0
1684.675 0
1685.502 0
1686.329 2
1687.157 0
1687.984 0
1688.812 0
1689.639 1
1690.467 0
1691.294 1
1692.122 2
1692.950 1
1693.778 2
1694.606 0
1695.433 0
1696.261 0
1697.089 0
1697.918 0
1698.746 0
1699.574 0
1700.402 0
1701.230 2
1702.059 0
1702.887 1
1703.715 0
1704.544 0
1705.372 1
1706.201 0
1707.030 0
1707.858 0
1708.687 0
1709.516 0
1710.345 0
1711.174 0
1712.003 0
1712.832 0
1713.661 1
1714.490 0
1715.319 1
1716.148 0
1716.977 1
1717.807 0
1718.636 0
1719.465 0
1720.295 0
1721.124 0
1721.954 1
1722.784 0
1723.613 0
1724.443 0
1725.273 0
1726.103 1
1726.932 0
1727.762 1
1728.592 0
1729.422 0
1730.252 0
1731.083 1
1731.913 0
1732.743 0
1733.573 0
1734.404 1
1735.234 0
1736.064 0
1736.895 0
1737.725 0
1738.556 1
1739.387 0
1740.217 0
1741.048 0
1741.879 0
1742.710 0
1743.541 0
1744.372 0
1745.203 0
1746.034 1
1746.865 0
1747.696 1
1748.527 0
1749.358 0
1750.190 0
1751.021 0
1751.853 0
1752.684 1
1753.516 1
1754.347 1
1755.179 0
1756.010 0
1756.842 0
1757.674 0
1758.506 0
1759.338 0
1760.170 0
1761.002 0
1761.834 0
1762.666 0
1763.498 0
1764.330 0
1765.162 0
1765.995 0
1766.827 0
1767.659 0
1768.492 0
1769.324 2
1770.157 0
1770.989 2
1771.822 0
1772.655 0
1773.487 0
1774.320 0
1775.153 0
1775.986 2
1776.819 0
1777.652 0
1778.485 2
1779.318 2
1780.151 0
1780.985 0
1781.818 0
1782.651 0
1783.485 1
1784.318 0
1785.151 0
1785.985 0
1786.819 0
1787.652 0
1788.486 0
1789.320 0
1790.153 1
1790.987 1
1791.821 1
1792.655 0
1793.489 0
1794.323 0
1795.157 0
1795.991 0
1796.826 1
1797.660 1
1798.494 0
1799.329 0
1800.163 1
1800.997 0
1801.832 0
1802.666 0
1803.501 0
1804.336 1
1805.170 0
1806.005 0
1806.840 0
1807.675 0
1808.510 1
1809.345 0
1810.180 0
1811.015 0
1811.850 0
1812.685 0
1813.520 1
1814.356 0
1815.191 1
1816.026 0
1816.862 0
1817.697 1
1818.533 0
1819.368 0
1820.204 0
1821.040 0
1821.876 0
1822.711 0
1823.547 1
1824.383 0
1825.219 1
1826.055 0
1826.891 0
1827.727 0
1828.563 1
1829.400 0
1830.236 0
1831.072 0
1831.909 0
1832.745 1
1833.581 0
1834.418 0
1835.254 0
1836.091 0
1836.928 0
1837.765 0
1838.601 0
1839.438 0
1840.275 2
1841.112 0
1841.949 0
1842.786 0
1843.623 0
1844.460 0
1845.297 0
1846.135 0
1846.972 1
1847.809 0
1848.647 1
1849.484 0
1850.322 0
1851.159 0
1851.997 0
1852.834 1
1853.672 0
1854.510 1
1855.348 2
1856.185 1
1857.023 1
1857.861 0
1858.699 1
1859.537 1
1860.376 0
1861.214 0
1862.052 0
1862.890 0
1863.729 1
1864.567 0
1865.405 0
1866.244 1
1867.082 0
1867.921 0
1868.760 0
1869.598 0
1870.437 0
1871.276 0
1872.115 0
1872.953 1
1873.792 2
1874.631 0
1875.470 1
1876.310 0
1877.149 1
1877.988 0
1878.827 0
1879.666 0
1880.506 0
1881.345 0
1882.185 0
1883.024 0
1883.864 1
1884.703 0
1885.543 0
1886.383 0
1887.222 0
1888.062 2
1888.902 1
1889.742 0
1890.582 0
1891.422 0
1892.262 0
1893.102 0
1893.942 0
1894.783 0
1895.623 0
1896.463 0
1897.304 0
1898.144 1
1898.985 0
1899.825 0
1900.666 0
1901.506 0
1902.347 1
1903.188 0
1904.029 1
1904.869 1
1905.710 0
1906.551 1
1907.392 0
1908.233 0
1909.074 0
1909.916 0
1910.757 0
1911.598 0
1912.439 0
1913.281 0
1914.122 1
1914.964 0
1915.805 0
1916.647 1
1917.488 0
1918.330 0
1919.172 1
1920.013 1
1920.855 0
1921.697 2
1922.539 0
1923.381 0
1924.223 0
1925.065 0
1925.907 1
1926.749 0
1927.592 0
1928.434 0
1929.276 0
1930.119 0
1930.961 1
1931.804 0
1932.646 1
1933.489 1
1934.331 0
1935.174 0
1936.017 1
1936.860 0
1937.703 1
1938.545 0
1939.388 0
1940.231 0
1941.074 0
1941.918 0
1942.761 0
1943.604 0
1944.447 0
1945.291 0
1946.134 0
1946.977 1
1947.821 1
1948.664 0
1949.508 0
1950.352 0
1951.195 1
1952.039 0
1952.883 1
1953.727 0
1954.570 0
1955.414 0
1956.258 0
1957.102 1
1957.946 2
1958.791 0
1959.635 0
1960.479 0
1961.323 0
1962.168 1
1963.012 0
1963.857 0
1964.701 0
1965.546 1
1966.390 0
1967.235 0
1968.080 0
1968.924 1
1969.769 0
1970.614 0
1971.459 0
1972.304 0
1973.149 0
1973.994 0
1974.839 0
1975.684 0
1976.530 0
1977.375 0
1978.220 0
1979.066 0
1979.911 1
1980.756 0
1981.602 0
1982.448 0
1983.293 0
1984.139 0
1984.985 0
1985.830 0
1986.676 0
1987.522 1
1988.368 0
1989.214 0
1990.060 0
1990.906 0
1991.752 0
1992.599 0
1993.445 0
1994.291 0
1995.137 1
1995.984 0
1996.830 0
1997.677 0
1998.523 0
1999.370 0
2000.217 1
2001.063 0
2001.910 1
2002.757 0
2003.604 1
2004.451 0
2005.298 0
2006.145 0
2006.992 1
2007.839 1
2008.686 0
2009.533 0
2010.381 0
2011.228 1
2012.075 0
2012.923 1
2013.770 0
2014.618 1
2015.466 0
2016.313 0
2017.161 0
2018.009 0
2018.856 0
2019.704 1
2020.552 0
2021.400 0
2022.248 0
2023.096 1
2023.944 0
2024.792 1
2025.641 0
2026.489 0
2027.337 0
2028.186 0
2029.034 0
2029.883 0
2030.731 0
2031.580 0
2032.428 0
2033.277 1
2034.126 2
2034.974 1
2035.823 0
2036.672 0
2037.521 0
2038.370 0
2039.219 0
2040.068 0
2040.917 0
2041.766 0
2042.616 0
2043.465 0
2044.314 0
2045.164 0
2046.013 0
2046.863 0
2047.712 0
2048.562 0
2049.412 0
2050.261 0
2051.111 0
2051.961 0
2052.811 0
2053.661 0
2054.511 0
2055.361 0
2056.211 0
2057.061 1
2057.911 0
2058.761 0
2059.611 0
2060.462 0
2061.312 0
2062.163 0
2063.013 0
2063.864 0
2064.714 0
2065.565 0
2066.415 0
2067.266 0
2068.117 0
2068.968 0
2069.819 0
2070.670 0
2071.521 0
2072.372 0
2073.223 0
2074.074 0
2074.925 0
2075.776 0
2076.628 0
2077.479 0
2078.330 0
2079.182 0
2080.033 0
2080.885 0
2081.737 0
2082.588 0
2083.440 1
2084.292 0
2085.144 0
2085.995 1
2086.847 1
2087.699 1
2088.551 0
2089.403 0
2090.256 0
2091.108 1
2091.960 0
2092.812 0
2093.665 0
2094.517 1
2095.369 0
2096.222 0
2097.074 0
2097.927 0
2098.780 0
2099.632 0
2100.485 0
2101.338 0
2102.191 0
2103.044 1
2103.897 1
2104.750 0
2105.603 0
2106.456 0
2107.309 1
2108.162 1
2109.015 0
2109.869 1
2110.722 0
2111.575 0
2112.429 0
2113.282 0
2114.136 0
2114.990 0
2115.843 1
2116.697 0
2117.551 0
2118.405 1
2119.259 0
2120.112 0
2120.966 0
2121.820 0
2122.675 0
2123.529 0
2124.383 1
2125.237 0
2126.091 0
2126.946 0
2127.800 1
2128.655 1
2129.509 0
2130.364 0
2131.218 0
2132.073 0
2132.928 0
2133.782 0
2134.637 0
2135.492 0
2136.347 0
2137.202 0
2138.057 1
2138.912 0
2139.767 0
2140.622 0
2141.477 0
2142.333 0
2143.188 0
2144.043 0
2144.899 0
2145.754 0
2146.610 0
2147.465 0
2148.321 0
2149.177 0
2150.032 0
2150.888 0
2151.744 0
2152.600 1
2153.456 0
2154.312 1
2155.168 0
2156.024 0
2156.880 0
2157.736 0
2158.593 1
2159.449 0
2160.305 1
2161.162 0
2162.018 0
2162.875 0
2163.731 0
2164.588 0
2165.445 2
2166.301 0
2167.158 0
2168.015 1
2168.872 1
2169.729 0
2170.586 0
2171.443 0
2172.300 0
2173.157 0
2174.014 0
2174.871 2
2175.728 0
2176.586 1
2177.443 1
2178.301 0
2179.158 0
2180.016 0
2180.873 1
2181.731 0
2182.589 1
2183.446 0
2184.304 1
2185.162 0
2186.020 0
2186.878 0
2187.736 0
2188.594 0
2189.452 0
2190.310 0
2191.168 0
2192.027 0
2192.885 0
2193.743 0
2194.602 1
2195.460 0
2196.319 0
2197.177 0
2198.036 1
2198.894 0
2199.753 0
2200.612 0
2201.471 0
2202.330 0
2203.189 0
2204.048 0
2204.907 1
2205.766 0
2206.625 1
2207.484 0
2208.343 0
2209.203 0
2210.062 1
2210.921 0
2211.781 0
2212.640 0
2213.500 0
2214.359 0
2215.219 2
2216.079 0
2216.938 0
2217.798 1
2218.658 2
2219.518 1
2220.378 1
2221.238 0
2222.098 1
2222.958 1
2223.818 0
2224.679 0
2225.539 0
2226.399 0
2227.259 0
2228.120 0
2228.980 0
2229.841 0
2230.701 0
2231.562 0
2232.423 0
2233.284 0
2234.144 0
2235.005 0
2235.866 1
2236.727 0
2237.588 1
2238.449 0
2239.310 0
2240.171 0
2241.032 1
2241.894 0
2242.755 1
2243.616 0
2244.478 0
2245.339 0
2246.201 0
2247.062 1
2247.924 0
2248.785 1
2249.647 1
2250.509 0
2251.371 0
2252.233 0
2253.095 0
2253.956 1
2254.819 0
2255.681 1
2256.543 0
2257.405 0
2258.267 0
2259.129 0
2259.992 0
2260.854 0
2261.717 0
2262.579 0
2263.442 0
2264.304 0
2265.167 0
2266.029 0
2266.892 1
2267.755 0
2268.618 0
2269.481 0
2270.344 1
2271.207 0
2272.070 0
2272.933 0
2273.796 1
2274.659 0
2275.522 0
2276.386 0
2277.249 0
2278.112 0
2278.976 0
2279.839 0
2280.703 0
2281.567 0
2282.430 0
2283.294 0
2284.158 0
2285.022 0
2285.885 0
2286.749 0
2287.613 0
2288.477 0
2289.342 0
2290.206 1
2291.070 0
2291.934 0
2292.798 0
2293.663 0
2294.527 0
2295.392 0
2296.256 0
2297.121 1
2297.985 0
2298.850 0
2299.714 0
2300.579 0
2301.444 0
2302.309 0
2303.174 0
2304.039 0
2304.904 0
2305.769 0
2306.634 0
2307.499 0
2308.364 0
2309.230 0
2310.095 0
2310.960 0
2311.826 0
2312.691 0
2313.557 0
2314.422 0
2315.288 0
2316.154 0
2317.019 0
2317.885 0
2318.751 0
2319.617 0
2320.483 2
2321.349 0
2322.215 0
2323.081 0
2323.947 0
2324.813 0
2325.679 0
2326.546 0
2327.412 0
2328.278 1
2329.145 0
2330.011 0
2330.878 0
2331.744 0
2332.611 0
2333.478 0
2334.345 0
2335.211 0
2336.078 0
2336.945 0
2337.812 0
2338.679 0
2339.546 0
2340.413 0
2341.281 0
2342.148 0
2343.015 0
2343.882 0
2344.750 0
2345.617 0
2346.485 0
2347.352 0
2348.220 0
2349.087 0
2349.955 2
2350.823 0
2351.691 0
2352.558 0
2353.426 0
2354.294 0
2355.162 0
2356.030 0
2356.898 0
2357.767 0
2358.635 0
2359.503 0
2360.371 0
2361.240 0
2362.108 0
2362.977 0
2363.845 0
2364.714 0
2365.582 0
2366.451 0
2367.320 0
2368.188 0
2369.057 1
2369.926 0
2370.795 0
2371.664 0
2372.533 0
2373.402 0
2374.271 0
2375.140 0
2376.010 0
2376.879 0
2377.748 0
2378.618 0
2379.487 0
2380.357 0
2381.226 1
2382.096 0
2382.965 0
2383.835 0
2384.705 0
2385.575 0
2386.444 0
2387.314 0
2388.184 0
2389.054 0
2389.924 0
2390.794 0
2391.665 0
2392.535 0
2393.405 0
2394.275 0
2395.146 0
2396.016 0
2396.887 0
2397.757 0
2398.628 0
2399.498 0
2400.369 0
2401.240 0
2402.110 0
2402.981 0
2403.852 0
2404.723 0
2405.594 0
2406.465 0
2407.336 0
2408.207 0
2409.079 0
2409.950 1
2410.821 1
2411.692 1
2412.564 0
2413.435 0
2414.307 0
2415.178 0
2416.050 0
2416.922 0
2417.793 0
2418.665 0
2419.537 0
2420.409 0
2421.281 0
2422.153 0
2423.025 0
2423.897 0
2424.769 0
2425.641 0
2426.513 0
2427.385 0
2428.258 0
2429.130 0
2430.003 0
2430.875 0
2431.748 0
2432.620 0
2433.493 0
2434.365 0
2435.238 0
2436.111 0
2436.984 0
2437.857 0
2438.730 0
2439.603 0
2440.476 0
2441.349 0
2442.222 0
2443.095 0
2443.968 0
2444.842 0
2445.715 0
2446.588 0
2447.462 0
2448.335 0
2449.209 0
2450.082 1
2450.956 0
2451.830 0
2452.704 0
2453.577 1
2454.451 0
2455.325 0
2456.199 0
2457.073 0
2457.947 0
2458.821 0
2459.696 0
2460.570 0
2461.444 0
2462.318 0
2463.193 0
2464.067 0
2464.942 0
2465.816 0
2466.691 0
2467.566 0
2468.440 0
2469.315 0
2470.190 0
2471.065 0
2471.939 0
2472.814 0
2473.689 0
2474.564 0
2475.440 0
2476.315 0
2477.190 0
2478.065 0
2478.941 0
2479.816 0
2480.691 0
2481.567 0
2482.442 0
2483.318 0
2484.193 0
2485.069 0
2485.945 0
2486.821 0
2487.696 0
2488.572 0
2489.448 0
2490.324 0
2491.200 0
2492.076 0
2492.952 0
2493.829 1
2494.705 0
2495.581 0
2496.458 1
2497.334 0
2498.210 0
2499.087 0
2499.963 0
2500.840 0
2501.717 0
2502.593 0
2503.470 0
2504.347 0
2505.224 0
2506.101 0
2506.978 0
2507.855 0
2508.732 0
2509.609 0
2510.486 0
2511.363 1
2512.240 0
2513.118 0
2513.995 0
2514.873 0
2515.750 0
2516.628 1
2517.505 0
2518.383 1
2519.260 0
2520.138 0
2521.016 0
2521.894 0
2522.772 0
2523.650 0
2524.528 0
2525.406 0
2526.284 0
2527.162 0
2528.040 1
2528.918 0
2529.797 0
2530.675 0
2531.553 0
2532.432 0
2533.310 0
2534.189 0
2535.067 0
2535.946 0
2536.825 0
2537.704 0
2538.582 0
2539.461 0
2540.340 0
2541.219 0
2542.098 0
2542.977 0
2543.856 1
2544.736 0
2545.615 0
2546.494 0
2547.373 1
2548.253 0
2549.132 0
2550.012 0
2550.891 0
2551.771 0
2552.650 0
2553.530 0
2554.410 0
2555.290 0
2556.170 0
2557.049 0
2557.929 0
2558.809 0
2559.689 0
2560.569 0
2561.450 0
2562.330 0
2563.210 0
2564.090 0
2564.971 0
2565.851 0
2566.732 0
2567.612 0
2568.493 0
2569.373 0
2570.254 0
2571.135 0
2572.015 0
2572.896 0
2573.777 0
2574.658 0
2575.539 0
2576.420 0
2577.301 0
2578.182 0
2579.064 0
2579.945 0
2580.826 0
2581.707 0
2582.589 0
2583.470 0
2584.352 0
2585.233 0
2586.115 0
2586.996 0
2587.878 0
2588.760 0
2589.642 0
2590.524 0
2591.405 0
2592.287 0
2593.169 0
2594.051 0
2594.934 0
2595.816 0
2596.698 0
2597.580 0
2598.463 0
2599.345 0
2600.227 0
2601.110 0
2601.992 0
2602.875 0
2603.758 0
2604.640 0
2605.523 0
2606.406 0
2607.289 0
2608.171 0
2609.054 0
2609.937 0
2610.820 0
2611.703 0
2612.587 0
2613.470 0
2614.353 0
2615.236 0
2616.120 0
2617.003 1
2617.887 0
2618.770 0
2619.654 0
2620.537 0
2621.421 0
2622.305 0
2623.188 0
2624.072 0
2624.956 0
2625.840 0
2626.724 0
2627.608 0
2628.492 0
2629.376 0
2630.260 0
2631.144 0
2632.029 0
2632.913 0
2633.797 0
2634.682 0
2635.566 0
2636.451 0
2637.335 0
2638.220 0
2639.105 1
2639.990 0
2640.874 0
2641.759 1
2642.644 0
2643.529 0
2644.414 0
2645.299 0
2646.184 0
2647.069 0
2647.954 0
2648.840 0
2649.725 0
2650.610 0
2651.496 0
2652.381 0
2653.267 0
2654.152 1
2655.038 0
2655.924 0
2656.809 0
2657.695 1
2658.581 0
2659.467 1
2660.353 0
2661.239 1
2662.125 0
2663.011 0
2663.897 0
2664.783 0
2665.669 0
2666.556 0
2667.442 0
2668.328 0
2669.215 0
2670.101 0
2670.988 0
2671.874 0
2672.761 0
2673.648 0
2674.534 0
2675.421 0
2676.308 0
2677.195 0
2678.082 0
2678.969 0
2679.856 0
2680.743 0
2681.630 0
2682.517 0
2683.405 0
2684.292 0
2685.179 1
2686.067 0
2686.954 0
2687.842 0
2688.729 0
2689.617 0
2690.505 0
2691.392 0
2692.280 0
2693.168 0
2694.056 0
2694.944 0
2695.832 0
2696.720 0
2697.608 0
2698.496 0
2699.384 0
2700.272 0
2701.161 0
2702.049 0
2702.938 0
2703.826 0
2704.714 0
2705.603 0
2706.492 0
2707.380 0
2708.269 0
2709.158 0
2710.047 0
2710.935 0
2711.824 0
2712.713 0
2713.602 0
2714.491 0
2715.380 0
2716.270 0
2717.159 0
2718.048 0
2718.937 1
2719.827 1
2720.716 1
2721.606 0
2722.495 0
2723.385 0
2724.274 0
2725.164 0
2726.054 0
2726.944 0
2727.833 0
2728.723 0
2729.613 0
2730.503 0
2731.393 0
2732.283 1
2733.174 0
2734.064 0
2734.954 0
2735.844 0
2736.735 0
2737.625 0
2738.516 0
2739.406 1
2740.297 0
2741.187 0
2742.078 0
2742.969 0
2743.859 0
2744.750 0
2745.641 0
2746.532 0
2747.423 0
2748.314 0
2749.205 0
2750.096 0
2750.987 0
2751.879 0
2752.770 0
2753.661 0
2754.553 0
2755.444 0
2756.335 0
2757.227 0
2758.119 0
2759.010 0
2759.902 0
2760.794 0
2761.685 0
2762.577 0
2763.469 0
2764.361 0
2765.253 0
2766.145 0
2767.037 0
2767.929 0
2768.822 0
2769.714 0
2770.606 0
2771.499 0
2772.391 0
2773.284 0
2774.176 0
2775.069 0
2775.961 0
2776.854 0
2777.747 0
2778.639 0
2779.532 0
2780.425 0
2781.318 0
2782.211 0
2783.104 0
2783.997 0
2784.890 1
2785.783 0
2786.677 0
2787.570 0
2788.463 0
2789.357 0
2790.250 0
2791.144 0
2792.037 0
2792.931 0
2793.824 0
2794.718 0
2795.612 0
2796.506 0
2797.400 0
2798.293 0
2799.187 0
2800.081 0
2800.975 0
2801.870 0
2802.764 0
2803.658 0
2804.552 0
2805.447 0
2806.341 0
2807.235 0
2808.130 0
2809.024 0
2809.919 0
2810.814 0
2811.708 0
2812.603 0
2813.498 0
2814.393 0
2815.287 0
2816.182 0
2817.077 0
2817.972 0
2818.868 0
2819.763 0
2820.658 0
2821.553 0
2822.448 0
2823.344 0
2824.239 0
2825.135 0
2826.030 0
2826.926 0
2827.821 0
2828.717 0
2829.613 0
2830.508 1
2831.404 0
2832.300 0
2833.196 0
2834.092 0
2834.988 0
2835.884 0
2836.780 0
2837.676 0
2838.573 0
2839.469 0
2840.365 0
2841.262 0
2842.158 0
2843.054 0
2843.951 0
2844.848 0
2845.744 0
2846.641 0
2847.538 0
2848.434 1
2849.331 0
2850.228 0
2851.125 1
2852.022 0
2852.919 0
2853.816 0
2854.713 0
2855.611 0
2856.508 0
2857.405 0
2858.303 0
2859.200 0
2860.097 0
2860.995 0
2861.892 0
2862.790 0
2863.688 0
2864.585 0
2865.483 0
2866.381 0
2867.279 0
2868.177 0
2869.075 0
2869.973 0
2870.871 0
2871.769 0
2872.667 0
2873.566 0
2874.464 0
2875.362 0
2876.261 0
2877.159 0
2878.057 0
2878.956 0
2879.855 0
2880.753 0
2881.652 0
2882.551 0
2883.450 0
2884.348 0
2885.247 0
2886.146 0
2887.045 0
2887.944 0
2888.843 0
2889.743 0
2890.642 0
2891.541 0
2892.440 0
2893.340 0
2894.239 0
2895.139 0
2896.038 0
2896.938 0
2897.837 0
2898.737 0
2899.637 0
2900.537 0
2901.436 0
2902.336 0
2903.236 0
2904.136 0
2905.036 0
2905.936 0
2906.836 0
2907.737 0
2908.637 0
2909.537 0
2910.437 0
2911.338 1
2912.238 0
2913.139 0
2914.039 0
2914.940 0
2915.841 0
2916.741 0
2917.642 0
2918.543 1
2919.444 0
2920.345 0
2921.246 0
2922.147 0
2923.048 0
2923.949 0
2924.850 0
2925.751 0
2926.653 0
2927.554 0
2928.455 0
2929.357 0
2930.258 0
2931.160 0
2932.061 0
2932.963 0
2933.865 0
2934.766 0
2935.668 0
2936.570 0
2937.472 0
2938.374 0
2939.276 0
2940.178 0
2941.080 0
2941.982 0
2942.884 0
2943.787 0
2944.689 0
2945.591 0
2946.494 0
2947.396 0
2948.299 0
2949.201 0
2950.104 0
2951.006 1
2951.909 0
2952.812 0
2953.715 0
2954.618 0
2955.520 0
2956.423 0
2957.326 0
2958.230 0
2959.133 0
2960.036 0
2960.939 0
2961.842 0
2962.746 0
2963.649 0
2964.553 0
2965.456 0
2966.360 0
2967.263 0
2968.167 0
2969.071 0
2969.974 0
2970.878 0
2971.782 0
2972.686 0
2973.590 0
2974.494 0
2975.398 0
2976.302 0
2977.206 0
2978.110 1
2979.015 0
2979.919 0
2980.823 0
2981.728 0
2982.632 0
2983.537 0
2984.441 0
2985.346 0
2986.251 0
2987.155 0
2988.060 0
2988.965 0
2989.870 0
2990.775 0
2991.680 0
2992.585 0
2993.490 0
2994.395 0
2995.300 0
2996.205 0
2997.111 0
2998.016 0
2998.921 0
2999.827 0
3000.732 0
3001.638 0
3002.543 0
3003.449 0
3004.355 0
3005.261 0
3006.166 0
3007.072 0
3007.978 0
3008.884 0
3009.790 1
3010.696 0
3011.602 0
3012.508 0
3013.415 0
3014.321 0
3015.227 0
3016.134 0
3017.040 0
3017.947 0
3018.853 0
3019.760 0
3020.666 0
3021.573 0
3022.480 0
3023.386 0
3024.293 0
3025.200 0
3026.107 0
3027.014 0
3027.921 0
3028.828 0
3029.735 0
3030.643 0
3031.550 0
3032.457 0
3033.365 0
3034.272 0
3035.179 0
3036.087 0
3036.994 0
3037.902 0
3038.810 0
3039.717 0
3040.625 0
3041.533 0
3042.441 0
3043.349 0
3044.257 0
3045.165 0
3046.073 0
3046.981 0
3047.889 0
3048.797 0
3049.706 0
3050.614 0
3051.522 0
3052.431 0
3053.339 0
3054.248 0
3055.156 0
3056.065 0
3056.974 0
3057.883 0
3058.791 1
3059.700 0
3060.609 1
3061.518 0
3062.427 0
3063.336 0
3064.245 0
3065.154 0
3066.064 0
3066.973 0
3067.882 0
3068.791 0
3069.701 0
3070.610 0
3071.520 0
3072.429 0
3073.339 0
3074.249 0
3075.158 0
3076.068 0
3076.978 0
3077.888 0
3078.798 0
3079.708 0
3080.618 0
3081.528 0
3082.438 0
3083.348 0
3084.259 0
3085.169 0
3086.079 0
3086.990 0
3087.900 0
3088.810 0
3089.721 0
3090.632 0
3091.542 0
3092.453 0
3093.364 0
3094.275 0
3095.185 0
3096.096 0
3097.007 0
3097.918 0
3098.829 0
3099.740 0
3100.652 0
3101.563 0
3102.474 0
3103.385 0
3104.297 0
3105.208 0
3106.120 0
3107.031 0
3107.943 0
3108.854 0
3109.766 0
3110.678 0
3111.590 0
3112.501 0
3113.413 0
3114.325 0
3115.237 0
3116.149 0
3117.061 0
3117.974 0
3118.886 0
3119.798 0
3120.710 0
3121.623 0
3122.535 0
3123.447 0
3124.360 0
3125.273 0
3126.185 0
3127.098 0
3128.010 0
3128.923 0
3129.836 0
3130.749 0
3131.662 0
3132.575 0
3133.488 0
3134.401 0
3135.314 0
3136.227 0
3137.140 0
3138.054 0
3138.967 0
3139.880 0
3140.794 0
3141.707 1
3142.621 0
3143.534 0
3144.448 0
3145.362 0
3146.276 0
3147.189 0
3148.103 0
3149.017 0
3149.931 0
3150.845 0
3151.759 0
3152.673 0
3153.587 1
3154.501 0
3155.416 0
3156.330 0
3157.244 0
3158.159 0
3159.073 0
3159.988 0
3160.902 0
3161.817 0
3162.732 0
3163.646 0
3164.561 0
3165.476 0
3166.391 0
3167.306 0
3168.221 0
3169.136 0
3170.051 0
3170.966 0
3171.881 0
3172.796 0
3173.712 0
3174.627 0
3175.542 1
3176.458 0
3177.373 0
3178.289 0
3179.204 0
3180.120 0
3181.036 0
3181.952 0
3182.867 0
3183.783 0
3184.699 0
3185.615 1
3186.531 0
3187.447 0
3188.363 0
3189.279 0
3190.196 0
3191.112 0
3192.028 0
3192.945 0
3193.861 0
3194.777 0
3195.694 0
3196.611 0
3197.527 0
3198.444 0
3199.361 0
3200.277 0
3201.194 0
3202.111 0
3203.028 0
3203.945 0
3204.862 0
3205.779 0
3206.696 0
3207.613 0
3208.531 0
3209.448 0
3210.365 0
3211.283 0
3212.200 0
3213.118 0
3214.035 0
3214.953 0
3215.871 0
3216.788 0
3217.706 0
3218.624 0
3219.542 0
3220.460 0
3221.378 0
3222.296 0
3223.214 0
3224.132 0
3225.050 0
3225.968 0
3226.886 0
3227.805 0
3228.723 0
3229.642 0
3230.560 0
3231.479 0
3232.397 0
3233.316 0
3234.234 0
3235.153 0
3236.072 0
3236.991 0
3237.910 0
3238.829 0
3239.748 0
3240.667 0
3241.586 0
3242.505 0
3243.424 0
3244.343 0
3245.263 0
3246.182 0
3247.101 0
3248.021 0
3248.940 0
3249.860 0
3250.780 0
3251.699 0
3252.619 0
3253.539 0
3254.459 0
3255.378 0
3256.298 0
3257.218 0
3258.138 0
3259.058 0
3259.979 0
3260.899 0
3261.819 0
3262.739 0
3263.660 0
3264.580 0
3265.500 0
3266.421 0
3267.341 0
3268.262 0
3269.183 0
3270.103 0
3271.024 0
3271.945 0
3272.866 0
3273.787 0
3274.708 0
3275.629 0
3276.550 0
3277.471 0
3278.392 0
3279.313 1
3280.234 0
3281.156 0
3282.077 0
3282.999 0
3283.920 0
3284.842 0
3285.763 0
3286.685 0
3287.606 0
3288.528 0
3289.450 0
3290.372 0
3291.294 0
3292.216 0
3293.138 0
3294.060 0
3294.982 0
3295.904 0
3296.826 0
3297.748 1
3298.671 0
3299.593 0
3300.515 0
3301.438 0
3302.360 0
3303.283 1
3304.205 0
3305.128 0
3306.051 0
3306.973 0
3307.896 0
3308.819 0
3309.742 0
3310.665 0
3311.588 0
3312.511 0
3313.434 0
3314.357 0
3315.281 0
3316.204 0
3317.127 0
3318.051 0
3318.974 0
3319.897 0
3320.821 0
3321.745 0
3322.668 0
3323.592 0
3324.516 0
3325.439 0
3326.363 0
3327.287 0
3328.211 0
3329.135 0
3330.059 0
3330.983 1
3331.907 0
3332.832 0
3333.756 0
3334.680 0
3335.604 0
3336.529 0
3337.453 0
3338.378 0
3339.302 0
3340.227 1
3341.152 0
3342.076 0
3343.001 0
3343.926 0
3344.851 0
3345.776 0
3346.701 0
3347.626 0
3348.551 0
3349.476 1
3350.401 0
3351.326 0
3352.252 0
3353.177 0
3354.102 148
