2019_09_26_18_25_32_732 /home/raspion_user/data/Beacon_efficiency_22Na_50cm.sp 637885 1800.002 1762.921 2.734449 0.478413  0.0000147857
  2.734449   3.000000
  3.212876   0.000000
  3.691334   0.000000
  4.169820   1.000000
  4.648336   0.000000
  5.126882   0.000000
  5.605458   2.000000
  6.084062   1.000000
  6.562697   0.000000
  7.041361   2.000000
  7.520055   0.000000
  7.998778   0.000000
  8.477531   1.000000
  8.956313   1.000000
  9.435125   1.000000
  9.913966   1.000000
 10.392838   0.000000
 10.871738   2.000000
 11.350668   1.000000
 11.829628   3.000000
 12.308618   1.000000
 12.787636   3.000000
 13.266685   3.000000
 13.745763   6.000000
 14.224871   4.000000
 14.704008   7.000000
 15.183175  14.000000
 15.662371  12.000000
 16.141597  14.000000
 16.620852  16.000000
 17.100137  33.000000
 17.579452  33.000000
 18.058796  28.000000
 18.538170  38.000000
 19.017573  47.000000
 19.497006  66.000000
 19.976469  56.000000
 20.455961  60.000000
 20.935483  95.000000
 21.415034  75.000000
 21.894615  87.000000
 22.374225 125.000000
 22.853865 103.000000
 23.333534 143.000000
 23.813233 146.000000
 24.292962 138.000000
 24.772720 157.000000
 25.252508 187.000000
 25.732325 192.000000
 26.212172 213.000000
 26.692049 246.000000
 27.171955 240.000000
 27.651891 242.000000
 28.131856 254.000000
 28.611851 260.000000
 29.091875 287.000000
 29.571929 253.000000
 30.052012 294.000000
 30.532125 304.000000
 31.012268 322.000000
 31.492440 323.000000
 31.972642 349.000000
 32.452873 355.000000
 32.933134 357.000000
 33.413425 345.000000
 33.893745 386.000000
 34.374095 368.000000
 34.854474 398.000000
 35.334883 420.000000
 35.815321 408.000000
 36.295789 416.000000
 36.776286 390.000000
 37.256813 393.000000
 37.737370 483.000000
 38.217956 490.000000
 38.698572 475.000000
 39.179217 492.000000
 39.659892 580.000000
 40.140597 536.000000
 40.621331 571.000000
 41.102094 550.000000
 41.582888 548.000000
 42.063710 490.000000
 42.544563 454.000000
 43.025445 433.000000
 43.506356 363.000000
 43.987297 330.000000
 44.468268 279.000000
 44.949268 292.000000
 45.430298 259.000000
 45.911357 272.000000
 46.392446 265.000000
 46.873565 268.000000
 47.354713 281.000000
 47.835890 283.000000
 48.317098 247.000000
 48.798334 295.000000
 49.279601 263.000000
 49.760897 279.000000
 50.242222 346.000000
 50.723577 305.000000
 51.204962 298.000000
 51.686376 323.000000
 52.167820 342.000000
 52.649293 365.000000
 53.130796 390.000000
 53.612329 349.000000
 54.093891 398.000000
 54.575482 361.000000
 55.057104 377.000000
 55.538754 422.000000
 56.020435 382.000000
 56.502145 403.000000
 56.983884 406.000000
 57.465653 444.000000
 57.947452 472.000000
 58.429280 460.000000
 58.911138 490.000000
 59.393025 480.000000
 59.874942 488.000000
 60.356889 479.000000
 60.838865 512.000000
 61.320870 499.000000
 61.802905 558.000000
 62.284970 506.000000
 62.767065 544.000000
 63.249189 566.000000
 63.731342 594.000000
 64.213525 573.000000
 64.695738 578.000000
 65.177980 617.000000
 65.660252 618.000000
 66.142553 633.000000
 66.624884 665.000000
 67.107244 627.000000
 67.589635 677.000000
 68.072054 628.000000
 68.554503 730.000000
 69.036982 652.000000
 69.519491 666.000000
 70.002028 661.000000
 70.484596 708.000000
 70.967193 680.000000
 71.449820 711.000000
 71.932476 679.000000
 72.415162 695.000000
 72.897877 690.000000
 73.380622 741.000000
 73.863396 764.000000
 74.346200 728.000000
 74.829034 767.000000
 75.311897 729.000000
 75.794790 740.000000
 76.277712 717.000000
 76.760664 673.000000
 77.243646 693.000000
 77.726657 751.000000
 78.209698 710.000000
 78.692768 734.000000
 79.175868 732.000000
 79.658997 732.000000
 80.142156 758.000000
 80.625344 732.000000
 81.108562 803.000000
 81.591810 707.000000
 82.075087 697.000000
 82.558394 726.000000
 83.041730 764.000000
 83.525096 736.000000
 84.008492 758.000000
 84.491917 740.000000
 84.975371 734.000000
 85.458856 706.000000
 85.942369 685.000000
 86.425913 709.000000
 86.909486 725.000000
 87.393088 684.000000
 87.876720 721.000000
 88.360382 742.000000
 88.844073 734.000000
 89.327794 728.000000
 89.811544 776.000000
 90.295324 716.000000
 90.779134 695.000000
 91.262973 652.000000
 91.746841 697.000000
 92.230740 696.000000
 92.714667 704.000000
 93.198625 677.000000
 93.682612 625.000000
 94.166628 619.000000
 94.650674 668.000000
 95.134750 623.000000
 95.618855 623.000000
 96.102990 678.000000
 96.587154 618.000000
 97.071348 635.000000
 97.555572 628.000000
 98.039825 615.000000
 98.524107 614.000000
 99.008419 604.000000
 99.492761 643.000000
 99.977133 620.000000
100.461533 592.000000
100.945964 615.000000
101.430424 625.000000
101.914914 634.000000
102.399433 607.000000
102.883982 641.000000
103.368560 631.000000
103.853168 643.000000
104.337805 660.000000
104.822472 659.000000
105.307169 691.000000
105.791895 653.000000
106.276651 677.000000
106.761436 643.000000
107.246251 667.000000
107.731096 668.000000
108.215970 719.000000
108.700874 696.000000
109.185807 737.000000
109.670770 704.000000
110.155762 715.000000
110.640784 768.000000
111.125835 746.000000
111.610916 784.000000
112.096027 774.000000
112.581167 770.000000
113.066337 767.000000
113.551536 777.000000
114.036765 772.000000
114.522024 764.000000
115.007312 745.000000
115.492629 769.000000
115.977977 799.000000
116.463353 796.000000
116.948760 826.000000
117.434196 774.000000
117.919661 854.000000
118.405156 847.000000
118.890681 846.000000
119.376235 817.000000
119.861819 865.000000
120.347432 781.000000
120.833075 850.000000
121.318748 898.000000
121.804450 852.000000
122.290181 836.000000
122.775943 840.000000
123.261733 841.000000
123.747554 835.000000
124.233404 829.000000
124.719283 845.000000
125.205192 811.000000
125.691131 847.000000
126.177099 837.000000
126.663097 829.000000
127.149124 818.000000
127.635181 846.000000
128.121267 839.000000
128.607384 857.000000
129.093529 785.000000
129.579704 829.000000
130.065909 814.000000
130.552144 845.000000
131.038407 792.000000
131.524701 815.000000
132.011024 794.000000
132.497377 863.000000
132.983759 775.000000
133.470171 783.000000
133.956612 815.000000
134.443083 833.000000
134.929583 792.000000
135.416113 767.000000
135.902673 776.000000
136.389262 826.000000
136.875881 773.000000
137.362529 788.000000
137.849207 674.000000
138.335915 742.000000
138.822652 792.000000
139.309418 720.000000
139.796215 772.000000
140.283040 729.000000
140.769896 732.000000
141.256781 738.000000
141.743695 713.000000
142.230639 792.000000
142.717613 729.000000
143.204616 727.000000
143.691649 717.000000
144.178711 722.000000
144.665803 696.000000
145.152925 722.000000
145.640076 702.000000
146.127256 724.000000
146.614467 700.000000
147.101706 697.000000
147.588976 735.000000
148.076275 673.000000
148.563603 685.000000
149.050961 715.000000
149.538349 658.000000
150.025766 718.000000
150.513213 647.000000
151.000689 661.000000
151.488195 649.000000
151.975730 660.000000
152.463296 689.000000
152.950890 681.000000
153.438514 619.000000
153.926168 693.000000
154.413852 640.000000
154.901564 675.000000
155.389307 645.000000
155.877079 698.000000
156.364881 682.000000
156.852712 619.000000
157.340573 659.000000
157.828463 663.000000
158.316383 652.000000
158.804332 641.000000
159.292311 634.000000
159.780320 640.000000
160.268358 631.000000
160.756426 600.000000
161.244523 617.000000
161.732650 630.000000
162.220807 701.000000
162.708993 642.000000
163.197208 656.000000
163.685454 668.000000
164.173728 656.000000
164.662033 680.000000
165.150367 685.000000
165.638730 644.000000
166.127123 701.000000
166.615546 673.000000
167.103998 709.000000
167.592480 645.000000
168.080991 701.000000
168.569532 673.000000
169.058103 657.000000
169.546703 705.000000
170.035332 687.000000
170.523991 748.000000
171.012680 751.000000
171.501399 739.000000
171.990147 721.000000
172.478924 718.000000
172.967731 742.000000
173.456568 725.000000
173.945434 772.000000
174.434330 732.000000
174.923255 734.000000
175.412210 715.000000
175.901194 792.000000
176.390208 762.000000
176.879252 740.000000
177.368325 765.000000
177.857428 790.000000
178.346560 724.000000
178.835722 724.000000
179.324914 786.000000
179.814135 774.000000
180.303386 812.000000
180.792666 801.000000
181.281976 773.000000
181.771315 854.000000
182.260684 835.000000
182.750082 801.000000
183.239510 855.000000
183.728968 819.000000
184.218455 825.000000
184.707972 768.000000
185.197518 791.000000
185.687094 788.000000
186.176700 733.000000
186.666335 773.000000
187.155999 784.000000
187.645694 781.000000
188.135417 794.000000
188.625171 794.000000
189.114954 749.000000
189.604766 794.000000
190.094608 810.000000
190.584480 756.000000
191.074381 810.000000
191.564312 803.000000
192.054272 792.000000
192.544262 712.000000
193.034281 758.000000
193.524331 701.000000
194.014409 808.000000
194.504517 750.000000
194.994655 748.000000
195.484822 699.000000
195.975019 706.000000
196.465246 703.000000
196.955502 687.000000
197.445788 729.000000
197.936103 732.000000
198.426448 749.000000
198.916822 665.000000
199.407226 673.000000
199.897659 675.000000
200.388122 657.000000
200.878615 702.000000
201.369137 645.000000
201.859689 675.000000
202.350270 623.000000
202.840881 672.000000
203.331522 653.000000
203.822192 638.000000
204.312891 611.000000
204.803621 677.000000
205.294379 664.000000
205.785168 635.000000
206.275986 624.000000
206.766833 661.000000
207.257710 613.000000
207.748617 652.000000
208.239553 662.000000
208.730519 665.000000
209.221514 627.000000
209.712539 645.000000
210.203593 625.000000
210.694678 590.000000
211.185791 593.000000
211.676934 635.000000
212.168107 550.000000
212.659309 594.000000
213.150541 647.000000
213.641803 593.000000
214.133094 566.000000
214.624415 615.000000
215.115765 600.000000
215.607145 621.000000
216.098554 560.000000
216.589993 592.000000
217.081461 581.000000
217.572959 616.000000
218.064487 510.000000
218.556044 596.000000
219.047631 619.000000
219.539247 615.000000
220.030893 543.000000
220.522569 605.000000
221.014274 526.000000
221.506008 593.000000
221.997773 579.000000
222.489566 553.000000
222.981390 591.000000
223.473243 568.000000
223.965125 549.000000
224.457037 560.000000
224.948979 577.000000
225.440950 545.000000
225.932951 582.000000
226.424981 583.000000
226.917041 562.000000
227.409130 570.000000
227.901250 549.000000
228.393398 649.000000
228.885576 589.000000
229.377784 506.000000
229.870021 519.000000
230.362288 554.000000
230.854585 561.000000
231.346911 503.000000
231.839267 567.000000
232.331652 548.000000
232.824067 523.000000
233.316511 531.000000
233.808985 520.000000
234.301488 554.000000
234.794021 562.000000
235.286584 509.000000
235.779176 527.000000
236.271798 562.000000
236.764449 529.000000
237.257130 521.000000
237.749841 476.000000
238.242581 514.000000
238.735350 505.000000
239.228150 554.000000
239.720978 462.000000
240.213837 533.000000
240.706725 546.000000
241.199642 499.000000
241.692589 484.000000
242.185566 524.000000
242.678572 520.000000
243.171608 558.000000
243.664673 470.000000
244.157768 506.000000
244.650892 502.000000
245.144046 489.000000
245.637230 496.000000
246.130443 495.000000
246.623686 473.000000
247.116958 510.000000
247.610260 468.000000
248.103592 508.000000
248.596953 456.000000
249.090343 518.000000
249.583764 487.000000
250.077213 499.000000
250.570693 507.000000
251.064202 496.000000
251.557740 477.000000
252.051308 491.000000
252.544906 491.000000
253.038533 456.000000
253.532190 440.000000
254.025876 473.000000
254.519592 528.000000
255.013338 473.000000
255.507113 439.000000
256.000917 465.000000
256.494751 475.000000
256.988615 429.000000
257.482509 446.000000
257.976431 464.000000
258.470384 462.000000
258.964366 460.000000
259.458378 409.000000
259.952419 433.000000
260.446490 421.000000
260.940590 440.000000
261.434720 484.000000
261.928879 417.000000
262.423068 441.000000
262.917287 435.000000
263.411535 461.000000
263.905813 451.000000
264.400120 462.000000
264.894457 444.000000
265.388824 430.000000
265.883220 429.000000
266.377645 452.000000
266.872101 424.000000
267.366585 426.000000
267.861100 462.000000
268.355644 443.000000
268.850217 418.000000
269.344820 404.000000
269.839453 432.000000
270.334115 446.000000
270.828807 501.000000
271.323528 432.000000
271.818279 433.000000
272.313059 436.000000
272.807870 439.000000
273.302709 467.000000
273.797578 464.000000
274.292477 423.000000
274.787405 467.000000
275.282363 385.000000
275.777351 380.000000
276.272368 430.000000
276.767415 388.000000
277.262491 383.000000
277.757596 422.000000
278.252732 442.000000
278.747897 417.000000
279.243091 439.000000
279.738315 425.000000
280.233569 379.000000
280.728852 426.000000
281.224165 398.000000
281.719507 404.000000
282.214879 379.000000
282.710281 415.000000
283.205712 397.000000
283.701172 404.000000
284.196662 395.000000
284.692182 397.000000
285.187732 395.000000
285.683310 402.000000
286.178919 385.000000
286.674557 416.000000
287.170225 376.000000
287.665922 408.000000
288.161649 385.000000
288.657405 415.000000
289.153191 409.000000
289.649006 402.000000
290.144851 390.000000
290.640726 407.000000
291.136630 403.000000
291.632564 393.000000
292.128527 382.000000
292.624520 397.000000
293.120543 405.000000
293.616595 396.000000
294.112676 398.000000
294.608788 408.000000
295.104928 399.000000
295.601099 406.000000
296.097299 386.000000
296.593528 364.000000
297.089787 403.000000
297.586076 387.000000
298.082394 385.000000
298.578742 423.000000
299.075119 420.000000
299.571526 397.000000
300.067962 378.000000
300.564428 415.000000
301.060924 396.000000
301.557449 405.000000
302.054004 350.000000
302.550588 410.000000
303.047202 354.000000
303.543846 385.000000
304.040519 390.000000
304.537221 360.000000
305.033954 318.000000
305.530715 397.000000
306.027507 409.000000
306.524328 380.000000
307.021178 381.000000
307.518058 383.000000
308.014968 404.000000
308.511907 378.000000
309.008876 381.000000
309.505874 402.000000
310.002902 368.000000
310.499959 402.000000
310.997047 391.000000
311.494163 388.000000
311.991309 387.000000
312.488485 369.000000
312.985690 422.000000
313.482925 382.000000
313.980190 394.000000
314.477484 329.000000
314.974808 368.000000
315.472161 365.000000
315.969543 384.000000
316.466956 373.000000
316.964398 332.000000
317.461869 370.000000
317.959370 353.000000
318.456901 375.000000
318.954461 348.000000
319.452051 369.000000
319.949670 364.000000
320.447319 365.000000
320.944998 365.000000
321.442706 345.000000
321.940443 369.000000
322.438210 341.000000
322.936007 332.000000
323.433834 322.000000
323.931689 354.000000
324.429575 371.000000
324.927490 389.000000
325.425435 330.000000
325.923409 366.000000
326.421413 352.000000
326.919446 327.000000
327.417509 340.000000
327.915601 382.000000
328.413723 335.000000
328.911875 338.000000
329.410056 314.000000
329.908267 338.000000
330.406507 341.000000
330.904777 325.000000
331.403077 321.000000
331.901406 322.000000
332.399764 345.000000
332.898152 316.000000
333.396570 328.000000
333.895018 285.000000
334.393495 308.000000
334.892001 302.000000
335.390537 313.000000
335.889103 362.000000
336.387698 296.000000
336.886323 292.000000
337.384977 311.000000
337.883661 302.000000
338.382374 312.000000
338.881117 282.000000
339.379890 284.000000
339.878692 300.000000
340.377524 279.000000
340.876385 291.000000
341.375276 293.000000
341.874197 281.000000
342.373147 266.000000
342.872126 306.000000
343.371136 275.000000
343.870174 284.000000
344.369243 272.000000
344.868341 277.000000
345.367468 322.000000
345.866625 248.000000
346.365812 296.000000
346.865028 240.000000
347.364274 292.000000
347.863549 265.000000
348.362854 266.000000
348.862188 298.000000
349.361552 254.000000
349.860946 279.000000
350.360369 280.000000
350.859822 250.000000
351.359304 286.000000
351.858816 264.000000
352.358358 263.000000
352.857929 253.000000
353.357529 255.000000
353.857160 283.000000
354.356819 269.000000
354.856509 258.000000
355.356228 260.000000
355.855976 269.000000
356.355754 229.000000
356.855562 228.000000
357.355399 222.000000
357.855266 265.000000
358.355162 276.000000
358.855088 244.000000
359.355043 231.000000
359.855028 228.000000
360.355043 235.000000
360.855087 216.000000
361.355161 227.000000
361.855264 228.000000
362.355397 232.000000
362.855560 245.000000
363.355752 268.000000
363.855973 223.000000
364.356225 264.000000
364.856505 230.000000
365.356816 216.000000
365.857156 244.000000
366.357525 242.000000
366.857924 217.000000
367.358353 205.000000
367.858811 256.000000
368.359299 204.000000
368.859816 222.000000
369.360363 219.000000
369.860939 199.000000
370.361545 214.000000
370.862181 194.000000
371.362846 214.000000
371.863541 234.000000
372.364265 205.000000
372.865019 215.000000
373.365803 234.000000
373.866616 233.000000
374.367458 228.000000
374.868331 236.000000
375.369232 225.000000
375.870164 200.000000
376.371125 206.000000
376.872115 202.000000
377.373135 234.000000
377.874185 217.000000
378.375264 210.000000
378.876373 214.000000
379.377511 200.000000
379.878679 232.000000
380.379876 202.000000
380.881103 211.000000
381.382360 228.000000
381.883646 230.000000
382.384962 199.000000
382.886307 207.000000
383.387682 222.000000
383.889087 213.000000
384.390521 214.000000
384.891984 197.000000
385.393478 200.000000
385.895000 222.000000
386.396553 212.000000
386.898135 188.000000
387.399746 205.000000
387.901387 191.000000
388.403058 208.000000
388.904758 179.000000
389.406488 232.000000
389.908247 201.000000
390.410036 204.000000
390.911854 229.000000
391.413702 197.000000
391.915580 176.000000
392.417487 207.000000
392.919424 177.000000
393.421390 213.000000
393.923386 224.000000
394.425412 232.000000
394.927467 212.000000
395.429551 217.000000
395.931666 203.000000
396.433809 213.000000
396.935983 176.000000
397.438186 210.000000
397.940418 206.000000
398.442680 195.000000
398.944972 194.000000
399.447293 200.000000
399.949644 186.000000
400.452024 217.000000
400.954434 217.000000
401.456873 203.000000
401.959342 228.000000
402.461841 169.000000
402.964369 171.000000
403.466927 237.000000
403.969514 197.000000
404.472131 170.000000
404.974778 174.000000
405.477454 203.000000
405.980159 218.000000
406.482895 195.000000
406.985659 188.000000
407.488454 219.000000
407.991278 210.000000
408.494131 189.000000
408.997014 191.000000
409.499927 196.000000
410.002869 230.000000
410.505841 196.000000
411.008842 178.000000
411.511873 190.000000
412.014933 209.000000
412.518023 197.000000
413.021143 193.000000
413.524292 218.000000
414.027471 181.000000
414.530679 215.000000
415.033917 192.000000
415.537185 216.000000
416.040482 205.000000
416.543808 202.000000
417.047164 190.000000
417.550550 210.000000
418.053966 176.000000
418.557410 201.000000
419.060885 196.000000
419.564389 192.000000
420.067923 192.000000
420.571486 226.000000
421.075079 175.000000
421.578701 207.000000
422.082353 188.000000
422.586034 200.000000
423.089745 186.000000
423.593486 191.000000
424.097256 191.000000
424.601056 197.000000
425.104885 204.000000
425.608744 187.000000
426.112633 184.000000
426.616551 188.000000
427.120498 198.000000
427.624475 182.000000
428.128482 212.000000
428.632519 196.000000
429.136584 177.000000
429.640680 193.000000
430.144805 189.000000
430.648960 192.000000
431.153144 184.000000
431.657358 184.000000
432.161601 200.000000
432.665874 203.000000
433.170176 212.000000
433.674508 211.000000
434.178870 197.000000
434.683261 222.000000
435.187682 186.000000
435.692132 188.000000
436.196612 209.000000
436.701122 204.000000
437.205661 191.000000
437.710229 201.000000
438.214827 198.000000
438.719455 171.000000
439.224112 181.000000
439.728799 193.000000
440.233516 197.000000
440.738262 216.000000
441.243037 170.000000
441.747843 197.000000
442.252677 197.000000
442.757542 161.000000
443.262436 180.000000
443.767359 192.000000
444.272312 190.000000
444.777295 191.000000
445.282307 191.000000
445.787349 173.000000
446.292420 183.000000
446.797521 178.000000
447.302651 203.000000
447.807811 202.000000
448.313001 166.000000
448.818220 180.000000
449.323469 198.000000
449.828747 217.000000
450.334055 188.000000
450.839393 196.000000
451.344760 184.000000
451.850156 177.000000
452.355583 199.000000
452.861038 195.000000
453.366524 179.000000
453.872039 190.000000
454.377583 191.000000
454.883157 196.000000
455.388761 194.000000
455.894394 222.000000
456.400057 210.000000
456.905749 191.000000
457.411471 168.000000
457.917222 192.000000
458.423003 167.000000
458.928814 195.000000
459.434654 179.000000
459.940524 210.000000
460.446423 213.000000
460.952352 197.000000
461.458311 198.000000
461.964299 209.000000
462.470316 221.000000
462.976363 176.000000
463.482440 209.000000
463.988547 227.000000
464.494682 193.000000
465.000848 227.000000
465.507043 213.000000
466.013268 215.000000
466.519522 166.000000
467.025806 201.000000
467.532119 189.000000
468.038462 212.000000
468.544834 206.000000
469.051236 200.000000
469.557668 250.000000
470.064129 203.000000
470.570620 232.000000
471.077140 224.000000
471.583690 228.000000
472.090270 216.000000
472.596879 256.000000
473.103517 238.000000
473.610185 230.000000
474.116883 250.000000
474.623610 272.000000
475.130367 272.000000
475.637154 270.000000
476.143970 265.000000
476.650815 243.000000
477.157691 269.000000
477.664595 276.000000
478.171530 292.000000
478.678494 307.000000
479.185487 332.000000
479.692510 281.000000
480.199563 319.000000
480.706645 299.000000
481.213757 314.000000
481.720898 330.000000
482.228069 352.000000
482.735269 380.000000
483.242499 347.000000
483.749759 346.000000
484.257048 387.000000
484.764367 355.000000
485.271715 441.000000
485.779093 405.000000
486.286501 426.000000
486.793938 427.000000
487.301404 425.000000
487.808901 472.000000
488.316426 476.000000
488.823982 485.000000
489.331567 539.000000
489.839181 518.000000
490.346825 568.000000
490.854499 553.000000
491.362202 555.000000
491.869935 584.000000
492.377697 626.000000
492.885489 639.000000
493.393310 607.000000
493.901161 647.000000
494.409042 706.000000
494.916952 669.000000
495.424892 790.000000
495.932861 742.000000
496.440860 733.000000
496.948889 776.000000
497.456947 810.000000
497.965034 791.000000
498.473151 841.000000
498.981298 861.000000
499.489474 910.000000
499.997680 859.000000
500.505916 1003.000000
501.014181 912.000000
501.522476 1006.000000
502.030800 1014.000000
502.539153 979.000000
503.047537 1035.000000
503.555950 1042.000000
504.064392 1077.000000
504.572864 1164.000000
505.081366 1093.000000
505.589897 1189.000000
506.098458 1146.000000
506.607048 1133.000000
507.115668 1235.000000
507.624317 1287.000000
508.132996 1247.000000
508.641705 1296.000000
509.150443 1288.000000
509.659211 1283.000000
510.168008 1204.000000
510.676835 1291.000000
511.185692 1310.000000
511.694578 1325.000000
512.203493 1282.000000
512.712439 1396.000000
513.221413 1401.000000
513.730418 1346.000000
514.239452 1368.000000
514.748515 1375.000000
515.257608 1385.000000
515.766731 1434.000000
516.275883 1365.000000
516.785065 1439.000000
517.294276 1362.000000
517.803517 1354.000000
518.312787 1308.000000
518.822087 1369.000000
519.331417 1429.000000
519.840776 1406.000000
520.350165 1370.000000
520.859583 1358.000000
521.369031 1378.000000
521.878509 1366.000000
522.388016 1334.000000
522.897552 1295.000000
523.407118 1312.000000
523.916714 1343.000000
524.426339 1249.000000
524.935994 1235.000000
525.445679 1310.000000
525.955393 1310.000000
526.465136 1162.000000
526.974910 1230.000000
527.484712 1192.000000
527.994545 1145.000000
528.504407 1061.000000
529.014298 1151.000000
529.524219 1140.000000
530.034170 1139.000000
530.544150 1023.000000
531.054160 1043.000000
531.564199 1025.000000
532.074268 1033.000000
532.584366 957.000000
533.094494 953.000000
533.604652 908.000000
534.114839 947.000000
534.625056 832.000000
535.135302 857.000000
535.645578 844.000000
536.155884 800.000000
536.666219 738.000000
537.176583 731.000000
537.686977 698.000000
538.197401 733.000000
538.707855 649.000000
539.218337 644.000000
539.728850 620.000000
540.239392 571.000000
540.749964 589.000000
541.260565 594.000000
541.771195 601.000000
542.281856 530.000000
542.792546 525.000000
543.303265 530.000000
543.814014 427.000000
544.324793 445.000000
544.835601 415.000000
545.346439 437.000000
545.857306 427.000000
546.368203 404.000000
546.879129 352.000000
547.390085 358.000000
547.901071 308.000000
548.412086 317.000000
548.923131 291.000000
549.434205 298.000000
549.945309 291.000000
550.456443 279.000000
550.967606 286.000000
551.478798 292.000000
551.990021 227.000000
552.501272 251.000000
553.012554 214.000000
553.523864 253.000000
554.035205 217.000000
554.546575 215.000000
555.057975 209.000000
555.569404 198.000000
556.080863 186.000000
556.592351 192.000000
557.103869 188.000000
557.615416 177.000000
558.126993 173.000000
558.638600 187.000000
559.150236 192.000000
559.661902 157.000000
560.173597 173.000000
560.685322 151.000000
561.197076 140.000000
561.708861 147.000000
562.220674 151.000000
562.732517 110.000000
563.244390 123.000000
563.756292 126.000000
564.268224 124.000000
564.780186 117.000000
565.292177 122.000000
565.804197 138.000000
566.316248 126.000000
566.828327 127.000000
567.340437 110.000000
567.852576 109.000000
568.364744 124.000000
568.876942 112.000000
569.389170 109.000000
569.901427 109.000000
570.413714 112.000000
570.926030 115.000000
571.438376 107.000000
571.950751  96.000000
572.463156  86.000000
572.975591  89.000000
573.488055 107.000000
574.000549  96.000000
574.513072  97.000000
575.025625  96.000000
575.538208  80.000000
576.050820  87.000000
576.563461  94.000000
577.076132  98.000000
577.588833 103.000000
578.101563  87.000000
578.614323  84.000000
579.127113  89.000000
579.639932  92.000000
580.152780  84.000000
580.665659  80.000000
581.178566  94.000000
581.691504  75.000000
582.204471  70.000000
582.717467  83.000000
583.230493  82.000000
583.743549  83.000000
584.256634  82.000000
584.769749  86.000000
585.282893  84.000000
585.796067  80.000000
586.309270  83.000000
586.822503  79.000000
587.335766  79.000000
587.849058  71.000000
588.362380  85.000000
588.875731  63.000000
589.389112  84.000000
589.902523  86.000000
590.415963  93.000000
590.929432  75.000000
591.442931  88.000000
591.956460  72.000000
592.470018  96.000000
592.983606  88.000000
593.497224  74.000000
594.010871  78.000000
594.524547  85.000000
595.038254  82.000000
595.551989  80.000000
596.065755  78.000000
596.579550  89.000000
597.093374  84.000000
597.607228  80.000000
598.121112  73.000000
598.635025  69.000000
599.148968  68.000000
599.662940  61.000000
600.176942  70.000000
600.690973  57.000000
601.205034  76.000000
601.719125  94.000000
602.233245  80.000000
602.747395  80.000000
603.261574  71.000000
603.775783  82.000000
604.290021  70.000000
604.804290  71.000000
605.318587  74.000000
605.832914  63.000000
606.347271  88.000000
606.861657  61.000000
607.376073  76.000000
607.890519  74.000000
608.404994  74.000000
608.919498  71.000000
609.434033  84.000000
609.948596  82.000000
610.463190  79.000000
610.977813  78.000000
611.492465  74.000000
612.007147  69.000000
612.521859  75.000000
613.036600  71.000000
613.551371  65.000000
614.066171  85.000000
614.581001  64.000000
615.095860  93.000000
615.610749  59.000000
616.125668  82.000000
616.640616  73.000000
617.155594  74.000000
617.670601  79.000000
618.185638  85.000000
618.700704  76.000000
619.215800  62.000000
619.730926  86.000000
620.246081  71.000000
620.761266  82.000000
621.276480  61.000000
621.791724  75.000000
622.306998  69.000000
622.822301  64.000000
623.337633  68.000000
623.852996  75.000000
624.368387  67.000000
624.883809  75.000000
625.399259  67.000000
625.914740  79.000000
626.430250  67.000000
626.945790  86.000000
627.461359  64.000000
627.976957  79.000000
628.492586  71.000000
629.008244  86.000000
629.523931  65.000000
630.039648  72.000000
630.555395  78.000000
631.071171  72.000000
631.586977  76.000000
632.102812  74.000000
632.618677  72.000000
633.134571  74.000000
633.650495  71.000000
634.166449  72.000000
634.682432  71.000000
635.198445  49.000000
635.714487  80.000000
636.230559  63.000000
636.746661  61.000000
637.262792  81.000000
637.778952  75.000000
638.295142  73.000000
638.811362  65.000000
639.327612  78.000000
639.843890  72.000000
640.360199  78.000000
640.876537  71.000000
641.392904  73.000000
641.909302  68.000000
642.425728  66.000000
642.942185  64.000000
643.458671  78.000000
643.975186  81.000000
644.491731  85.000000
645.008306  80.000000
645.524910  62.000000
646.041544  63.000000
646.558207  80.000000
647.074900  74.000000
647.591622  75.000000
648.108374  79.000000
648.625156  75.000000
649.141967  80.000000
649.658808  88.000000
650.175678  84.000000
650.692578  71.000000
651.209508  72.000000
651.726467  88.000000
652.243455  81.000000
652.760473  89.000000
653.277521  84.000000
653.794598  81.000000
654.311705  96.000000
654.828842  81.000000
655.346008  77.000000
655.863203  66.000000
656.380429  82.000000
656.897683  55.000000
657.414968  90.000000
657.932282  77.000000
658.449625  89.000000
658.966998  87.000000
659.484401  79.000000
660.001833  61.000000
660.519295  89.000000
661.036786  80.000000
661.554307  86.000000
662.071857  64.000000
662.589437  96.000000
663.107047  76.000000
663.624686  85.000000
664.142355  84.000000
664.660053  80.000000
665.177781  81.000000
665.695538  73.000000
666.213325  82.000000
666.731142  80.000000
667.248988  81.000000
667.766864  86.000000
668.284769  79.000000
668.802704  90.000000
669.320669  89.000000
669.838663  77.000000
670.356686  84.000000
670.874739  83.000000
671.392822  76.000000
671.910935  77.000000
672.429076  83.000000
672.947248  74.000000
673.465449  76.000000
673.983679  63.000000
674.501940  81.000000
675.020229  92.000000
675.538549  92.000000
676.056898  89.000000
676.575276  83.000000
677.093684  90.000000
677.612122  90.000000
678.130589  66.000000
678.649086  78.000000
679.167612  61.000000
679.686168  87.000000
680.204753  74.000000
680.723368  77.000000
681.242013  66.000000
681.760687  72.000000
682.279391  65.000000
682.798124  62.000000
683.316887  59.000000
683.835680  71.000000
684.354502  65.000000
684.873353  70.000000
685.392234  55.000000
685.911145  59.000000
686.430085  74.000000
686.949055  68.000000
687.468055  78.000000
687.987084  61.000000
688.506142  64.000000
689.025231  65.000000
689.544348  53.000000
690.063496  69.000000
690.582672  56.000000
691.101879  71.000000
691.621115  84.000000
692.140381  67.000000
692.659676  67.000000
693.179000  66.000000
693.698355  74.000000
694.217739  70.000000
694.737152  63.000000
695.256595  50.000000
695.776068  60.000000
696.295570  58.000000
696.815102  50.000000
697.334663  59.000000
697.854254  64.000000
698.373874  55.000000
698.893524  58.000000
699.413204  54.000000
699.932913  66.000000
700.452652  52.000000
700.972420  63.000000
701.492218  51.000000
702.012046  59.000000
702.531903  59.000000
703.051789  56.000000
703.571705  59.000000
704.091651  64.000000
704.611626  49.000000
705.131631  62.000000
705.651666  57.000000
706.171730  38.000000
706.691823  60.000000
707.211947  50.000000
707.732099  68.000000
708.252282  65.000000
708.772493  60.000000
709.292735  51.000000
709.813006  56.000000
710.333307  55.000000
710.853637  62.000000
711.373996  48.000000
711.894386  51.000000
712.414805  54.000000
712.935253  56.000000
713.455731  50.000000
713.976239  47.000000
714.496776  51.000000
715.017343  60.000000
715.537939  50.000000
716.058565  59.000000
716.579220  57.000000
717.099905  57.000000
717.620620  68.000000
718.141364  53.000000
718.662138  61.000000
719.182941  51.000000
719.703774  49.000000
720.224637  55.000000
720.745529  44.000000
721.266450  57.000000
721.787401  47.000000
722.308382  38.000000
722.829392  62.000000
723.350432  48.000000
723.871502  47.000000
724.392601  51.000000
724.913729  58.000000
725.434888  47.000000
725.956075  44.000000
726.477293  62.000000
726.998539  45.000000
727.519816  67.000000
728.041122  51.000000
728.562458  47.000000
729.083823  53.000000
729.605217  51.000000
730.126642  34.000000
730.648096  45.000000
731.169579  57.000000
731.691092  55.000000
732.212635  38.000000
732.734207  45.000000
733.255809  61.000000
733.777440  43.000000
734.299101  42.000000
734.820791  50.000000
735.342511  65.000000
735.864261  53.000000
736.386040  66.000000
736.907849  51.000000
737.429687  58.000000
737.951555  42.000000
738.473453  59.000000
738.995380  56.000000
739.517336  55.000000
740.039322  66.000000
740.561338  49.000000
741.083383  71.000000
741.605458  57.000000
742.127563  39.000000
742.649697  54.000000
743.171860  46.000000
743.694054  44.000000
744.216276  57.000000
744.738529  49.000000
745.260810  61.000000
745.783122  46.000000
746.305463  66.000000
746.827834  54.000000
747.350234  64.000000
747.872663  46.000000
748.395123  62.000000
748.917612  54.000000
749.440130  51.000000
749.962678  61.000000
750.485256  48.000000
751.007863  44.000000
751.530500  53.000000
752.053166  47.000000
752.575862  59.000000
753.098587  45.000000
753.621342  52.000000
754.144127  50.000000
754.666941  57.000000
755.189785  42.000000
755.712658  58.000000
756.235561  52.000000
756.758493  47.000000
757.281455  50.000000
757.804447  48.000000
758.327468  51.000000
758.850519  51.000000
759.373599  65.000000
759.896709  53.000000
760.419849  47.000000
760.943018  60.000000
761.466216  57.000000
761.989444  52.000000
762.512702  49.000000
763.035989  56.000000
763.559306  53.000000
764.082653  46.000000
764.606029  48.000000
765.129434  60.000000
765.652870  44.000000
766.176334  54.000000
766.699829  50.000000
767.223353  55.000000
767.746906  49.000000
768.270489  51.000000
768.794102  53.000000
769.317744  48.000000
769.841416  58.000000
770.365117  49.000000
770.888848  40.000000
771.412608  46.000000
771.936398  45.000000
772.460218  41.000000
772.984067  50.000000
773.507946  56.000000
774.031854  59.000000
774.555792  55.000000
775.079759  48.000000
775.603756  46.000000
776.127783  56.000000
776.651839  40.000000
777.175925  55.000000
777.700040  49.000000
778.224185  65.000000
778.748360  51.000000
779.272564  56.000000
779.796797  57.000000
780.321060  58.000000
780.845353  42.000000
781.369675  52.000000
781.894027  48.000000
782.418409  56.000000
782.942820  54.000000
783.467260  56.000000
783.991731  43.000000
784.516230  56.000000
785.040760  44.000000
785.565318  72.000000
786.089907  52.000000
786.614525  49.000000
787.139173  57.000000
787.663850  49.000000
788.188556  54.000000
788.713293  51.000000
789.238059  51.000000
789.762854  57.000000
790.287679  48.000000
790.812534  53.000000
791.337418  50.000000
791.862332  63.000000
792.387275  59.000000
792.912248  50.000000
793.437250  53.000000
793.962282  49.000000
794.487344  55.000000
795.012435  64.000000
795.537556  53.000000
796.062706  50.000000
796.587886  55.000000
797.113095  49.000000
797.638334  59.000000
798.163603  49.000000
798.688901  55.000000
799.214229  51.000000
799.739586  53.000000
800.264973  54.000000
800.790390  56.000000
801.315836  57.000000
801.841311  50.000000
802.366816  67.000000
802.892351  63.000000
803.417915  46.000000
803.943509  45.000000
804.469133  45.000000
804.994786  61.000000
805.520468  62.000000
806.046181  47.000000
806.571922  51.000000
807.097694  38.000000
807.623494  52.000000
808.149325  55.000000
808.675185  43.000000
809.201075  44.000000
809.726994  50.000000
810.252942  46.000000
810.778921  46.000000
811.304929  54.000000
811.830966  48.000000
812.357033  43.000000
812.883130  50.000000
813.409256  45.000000
813.935412  43.000000
814.461597  61.000000
814.987812  46.000000
815.514056  51.000000
816.040330  53.000000
816.566634  43.000000
817.092967  47.000000
817.619330  43.000000
818.145722  41.000000
818.672144  54.000000
819.198595  56.000000
819.725076  49.000000
820.251587  59.000000
820.778127  40.000000
821.304697  58.000000
821.831296  57.000000
822.357925  50.000000
822.884584  47.000000
823.411272  62.000000
823.937989  55.000000
824.464736  44.000000
824.991513  62.000000
825.518319  53.000000
826.045155  56.000000
826.572021  44.000000
827.098916  51.000000
827.625840  63.000000
828.152794  45.000000
828.679778  54.000000
829.206792  62.000000
829.733834  57.000000
830.260907  55.000000
830.788009  55.000000
831.315140  53.000000
831.842302  51.000000
832.369492  45.000000
832.896713  48.000000
833.423963  49.000000
833.951242  46.000000
834.478551  46.000000
835.005890  65.000000
835.533258  44.000000
836.060656  66.000000
836.588083  53.000000
837.115540  52.000000
837.643026  44.000000
838.170542  46.000000
838.698088  46.000000
839.225663  49.000000
839.753268  53.000000
840.280902  47.000000
840.808566  58.000000
841.336259  49.000000
841.863982  46.000000
842.391735  41.000000
842.919517  45.000000
843.447329  43.000000
843.975170  59.000000
844.503041  45.000000
845.030941  52.000000
845.558872  46.000000
846.086831  47.000000
846.614820  51.000000
847.142839  57.000000
847.670887  52.000000
848.198965  42.000000
848.727073  52.000000
849.255210  46.000000
849.783376  68.000000
850.311572  51.000000
850.839798  52.000000
851.368053  44.000000
851.896338  56.000000
852.424653  50.000000
852.952997  55.000000
853.481370  44.000000
854.009774  56.000000
854.538206  58.000000
855.066669  47.000000
855.595160  57.000000
856.123682  54.000000
856.652233  47.000000
857.180814  60.000000
857.709424  59.000000
858.238063  59.000000
858.766733  51.000000
859.295432  44.000000
859.824160  56.000000
860.352918  53.000000
860.881706  56.000000
861.410523  55.000000
861.939370  52.000000
862.468246  46.000000
862.997152  55.000000
863.526087  42.000000
864.055052  47.000000
864.584047  52.000000
865.113071  58.000000
865.642125  54.000000
866.171208  35.000000
866.700321  41.000000
867.229463  49.000000
867.758635  48.000000
868.287837  51.000000
868.817068  56.000000
869.346329  61.000000
869.875619  65.000000
870.404939  55.000000
870.934289  57.000000
871.463668  53.000000
871.993076  49.000000
872.522514  43.000000
873.051982  54.000000
873.581479  60.000000
874.111006  48.000000
874.640563  50.000000
875.170149  70.000000
875.699764  63.000000
876.229409  61.000000
876.759084  50.000000
877.288788  55.000000
877.818522  55.000000
878.348286  56.000000
878.878079  56.000000
879.407901  39.000000
879.937754  37.000000
880.467635  52.000000
880.997547  47.000000
881.527487  58.000000
882.057458  57.000000
882.587458  48.000000
883.117488  66.000000
883.647547  59.000000
884.177635  53.000000
884.707754  59.000000
885.237902  42.000000
885.768079  46.000000
886.298286  55.000000
886.828523  49.000000
887.358789  55.000000
887.889085  53.000000
888.419410  54.000000
888.949765  55.000000
889.480149  44.000000
890.010563  44.000000
890.541007  61.000000
891.071480  47.000000
891.601983  55.000000
892.132515  55.000000
892.663077  49.000000
893.193668  59.000000
893.724289  43.000000
894.254940  57.000000
894.785620  47.000000
895.316330  59.000000
895.847069  47.000000
896.377838  53.000000
896.908636  57.000000
897.439464  51.000000
897.970322  44.000000
898.501209  42.000000
899.032126  44.000000
899.563072  53.000000
900.094048  54.000000
900.625054  50.000000
901.156089  49.000000
901.687153  56.000000
902.218247  58.000000
902.749371  47.000000
903.280524  46.000000
903.811707  58.000000
904.342920  69.000000
904.874162  55.000000
905.405433  48.000000
905.936734  50.000000
906.468065  41.000000
906.999426  54.000000
907.530815  59.000000
908.062235  56.000000
908.593684  67.000000
909.125162  51.000000
909.656671  54.000000
910.188208  57.000000
910.719776  50.000000
911.251373  68.000000
911.782999  63.000000
912.314655  50.000000
912.846341  42.000000
913.378056  31.000000
913.909800  58.000000
914.441575  54.000000
914.973379  53.000000
915.505212  41.000000
916.037075  51.000000
916.568968  47.000000
917.100890  68.000000
917.632842  62.000000
918.164823  51.000000
918.696834  47.000000
919.228874  52.000000
919.760944  53.000000
920.293044  63.000000
920.825173  44.000000
921.357332  39.000000
921.889520  38.000000
922.421738  55.000000
922.953985  43.000000
923.486262  52.000000
924.018569  62.000000
924.550905  54.000000
925.083271  46.000000
925.615666  61.000000
926.148091  51.000000
926.680545  65.000000
927.213029  43.000000
927.745543  50.000000
928.278086  59.000000
928.810659  57.000000
929.343261  50.000000
929.875893  56.000000
930.408555  56.000000
930.941246  68.000000
931.473966  45.000000
932.006716  43.000000
932.539496  38.000000
933.072305  57.000000
933.605144  44.000000
934.138013  56.000000
934.670911  56.000000
935.203838  46.000000
935.736795  50.000000
936.269782  46.000000
936.802798  51.000000
937.335844  36.000000
937.868920  50.000000
938.402025  57.000000
938.935159  39.000000
939.468324  58.000000
940.001517  47.000000
940.534741  60.000000
941.067993  58.000000
941.601276  71.000000
942.134588  58.000000
942.667930  52.000000
943.201301  42.000000
943.734701  50.000000
944.268132  65.000000
944.801592  66.000000
945.335081  58.000000
945.868600  59.000000
946.402149  51.000000
946.935727  49.000000
947.469335  50.000000
948.002972  62.000000
948.536639  58.000000
949.070335  52.000000
949.604061  56.000000
950.137817  38.000000
950.671602  57.000000
951.205417  58.000000
951.739261  50.000000
952.273135  54.000000
952.807038  53.000000
953.340971  72.000000
953.874934  55.000000
954.408926  43.000000
954.942948  53.000000
955.476999  61.000000
956.011080  57.000000
956.545190  67.000000
957.079330  61.000000
957.613500  66.000000
958.147699  64.000000
958.681928  47.000000
959.216186  52.000000
959.750474  62.000000
960.284791  63.000000
960.819138  54.000000
961.353515  49.000000
961.887921  63.000000
962.422357  61.000000
962.956822  56.000000
963.491317  63.000000
964.025842  54.000000
964.560396  61.000000
965.094979  54.000000
965.629592  72.000000
966.164235  54.000000
966.698907  50.000000
967.233609  56.000000
967.768341  59.000000
968.303102  55.000000
968.837892  61.000000
969.372712  61.000000
969.907562  44.000000
970.442441  57.000000
970.977350  65.000000
971.512289  65.000000
972.047257  72.000000
972.582254  56.000000
973.117282  48.000000
973.652338  52.000000
974.187425  61.000000
974.722540  37.000000
975.257686  64.000000
975.792861  52.000000
976.328066  44.000000
976.863300  48.000000
977.398563  58.000000
977.933857  55.000000
978.469180  48.000000
979.004532  48.000000
979.539914  50.000000
980.075326  69.000000
980.610767  56.000000
981.146237  52.000000
981.681738  60.000000
982.217268  46.000000
982.752827  51.000000
983.288416  59.000000
983.824035  67.000000
984.359683  58.000000
984.895361  66.000000
985.431068  54.000000
985.966805  55.000000
986.502571  48.000000
987.038367  66.000000
987.574193  60.000000
988.110048  59.000000
988.645933  65.000000
989.181847  55.000000
989.717791  50.000000
990.253764  55.000000
990.789767  51.000000
991.325800  56.000000
991.861862  57.000000
992.397954  62.000000
992.934075  57.000000
993.470226  63.000000
994.006406  51.000000
994.542616  54.000000
995.078856  47.000000
995.615125  61.000000
996.151424  50.000000
996.687752  59.000000
997.224110  49.000000
997.760497  75.000000
998.296914  61.000000
998.833361  65.000000
999.369837  62.000000
999.906343  52.000000
1000.442878  60.000000
1000.979443  64.000000
1001.516038  52.000000
1002.052662  54.000000
1002.589315  60.000000
1003.125998  54.000000
1003.662711  59.000000
1004.199453  65.000000
1004.736225  56.000000
1005.273027  48.000000
1005.809858  59.000000
1006.346718  64.000000
1006.883608  55.000000
1007.420528  56.000000
1007.957477  58.000000
1008.494456  63.000000
1009.031465  65.000000
1009.568503  58.000000
1010.105570  53.000000
1010.642668  50.000000
1011.179794  50.000000
1011.716951  56.000000
1012.254136  62.000000
1012.791352  54.000000
1013.328597  41.000000
1013.865871  47.000000
1014.403176  55.000000
1014.940509  59.000000
1015.477873  57.000000
1016.015265  43.000000
1016.552688  47.000000
1017.090140  51.000000
1017.627622  71.000000
1018.165133  63.000000
1018.702673  67.000000
1019.240244  47.000000
1019.777844  43.000000
1020.315473  54.000000
1020.853132  50.000000
1021.390821  60.000000
1021.928539  58.000000
1022.466286  41.000000
1023.004064  50.000000
1023.541871  46.000000
1024.079707  55.000000
1024.617573  69.000000
1025.155469  41.000000
1025.693394  48.000000
1026.231349  61.000000
1026.769333  51.000000
1027.307347  48.000000
1027.845390  69.000000
1028.383463  79.000000
1028.921566  56.000000
1029.459698  43.000000
1029.997860  49.000000
1030.536051  37.000000
1031.074272  43.000000
1031.612522  40.000000
1032.150802  42.000000
1032.689112  51.000000
1033.227451  45.000000
1033.765820  39.000000
1034.304218  41.000000
1034.842646  50.000000
1035.381103  50.000000
1035.919590  46.000000
1036.458107  45.000000
1036.996653  49.000000
1037.535229  55.000000
1038.073834  41.000000
1038.612469  46.000000
1039.151133  54.000000
1039.689827  46.000000
1040.228551  36.000000
1040.767304  58.000000
1041.306087  41.000000
1041.844899  46.000000
1042.383741  37.000000
1042.922613  49.000000
1043.461514  41.000000
1044.000444  42.000000
1044.539404  37.000000
1045.078394  35.000000
1045.617413  48.000000
1046.156462  46.000000
1046.695541  42.000000
1047.234649  22.000000
1047.773786  43.000000
1048.312953  48.000000
1048.852150  37.000000
1049.391376  43.000000
1049.930632  38.000000
1050.469918  38.000000
1051.009233  29.000000
1051.548577  41.000000
1052.087951  51.000000
1052.627355  37.000000
1053.166788  37.000000
1053.706251  30.000000
1054.245744  39.000000
1054.785266  39.000000
1055.324817  46.000000
1055.864398  37.000000
1056.404009  33.000000
1056.943649  34.000000
1057.483319  33.000000
1058.023019  42.000000
1058.562748  33.000000
1059.102506  42.000000
1059.642295  33.000000
1060.182112  48.000000
1060.721960  31.000000
1061.261836  38.000000
1061.801743  29.000000
1062.341679  28.000000
1062.881644  26.000000
1063.421640  26.000000
1063.961664  37.000000
1064.501719  22.000000
1065.041802  22.000000
1065.581916  28.000000
1066.122059  32.000000
1066.662232  35.000000
1067.202434  23.000000
1067.742665  31.000000
1068.282927  32.000000
1068.823218  19.000000
1069.363538  35.000000
1069.903888  32.000000
1070.444268  23.000000
1070.984677  29.000000
1071.525115  28.000000
1072.065584  25.000000
1072.606082  33.000000
1073.146609  22.000000
1073.687166  20.000000
1074.227753  29.000000
1074.768369  25.000000
1075.309015  26.000000
1075.849690  29.000000
1076.390395  24.000000
1076.931129  25.000000
1077.471893  23.000000
1078.012687  27.000000
1078.553510  33.000000
1079.094363  27.000000
1079.635245  33.000000
1080.176157  36.000000
1080.717098  17.000000
1081.258069  22.000000
1081.799070  25.000000
1082.340100  22.000000
1082.881160  26.000000
1083.422249  21.000000
1083.963368  20.000000
1084.504516  21.000000
1085.045694  26.000000
1085.586902  21.000000
1086.128139  21.000000
1086.669406  15.000000
1087.210702  19.000000
1087.752028  24.000000
1088.293383  18.000000
1088.834768  20.000000
1089.376183  22.000000
1089.917627  25.000000
1090.459101  28.000000
1091.000604  26.000000
1091.542137  19.000000
1092.083699  19.000000
1092.625291  21.000000
1093.166913  30.000000
1093.708564  32.000000
1094.250245  21.000000
1094.791955  16.000000
1095.333695  26.000000
1095.875464  27.000000
1096.417263  18.000000
1096.959092  20.000000
1097.500950  21.000000
1098.042838  19.000000
1098.584755  15.000000
1099.126702  22.000000
1099.668678  12.000000
1100.210684  20.000000
1100.752720  16.000000
1101.294785  23.000000
1101.836880  22.000000
1102.379004  25.000000
1102.921158  21.000000
1103.463342  16.000000
1104.005555  23.000000
1104.547797  27.000000
1105.090069  17.000000
1105.632371  21.000000
1106.174702  16.000000
1106.717063  20.000000
1107.259454  14.000000
1107.801874  15.000000
1108.344323  20.000000
1108.886802  26.000000
1109.429311  15.000000
1109.971849  17.000000
1110.514417  13.000000
1111.057015  21.000000
1111.599642  17.000000
1112.142298  16.000000
1112.684984  23.000000
1113.227700  20.000000
1113.770445  19.000000
1114.313220  19.000000
1114.856025  23.000000
1115.398859  13.000000
1115.941722  15.000000
1116.484615  22.000000
1117.027538  13.000000
1117.570490  20.000000
1118.113472  19.000000
1118.656484  14.000000
1119.199525  23.000000
1119.742595   8.000000
1120.285695  24.000000
1120.828825  15.000000
1121.371984  20.000000
1121.915173  15.000000
1122.458392  16.000000
1123.001640  16.000000
1123.544917   7.000000
1124.088225  12.000000
1124.631561  13.000000
1125.174928  18.000000
1125.718323  15.000000
1126.261749  21.000000
1126.805204  11.000000
1127.348688  22.000000
1127.892203  15.000000
1128.435746  16.000000
1128.979320  10.000000
1129.522922  16.000000
1130.066555  14.000000
1130.610217  19.000000
1131.153908  18.000000
1131.697630  10.000000
1132.241380  17.000000
1132.785161  16.000000
1133.328970  11.000000
1133.872810  15.000000
1134.416679  20.000000
1134.960578  15.000000
1135.504506  13.000000
1136.048463  17.000000
1136.592451   8.000000
1137.136468  23.000000
1137.680514  10.000000
1138.224590  15.000000
1138.768696  14.000000
1139.312831  24.000000
1139.856995  17.000000
1140.401190  20.000000
1140.945414  10.000000
1141.489667  13.000000
1142.033950  21.000000
1142.578263  14.000000
1143.122605  15.000000
1143.666976   9.000000
1144.211378  14.000000
1144.755809  16.000000
1145.300269  12.000000
1145.844759  10.000000
1146.389279  12.000000
1146.933828  12.000000
1147.478407  12.000000
1148.023015  17.000000
1148.567653  14.000000
1149.112320  13.000000
1149.657017   6.000000
1150.201744  19.000000
1150.746500  16.000000
1151.291286  17.000000
1151.836101  15.000000
1152.380946  21.000000
1152.925820  13.000000
1153.470724  11.000000
1154.015658  16.000000
1154.560621  12.000000
1155.105614  13.000000
1155.650636   9.000000
1156.195688  21.000000
1156.740769  16.000000
1157.285880   9.000000
1157.831021  11.000000
1158.376191  10.000000
1158.921391  18.000000
1159.466620  17.000000
1160.011879  11.000000
1160.557167  14.000000
1161.102485  12.000000
1161.647833  19.000000
1162.193210  15.000000
1162.738617  14.000000
1163.284053   9.000000
1163.829519   9.000000
1164.375014  10.000000
1164.920539  19.000000
1165.466094  11.000000
1166.011678  15.000000
1166.557292  20.000000
1167.102935  15.000000
1167.648608  15.000000
1168.194310   8.000000
1168.740042  13.000000
1169.285804  12.000000
1169.831595   7.000000
1170.377416   6.000000
1170.923266  14.000000
1171.469146  14.000000
1172.015055   9.000000
1172.560994  14.000000
1173.106963  16.000000
1173.652961  21.000000
1174.198989  24.000000
1174.745046  14.000000
1175.291133  14.000000
1175.837249  17.000000
1176.383395  18.000000
1176.929571  13.000000
1177.475776  11.000000
1178.022011  13.000000
1178.568275  11.000000
1179.114569  12.000000
1179.660892  17.000000
1180.207245  12.000000
1180.753628  19.000000
1181.300040  12.000000
1181.846482  18.000000
1182.392953   9.000000
1182.939454  14.000000
1183.485984   7.000000
1184.032544  15.000000
1184.579134  11.000000
1185.125753  13.000000
1185.672402  20.000000
1186.219080  11.000000
1186.765788  19.000000
1187.312525  19.000000
1187.859292  16.000000
1188.406089  12.000000
1188.952915  12.000000
1189.499771  14.000000
1190.046656  13.000000
1190.593571  20.000000
1191.140515  21.000000
1191.687489  14.000000
1192.234493  16.000000
1192.781526  11.000000
1193.328589  19.000000
1193.875681  21.000000
1194.422803  25.000000
1194.969954  16.000000
1195.517135  23.000000
1196.064346  20.000000
1196.611586  19.000000
1197.158856  16.000000
1197.706155  15.000000
1198.253484  21.000000
1198.800842  14.000000
1199.348230  11.000000
1199.895648  18.000000
1200.443095  12.000000
1200.990572  20.000000
1201.538078  19.000000
1202.085614  21.000000
1202.633179  18.000000
1203.180774  17.000000
1203.728399  20.000000
1204.276053  19.000000
1204.823737  18.000000
1205.371450  15.000000
1205.919193  23.000000
1206.466965  31.000000
1207.014767  22.000000
1207.562599  19.000000
1208.110460  38.000000
1208.658351  23.000000
1209.206271  17.000000
1209.754221  28.000000
1210.302201  25.000000
1210.850210  16.000000
1211.398248  15.000000
1211.946316  27.000000
1212.494414  23.000000
1213.042541  34.000000
1213.590698  34.000000
1214.138885  32.000000
1214.687101  38.000000
1215.235346  25.000000
1215.783621  32.000000
1216.331926  27.000000
1216.880260  35.000000
1217.428624  37.000000
1217.977018  28.000000
1218.525441  29.000000
1219.073893  32.000000
1219.622375  25.000000
1220.170887  37.000000
1220.719428  40.000000
1221.267999  34.000000
1221.816600  38.000000
1222.365230  44.000000
1222.913889  39.000000
1223.462578  48.000000
1224.011297  38.000000
1224.560045  42.000000
1225.108823  41.000000
1225.657631  55.000000
1226.206468  42.000000
1226.755334  54.000000
1227.304230  55.000000
1227.853156  47.000000
1228.402111  39.000000
1228.951096  45.000000
1229.500111  57.000000
1230.049155  66.000000
1230.598228  47.000000
1231.147331  58.000000
1231.696464  64.000000
1232.245626  66.000000
1232.794818  59.000000
1233.344040  57.000000
1233.893291  67.000000
1234.442571  70.000000
1234.991881  67.000000
1235.541221  63.000000
1236.090590  79.000000
1236.639989  66.000000
1237.189418  71.000000
1237.738876  81.000000
1238.288363  75.000000
1238.837880  83.000000
1239.387427  73.000000
1239.937003  75.000000
1240.486609  82.000000
1241.036245  80.000000
1241.585910  88.000000
1242.135604 100.000000
1242.685328  95.000000
1243.235082 110.000000
1243.784865  93.000000
1244.334678  87.000000
1244.884521  93.000000
1245.434393 115.000000
1245.984294 123.000000
1246.534225 111.000000
1247.084186  91.000000
1247.634176  99.000000
1248.184196 121.000000
1248.734246 113.000000
1249.284325 118.000000
1249.834433 120.000000
1250.384571 122.000000
1250.934739 120.000000
1251.484936 110.000000
1252.035163 143.000000
1252.585420 128.000000
1253.135706 129.000000
1253.686021 120.000000
1254.236366 138.000000
1254.786741 123.000000
1255.337145 130.000000
1255.887579 136.000000
1256.438043 135.000000
1256.988536 138.000000
1257.539058 127.000000
1258.089610 167.000000
1258.640192 160.000000
1259.190803 152.000000
1259.741444 163.000000
1260.292115 147.000000
1260.842815 160.000000
1261.393544 154.000000
1261.944303 164.000000
1262.495092 131.000000
1263.045910 163.000000
1263.596758 142.000000
1264.147636 155.000000
1264.698543 156.000000
1265.249479 183.000000
1265.800445 167.000000
1266.351441 164.000000
1266.902466 169.000000
1267.453521 189.000000
1268.004606 158.000000
1268.555720 157.000000
1269.106863 168.000000
1269.658036 156.000000
1270.209239 162.000000
1270.760471 179.000000
1271.311733 166.000000
1271.863025 180.000000
1272.414346 194.000000
1272.965696 194.000000
1273.517076 168.000000
1274.068486 182.000000
1274.619925 152.000000
1275.171394 173.000000
1275.722893 165.000000
1276.274421 155.000000
1276.825978 172.000000
1277.377565 191.000000
1277.929182 172.000000
1278.480828 171.000000
1279.032504 175.000000
1279.584210 161.000000
1280.135945 177.000000
1280.687709 154.000000
1281.239503 163.000000
1281.791327 149.000000
1282.343180 170.000000
1282.895063 137.000000
1283.446976 193.000000
1283.998918 163.000000
1284.550889 135.000000
1285.102890 165.000000
1285.654921 157.000000
1286.206981 162.000000
1286.759071 158.000000
1287.311191 163.000000
1287.863340 157.000000
1288.415518 153.000000
1288.967726 153.000000
1289.519964 145.000000
1290.072231 155.000000
1290.624528 129.000000
1291.176855 151.000000
1291.729211 143.000000
1292.281596 138.000000
1292.834011 140.000000
1293.386456 153.000000
1293.938930 131.000000
1294.491434 141.000000
1295.043967 122.000000
1295.596530 101.000000
1296.149123 135.000000
1296.701745 111.000000
1297.254397 160.000000
1297.807078 117.000000
1298.359789 113.000000
1298.912529 127.000000
1299.465299 114.000000
1300.018099 117.000000
1300.570928 117.000000
1301.123787 115.000000
1301.676675 120.000000
1302.229593  94.000000
1302.782540 104.000000
1303.335517  93.000000
1303.888524  98.000000
1304.441560  93.000000
1304.994626 101.000000
1305.547721  99.000000
1306.100846  85.000000
1306.654000  86.000000
1307.207184  73.000000
1307.760398  95.000000
1308.313641  79.000000
1308.866914 101.000000
1309.420216  78.000000
1309.973548  81.000000
1310.526909  85.000000
1311.080300  80.000000
1311.633721  75.000000
1312.187171  58.000000
1312.740651  67.000000
1313.294160  67.000000
1313.847699  83.000000
1314.401267  59.000000
1314.954865  59.000000
1315.508493  58.000000
1316.062150  46.000000
1316.615837  56.000000
1317.169553  50.000000
1317.723299  55.000000
1318.277074  66.000000
1318.830879  48.000000
1319.384714  55.000000
1319.938578  47.000000
1320.492472  39.000000
1321.046395  41.000000
1321.600348  46.000000
1322.154330  47.000000
1322.708342  41.000000
1323.262384  55.000000
1323.816455  30.000000
1324.370556  36.000000
1324.924686  36.000000
1325.478846  27.000000
1326.033035  32.000000
1326.587254  31.000000
1327.141503  31.000000
1327.695781  34.000000
1328.250089  29.000000
1328.804426  29.000000
1329.358793  30.000000
1329.913189  32.000000
1330.467615  30.000000
1331.022071  25.000000
1331.576556  31.000000
1332.131071  21.000000
1332.685615  17.000000
1333.240189  21.000000
1333.794792  24.000000
1334.349425  25.000000
1334.904088  24.000000
1335.458780  16.000000
1336.013502  18.000000
1336.568253  25.000000
1337.123034  24.000000
1337.677844  22.000000
1338.232684  19.000000
1338.787554  15.000000
1339.342453  18.000000
1339.897382  13.000000
1340.452340  13.000000
1341.007328  17.000000
1341.562345  13.000000
1342.117392  13.000000
1342.672469  17.000000
1343.227575  20.000000
1343.782711  18.000000
1344.337876  13.000000
1344.893071  18.000000
1345.448295   6.000000
1346.003549  14.000000
1346.558833  10.000000
1347.114146  14.000000
1347.669489   9.000000
1348.224861   8.000000
1348.780263  13.000000
1349.335694  17.000000
1349.891155  16.000000
1350.446646  17.000000
1351.002166  13.000000
1351.557716   8.000000
1352.113295   7.000000
1352.668904   7.000000
1353.224542   9.000000
1353.780210   9.000000
1354.335908   9.000000
1354.891635   7.000000
1355.447392  11.000000
1356.003178   9.000000
1356.558994   8.000000
1357.114839  10.000000
1357.670714   8.000000
1358.226619   4.000000
1358.782553  10.000000
1359.338516  10.000000
1359.894510  13.000000
1360.450533   7.000000
1361.006585   2.000000
1361.562667  10.000000
1362.118779   5.000000
1362.674920  10.000000
1363.231090  12.000000
1363.787291   8.000000
1364.343521   9.000000
1364.899780   5.000000
1365.456069   7.000000
1366.012388  11.000000
1366.568736   4.000000
1367.125113   7.000000
1367.681521   9.000000
1368.237958   8.000000
1368.794424   9.000000
1369.350920   5.000000
1369.907446   7.000000
1370.464001   5.000000
1371.020585   6.000000
1371.577200   5.000000
1372.133843  11.000000
1372.690517   7.000000
1373.247220   8.000000
1373.803952   6.000000
1374.360715   5.000000
1374.917506   4.000000
1375.474328   8.000000
1376.031178   5.000000
1376.588059  11.000000
1377.144969   7.000000
1377.701908   6.000000
1378.258878   8.000000
1378.815876   7.000000
1379.372905   6.000000
1379.929962   5.000000
1380.487050   8.000000
1381.044167   4.000000
1381.601313   4.000000
1382.158490   5.000000
1382.715695   4.000000
1383.272930   5.000000
1383.830195   3.000000
1384.387490   8.000000
1384.944814   4.000000
1385.502167  10.000000
1386.059550   4.000000
1386.616963   5.000000
1387.174405   2.000000
1387.731877   7.000000
1388.289379   9.000000
1388.846910   6.000000
1389.404470   3.000000
1389.962060   7.000000
1390.519680   5.000000
1391.077329   4.000000
1391.635008   7.000000
1392.192717   7.000000
1392.750455   2.000000
1393.308222   6.000000
1393.866019   3.000000
1394.423846   6.000000
1394.981702   7.000000
1395.539588   2.000000
1396.097504   1.000000
1396.655449   5.000000
1397.213423   2.000000
1397.771427   2.000000
1398.329461   3.000000
1398.887524   4.000000
1399.445617   4.000000
1400.003740   5.000000
1400.561892   3.000000
1401.120073   2.000000
1401.678284   4.000000
1402.236525   4.000000
1402.794795   4.000000
1403.353095   2.000000
1403.911425   8.000000
1404.469783   6.000000
1405.028172   3.000000
1405.586590   0.000000
1406.145038   4.000000
1406.703515   5.000000
1407.262022   8.000000
1407.820558   4.000000
1408.379124   4.000000
1408.937720   2.000000
1409.496345   5.000000
1410.055000   6.000000
1410.613684   2.000000
1411.172398   2.000000
1411.731141   5.000000
1412.289914   4.000000
1412.848717   5.000000
1413.407549   3.000000
1413.966411   4.000000
1414.525302   7.000000
1415.084223   2.000000
1415.643173   6.000000
1416.202153   4.000000
1416.761163   5.000000
1417.320202   4.000000
1417.879271   5.000000
1418.438369   3.000000
1418.997497   6.000000
1419.556654   1.000000
1420.115841   4.000000
1420.675058   4.000000
1421.234304   5.000000
1421.793580   2.000000
1422.352885   5.000000
1422.912220   4.000000
1423.471584   6.000000
1424.030978   4.000000
1424.590402   5.000000
1425.149855   1.000000
1425.709338   3.000000
1426.268850   5.000000
1426.828392   5.000000
1427.387963   7.000000
1427.947564   5.000000
1428.507195   4.000000
1429.066855   5.000000
1429.626545   6.000000
1430.186264   6.000000
1430.746013   2.000000
1431.305791   6.000000
1431.865599   7.000000
1432.425437   5.000000
1432.985304   5.000000
1433.545200   3.000000
1434.105127   9.000000
1434.665083   2.000000
1435.225068   6.000000
1435.785083   4.000000
1436.345128   4.000000
1436.905202   7.000000
1437.465305   8.000000
1438.025439   7.000000
1438.585602   5.000000
1439.145794   5.000000
1439.706016   8.000000
1440.266268   3.000000
1440.826549  12.000000
1441.386859   5.000000
1441.947200   0.000000
1442.507569   5.000000
1443.067969   7.000000
1443.628398   5.000000
1444.188856  10.000000
1444.749345  10.000000
1445.309862   7.000000
1445.870410   4.000000
1446.430986   5.000000
1446.991593   7.000000
1447.552229   4.000000
1448.112894   5.000000
1448.673589   3.000000
1449.234314   8.000000
1449.795068   8.000000
1450.355852   9.000000
1450.916666   5.000000
1451.477509   5.000000
1452.038381   4.000000
1452.599283   5.000000
1453.160215   9.000000
1453.721176  11.000000
1454.282167   6.000000
1454.843188   5.000000
1455.404238  11.000000
1455.965317   8.000000
1456.526426   3.000000
1457.087565   3.000000
1457.648733   8.000000
1458.209931   5.000000
1458.771159   6.000000
1459.332416  10.000000
1459.893702  10.000000
1460.455018  10.000000
1461.016364   9.000000
1461.577739   6.000000
1462.139144   4.000000
1462.700579   4.000000
1463.262043   7.000000
1463.823536   4.000000
1464.385059   6.000000
1464.946612   5.000000
1465.508194   9.000000
1466.069806   5.000000
1466.631447   8.000000
1467.193118   9.000000
1467.754819   5.000000
1468.316549   8.000000
1468.878309   4.000000
1469.440098   7.000000
1470.001917   8.000000
1470.563765   4.000000
1471.125643   7.000000
1471.687551   6.000000
1472.249488   6.000000
1472.811455   5.000000
1473.373451   9.000000
1473.935477   7.000000
1474.497532   6.000000
1475.059617  12.000000
1475.621732   3.000000
1476.183876   5.000000
1476.746050   9.000000
1477.308253   9.000000
1477.870486   9.000000
1478.432748   4.000000
1478.995040  11.000000
1479.557362   6.000000
1480.119713   6.000000
1480.682094   3.000000
1481.244504   7.000000
1481.806944   6.000000
1482.369413   5.000000
1482.931912   3.000000
1483.494441   2.000000
1484.056999   6.000000
1484.619587   8.000000
1485.182204   1.000000
1485.744851   3.000000
1486.307527   7.000000
1486.870233   6.000000
1487.432969   4.000000
1487.995734   4.000000
1488.558528   4.000000
1489.121353   7.000000
1489.684207   9.000000
1490.247090   0.000000
1490.810003   5.000000
1491.372945   7.000000
1491.935918   2.000000
1492.498919   5.000000
1493.061951   3.000000
1493.625011   3.000000
1494.188102   5.000000
1494.751222   2.000000
1495.314371   3.000000
1495.877551   2.000000
1496.440759   1.000000
1497.003998   4.000000
1497.567265   4.000000
1498.130563   4.000000
1498.693890   2.000000
1499.257246  11.000000
1499.820632   2.000000
1500.384048   0.000000
1500.947493   2.000000
1501.510968   4.000000
1502.074473   1.000000
1502.638007   3.000000
1503.201570   2.000000
1503.765163   4.000000
1504.328786   0.000000
1504.892438   5.000000
1505.456120   1.000000
1506.019832   2.000000
1506.583573   2.000000
1507.147343   2.000000
1507.711143   4.000000
1508.274973   2.000000
1508.838832   1.000000
1509.402721   1.000000
1509.966640   2.000000
1510.530587   4.000000
1511.094565   4.000000
1511.658572   2.000000
1512.222609   3.000000
1512.786675   2.000000
1513.350771   2.000000
1513.914896   2.000000
1514.479051   5.000000
1515.043236   3.000000
1515.607450   0.000000
1516.171694   3.000000
1516.735967   0.000000
1517.300270   1.000000
1517.864602   2.000000
1518.428964   3.000000
1518.993356   1.000000
1519.557777   2.000000
1520.122228   1.000000
1520.686708   2.000000
1521.251218   1.000000
1521.815757   1.000000
1522.380326   0.000000
1522.944925   2.000000
1523.509553   4.000000
1524.074211   2.000000
1524.638898   1.000000
1525.203615   3.000000
1525.768361   2.000000
1526.333137   0.000000
1526.897943   2.000000
1527.462778   2.000000
1528.027642   4.000000
1528.592537   2.000000
1529.157461   0.000000
1529.722414   1.000000
1530.287397   0.000000
1530.852410   0.000000
1531.417452   2.000000
1531.982523   2.000000
1532.547625   0.000000
1533.112756   3.000000
1533.677916   0.000000
1534.243106   2.000000
1534.808325   2.000000
1535.373575   2.000000
1535.938853   2.000000
1536.504162   0.000000
1537.069499   2.000000
1537.634867   4.000000
1538.200264   2.000000
1538.765690   1.000000
1539.331146   2.000000
1539.896632   2.000000
1540.462147   0.000000
1541.027692   2.000000
1541.593267   1.000000
1542.158871   2.000000
1542.724504   2.000000
1543.290167   1.000000
1543.855860   2.000000
1544.421582   2.000000
1544.987334   1.000000
1545.553116   2.000000
1546.118927   0.000000
1546.684767   0.000000
1547.250637   2.000000
1547.816537   1.000000
1548.382466   0.000000
1548.948425   1.000000
1549.514414   4.000000
1550.080431   2.000000
1550.646479   0.000000
1551.212556   2.000000
1551.778663   2.000000
1552.344799   3.000000
1552.910965   4.000000
1553.477160   1.000000
1554.043385   1.000000
1554.609640   2.000000
1555.175924   1.000000
1555.742238   0.000000
1556.308581   0.000000
1556.874954   3.000000
1557.441356   1.000000
1558.007788   2.000000
1558.574250   1.000000
1559.140741   1.000000
1559.707262   0.000000
1560.273812   0.000000
1560.840392   0.000000
1561.407001   1.000000
1561.973640   3.000000
1562.540309   2.000000
1563.107007   3.000000
1563.673735   0.000000
1564.240492   1.000000
1564.807279   1.000000
1565.374095   2.000000
1565.940941   2.000000
1566.507817   2.000000
1567.074722   1.000000
1567.641656   0.000000
1568.208621   0.000000
1568.775615   2.000000
1569.342638   0.000000
1569.909691   0.000000
1570.476773   0.000000
1571.043886   0.000000
1571.611027   1.000000
1572.178199   1.000000
1572.745399   3.000000
1573.312630   0.000000
1573.879890   1.000000
1574.447179   1.000000
1575.014499   0.000000
1575.581847   1.000000
1576.149225   0.000000
1576.716633   1.000000
1577.284071   1.000000
1577.851538   1.000000
1578.419034   1.000000
1578.986560   3.000000
1579.554116   0.000000
1580.121701   2.000000
1580.689316   1.000000
1581.256961   1.000000
1581.824635   1.000000
1582.392338   2.000000
1582.960071   1.000000
1583.527834   1.000000
1584.095626   0.000000
1584.663448   0.000000
1585.231299   1.000000
1585.799180   1.000000
1586.367091   1.000000
1586.935031   0.000000
1587.503001   1.000000
1588.071000   0.000000
1588.639029   2.000000
1589.207087   0.000000
1589.775175   1.000000
1590.343293   1.000000
1590.911440   0.000000
1591.479617   0.000000
1592.047823   0.000000
1592.616059   1.000000
1593.184324   2.000000
1593.752619   2.000000
1594.320944   0.000000
1594.889298   4.000000
1595.457682   0.000000
1596.026095   2.000000
1596.594538   1.000000
1597.163010   2.000000
1597.731512   0.000000
1598.300044   1.000000
1598.868605   2.000000
1599.437195   1.000000
1600.005816   2.000000
1600.574466   4.000000
1601.143145   1.000000
1601.711854   5.000000
1602.280593   0.000000
1602.849361   3.000000
1603.418158   0.000000
1603.986986   1.000000
1604.555842   0.000000
1605.124729   4.000000
1605.693645   3.000000
1606.262590   0.000000
1606.831566   1.000000
1607.400570   2.000000
1607.969604   0.000000
1608.538668   1.000000
1609.107762   0.000000
1609.676885   0.000000
1610.246037   3.000000
1610.815219   0.000000
1611.384431   0.000000
1611.953672   2.000000
1612.522943   1.000000
1613.092244   1.000000
1613.661574   0.000000
1614.230933   0.000000
1614.800322   0.000000
1615.369741   1.000000
1615.939189   1.000000
1616.508667   1.000000
1617.078174   1.000000
1617.647711   1.000000
1618.217278   1.000000
1618.786874   1.000000
1619.356500   0.000000
1619.926155   1.000000
1620.495840   0.000000
1621.065554   0.000000
1621.635298   0.000000
1622.205072   1.000000
1622.774875   0.000000
1623.344708   1.000000
1623.914570   1.000000
1624.484462   0.000000
1625.054383   0.000000
1625.624334   1.000000
1626.194315   1.000000
1626.764325   0.000000
1627.334365   0.000000
1627.904434   0.000000
1628.474533   1.000000
1629.044661   1.000000
1629.614819   0.000000
1630.185007   0.000000
1630.755224   0.000000
1631.325470   0.000000
1631.895747   2.000000
1632.466053   1.000000
1633.036388   1.000000
1633.606753   1.000000
1634.177147   1.000000
1634.747572   0.000000
1635.318025   2.000000
1635.888509   1.000000
1636.459021   1.000000
1637.029564   1.000000
1637.600136   1.000000
1638.170737   0.000000
1638.741368   0.000000
1639.312029   1.000000
1639.882719   0.000000
1640.453439   1.000000
1641.024189   1.000000
1641.594968   1.000000
1642.165776   3.000000
1642.736614   1.000000
1643.307482   1.000000
1643.878379   1.000000
1644.449306   2.000000
1645.020263   0.000000
1645.591249   0.000000
1646.162264   2.000000
1646.733309   1.000000
1647.304384   2.000000
1647.875488   0.000000
1648.446622   0.000000
1649.017785   1.000000
1649.588978   1.000000
1650.160201   0.000000
1650.731453   2.000000
1651.302735   2.000000
1651.874046   1.000000
1652.445387   2.000000
1653.016757   0.000000
1653.588157   0.000000
1654.159587   0.000000
1654.731046   1.000000
1655.302535   0.000000
1655.874053   1.000000
1656.445601   1.000000
1657.017178   1.000000
1657.588785   1.000000
1658.160422   2.000000
1658.732088   0.000000
1659.303783   0.000000
1659.875509   0.000000
1660.447264   1.000000
1661.019048   1.000000
1661.590862   1.000000
1662.162705   0.000000
1662.734579   3.000000
1663.306481   0.000000
1663.878414   1.000000
1664.450375   3.000000
1665.022367   1.000000
1665.594388   2.000000
1666.166438   2.000000
1666.738518   0.000000
1667.310628   0.000000
1667.882767   0.000000
1668.454936   2.000000
1669.027135   0.000000
1669.599363   0.000000
1670.171620   0.000000
1670.743907   0.000000
1671.316224   1.000000
1671.888570   2.000000
1672.460946   0.000000
1673.033352   1.000000
1673.605786   1.000000
1674.178251   0.000000
1674.750745   0.000000
1675.323269   0.000000
1675.895822   0.000000
1676.468405   0.000000
1677.041017   0.000000
1677.613659   0.000000
1678.186331   2.000000
1678.759032   1.000000
1679.331763   0.000000
1679.904523   1.000000
1680.477313   1.000000
1681.050132   0.000000
1681.622981   0.000000
1682.195860   3.000000
1682.768768   0.000000
1683.341706   2.000000
1683.914673   1.000000
1684.487670   1.000000
1685.060696   0.000000
1685.633752   0.000000
1686.206838   0.000000
1686.779953   1.000000
1687.353097   0.000000
1687.926272   0.000000
1688.499475   3.000000
1689.072709   2.000000
1689.645972   1.000000
1690.219264   2.000000
1690.792587   0.000000
1691.365938   1.000000
1691.939320   1.000000
1692.512730   1.000000
1693.086171   2.000000
1693.659641   2.000000
1694.233140   0.000000
1694.806669   0.000000
1695.380228   0.000000
1695.953816   0.000000
1696.527434   0.000000
1697.101082   0.000000
1697.674759   1.000000
1698.248465   0.000000
1698.822201   0.000000
1699.395967   0.000000
1699.969762   1.000000
1700.543587   0.000000
1701.117441   1.000000
1701.691325   1.000000
1702.265239   2.000000
1702.839182   1.000000
1703.413155   0.000000
1703.987157   0.000000
1704.561189   1.000000
1705.135250   0.000000
1705.709341   0.000000
1706.283462   1.000000
1706.857612   0.000000
1707.431792   0.000000
1708.006001   0.000000
1708.580240   0.000000
1709.154508   0.000000
1709.728806   1.000000
1710.303134   1.000000
1710.877491   3.000000
1711.451877   0.000000
1712.026294   1.000000
1712.600740   0.000000
1713.175215   0.000000
1713.749720   4.000000
1714.324254   1.000000
1714.898819   1.000000
1715.473412   1.000000
1716.048036   3.000000
1716.622688   1.000000
1717.197371   0.000000
1717.772083   0.000000
1718.346824   0.000000
1718.921595   2.000000
1719.496396   1.000000
1720.071226   1.000000
1720.646086   1.000000
1721.220976   0.000000
1721.795895   0.000000
1722.370843   1.000000
1722.945821   0.000000
1723.520829   0.000000
1724.095866   1.000000
1724.670933   1.000000
1725.246029   0.000000
1725.821155   0.000000
1726.396311   0.000000
1726.971496   0.000000
1727.546711   0.000000
1728.121955   0.000000
1728.697229   0.000000
1729.272532   1.000000
1729.847865   1.000000
1730.423228   0.000000
1730.998620   1.000000
1731.574042   1.000000
1732.149493   0.000000
1732.724974   0.000000
1733.300484   2.000000
1733.876024   2.000000
1734.451594   1.000000
1735.027193   3.000000
1735.602821   0.000000
1736.178480   0.000000
1736.754168   3.000000
1737.329885   1.000000
1737.905632   0.000000
1738.481408   1.000000
1739.057215   1.000000
1739.633050   1.000000
1740.208916   0.000000
1740.784810   0.000000
1741.360735   0.000000
1741.936689   1.000000
1742.512672   0.000000
1743.088685   1.000000
1743.664728   0.000000
1744.240800   0.000000
1744.816902   0.000000
1745.393034   0.000000
1745.969195   0.000000
1746.545385   2.000000
1747.121605   1.000000
1747.697855   0.000000
1748.274134   1.000000
1748.850443   0.000000
1749.426781   2.000000
1750.003149   0.000000
1750.579547   1.000000
1751.155974   1.000000
1751.732431   2.000000
1752.308917   1.000000
1752.885433   1.000000
1753.461978   1.000000
1754.038553   0.000000
1754.615158   1.000000
1755.191792   0.000000
1755.768456   1.000000
1756.345149   0.000000
1756.921872   0.000000
1757.498624   1.000000
1758.075406   1.000000
1758.652218   1.000000
1759.229059   0.000000
1759.805929   0.000000
1760.382830   0.000000
1760.959759   2.000000
1761.536719   0.000000
1762.113708   1.000000
1762.690726   1.000000
1763.267775   2.000000
1763.844852   0.000000
1764.421959   1.000000
1764.999096   1.000000
1765.576263   2.000000
1766.153459   0.000000
1766.730684   0.000000
1767.307939   0.000000
1767.885224   2.000000
1768.462538   0.000000
1769.039882   1.000000
1769.617256   0.000000
1770.194658   1.000000
1770.772091   1.000000
1771.349553   1.000000
1771.927045   0.000000
1772.504566   3.000000
1773.082117   0.000000
1773.659697   1.000000
1774.237307   2.000000
1774.814947   0.000000
1775.392616   1.000000
1775.970315   0.000000
1776.548043   1.000000
1777.125801   1.000000
1777.703588   0.000000
1778.281405   1.000000
1778.859252   0.000000
1779.437128   1.000000
1780.015033   1.000000
1780.592969   2.000000
1781.170934   2.000000
1781.748928   1.000000
1782.326952   1.000000
1782.905005   1.000000
1783.483089   1.000000
1784.061201   1.000000
1784.639344   0.000000
1785.217515   0.000000
1785.795717   0.000000
1786.373948   2.000000
1786.952208   0.000000
1787.530498   1.000000
1788.108818   3.000000
1788.687167   0.000000
1789.265546   1.000000
1789.843955   1.000000
1790.422393   2.000000
1791.000860   0.000000
1791.579357   1.000000
1792.157884   0.000000
1792.736440   1.000000
1793.315026   1.000000
1793.893641   0.000000
1794.472286   0.000000
1795.050961   0.000000
1795.629665   1.000000
1796.208399   0.000000
1796.787162   1.000000
1797.365955   0.000000
1797.944777   1.000000
1798.523629   1.000000
1799.102511   0.000000
1799.681422   0.000000
1800.260362   0.000000
1800.839333   1.000000
1801.418333   0.000000
1801.997362   2.000000
1802.576421   1.000000
1803.155510   1.000000
1803.734628   2.000000
1804.313775   0.000000
1804.892953   1.000000
1805.472159   0.000000
1806.051396   1.000000
1806.630662   0.000000
1807.209957   0.000000
1807.789282   1.000000
1808.368637   0.000000
1808.948021   0.000000
1809.527435   2.000000
1810.106879   0.000000
1810.686352   1.000000
1811.265854   1.000000
1811.845386   0.000000
1812.424948   1.000000
1813.004539   2.000000
1813.584160   0.000000
1814.163810   0.000000
1814.743490   2.000000
1815.323200   1.000000
1815.902939   1.000000
1816.482708   1.000000
1817.062506   0.000000
1817.642334   0.000000
1818.222191   0.000000
1818.802078   3.000000
1819.381995   0.000000
1819.961941   0.000000
1820.541917   1.000000
1821.121922   0.000000
1821.701957   2.000000
1822.282021   1.000000
1822.862115   0.000000
1823.442239   0.000000
1824.022392   1.000000
1824.602574   0.000000
1825.182787   1.000000
1825.763028   0.000000
1826.343300   0.000000
1826.923601   0.000000
1827.503931   0.000000
1828.084291   0.000000
1828.664681   0.000000
1829.245100   0.000000
1829.825549   0.000000
1830.406028   0.000000
1830.986536   0.000000
1831.567073   0.000000
1832.147640   0.000000
1832.728237   0.000000
1833.308863   0.000000
1833.889519   1.000000
1834.470204   0.000000
1835.050919   0.000000
1835.631664   2.000000
1836.212438   1.000000
1836.793242   0.000000
1837.374075   2.000000
1837.954938   1.000000
1838.535830   0.000000
1839.116752   0.000000
1839.697704   1.000000
1840.278685   1.000000
1840.859695   0.000000
1841.440736   0.000000
1842.021806   0.000000
1842.602905   0.000000
1843.184034   0.000000
1843.765192   1.000000
1844.346381   0.000000
1844.927598   2.000000
1845.508846   0.000000
1846.090122   0.000000
1846.671429   0.000000
1847.252765   1.000000
1847.834130   1.000000
1848.415525   0.000000
1848.996950   0.000000
1849.578404   3.000000
1850.159888   0.000000
1850.741402   0.000000
1851.322945   1.000000
1851.904517   1.000000
1852.486119   0.000000
1853.067751   0.000000
1853.649412   1.000000
1854.231103   0.000000
1854.812823   1.000000
1855.394573   1.000000
1855.976353   1.000000
1856.558162   0.000000
1857.140001   1.000000
1857.721869   0.000000
1858.303767   1.000000
1858.885694   0.000000
1859.467651   0.000000
1860.049638   0.000000
1860.631654   0.000000
1861.213699   0.000000
1861.795775   1.000000
1862.377880   0.000000
1862.960014   1.000000
1863.542178   0.000000
1864.124371   1.000000
1864.706595   1.000000
1865.288847   0.000000
1865.871129   0.000000
1866.453441   0.000000
1867.035783   1.000000
1867.618154   0.000000
1868.200554   2.000000
1868.782984   0.000000
1869.365444   1.000000
1869.947933   2.000000
1870.530452   0.000000
1871.113000   0.000000
1871.695578   0.000000
1872.278186   0.000000
1872.860823   0.000000
1873.443490   0.000000
1874.026186   1.000000
1874.608912   1.000000
1875.191667   1.000000
1875.774452   0.000000
1876.357267   0.000000
1876.940111   1.000000
1877.522985   0.000000
1878.105888   0.000000
1878.688821   0.000000
1879.271783   1.000000
1879.854775   1.000000
1880.437797   0.000000
1881.020848   0.000000
1881.603928   2.000000
1882.187039   2.000000
1882.770178   0.000000
1883.353348   0.000000
1883.936547   0.000000
1884.519775   0.000000
1885.103033   0.000000
1885.686321   0.000000
1886.269638   1.000000
1886.852985   1.000000
1887.436362   0.000000
1888.019768   0.000000
1888.603203   1.000000
1889.186668   0.000000
1889.770163   0.000000
1890.353687   1.000000
1890.937241   1.000000
1891.520824   0.000000
1892.104437   0.000000
1892.688080   0.000000
1893.271752   1.000000
1893.855454   1.000000
1894.439185   1.000000
1895.022946   0.000000
1895.606736   0.000000
1896.190556   0.000000
1896.774406   0.000000
1897.358285   0.000000
1897.942193   0.000000
1898.526132   0.000000
1899.110100   1.000000
1899.694097   0.000000
1900.278124   0.000000
1900.862180   1.000000
1901.446267   0.000000
1902.030382   0.000000
1902.614527   0.000000
1903.198702   0.000000
1903.782907   1.000000
1904.367141   0.000000
1904.951404   2.000000
1905.535697   0.000000
1906.120020   0.000000
1906.704372   0.000000
1907.288754   0.000000
1907.873165   0.000000
1908.457606   0.000000
1909.042077   1.000000
1909.626577   0.000000
1910.211107   0.000000
1910.795666   0.000000
1911.380255   1.000000
1911.964873   1.000000
1912.549521   0.000000
1913.134199   0.000000
1913.718906   2.000000
1914.303643   0.000000
1914.888409   0.000000
1915.473205   2.000000
1916.058030   0.000000
1916.642885   0.000000
1917.227769   1.000000
1917.812684   0.000000
1918.397627   0.000000
1918.982601   0.000000
1919.567603   0.000000
1920.152636   1.000000
1920.737698   1.000000
1921.322789   0.000000
1921.907910   0.000000
1922.493061   0.000000
1923.078241   1.000000
1923.663451   0.000000
1924.248691   0.000000
1924.833959   1.000000
1925.419258   0.000000
1926.004586   1.000000
1926.589944   0.000000
1927.175331   0.000000
1927.760748   0.000000
1928.346194   0.000000
1928.931670   0.000000
1929.517176   0.000000
1930.102711   0.000000
1930.688276   0.000000
1931.273870   0.000000
1931.859494   0.000000
1932.445147   0.000000
1933.030830   1.000000
1933.616543   1.000000
1934.202285   0.000000
1934.788056   1.000000
1935.373858   0.000000
1935.959688   0.000000
1936.545549   0.000000
1937.131439   0.000000
1937.717358   0.000000
1938.303307   1.000000
1938.889286   0.000000
1939.475294   1.000000
1940.061332   0.000000
1940.647400   1.000000
1941.233497   1.000000
1941.819623   2.000000
1942.405779   1.000000
1942.991965   0.000000
1943.578180   0.000000
1944.164425   0.000000
1944.750699   1.000000
1945.337003   0.000000
1945.923337   0.000000
1946.509700   3.000000
1947.096093   0.000000
1947.682515   0.000000
1948.268967   0.000000
1948.855448   0.000000
1949.441959   0.000000
1950.028500   0.000000
1950.615070   0.000000
1951.201669   0.000000
1951.788299   2.000000
1952.374957   1.000000
1952.961646   0.000000
1953.548364   0.000000
1954.135111   1.000000
1954.721888   1.000000
1955.308695   0.000000
1955.895531   1.000000
1956.482397   0.000000
1957.069293   1.000000
1957.656218   0.000000
1958.243172   0.000000
1958.830156   1.000000
1959.417170   0.000000
1960.004213   1.000000
1960.591286   0.000000
1961.178388   0.000000
1961.765520   0.000000
1962.352682   0.000000
1962.939873   0.000000
1963.527094   1.000000
1964.114344   2.000000
1964.701624   0.000000
1965.288933   0.000000
1965.876272   0.000000
1966.463641   0.000000
1967.051039   1.000000
1967.638466   0.000000
1968.225924   0.000000
1968.813410   1.000000
1969.400927   1.000000
1969.988473   2.000000
1970.576048   0.000000
1971.163653   0.000000
1971.751288   0.000000
1972.338952   0.000000
1972.926646   0.000000
1973.514370   1.000000
1974.102123   1.000000
1974.689905   0.000000
1975.277717   0.000000
1975.865559   0.000000
1976.453430   4.000000
1977.041331   0.000000
1977.629261   0.000000
1978.217221   0.000000
1978.805211   0.000000
1979.393230   2.000000
1979.981279   1.000000
1980.569357   1.000000
1981.157465   1.000000
1981.745602   0.000000
1982.333769   0.000000
1982.921966   0.000000
1983.510192   0.000000
1984.098447   0.000000
1984.686733   0.000000
1985.275047   1.000000
1985.863392   0.000000
1986.451766   1.000000
1987.040169   0.000000
1987.628602   0.000000
1988.217065   0.000000
1988.805557   0.000000
1989.394079   1.000000
1989.982631   0.000000
1990.571211   1.000000
1991.159822   0.000000
1991.748462   0.000000
1992.337132   0.000000
1992.925831   0.000000
1993.514560   1.000000
1994.103318   1.000000
1994.692106   0.000000
1995.280924   0.000000
1995.869771   0.000000
1996.458648   1.000000
1997.047554   0.000000
1997.636490   2.000000
1998.225455   0.000000
1998.814450   1.000000
1999.403475   0.000000
1999.992529   0.000000
2000.581612   0.000000
2001.170726   0.000000
2001.759868   0.000000
2002.349041   0.000000
2002.938243   0.000000
2003.527474   0.000000
2004.116735   0.000000
2004.706026   2.000000
2005.295346   0.000000
2005.884696   0.000000
2006.474075   0.000000
2007.063484   1.000000
2007.652923   0.000000
2008.242391   0.000000
2008.831889   0.000000
2009.421416   1.000000
2010.010973   0.000000
2010.600559   0.000000
2011.190175   0.000000
2011.779821   0.000000
2012.369496   0.000000
2012.959200   1.000000
2013.548935   1.000000
2014.138699   0.000000
2014.728492   0.000000
2015.318315   0.000000
2015.908167   0.000000
2016.498050   0.000000
2017.087961   0.000000
2017.677902   1.000000
2018.267873   2.000000
2018.857874   0.000000
2019.447904   0.000000
2020.037963   1.000000
2020.628052   0.000000
2021.218171   0.000000
2021.808319   1.000000
2022.398497   1.000000
2022.988704   0.000000
2023.578941   1.000000
2024.169208   0.000000
2024.759504   1.000000
2025.349830   0.000000
2025.940185   1.000000
2026.530570   0.000000
2027.120984   0.000000
2027.711428   0.000000
2028.301902   0.000000
2028.892405   1.000000
2029.482937   0.000000
2030.073500   0.000000
2030.664091   0.000000
2031.254713   0.000000
2031.845364   0.000000
2032.436044   0.000000
2033.026754   0.000000
2033.617494   0.000000
2034.208263   1.000000
2034.799062   0.000000
2035.389891   0.000000
2035.980749   0.000000
2036.571636   2.000000
2037.162553   0.000000
2037.753500   0.000000
2038.344476   2.000000
2038.935482   0.000000
2039.526517   1.000000
2040.117582   0.000000
2040.708677   0.000000
2041.299801   0.000000
2041.890955   2.000000
2042.482138   0.000000
2043.073351   1.000000
2043.664593   0.000000
2044.255865   2.000000
2044.847167   0.000000
2045.438498   0.000000
2046.029858   0.000000
2046.621249   0.000000
2047.212668   0.000000
2047.804118   0.000000
2048.395597   0.000000
2048.987105   1.000000
2049.578643   0.000000
2050.170211   0.000000
2050.761808   0.000000
2051.353435   0.000000
2051.945091   0.000000
2052.536777   0.000000
2053.128493   0.000000
2053.720238   0.000000
2054.312013   1.000000
2054.903817   0.000000
2055.495651   1.000000
2056.087514   0.000000
2056.679407   0.000000
2057.271330   0.000000
2057.863282   0.000000
2058.455263   0.000000
2059.047275   0.000000
2059.639316   1.000000
2060.231386   0.000000
2060.823486   0.000000
2061.415615   0.000000
2062.007775   0.000000
2062.599963   0.000000
2063.192181   1.000000
2063.784429   2.000000
2064.376707   1.000000
2064.969014   1.000000
2065.561350   0.000000
2066.153716   0.000000
2066.746112   0.000000
2067.338537   0.000000
2067.930992   0.000000
2068.523476   0.000000
2069.115990   0.000000
2069.708534   1.000000
2070.301107   1.000000
2070.893710   0.000000
2071.486342   0.000000
2072.079004   1.000000
2072.671695   1.000000
2073.264416   0.000000
2073.857167   0.000000
2074.449947   0.000000
2075.042756   0.000000
2075.635596   0.000000
2076.228464   0.000000
2076.821363   1.000000
2077.414291   1.000000
2078.007248   1.000000
2078.600235   0.000000
2079.193252   1.000000
2079.786298   0.000000
2080.379374   0.000000
2080.972479   0.000000
2081.565614   2.000000
2082.158779   0.000000
2082.751973   1.000000
2083.345197   1.000000
2083.938450   0.000000
2084.531733   0.000000
2085.125045   0.000000
2085.718387   0.000000
2086.311759   0.000000
2086.905160   0.000000
2087.498590   1.000000
2088.092051   0.000000
2088.685541   1.000000
2089.279060   0.000000
2089.872609   0.000000
2090.466187   1.000000
2091.059795   0.000000
2091.653433   0.000000
2092.247100   0.000000
2092.840797   0.000000
2093.434524   0.000000
2094.028280   1.000000
2094.622065   1.000000
2095.215880   0.000000
2095.809725   0.000000
2096.403599   1.000000
2096.997503   1.000000
2097.591436   1.000000
2098.185399   0.000000
2098.779392   0.000000
2099.373414   0.000000
2099.967466   0.000000
2100.561547   0.000000
2101.155658   0.000000
2101.749798   0.000000
2102.343968   0.000000
2102.938167   1.000000
2103.532397   1.000000
2104.126655   1.000000
2104.720944   1.000000
2105.315261   0.000000
2105.909609   0.000000
2106.503986   0.000000
2107.098392   0.000000
2107.692828   1.000000
2108.287294   1.000000
2108.881789   1.000000
2109.476314   0.000000
2110.070868   0.000000
2110.665452   1.000000
2111.260066   0.000000
2111.854709   0.000000
2112.449382   1.000000
2113.044084   1.000000
2113.638816   1.000000
2114.233577   2.000000
2114.828368   1.000000
2115.423189   0.000000
2116.018039   0.000000
2116.612918   0.000000
2117.207828   0.000000
2117.802766   0.000000
2118.397735   0.000000
2118.992733   0.000000
2119.587760   0.000000
2120.182817   1.000000
2120.777904   1.000000
2121.373020   0.000000
2121.968166   0.000000
2122.563342   1.000000
2123.158546   0.000000
2123.753781   0.000000
2124.349045   1.000000
2124.944339   0.000000
2125.539662   0.000000
2126.135015   0.000000
2126.730397   0.000000
2127.325809   0.000000
2127.921251   1.000000
2128.516722   0.000000
2129.112222   0.000000
2129.707753   1.000000
2130.303313   0.000000
2130.898902   0.000000
2131.494521   0.000000
2132.090169   3.000000
2132.685847   0.000000
2133.281555   1.000000
2133.877292   0.000000
2134.473059   0.000000
2135.068856   1.000000
2135.664682   0.000000
2136.260537   0.000000
2136.856422   1.000000
2137.452337   0.000000
2138.048281   1.000000
2138.644255   1.000000
2139.240258   0.000000
2139.836291   0.000000
2140.432354   1.000000
2141.028446   0.000000
2141.624568   1.000000
2142.220719   1.000000
2142.816900   1.000000
2143.413110   2.000000
2144.009350   1.000000
2144.605619   0.000000
2145.201919   1.000000
2145.798247   0.000000
2146.394605   0.000000
2146.990993   0.000000
2147.587411   0.000000
2148.183858   2.000000
2148.780334   0.000000
2149.376840   0.000000
2149.973376   0.000000
2150.569941   0.000000
2151.166536   0.000000
2151.763160   0.000000
2152.359814   0.000000
2152.956498   0.000000
2153.553211   0.000000
2154.149954   0.000000
2154.746726   0.000000
2155.343528   0.000000
2155.940359   0.000000
2156.537220   0.000000
2157.134111   0.000000
2157.731031   0.000000
2158.327980   0.000000
2158.924960   0.000000
2159.521968   1.000000
2160.119007   0.000000
2160.716075   2.000000
2161.313172   0.000000
2161.910299   1.000000
2162.507456   1.000000
2163.104642   1.000000
2163.701858   1.000000
2164.299103   0.000000
2164.896378   0.000000
2165.493683   0.000000
2166.091017   1.000000
2166.688381   0.000000
2167.285774   0.000000
2167.883197   0.000000
2168.480649   1.000000
2169.078131   1.000000
2169.675643   0.000000
2170.273184   1.000000
2170.870754   0.000000
2171.468355   0.000000
2172.065984   0.000000
2172.663644   0.000000
2173.261333   0.000000
2173.859051   0.000000
2174.456799   0.000000
2175.054577   0.000000
2175.652384   1.000000
2176.250221   0.000000
2176.848087   0.000000
2177.445983   0.000000
2178.043909   1.000000
2178.641864   0.000000
2179.239849   1.000000
2179.837863   0.000000
2180.435907   0.000000
2181.033980   2.000000
2181.632083   0.000000
2182.230216   0.000000
2182.828378   1.000000
2183.426569   1.000000
2184.024791   1.000000
2184.623041   0.000000
2185.221322   2.000000
2185.819632   0.000000
2186.417971   1.000000
2187.016340   0.000000
2187.614739   0.000000
2188.213167   0.000000
2188.811625   0.000000
2189.410112   0.000000
2190.008629   1.000000
2190.607176   3.000000
2191.205752   2.000000
2191.804358   1.000000
2192.402993   1.000000
2193.001658   0.000000
2193.600352   0.000000
2194.199076   1.000000
2194.797830   1.000000
2195.396613   0.000000
2195.995425   1.000000
2196.594268   0.000000
2197.193139   3.000000
2197.792041   0.000000
2198.390972   1.000000
2198.989932   0.000000
2199.588922   0.000000
2200.187942   0.000000
2200.786991   1.000000
2201.386070   1.000000
2201.985178   0.000000
2202.584316   0.000000
2203.183484   0.000000
2203.782681   0.000000
2204.381908   0.000000
2204.981164   0.000000
2205.580450   0.000000
2206.179765   0.000000
2206.779110   1.000000
2207.378485   0.000000
2207.977889   1.000000
2208.577322   0.000000
2209.176786   0.000000
2209.776278 944.000000
