
Drone Start Time:2019-10-24 11:31:47
Detector Start Time: 2019_10_24_11_30_07_877 

Mark positions:
Position, Frame, time (s)

0   235  7.800000
1   269  8.933333
2   307 10.200000
3   365 12.133333 
4   400 13.300000
5   518 17.233333
6   567 18.866667   --- 2019-10-24 11:32:05:866
7   599 19.933333
8   625 20.800000
9   647 21.533333
10  668 22.233333
11  686 22.833333
12  703 23.400000

12 908  30.233333
11 914  30.433333
10 920  30.633333
9  924  30.766667
8  928  30.900000
7  932  31.033333
6  938  31.233333      2019-10-24 11:32:18:233 
5  942  31.366667
4  947  31.533333
3  953  31.733333
2  963  32.066667
1 1000  33.300000
0 1025  34.133333

 0.49   3.010005
 1.53   2.004841
 2.50  12.035848       2019_10_24_11_30_10_825 <--- center of the peak
 3.49  12.042935
 4.50   2.007244
 5.50   1.003346
 6.50   0.000000
 7.48   0.000000
 8.50   1.003027
 9.47   0.000000
10.50   1.002757
11.51   0.000000
12.51   0.000000
13.50   1.002606
14.49   1.002506
15.51   6.015007
16.47   1.002604
17.50   2.005018
18.56   0.000000
19.50   0.000000

Offset time = 2019-10-24 11:32:18:233  2019_10_24_11_30_10_825 ---  about 2min difference  