2019_09_26_17_32_59_579 /home/raspion_user/data/Beacon_efficiency_57Co_50cm_1min.sp 15658   60.000   59.089 15.498519 0.481036  0.000016097
  15.499 0
  15.980 0
  16.461 0
  16.942 0
  17.423 0
  17.904 0
  18.385 0
  18.867 0
  19.348 0
  19.829 0
  20.310 0
  20.792 0
  21.273 0
  21.755 0
  22.236 0
  22.718 0
  23.199 0
  23.681 0
  24.162 0
  24.644 0
  25.126 0
  25.607 0
  26.089 0
  26.571 0
  27.053 0
  27.534 0
  28.016 0
  28.498 0
  28.980 0
  29.462 0
  29.944 0
  30.426 0
  30.908 3
  31.390 1
  31.872 1
  32.354 0
  32.837 2
  33.319 5
  33.801 0
  34.283 4
  34.766 3
  35.248 5
  35.730 2
  36.213 3
  36.695 0
  37.178 5
  37.660 6
  38.143 6
  38.625 5
  39.108 3
  39.591 5
  40.073 7
  40.556 4
  41.039 4
  41.521 6
  42.004 4
  42.487 10
  42.970 10
  43.453 5
  43.936 4
  44.419 5
  44.902 5
  45.385 1
  45.868 3
  46.351 4
  46.834 3
  47.317 1
  47.800 6
  48.283 8
  48.767 5
  49.250 4
  49.733 5
  50.217 5
  50.700 1
  51.183 2
  51.667 3
  52.150 5
  52.634 7
  53.117 1
  53.601 3
  54.084 7
  54.568 7
  55.052 6
  55.535 6
  56.019 3
  56.503 6
  56.987 5
  57.470 6
  57.954 4
  58.438 3
  58.922 8
  59.406 3
  59.890 4
  60.374 6
  60.858 6
  61.342 7
  61.826 4
  62.310 4
  62.795 1
  63.279 6
  63.763 9
  64.247 8
  64.732 10
  65.216 8
  65.700 8
  66.185 3
  66.669 4
  67.154 6
  67.638 4
  68.123 10
  68.607 13
  69.092 8
  69.576 7
  70.061 9
  70.546 10
  71.031 8
  71.515 5
  72.000 12
  72.485 13
  72.970 16
  73.455 12
  73.940 8
  74.424 15
  74.909 16
  75.394 12
  75.880 11
  76.365 11
  76.850 16
  77.335 11
  77.820 12
  78.305 11
  78.790 12
  79.276 14
  79.761 19
  80.246 23
  80.732 27
  81.217 27
  81.703 19
  82.188 21
  82.674 30
  83.159 20
  83.645 26
  84.130 26
  84.616 18
  85.101 10
  85.587 32
  86.073 19
  86.559 27
  87.044 26
  87.530 28
  88.016 29
  88.502 22
  88.988 22
  89.474 23
  89.960 36
  90.446 23
  90.932 19
  91.418 19
  91.904 22
  92.390 25
  92.876 23
  93.363 35
  93.849 23
  94.335 16
  94.821 19
  95.308 27
  95.794 20
  96.280 21
  96.767 12
  97.253 24
  97.740 22
  98.226 31
  98.713 24
  99.200 25
  99.686 25
 100.173 35
 100.659 20
 101.146 30
 101.633 23
 102.120 28
 102.607 23
 103.093 24
 103.580 24
 104.067 17
 104.554 24
 105.041 32
 105.528 46
 106.015 27
 106.502 21
 106.989 31
 107.476 30
 107.964 23
 108.451 32
 108.938 38
 109.425 29
 109.913 32
 110.400 40
 110.887 35
 111.375 53
 111.862 41
 112.350 33
 112.837 39
 113.325 42
 113.812 40
 114.300 48
 114.787 49
 115.275 45
 115.763 39
 116.250 52
 116.738 44
 117.226 38
 117.714 40
 118.202 42
 118.689 51
 119.177 46
 119.665 47
 120.153 52
 120.641 40
 121.129 49
 121.617 45
 122.106 51
 122.594 60
 123.082 43
 123.570 49
 124.058 50
 124.547 46
 125.035 34
 125.523 43
 126.012 38
 126.500 54
 126.988 45
 127.477 45
 127.965 52
 128.454 48
 128.942 43
 129.431 58
 129.920 66
 130.408 66
 130.897 70
 131.386 66
 131.874 78
 132.363 57
 132.852 68
 133.341 93
 133.830 74
 134.319 84
 134.808 97
 135.296 100
 135.785 98
 136.275 135
 136.764 143
 137.253 146
 137.742 108
 138.231 141
 138.720 138
 139.209 163
 139.699 170
 140.188 181
 140.677 194
 141.167 146
 141.656 172
 142.145 205
 142.635 205
 143.124 203
 143.614 180
 144.103 195
 144.593 185
 145.083 198
 145.572 171
 146.062 185
 146.552 167
 147.041 172
 147.531 152
 148.021 177
 148.511 182
 149.001 143
 149.491 159
 149.981 140
 150.471 152
 150.961 150
 151.451 142
 151.941 126
 152.431 129
 152.921 112
 153.411 104
 153.901 98
 154.391 120
 154.882 88
 155.372 97
 155.862 97
 156.353 78
 156.843 79
 157.334 98
 157.824 64
 158.314 63
 158.805 56
 159.296 56
 159.786 68
 160.277 51
 160.767 41
 161.258 52
 161.749 43
 162.240 46
 162.730 32
 163.221 41
 163.712 36
 164.203 36
 164.694 34
 165.185 25
 165.676 31
 166.167 27
 166.658 36
 167.149 20
 167.640 24
 168.131 26
 168.622 21
 169.113 19
 169.605 21
 170.096 23
 170.587 27
 171.078 26
 171.570 17
 172.061 19
 172.553 18
 173.044 27
 173.535 17
 174.027 14
 174.519 9
 175.010 11
 175.502 17
 175.993 13
 176.485 10
 176.977 13
 177.468 17
 177.960 6
 178.452 11
 178.944 9
 179.436 10
 179.928 12
 180.420 14
 180.912 11
 181.404 11
 181.896 6
 182.388 9
 182.880 7
 183.372 7
 183.864 7
 184.356 13
 184.848 13
 185.341 13
 185.833 12
 186.325 9
 186.818 8
 187.310 13
 187.802 5
 188.295 7
 188.787 9
 189.280 13
 189.772 8
 190.265 6
 190.758 9
 191.250 6
 191.743 6
 192.236 8
 192.728 7
 193.221 8
 193.714 8
 194.207 4
 194.700 6
 195.193 9
 195.686 9
 196.178 7
 196.671 6
 197.165 11
 197.658 10
 198.151 7
 198.644 10
 199.137 3
 199.630 8
 200.123 10
 200.617 7
 201.110 10
 201.603 12
 202.097 11
 202.590 5
 203.083 8
 203.577 13
 204.070 10
 204.564 5
 205.057 5
 205.551 12
 206.045 9
 206.538 11
 207.032 5
 207.526 11
 208.019 7
 208.513 6
 209.007 8
 209.501 10
 209.995 6
 210.488 5
 210.982 1
 211.476 9
 211.970 7
 212.464 10
 212.958 5
 213.453 4
 213.947 4
 214.441 6
 214.935 5
 215.429 4
 215.923 8
 216.418 7
 216.912 9
 217.406 6
 217.901 5
 218.395 5
 218.890 9
 219.384 11
 219.879 7
 220.373 7
 220.868 6
 221.362 9
 221.857 7
 222.352 7
 222.846 7
 223.341 4
 223.836 5
 224.331 6
 224.825 6
 225.320 2
 225.815 7
 226.310 4
 226.805 6
 227.300 3
 227.795 1
 228.290 4
 228.785 1
 229.280 6
 229.776 8
 230.271 3
 230.766 6
 231.261 9
 231.756 3
 232.252 6
 232.747 6
 233.243 4
 233.738 7
 234.233 3
 234.729 5
 235.224 5
 235.720 4
 236.215 1
 236.711 8
 237.207 7
 237.702 6
 238.198 4
 238.694 8
 239.190 6
 239.685 1
 240.181 3
 240.677 4
 241.173 4
 241.669 5
 242.165 2
 242.661 4
 243.157 5
 243.653 7
 244.149 8
 244.645 3
 245.141 6
 245.637 6
 246.134 2
 246.630 7
 247.126 7
 247.623 5
 248.119 9
 248.615 2
 249.112 5
 249.608 4
 250.105 4
 250.601 3
 251.098 5
 251.594 7
 252.091 6
 252.587 3
 253.084 6
 253.581 6
 254.077 8
 254.574 5
 255.071 7
 255.568 10
 256.065 6
 256.562 6
 257.059 7
 257.556 4
 258.052 6
 258.550 5
 259.047 9
 259.544 6
 260.041 2
 260.538 5
 261.035 2
 261.532 5
 262.030 10
 262.527 6
 263.024 6
 263.521 1
 264.019 5
 264.516 4
 265.014 1
 265.511 5
 266.009 5
 266.506 3
 267.004 5
 267.501 3
 267.999 4
 268.497 4
 268.994 6
 269.492 2
 269.990 3
 270.488 6
 270.985 6
 271.483 4
 271.981 5
 272.479 1
 272.977 5
 273.475 1
 273.973 8
 274.471 2
 274.969 5
 275.467 3
 275.966 2
 276.464 3
 276.962 3
 277.460 8
 277.958 1
 278.457 4
 278.955 1
 279.453 0
 279.952 5
 280.450 4
 280.949 8
 281.447 6
 281.946 6
 282.444 4
 282.943 4
 283.442 2
 283.940 6
 284.439 1
 284.938 4
 285.436 4
 285.935 2
 286.434 5
 286.933 6
 287.432 2
 287.931 1
 288.430 4
 288.929 2
 289.428 3
 289.927 2
 290.426 1
 290.925 2
 291.424 6
 291.923 4
 292.422 4
 292.922 1
 293.421 4
 293.920 2
 294.420 2
 294.919 5
 295.418 4
 295.918 2
 296.417 2
 296.917 5
 297.416 4
 297.916 4
 298.415 4
 298.915 2
 299.415 2
 299.914 2
 300.414 4
 300.914 4
 301.414 2
 301.914 3
 302.413 3
 302.913 4
 303.413 4
 303.913 3
 304.413 2
 304.913 1
 305.413 5
 305.913 0
 306.413 0
 306.914 5
 307.414 1
 307.914 6
 308.414 4
 308.914 2
 309.415 3
 309.915 3
 310.415 1
 310.916 4
 311.416 1
 311.917 4
 312.417 4
 312.918 4
 313.418 3
 313.919 2
 314.420 2
 314.920 2
 315.421 2
 315.922 0
 316.422 2
 316.923 1
 317.424 3
 317.925 1
 318.426 3
 318.927 2
 319.428 1
 319.929 1
 320.430 4
 320.931 1
 321.432 3
 321.933 3
 322.434 1
 322.935 0
 323.436 2
 323.938 1
 324.439 7
 324.940 2
 325.441 2
 325.943 3
 326.444 1
 326.946 3
 327.447 2
 327.949 0
 328.450 3
 328.952 3
 329.453 2
 329.955 3
 330.457 1
 330.958 4
 331.460 3
 331.962 6
 332.463 4
 332.965 3
 333.467 1
 333.969 2
 334.471 3
 334.973 1
 335.475 3
 335.977 1
 336.479 4
 336.981 3
 337.483 5
 337.985 4
 338.487 3
 338.990 2
 339.492 1
 339.994 4
 340.496 5
 340.999 5
 341.501 1
 342.004 4
 342.506 0
 343.008 2
 343.511 4
 344.013 2
 344.516 1
 345.019 1
 345.521 4
 346.024 2
 346.527 1
 347.029 1
 347.532 4
 348.035 5
 348.538 2
 349.040 1
 349.543 4
 350.046 2
 350.549 2
 351.052 2
 351.555 1
 352.058 2
 352.561 3
 353.064 1
 353.568 3
 354.071 1
 354.574 3
 355.077 0
 355.580 1
 356.084 3
 356.587 0
 357.090 0
 357.594 4
 358.097 1
 358.601 3
 359.104 2
 359.608 0
 360.111 1
 360.615 2
 361.118 3
 361.622 3
 362.126 0
 362.630 2
 363.133 0
 363.637 0
 364.141 1
 364.645 0
 365.149 1
 365.652 5
 366.156 2
 366.660 2
 367.164 0
 367.668 3
 368.173 1
 368.677 2
 369.181 4
 369.685 3
 370.189 4
 370.693 1
 371.198 1
 371.702 2
 372.206 3
 372.711 4
 373.215 1
 373.719 1
 374.224 4
 374.728 3
 375.233 4
 375.737 0
 376.242 1
 376.747 2
 377.251 4
 377.756 1
 378.261 3
 378.765 2
 379.270 2
 379.775 1
 380.280 2
 380.785 1
 381.290 1
 381.795 2
 382.300 5
 382.805 4
 383.310 2
 383.815 2
 384.320 4
 384.825 1
 385.330 1
 385.835 4
 386.341 2
 386.846 0
 387.351 0
 387.856 4
 388.362 1
 388.867 5
 389.373 4
 389.878 3
 390.384 0
 390.889 2
 391.395 2
 391.900 0
 392.406 2
 392.911 2
 393.417 2
 393.923 5
 394.429 1
 394.934 3
 395.440 3
 395.946 2
 396.452 2
 396.958 5
 397.464 0
 397.970 2
 398.476 2
 398.982 0
 399.488 0
 399.994 0
 400.500 1
 401.006 2
 401.512 3
 402.019 2
 402.525 1
 403.031 2
 403.537 4
 404.044 0
 404.550 4
 405.057 5
 405.563 1
 406.070 0
 406.576 3
 407.083 0
 407.589 4
 408.096 4
 408.602 0
 409.109 2
 409.616 1
 410.123 1
 410.629 0
 411.136 1
 411.643 1
 412.150 2
 412.657 0
 413.164 3
 413.671 0
 414.178 2
 414.685 1
 415.192 0
 415.699 2
 416.206 3
 416.713 0
 417.220 2
 417.728 0
 418.235 1
 418.742 0
 419.250 3
 419.757 0
 420.264 0
 420.772 0
 421.279 0
 421.787 1
 422.294 0
 422.802 1
 423.309 1
 423.817 2
 424.324 1
 424.832 2
 425.340 2
 425.848 0
 426.355 1
 426.863 0
 427.371 2
 427.879 0
 428.387 1
 428.895 1
 429.403 1
 429.911 1
 430.419 0
 430.927 0
 431.435 2
 431.943 4
 432.451 1
 432.959 1
 433.468 0
 433.976 1
 434.484 1
 434.992 1
 435.501 1
 436.009 0
 436.518 2
 437.026 1
 437.535 1
 438.043 1
 438.552 0
 439.060 0
 439.569 1
 440.077 5
 440.586 3
 441.095 2
 441.604 1
 442.112 3
 442.621 0
 443.130 3
 443.639 2
 444.148 0
 444.657 3
 445.166 1
 445.675 0
 446.184 4
 446.693 1
 447.202 0
 447.711 1
 448.220 1
 448.729 0
 449.239 2
 449.748 2
 450.257 3
 450.766 2
 451.276 3
 451.785 1
 452.295 2
 452.804 1
 453.313 0
 453.823 1
 454.332 3
 454.842 1
 455.352 2
 455.861 1
 456.371 1
 456.881 1
 457.390 0
 457.900 2
 458.410 0
 458.920 0
 459.430 1
 459.940 2
 460.450 4
 460.959 1
 461.469 1
 461.980 0
 462.490 0
 463.000 2
 463.510 1
 464.020 0
 464.530 2
 465.040 0
 465.551 1
 466.061 2
 466.571 0
 467.082 4
 467.592 0
 468.102 2
 468.613 0
 469.123 1
 469.634 0
 470.144 1
 470.655 0
 471.166 4
 471.676 0
 472.187 2
 472.698 0
 473.208 4
 473.719 1
 474.230 3
 474.741 2
 475.252 1
 475.762 1
 476.273 1
 476.784 1
 477.295 2
 477.806 1
 478.317 0
 478.828 0
 479.340 2
 479.851 1
 480.362 1
 480.873 2
 481.384 3
 481.896 0
 482.407 0
 482.918 0
 483.430 1
 483.941 0
 484.453 4
 484.964 3
 485.476 1
 485.987 1
 486.499 2
 487.010 0
 487.522 0
 488.034 0
 488.545 1
 489.057 2
 489.569 1
 490.081 0
 490.592 3
 491.104 1
 491.616 0
 492.128 0
 492.640 0
 493.152 0
 493.664 2
 494.176 2
 494.688 0
 495.200 0
 495.712 2
 496.225 1
 496.737 2
 497.249 2
 497.761 2
 498.274 1
 498.786 2
 499.298 0
 499.811 1
 500.323 1
 500.836 1
 501.348 3
 501.861 2
 502.373 0
 502.886 0
 503.399 2
 503.911 1
 504.424 3
 504.937 2
 505.449 0
 505.962 1
 506.475 2
 506.988 2
 507.501 1
 508.014 0
 508.527 0
 509.040 0
 509.553 1
 510.066 2
 510.579 0
 511.092 3
 511.605 1
 512.118 0
 512.632 0
 513.145 0
 513.658 2
 514.171 1
 514.685 4
 515.198 1
 515.711 2
 516.225 1
 516.738 1
 517.252 2
 517.765 1
 518.279 0
 518.793 1
 519.306 0
 519.820 2
 520.334 0
 520.847 1
 521.361 2
 521.875 3
 522.389 0
 522.903 1
 523.416 3
 523.930 2
 524.444 2
 524.958 2
 525.472 4
 525.986 1
 526.500 2
 527.015 1
 527.529 3
 528.043 1
 528.557 3
 529.071 1
 529.586 3
 530.100 3
 530.614 0
 531.129 0
 531.643 3
 532.158 2
 532.672 4
 533.186 3
 533.701 2
 534.216 3
 534.730 1
 535.245 2
 535.759 1
 536.274 1
 536.789 1
 537.304 4
 537.818 4
 538.333 1
 538.848 2
 539.363 0
 539.878 1
 540.393 1
 540.908 1
 541.423 1
 541.938 2
 542.453 1
 542.968 3
 543.483 1
 543.998 2
 544.514 1
 545.029 1
 545.544 1
 546.059 1
 546.575 1
 547.090 1
 547.606 3
 548.121 2
 548.636 2
 549.152 0
 549.668 2
 550.183 3
 550.699 0
 551.214 1
 551.730 3
 552.246 2
 552.761 1
 553.277 3
 553.793 1
 554.309 0
 554.825 1
 555.341 0
 555.856 0
 556.372 0
 556.888 0
 557.404 1
 557.920 4
 558.436 4
 558.953 1
 559.469 0
 559.985 0
 560.501 3
 561.017 4
 561.534 1
 562.050 0
 562.566 0
 563.083 2
 563.599 1
 564.115 2
 564.632 1
 565.148 2
 565.665 1
 566.182 2
 566.698 1
 567.215 1
 567.731 2
 568.248 0
 568.765 0
 569.282 0
 569.798 2
 570.315 0
 570.832 1
 571.349 0
 571.866 2
 572.383 0
 572.900 0
 573.417 1
 573.934 1
 574.451 1
 574.968 1
 575.485 1
 576.002 1
 576.520 1
 577.037 1
 577.554 1
 578.071 1
 578.589 1
 579.106 0
 579.623 3
 580.141 0
 580.658 1
 581.176 0
 581.693 0
 582.211 1
 582.729 2
 583.246 0
 583.764 0
 584.281 3
 584.799 0
 585.317 0
 585.835 0
 586.353 1
 586.870 1
 587.388 2
 587.906 1
 588.424 1
 588.942 1
 589.460 1
 589.978 1
 590.496 2
 591.014 0
 591.533 0
 592.051 0
 592.569 1
 593.087 0
 593.605 1
 594.124 1
 594.642 1
 595.160 1
 595.679 1
 596.197 0
 596.716 0
 597.234 1
 597.753 0
 598.271 0
 598.790 1
 599.308 1
 599.827 0
 600.346 1
 600.865 0
 601.383 1
 601.902 1
 602.421 0
 602.940 0
 603.459 1
 603.978 0
 604.496 1
 605.015 1
 605.534 4
 606.054 0
 606.573 0
 607.092 0
 607.611 0
 608.130 1
 608.649 1
 609.168 0
 609.688 1
 610.207 0
 610.726 0
 611.246 1
 611.765 1
 612.285 0
 612.804 0
 613.323 0
 613.843 0
 614.363 0
 614.882 0
 615.402 4
 615.921 2
 616.441 1
 616.961 2
 617.481 0
 618.000 0
 618.520 1
 619.040 0
 619.560 1
 620.080 0
 620.600 1
 621.120 0
 621.640 1
 622.160 1
 622.680 2
 623.200 1
 623.720 0
 624.240 1
 624.760 1
 625.281 2
 625.801 2
 626.321 1
 626.842 0
 627.362 0
 627.882 1
 628.403 0
 628.923 0
 629.444 2
 629.964 1
 630.485 1
 631.005 1
 631.526 0
 632.047 0
 632.567 1
 633.088 1
 633.609 1
 634.130 1
 634.650 1
 635.171 1
 635.692 1
 636.213 0
 636.734 1
 637.255 2
 637.776 0
 638.297 0
 638.818 0
 639.339 1
 639.860 0
 640.381 0
 640.903 0
 641.424 2
 641.945 1
 642.466 1
 642.988 1
 643.509 1
 644.030 1
 644.552 2
 645.073 0
 645.595 1
 646.116 0
 646.638 1
 647.159 0
 647.681 1
 648.203 1
 648.724 0
 649.246 0
 649.768 0
 650.290 2
 650.811 0
 651.333 0
 651.855 0
 652.377 1
 652.899 0
 653.421 1
 653.943 1
 654.465 1
 654.987 0
 655.509 1
 656.031 1
 656.553 0
 657.076 2
 657.598 0
 658.120 0
 658.642 0
 659.165 3
 659.687 0
 660.210 1
 660.732 1
 661.254 0
 661.777 0
 662.299 0
 662.822 1
 663.345 1
 663.867 1
 664.390 2
 664.912 1
 665.435 0
 665.958 2
 666.481 2
 667.004 0
 667.526 1
 668.049 2
 668.572 0
 669.095 0
 669.618 0
 670.141 0
 670.664 0
 671.187 0
 671.710 2
 672.233 1
 672.757 1
 673.280 0
 673.803 0
 674.326 0
 674.850 0
 675.373 2
 675.896 2
 676.420 3
 676.943 0
 677.466 0
 677.990 1
 678.513 0
 679.037 0
 679.561 0
 680.084 3
 680.608 1
 681.132 0
 681.655 1
 682.179 1
 682.703 0
 683.227 0
 683.750 1
 684.274 1
 684.798 1
 685.322 0
 685.846 2
 686.370 2
 686.894 1
 687.418 1
 687.942 0
 688.466 0
 688.991 2
 689.515 3
 690.039 2
 690.563 0
 691.087 0
 691.612 2
 692.136 1
 692.661 0
 693.185 2
 693.709 0
 694.234 2
 694.758 0
 695.283 2
 695.808 1
 696.332 1
 696.857 1
 697.381 0
 697.906 0
 698.431 0
 698.956 1
 699.480 1
 700.005 1
 700.530 1
 701.055 1
 701.580 1
 702.105 0
 702.630 2
 703.155 1
 703.680 0
 704.205 0
 704.730 1
 705.255 1
 705.781 0
 706.306 1
 706.831 1
 707.356 1
 707.882 1
 708.407 0
 708.932 0
 709.458 0
 709.983 0
 710.509 1
 711.034 0
 711.560 2
 712.085 0
 712.611 0
 713.137 0
 713.662 1
 714.188 0
 714.714 2
 715.240 0
 715.765 0
 716.291 0
 716.817 1
 717.343 1
 717.869 0
 718.395 0
 718.921 0
 719.447 0
 719.973 0
 720.499 0
 721.025 0
 721.551 0
 722.078 0
 722.604 0
 723.130 1
 723.656 1
 724.183 0
 724.709 1
 725.235 0
 725.762 0
 726.288 1
 726.815 1
 727.341 2
 727.868 1
 728.394 0
 728.921 0
 729.448 0
 729.974 1
 730.501 1
 731.028 0
 731.554 0
 732.081 0
 732.608 0
 733.135 0
 733.662 0
 734.189 1
 734.716 0
 735.243 0
 735.770 0
 736.297 0
 736.824 0
 737.351 0
 737.878 2
 738.405 1
 738.933 0
 739.460 0
 739.987 0
 740.514 1
 741.042 0
 741.569 0
 742.097 0
 742.624 0
 743.151 0
 743.679 1
 744.206 1
 744.734 0
 745.262 0
 745.789 0
 746.317 1
 746.845 0
 747.372 0
 747.900 0
 748.428 0
 748.956 1
 749.484 1
 750.012 0
 750.539 0
 751.067 1
 751.595 0
 752.123 0
 752.651 0
 753.180 0
 753.708 1
 754.236 0
 754.764 0
 755.292 0
 755.821 0
 756.349 0
 756.877 0
 757.405 0
 757.934 1
 758.462 0
 758.991 0
 759.519 0
 760.048 1
 760.576 0
 761.105 0
 761.633 0
 762.162 1
 762.691 1
 763.219 0
 763.748 0
 764.277 0
 764.806 0
 765.334 0
 765.863 1
 766.392 0
 766.921 0
 767.450 0
 767.979 1
 768.508 0
 769.037 1
 769.566 0
 770.095 0
 770.625 1
 771.154 0
 771.683 0
 772.212 0
 772.741 1
 773.271 2
 773.800 0
 774.329 0
 774.859 0
 775.388 0
 775.918 0
 776.447 0
 776.977 0
 777.506 1
 778.036 0
 778.566 0
 779.095 0
 779.625 0
 780.155 0
 780.685 0
 781.214 1
 781.744 1
 782.274 0
 782.804 1
 783.334 0
 783.864 1
 784.394 1
 784.924 0
 785.454 0
 785.984 0
 786.514 0
 787.044 0
 787.574 0
 788.105 0
 788.635 0
 789.165 0
 789.695 0
 790.226 0
 790.756 2
 791.286 1
 791.817 0
 792.347 0
 792.878 0
 793.408 1
 793.939 0
 794.470 1
 795.000 0
 795.531 0
 796.062 1
 796.592 0
 797.123 0
 797.654 0
 798.185 0
 798.716 0
 799.246 0
 799.777 1
 800.308 0
 800.839 0
 801.370 0
 801.901 0
 802.432 1
 802.964 1
 803.495 0
 804.026 0
 804.557 0
 805.088 0
 805.620 2
 806.151 0
 806.682 0
 807.214 1
 807.745 0
 808.276 0
 808.808 0
 809.339 0
 809.871 0
 810.403 0
 810.934 1
 811.466 0
 811.997 0
 812.529 0
 813.061 0
 813.593 0
 814.124 0
 814.656 0
 815.188 0
 815.720 0
 816.252 1
 816.784 0
 817.316 0
 817.848 0
 818.380 0
 818.912 0
 819.444 1
 819.976 0
 820.508 0
 821.041 0
 821.573 0
 822.105 0
 822.637 0
 823.170 0
 823.702 2
 824.235 0
 824.767 0
 825.299 0
 825.832 2
 826.364 0
 826.897 0
 827.430 0
 827.962 0
 828.495 1
 829.028 0
 829.560 0
 830.093 0
 830.626 0
 831.159 0
 831.692 0
 832.224 0
 832.757 1
 833.290 0
 833.823 0
 834.356 0
 834.889 0
 835.422 0
 835.955 1
 836.489 0
 837.022 0
 837.555 1
 838.088 1
 838.622 0
 839.155 0
 839.688 0
 840.222 0
 840.755 0
 841.288 0
 841.822 0
 842.355 0
 842.889 0
 843.422 1
 843.956 1
 844.490 0
 845.023 0
 845.557 1
 846.091 2
 846.624 0
 847.158 0
 847.692 1
 848.226 0
 848.760 0
 849.294 0
 849.828 1
 850.362 2
 850.896 0
 851.430 1
 851.964 0
 852.498 0
 853.032 1
 853.566 0
 854.100 1
 854.635 1
 855.169 1
 855.703 0
 856.238 2
 856.772 0
 857.306 0
 857.841 0
 858.375 0
 858.910 1
 859.444 1
 859.979 1
 860.513 0
 861.048 0
 861.583 0
 862.117 0
 862.652 0
 863.187 0
 863.722 1
 864.256 0
 864.791 0
 865.326 0
 865.861 0
 866.396 0
 866.931 1
 867.466 0
 868.001 0
 868.536 0
 869.071 1
 869.606 0
 870.141 0
 870.677 1
 871.212 1
 871.747 1
 872.282 0
 872.818 0
 873.353 0
 873.889 0
 874.424 0
 874.959 2
 875.495 0
 876.030 0
 876.566 0
 877.102 2
 877.637 0
 878.173 2
 878.709 0
 879.244 0
 879.780 0
 880.316 0
 880.852 0
 881.387 0
 881.923 0
 882.459 0
 882.995 0
 883.531 0
 884.067 0
 884.603 0
 885.139 0
 885.675 0
 886.212 0
 886.748 0
 887.284 0
 887.820 0
 888.356 0
 888.893 0
 889.429 0
 889.965 0
 890.502 0
 891.038 0
 891.575 0
 892.111 0
 892.648 0
 893.184 1
 893.721 0
 894.257 0
 894.794 0
 895.331 1
 895.868 0
 896.404 0
 896.941 0
 897.478 0
 898.015 0
 898.552 0
 899.088 0
 899.625 0
 900.162 1
 900.699 0
 901.236 0
 901.774 0
 902.311 0
 902.848 0
 903.385 1
 903.922 0
 904.459 0
 904.997 0
 905.534 1
 906.071 1
 906.609 0
 907.146 0
 907.683 0
 908.221 1
 908.758 0
 909.296 1
 909.833 0
 910.371 0
 910.909 0
 911.446 0
 911.984 0
 912.522 0
 913.059 0
 913.597 0
 914.135 0
 914.673 0
 915.211 0
 915.749 0
 916.287 0
 916.825 0
 917.363 0
 917.901 0
 918.439 0
 918.977 0
 919.515 0
 920.053 0
 920.591 0
 921.129 0
 921.668 1
 922.206 0
 922.744 1
 923.283 1
 923.821 1
 924.360 0
 924.898 0
 925.436 0
 925.975 0
 926.514 0
 927.052 0
 927.591 0
 928.129 0
 928.668 0
 929.207 0
 929.745 0
 930.284 0
 930.823 0
 931.362 0
 931.901 0
 932.440 0
 932.979 0
 933.518 0
 934.057 0
 934.596 0
 935.135 0
 935.674 0
 936.213 0
 936.752 0
 937.291 0
 937.831 1
 938.370 0
 938.909 0
 939.448 0
 939.988 0
 940.527 1
 941.067 0
 941.606 0
 942.145 0
 942.685 0
 943.225 0
 943.764 1
 944.304 0
 944.843 0
 945.383 0
 945.923 0
 946.463 0
 947.002 0
 947.542 1
 948.082 0
 948.622 0
 949.162 0
 949.702 0
 950.242 0
 950.782 0
 951.322 0
 951.862 1
 952.402 1
 952.942 1
 953.482 0
 954.022 0
 954.563 0
 955.103 0
 955.643 0
 956.183 0
 956.724 0
 957.264 0
 957.805 0
 958.345 0
 958.885 0
 959.426 0
 959.967 2
 960.507 0
 961.048 0
 961.588 0
 962.129 1
 962.670 0
 963.210 0
 963.751 0
 964.292 0
 964.833 0
 965.374 0
 965.915 0
 966.456 0
 966.997 0
 967.538 0
 968.079 0
 968.620 1
 969.161 0
 969.702 0
 970.243 0
 970.784 0
 971.325 0
 971.867 1
 972.408 2
 972.949 0
 973.491 0
 974.032 0
 974.573 0
 975.115 0
 975.656 1
 976.198 0
 976.739 1
 977.281 0
 977.823 0
 978.364 1
 978.906 0
 979.448 0
 979.989 0
 980.531 0
 981.073 0
 981.615 0
 982.157 2
 982.699 0
 983.240 0
 983.782 0
 984.324 1
 984.866 0
 985.409 0
 985.951 0
 986.493 0
 987.035 0
 987.577 0
 988.119 0
 988.662 0
 989.204 0
 989.746 0
 990.289 0
 990.831 0
 991.373 0
 991.916 0
 992.458 0
 993.001 0
 993.543 0
 994.086 0
 994.628 1
 995.171 0
 995.714 0
 996.256 0
 996.799 0
 997.342 0
 997.885 0
 998.428 0
 998.970 0
 999.513 0
1000.056 0
1000.599 0
1001.142 0
1001.685 0
1002.228 1
1002.771 1
1003.315 0
1003.858 0
1004.401 0
1004.944 1
1005.487 0
1006.031 0
1006.574 0
1007.117 2
1007.661 0
1008.204 1
1008.748 0
1009.291 0
1009.835 0
1010.378 2
1010.922 0
1011.465 0
1012.009 0
1012.553 0
1013.096 1
1013.640 0
1014.184 1
1014.728 0
1015.271 1
1015.815 0
1016.359 0
1016.903 2
1017.447 0
1017.991 1
1018.535 0
1019.079 0
1019.623 0
1020.167 0
1020.711 0
1021.256 0
1021.800 0
1022.344 0
1022.888 0
1023.433 0
1023.977 0
1024.521 0
1025.066 0
1025.610 0
1026.155 0
1026.699 0
1027.244 0
1027.788 0
1028.333 0
1028.878 0
1029.422 0
1029.967 0
1030.512 0
1031.056 0
1031.601 0
1032.146 0
1032.691 1
1033.236 0
1033.781 0
1034.326 0
1034.871 0
1035.416 0
1035.961 0
1036.506 0
1037.051 0
1037.596 0
1038.141 0
1038.687 1
1039.232 0
1039.777 0
1040.322 1
1040.868 0
1041.413 0
1041.959 0
1042.504 0
1043.049 0
1043.595 0
1044.140 0
1044.686 0
1045.232 0
1045.777 1
1046.323 0
1046.869 0
1047.414 0
1047.960 0
1048.506 0
1049.052 0
1049.598 0
1050.144 0
1050.689 2
1051.235 0
1051.781 0
1052.327 0
1052.873 0
1053.420 0
1053.966 0
1054.512 1
1055.058 0
1055.604 0
1056.150 0
1056.697 1
1057.243 1
1057.789 0
1058.336 0
1058.882 0
1059.429 0
1059.975 0
1060.522 0
1061.068 0
1061.615 0
1062.161 0
1062.708 1
1063.255 0
1063.801 1
1064.348 0
1064.895 0
1065.442 0
1065.988 0
1066.535 0
1067.082 0
1067.629 0
1068.176 0
1068.723 1
1069.270 0
1069.817 1
1070.364 0
1070.911 0
1071.458 0
1072.006 1
1072.553 1
1073.100 0
1073.647 0
1074.195 0
1074.742 0
1075.289 0
1075.837 0
1076.384 0
1076.932 0
1077.479 0
1078.027 0
1078.574 0
1079.122 0
1079.669 0
1080.217 0
1080.765 0
1081.312 2
1081.860 0
1082.408 1
1082.956 1
1083.504 0
1084.052 0
1084.600 0
1085.147 0
1085.695 0
1086.243 0
1086.792 0
1087.340 0
1087.888 0
1088.436 0
1088.984 0
1089.532 0
1090.080 0
1090.629 0
1091.177 0
1091.725 0
1092.274 0
1092.822 0
1093.371 0
1093.919 0
1094.468 1
1095.016 0
1095.565 0
1096.113 0
1096.662 0
1097.211 1
1097.759 0
1098.308 1
1098.857 0
1099.406 0
1099.954 1
1100.503 0
1101.052 0
1101.601 0
1102.150 0
1102.699 0
1103.248 0
1103.797 0
1104.346 0
1104.895 1
1105.444 1
1105.993 0
1106.543 0
1107.092 0
1107.641 0
1108.190 0
1108.740 0
1109.289 0
1109.839 0
1110.388 0
1110.937 0
1111.487 0
1112.037 0
1112.586 0
1113.136 0
1113.685 0
1114.235 0
1114.785 0
1115.334 0
1115.884 1
1116.434 0
1116.984 0
1117.534 0
1118.083 0
1118.633 0
1119.183 0
1119.733 1
1120.283 0
1120.833 0
1121.383 0
1121.934 0
1122.484 0
1123.034 0
1123.584 1
1124.134 0
1124.685 0
1125.235 0
1125.785 0
1126.336 0
1126.886 0
1127.436 0
1127.987 0
1128.537 0
1129.088 0
1129.638 1
1130.189 0
1130.740 0
1131.290 0
1131.841 0
1132.392 0
1132.942 1
1133.493 0
1134.044 0
1134.595 0
1135.146 0
1135.697 0
1136.248 0
1136.799 0
1137.350 0
1137.901 0
1138.452 1
1139.003 0
1139.554 0
1140.105 0
1140.656 0
1141.208 0
1141.759 0
1142.310 0
1142.862 0
1143.413 0
1143.964 0
1144.516 0
1145.067 0
1145.619 0
1146.170 0
1146.722 1
1147.273 0
1147.825 0
1148.377 0
1148.928 0
1149.480 1
1150.032 0
1150.584 0
1151.135 0
1151.687 0
1152.239 1
1152.791 1
1153.343 0
1153.895 0
1154.447 0
1154.999 0
1155.551 0
1156.103 0
1156.655 0
1157.207 0
1157.760 0
1158.312 1
1158.864 0
1159.416 0
1159.969 0
1160.521 0
1161.074 0
1161.626 0
1162.178 0
1162.731 0
1163.283 0
1163.836 0
1164.389 0
1164.941 0
1165.494 1
1166.047 1
1166.599 0
1167.152 1
1167.705 0
1168.258 0
1168.810 2
1169.363 0
1169.916 0
1170.469 0
1171.022 0
1171.575 0
1172.128 0
1172.681 1
1173.234 0
1173.787 0
1174.341 0
1174.894 0
1175.447 0
1176.000 0
1176.554 0
1177.107 0
1177.660 0
1178.214 0
1178.767 0
1179.321 0
1179.874 1
1180.428 0
1180.981 0
1181.535 0
1182.088 0
1182.642 0
1183.196 0
1183.749 1
1184.303 0
1184.857 0
1185.411 0
1185.965 0
1186.518 0
1187.072 0
1187.626 0
1188.180 0
1188.734 0
1189.288 0
1189.842 0
1190.396 0
1190.951 0
1191.505 0
1192.059 0
1192.613 0
1193.167 0
1193.722 1
1194.276 0
1194.830 0
1195.385 0
1195.939 0
1196.494 0
1197.048 0
1197.603 0
1198.157 2
1198.712 0
1199.266 0
1199.821 0
1200.376 0
1200.930 0
1201.485 0
1202.040 1
1202.595 0
1203.150 0
1203.705 0
1204.259 0
1204.814 0
1205.369 0
1205.924 0
1206.479 0
1207.034 0
1207.590 0
1208.145 1
1208.700 0
1209.255 0
1209.810 0
1210.366 0
1210.921 0
1211.476 0
1212.031 0
1212.587 0
1213.142 0
1213.698 0
1214.253 0
1214.809 0
1215.364 0
1215.920 0
1216.475 0
1217.031 0
1217.587 0
1218.143 0
1218.698 0
1219.254 0
1219.810 0
1220.366 0
1220.922 0
1221.477 0
1222.033 0
1222.589 0
1223.145 0
1223.701 0
1224.257 0
1224.814 0
1225.370 0
1225.926 0
1226.482 0
1227.038 1
1227.595 0
1228.151 1
1228.707 0
1229.263 0
1229.820 1
1230.376 0
1230.933 0
1231.489 0
1232.046 0
1232.602 1
1233.159 0
1233.715 0
1234.272 1
1234.829 0
1235.386 0
1235.942 0
1236.499 0
1237.056 0
1237.613 0
1238.170 1
1238.726 0
1239.283 0
1239.840 0
1240.397 0
1240.954 0
1241.511 0
1242.069 0
1242.626 0
1243.183 0
1243.740 0
1244.297 0
1244.854 0
1245.412 0
1245.969 0
1246.526 1
1247.084 0
1247.641 0
1248.199 0
1248.756 0
1249.314 1
1249.871 0
1250.429 0
1250.986 0
1251.544 1
1252.102 0
1252.659 0
1253.217 0
1253.775 0
1254.333 0
1254.891 0
1255.448 0
1256.006 0
1256.564 0
1257.122 0
1257.680 1
1258.238 1
1258.796 0
1259.354 0
1259.913 0
1260.471 0
1261.029 0
1261.587 0
1262.145 0
1262.704 0
1263.262 0
1263.820 0
1264.379 0
1264.937 0
1265.496 0
1266.054 0
1266.613 0
1267.171 0
1267.730 1
1268.288 0
1268.847 1
1269.406 0
1269.964 1
1270.523 1
1271.082 0
1271.641 0
1272.199 0
1272.758 0
1273.317 0
1273.876 0
1274.435 0
1274.994 0
1275.553 1
1276.112 0
1276.671 0
1277.230 0
1277.790 1
1278.349 0
1278.908 0
1279.467 1
1280.026 0
1280.586 0
1281.145 0
1281.705 1
1282.264 0
1282.823 1
1283.383 0
1283.942 0
1284.502 0
1285.061 0
1285.621 0
1286.181 0
1286.740 2
1287.300 1
1287.860 1
1288.420 0
1288.979 0
1289.539 1
1290.099 1
1290.659 0
1291.219 0
1291.779 0
1292.339 0
1292.899 1
1293.459 1
1294.019 0
1294.579 1
1295.139 0
1295.699 1
1296.260 0
1296.820 1
1297.380 2
1297.941 1
1298.501 0
1299.061 0
1299.622 0
1300.182 0
1300.743 0
1301.303 0
1301.864 1
1302.424 0
1302.985 0
1303.545 0
1304.106 0
1304.667 1
1305.228 0
1305.788 0
1306.349 1
1306.910 0
1307.471 0
1308.032 0
1308.593 0
1309.154 0
1309.715 0
1310.276 0
1310.837 0
1311.398 0
1311.959 0
1312.520 0
1313.081 0
1313.642 1
1314.204 0
1314.765 0
1315.326 0
1315.888 1
1316.449 0
1317.010 1
1317.572 1
1318.133 0
1318.695 0
1319.256 0
1319.818 0
1320.379 0
1320.941 0
1321.503 0
1322.064 0
1322.626 0
1323.188 0
1323.750 1
1324.312 0
1324.873 0
1325.435 0
1325.997 0
1326.559 1
1327.121 0
1327.683 0
1328.245 1
1328.807 0
1329.369 0
1329.932 0
1330.494 1
1331.056 0
1331.618 0
1332.181 0
1332.743 0
1333.305 0
1333.868 0
1334.430 0
1334.992 1
1335.555 0
1336.117 0
1336.680 0
1337.242 0
1337.805 2
1338.368 0
1338.930 0
1339.493 0
1340.056 0
1340.619 0
1341.181 0
1341.744 0
1342.307 0
1342.870 0
1343.433 0
1343.996 0
1344.559 0
1345.122 0
1345.685 0
1346.248 0
1346.811 0
1347.374 0
1347.937 0
1348.501 0
1349.064 0
1349.627 0
1350.190 0
1350.754 0
1351.317 0
1351.881 0
1352.444 0
1353.007 0
1353.571 0
1354.134 0
1354.698 0
1355.262 0
1355.825 0
1356.389 0
1356.953 0
1357.516 0
1358.080 0
1358.644 0
1359.208 0
1359.772 0
1360.335 0
1360.899 0
1361.463 0
1362.027 0
1362.591 0
1363.155 0
1363.719 1
1364.284 0
1364.848 0
1365.412 0
1365.976 0
1366.540 0
1367.105 0
1367.669 0
1368.233 0
1368.798 0
1369.362 0
1369.926 0
1370.491 0
1371.055 0
1371.620 0
1372.185 0
1372.749 0
1373.314 1
1373.878 0
1374.443 0
1375.008 0
1375.573 0
1376.137 0
1376.702 0
1377.267 0
1377.832 0
1378.397 0
1378.962 1
1379.527 0
1380.092 0
1380.657 0
1381.222 0
1381.787 0
1382.352 0
1382.917 0
1383.483 0
1384.048 0
1384.613 0
1385.178 0
1385.744 0
1386.309 0
1386.874 0
1387.440 0
1388.005 0
1388.571 0
1389.136 0
1389.702 0
1390.268 0
1390.833 0
1391.399 0
1391.965 0
1392.530 0
1393.096 0
1393.662 0
1394.228 0
1394.793 0
1395.359 0
1395.925 0
1396.491 1
1397.057 0
1397.623 0
1398.189 0
1398.755 0
1399.321 0
1399.888 0
1400.454 1
1401.020 0
1401.586 0
1402.152 0
1402.719 0
1403.285 0
1403.851 0
1404.418 0
1404.984 0
1405.551 0
1406.117 0
1406.684 1
1407.250 0
1407.817 0
1408.384 0
1408.950 0
1409.517 0
1410.084 0
1410.650 0
1411.217 0
1411.784 0
1412.351 0
1412.918 0
1413.485 0
1414.052 0
1414.619 1
1415.186 0
1415.753 0
1416.320 0
1416.887 0
1417.454 0
1418.021 1
1418.588 0
1419.156 0
1419.723 0
1420.290 0
1420.857 0
1421.425 0
1421.992 0
1422.560 0
1423.127 0
1423.695 0
1424.262 0
1424.830 0
1425.397 0
1425.965 0
1426.533 0
1427.100 0
1427.668 1
1428.236 0
1428.803 0
1429.371 0
1429.939 0
1430.507 0
1431.075 0
1431.643 0
1432.211 0
1432.779 0
1433.347 0
1433.915 0
1434.483 0
1435.051 0
1435.619 0
1436.188 0
1436.756 0
1437.324 0
1437.892 0
1438.461 0
1439.029 0
1439.597 0
1440.166 0
1440.734 0
1441.303 0
1441.871 0
1442.440 0
1443.008 0
1443.577 0
1444.146 1
1444.714 0
1445.283 0
1445.852 0
1446.421 0
1446.989 0
1447.558 0
1448.127 0
1448.696 0
1449.265 1
1449.834 0
1450.403 0
1450.972 0
1451.541 2
1452.110 0
1452.679 0
1453.249 0
1453.818 0
1454.387 0
1454.956 0
1455.526 0
1456.095 0
1456.664 1
1457.234 0
1457.803 0
1458.373 0
1458.942 0
1459.512 0
1460.081 0
1460.651 1
1461.220 0
1461.790 0
1462.360 0
1462.929 0
1463.499 0
1464.069 0
1464.639 0
1465.209 0
1465.778 0
1466.348 0
1466.918 0
1467.488 0
1468.058 0
1468.628 0
1469.198 0
1469.768 0
1470.339 0
1470.909 0
1471.479 0
1472.049 0
1472.619 2
1473.190 0
1473.760 0
1474.330 0
1474.901 0
1475.471 0
1476.042 0
1476.612 0
1477.183 0
1477.753 0
1478.324 0
1478.894 0
1479.465 1
1480.036 0
1480.606 0
1481.177 2
1481.748 0
1482.319 0
1482.890 0
1483.460 0
1484.031 1
1484.602 0
1485.173 0
1485.744 0
1486.315 0
1486.886 0
1487.458 0
1488.029 0
1488.600 0
1489.171 0
1489.742 1
1490.313 0
1490.885 1
1491.456 0
1492.027 1
1492.599 0
1493.170 0
1493.742 1
1494.313 0
1494.885 0
1495.456 0
1496.028 0
1496.599 0
1497.171 0
1497.743 0
1498.314 0
1498.886 0
1499.458 0
1500.030 0
1500.602 0
1501.174 0
1501.745 0
1502.317 0
1502.889 0
1503.461 0
1504.033 0
1504.605 0
1505.178 0
1505.750 0
1506.322 0
1506.894 0
1507.466 0
1508.038 0
1508.611 0
1509.183 0
1509.755 0
1510.328 0
1510.900 0
1511.473 0
1512.045 0
1512.618 0
1513.190 1
1513.763 0
1514.335 0
1514.908 0
1515.481 0
1516.053 1
1516.626 0
1517.199 0
1517.772 0
1518.345 0
1518.918 0
1519.490 0
1520.063 1
1520.636 0
1521.209 0
1521.782 0
1522.355 0
1522.929 0
1523.502 0
1524.075 0
1524.648 1
1525.221 0
1525.794 0
1526.368 0
1526.941 0
1527.514 0
1528.088 0
1528.661 0
1529.235 0
1529.808 0
1530.382 0
1530.955 0
1531.529 0
1532.102 0
1532.676 1
1533.250 0
1533.823 0
1534.397 0
1534.971 1
1535.545 0
1536.119 0
1536.692 0
1537.266 1
1537.840 0
1538.414 0
1538.988 0
1539.562 0
1540.136 0
1540.710 0
1541.285 0
1541.859 0
1542.433 0
1543.007 0
1543.581 0
1544.156 0
1544.730 0
1545.304 0
1545.879 0
1546.453 0
1547.028 0
1547.602 0
1548.177 0
1548.751 0
1549.326 1
1549.900 0
1550.475 0
1551.050 0
1551.624 0
1552.199 0
1552.774 0
1553.349 0
1553.923 0
1554.498 0
1555.073 0
1555.648 0
1556.223 0
1556.798 0
1557.373 0
1557.948 1
1558.523 0
1559.098 0
1559.674 1
1560.249 0
1560.824 0
1561.399 0
1561.974 0
1562.550 0
1563.125 0
1563.701 0
1564.276 0
1564.851 1
1565.427 0
1566.002 0
1566.578 0
1567.153 0
1567.729 0
1568.305 0
1568.880 0
1569.456 0
1570.032 0
1570.608 0
1571.183 0
1571.759 0
1572.335 0
1572.911 0
1573.487 0
1574.063 0
1574.639 0
1575.215 0
1575.791 0
1576.367 0
1576.943 0
1577.519 0
1578.095 0
1578.672 0
1579.248 0
1579.824 0
1580.401 0
1580.977 0
1581.553 0
1582.130 0
1582.706 0
1583.283 0
1583.859 0
1584.436 0
1585.012 0
1585.589 0
1586.165 0
1586.742 0
1587.319 0
1587.896 0
1588.472 0
1589.049 1
1589.626 0
1590.203 0
1590.780 0
1591.357 0
1591.934 0
1592.511 0
1593.088 0
1593.665 0
1594.242 0
1594.819 0
1595.396 0
1595.973 0
1596.550 0
1597.128 0
1597.705 0
1598.282 0
1598.860 0
1599.437 0
1600.014 0
1600.592 0
1601.169 0
1601.747 0
1602.324 0
1602.902 0
1603.480 0
1604.057 0
1604.635 0
1605.213 0
1605.790 0
1606.368 0
1606.946 0
1607.524 0
1608.101 0
1608.679 0
1609.257 0
1609.835 0
1610.413 0
1610.991 0
1611.569 0
1612.147 0
1612.726 0
1613.304 0
1613.882 0
1614.460 0
1615.038 0
1615.617 0
1616.195 0
1616.773 0
1617.352 0
1617.930 0
1618.508 0
1619.087 0
1619.665 0
1620.244 0
1620.823 0
1621.401 0
1621.980 0
1622.558 0
1623.137 0
1623.716 0
1624.295 0
1624.873 0
1625.452 0
1626.031 0
1626.610 0
1627.189 0
1627.768 0
1628.347 0
1628.926 0
1629.505 0
1630.084 0
1630.663 0
1631.242 0
1631.821 0
1632.401 0
1632.980 0
1633.559 0
1634.138 0
1634.718 0
1635.297 0
1635.877 0
1636.456 0
1637.036 0
1637.615 0
1638.195 0
1638.774 0
1639.354 0
1639.933 0
1640.513 0
1641.093 0
1641.672 0
1642.252 0
1642.832 0
1643.412 0
1643.992 0
1644.572 1
1645.151 0
1645.731 0
1646.311 0
1646.891 0
1647.471 0
1648.052 0
1648.632 0
1649.212 0
1649.792 0
1650.372 0
1650.952 0
1651.533 0
1652.113 0
1652.693 0
1653.274 0
1653.854 0
1654.435 0
1655.015 0
1655.596 0
1656.176 0
1656.757 0
1657.337 0
1657.918 0
1658.499 0
1659.079 0
1659.660 0
1660.241 0
1660.821 0
1661.402 0
1661.983 0
1662.564 0
1663.145 0
1663.726 1
1664.307 0
1664.888 0
1665.469 0
1666.050 0
1666.631 0
1667.212 0
1667.793 0
1668.375 0
1668.956 0
1669.537 0
1670.118 0
1670.700 1
1671.281 0
1671.863 0
1672.444 0
1673.025 0
1673.607 0
1674.189 0
1674.770 0
1675.352 0
1675.933 0
1676.515 1
1677.097 0
1677.678 0
1678.260 0
1678.842 0
1679.424 0
1680.006 0
1680.587 0
1681.169 0
1681.751 0
1682.333 0
1682.915 0
1683.497 0
1684.079 0
1684.662 0
1685.244 0
1685.826 0
1686.408 0
1686.990 1
1687.573 0
1688.155 0
1688.737 0
1689.320 0
1689.902 0
1690.484 0
1691.067 0
1691.649 0
1692.232 0
1692.814 0
1693.397 0
1693.980 0
1694.562 0
1695.145 0
1695.728 0
1696.310 0
1696.893 0
1697.476 0
1698.059 0
1698.642 0
1699.225 0
1699.808 0
1700.391 0
1700.974 0
1701.557 0
1702.140 0
1702.723 0
1703.306 0
1703.889 0
1704.472 0
1705.056 0
1705.639 0
1706.222 0
1706.806 0
1707.389 0
1707.972 0
1708.556 0
1709.139 0
1709.723 0
1710.306 0
1710.890 0
1711.473 0
1712.057 0
1712.641 0
1713.224 0
1713.808 0
1714.392 0
1714.976 0
1715.559 0
1716.143 0
1716.727 0
1717.311 0
1717.895 0
1718.479 0
1719.063 0
1719.647 0
1720.231 0
1720.815 0
1721.399 0
1721.983 0
1722.568 0
1723.152 0
1723.736 0
1724.320 0
1724.905 0
1725.489 0
1726.074 0
1726.658 0
1727.242 0
1727.827 0
1728.411 0
1728.996 0
1729.581 0
1730.165 0
1730.750 0
1731.335 0
1731.919 0
1732.504 0
1733.089 0
1733.674 0
1734.258 1
1734.843 0
1735.428 0
1736.013 0
1736.598 0
1737.183 0
1737.768 0
1738.353 0
1738.938 0
1739.524 0
1740.109 0
1740.694 0
1741.279 0
1741.864 0
1742.450 0
1743.035 0
1743.620 0
1744.206 0
1744.791 0
1745.377 0
1745.962 0
1746.548 0
1747.133 0
1747.719 0
1748.304 0
1748.890 0
1749.476 0
1750.061 0
1750.647 0
1751.233 0
1751.819 0
1752.405 0
1752.991 0
1753.576 0
1754.162 0
1754.748 0
1755.334 0
1755.920 0
1756.506 0
1757.093 0
1757.679 1
1758.265 0
1758.851 0
1759.437 0
1760.024 0
1760.610 0
1761.196 0
1761.783 0
1762.369 0
1762.955 0
1763.542 0
1764.128 0
1764.715 0
1765.301 0
1765.888 0
1766.475 0
1767.061 0
1767.648 0
1768.235 0
1768.821 0
1769.408 0
1769.995 0
1770.582 0
1771.169 0
1771.756 0
1772.342 0
1772.929 0
1773.516 0
1774.104 0
1774.691 0
1775.278 0
1775.865 0
1776.452 0
1777.039 0
1777.626 0
1778.214 0
1778.801 0
1779.388 0
1779.976 0
1780.563 0
1781.150 0
1781.738 0
1782.325 0
1782.913 0
1783.500 0
1784.088 0
1784.676 1
1785.263 0
1785.851 0
1786.439 0
1787.026 0
1787.614 1
1788.202 0
1788.790 0
1789.378 1
1789.966 0
1790.554 1
1791.142 0
1791.730 0
1792.318 0
1792.906 0
1793.494 0
1794.082 0
1794.670 0
1795.258 0
1795.846 0
1796.435 0
1797.023 0
1797.611 0
1798.200 0
1798.788 0
1799.376 0
1799.965 0
1800.553 0
1801.142 0
1801.730 0
1802.319 0
1802.908 0
1803.496 0
1804.085 0
1804.674 0
1805.262 0
1805.851 0
1806.440 0
1807.029 0
1807.618 0
1808.207 0
1808.796 0
1809.385 0
1809.974 0
1810.563 0
1811.152 0
1811.741 0
1812.330 0
1812.919 0
1813.508 0
1814.097 0
1814.687 0
1815.276 0
1815.865 0
1816.455 0
1817.044 0
1817.633 0
1818.223 0
1818.812 0
1819.402 0
1819.991 0
1820.581 0
1821.171 0
1821.760 0
1822.350 0
1822.940 0
1823.529 0
1824.119 0
1824.709 0
1825.299 0
1825.889 0
1826.479 0
1827.068 0
1827.658 0
1828.248 0
1828.838 0
1829.429 0
1830.019 0
1830.609 0
1831.199 0
1831.789 0
1832.379 0
1832.970 0
1833.560 0
1834.150 0
1834.741 0
1835.331 0
1835.921 0
1836.512 0
1837.102 0
1837.693 0
1838.283 0
1838.874 0
1839.464 0
1840.055 0
1840.646 0
1841.236 0
1841.827 0
1842.418 0
1843.009 0
1843.600 1
1844.191 0
1844.781 0
1845.372 0
1845.963 0
1846.554 0
1847.145 0
1847.736 0
1848.327 0
1848.919 0
1849.510 0
1850.101 0
1850.692 0
1851.283 0
1851.875 0
1852.466 0
1853.057 0
1853.649 0
1854.240 0
1854.832 0
1855.423 0
1856.015 0
1856.606 0
1857.198 0
1857.789 0
1858.381 0
1858.973 0
1859.564 0
1860.156 0
1860.748 0
1861.340 0
1861.931 0
1862.523 0
1863.115 0
1863.707 0
1864.299 0
1864.891 0
1865.483 0
1866.075 0
1866.667 0
1867.259 0
1867.852 0
1868.444 0
1869.036 0
1869.628 0
1870.220 0
1870.813 0
1871.405 0
1871.998 0
1872.590 0
1873.182 0
1873.775 0
1874.367 0
1874.960 0
1875.552 0
1876.145 0
1876.738 0
1877.330 0
1877.923 0
1878.516 0
1879.109 0
1879.701 0
1880.294 0
1880.887 0
1881.480 0
1882.073 0
1882.666 0
1883.259 0
1883.852 0
1884.445 0
1885.038 0
1885.631 0
1886.224 0
1886.817 0
1887.411 0
1888.004 0
1888.597 0
1889.191 0
1889.784 0
1890.377 0
1890.971 0
1891.564 0
1892.158 0
1892.751 0
1893.345 0
1893.938 0
1894.532 0
1895.125 0
1895.719 0
1896.313 0
1896.907 0
1897.500 0
1898.094 0
1898.688 0
1899.282 0
1899.876 0
1900.470 0
1901.064 0
1901.658 0
1902.252 0
1902.846 0
1903.440 0
1904.034 0
1904.628 0
1905.222 0
1905.816 0
1906.411 0
1907.005 0
1907.599 0
1908.194 0
1908.788 0
1909.382 0
1909.977 0
1910.571 0
1911.166 0
1911.760 0
1912.355 1
1912.949 0
1913.544 0
1914.139 0
1914.733 0
1915.328 0
1915.923 0
1916.518 0
1917.113 0
1917.707 0
1918.302 0
1918.897 0
1919.492 0
1920.087 0
1920.682 0
1921.277 0
1921.872 0
1922.467 0
1923.063 0
1923.658 0
1924.253 0
1924.848 0
1925.443 0
1926.039 0
1926.634 0
1927.229 0
1927.825 0
1928.420 0
1929.016 0
1929.611 0
1930.207 0
1930.802 0
1931.398 0
1931.994 0
1932.589 0
1933.185 0
1933.781 0
1934.376 0
1934.972 0
1935.568 0
1936.164 0
1936.760 0
1937.356 0
1937.952 0
1938.548 0
1939.144 0
1939.740 0
1940.336 0
1940.932 0
1941.528 0
1942.124 0
1942.720 0
1943.317 0
1943.913 0
1944.509 0
1945.106 0
1945.702 0
1946.298 0
1946.895 0
1947.491 0
1948.088 0
1948.684 0
1949.281 0
1949.878 0
1950.474 0
1951.071 0
1951.667 0
1952.264 0
1952.861 0
1953.458 0
1954.055 0
1954.651 0
1955.248 0
1955.845 0
1956.442 0
1957.039 0
1957.636 0
1958.233 0
1958.830 0
1959.427 0
1960.025 0
1960.622 0
1961.219 0
1961.816 0
1962.413 0
1963.011 0
1963.608 0
1964.205 0
1964.803 0
1965.400 0
1965.998 0
1966.595 0
1967.193 0
1967.790 0
1968.388 0
1968.986 0
1969.583 0
1970.181 0
1970.779 0
1971.376 0
1971.974 0
1972.572 0
1973.170 0
1973.768 0
1974.366 0
1974.964 0
1975.562 0
1976.160 0
1976.758 0
1977.356 0
1977.954 0
1978.552 0
1979.150 0
1979.748 0
1980.347 0
1980.945 0
1981.543 0
1982.142 0
1982.740 0
1983.338 0
1983.937 0
1984.535 0
1985.134 0
1985.732 0
1986.331 0
1986.929 0
1987.528 0
1988.127 0
1988.725 0
1989.324 0
1989.923 0
1990.522 0
1991.120 0
1991.719 0
1992.318 0
1992.917 0
1993.516 0
1994.115 0
1994.714 0
1995.313 0
1995.912 0
1996.511 0
1997.110 0
1997.710 0
1998.309 0
1998.908 0
1999.507 0
2000.107 0
2000.706 0
2001.305 0
2001.905 0
2002.504 0
2003.104 0
2003.703 0
2004.303 0
2004.902 0
2005.502 0
2006.101 0
2006.701 0
2007.301 0
2007.900 0
2008.500 0
2009.100 0
2009.700 0
2010.300 0
2010.899 0
2011.499 0
2012.099 0
2012.699 0
2013.299 0
2013.899 0
2014.499 0
2015.100 0
2015.700 0
2016.300 0
2016.900 0
2017.500 0
2018.101 0
2018.701 0
2019.301 0
2019.902 0
2020.502 0
2021.102 0
2021.703 0
2022.303 0
2022.904 0
2023.504 0
2024.105 0
2024.706 0
2025.306 0
2025.907 0
2026.508 0
2027.108 0
2027.709 0
2028.310 0
2028.911 0
2029.512 0
2030.113 0
2030.714 0
2031.315 0
2031.916 0
2032.517 0
2033.118 0
2033.719 0
2034.320 0
2034.921 0
2035.522 0
2036.123 0
2036.725 0
2037.326 0
2037.927 0
2038.529 0
2039.130 0
2039.732 0
2040.333 0
2040.935 0
2041.536 0
2042.138 0
2042.739 0
2043.341 0
2043.942 0
2044.544 0
2045.146 0
2045.748 0
2046.349 0
2046.951 0
2047.553 0
2048.155 0
2048.757 0
2049.359 0
2049.961 0
2050.563 0
2051.165 0
2051.767 0
2052.369 0
2052.971 0
2053.573 0
2054.175 0
2054.778 0
2055.380 0
2055.982 0
2056.585 0
2057.187 0
2057.789 0
2058.392 0
2058.994 0
2059.597 0
2060.199 0
2060.802 0
2061.404 0
2062.007 0
2062.610 0
2063.212 0
2063.815 0
2064.418 0
2065.020 0
2065.623 0
2066.226 0
2066.829 0
2067.432 0
2068.035 0
2068.638 0
2069.241 0
2069.844 0
2070.447 0
2071.050 0
2071.653 0
2072.256 0
2072.860 0
2073.463 0
2074.066 0
2074.669 0
2075.273 0
2075.876 0
2076.479 0
2077.083 0
2077.686 0
2078.290 0
2078.893 0
2079.497 0
2080.100 0
2080.704 0
2081.308 0
2081.911 0
2082.515 0
2083.119 0
2083.723 0
2084.326 0
2084.930 0
2085.534 0
2086.138 0
2086.742 0
2087.346 0
2087.950 0
2088.554 0
2089.158 0
2089.762 0
2090.366 0
2090.970 0
2091.575 0
2092.179 0
2092.783 0
2093.387 0
2093.992 0
2094.596 0
2095.200 0
2095.805 0
2096.409 0
2097.014 0
2097.618 0
2098.223 0
2098.827 0
2099.432 0
2100.037 0
2100.641 0
2101.246 0
2101.851 0
2102.456 0
2103.060 0
2103.665 0
2104.270 0
2104.875 0
2105.480 0
2106.085 0
2106.690 0
2107.295 0
2107.900 0
2108.505 0
2109.110 0
2109.715 0
2110.321 0
2110.926 0
2111.531 0
2112.136 0
2112.742 0
2113.347 0
2113.952 0
2114.558 0
2115.163 0
2115.769 0
2116.374 0
2116.980 0
2117.585 0
2118.191 0
2118.797 0
2119.402 0
2120.008 0
2120.614 0
2121.220 0
2121.825 0
2122.431 0
2123.037 0
2123.643 0
2124.249 0
2124.855 0
2125.461 0
2126.067 0
2126.673 0
2127.279 0
2127.885 0
2128.491 0
2129.097 0
2129.704 0
2130.310 0
2130.916 0
2131.523 1
2132.129 0
2132.735 0
2133.342 0
2133.948 0
2134.555 0
2135.161 0
2135.768 0
2136.374 0
2136.981 0
2137.588 0
2138.194 0
2138.801 0
2139.408 0
2140.014 0
2140.621 0
2141.228 0
2141.835 0
2142.442 0
2143.049 0
2143.656 0
2144.263 0
2144.870 0
2145.477 0
2146.084 0
2146.691 0
2147.298 0
2147.905 0
2148.513 0
2149.120 0
2149.727 0
2150.334 0
2150.942 0
2151.549 0
2152.157 0
2152.764 0
2153.372 0
2153.979 0
2154.587 0
2155.194 0
2155.802 0
2156.409 1
2157.017 0
2157.625 0
2158.232 0
2158.840 0
2159.448 0
2160.056 0
2160.664 0
2161.272 0
2161.880 0
2162.488 0
2163.096 0
2163.704 0
2164.312 0
2164.920 0
2165.528 0
2166.136 0
2166.744 0
2167.352 0
2167.961 0
2168.569 0
2169.177 0
2169.786 0
2170.394 0
2171.002 0
2171.611 0
2172.219 0
2172.828 0
2173.436 0
2174.045 0
2174.654 0
2175.262 0
2175.871 0
2176.480 0
2177.088 0
2177.697 0
2178.306 0
2178.915 0
2179.524 0
2180.132 0
2180.741 0
2181.350 0
2181.959 0
2182.568 0
2183.177 0
2183.786 0
2184.396 0
2185.005 0
2185.614 0
2186.223 0
2186.832 0
2187.442 0
2188.051 0
2188.660 0
2189.270 0
2189.879 0
2190.489 0
2191.098 0
2191.708 0
2192.317 0
2192.927 0
2193.536 0
2194.146 0
2194.756 0
2195.365 0
2195.975 0
2196.585 0
2197.195 0
2197.804 0
2198.414 0
2199.024 0
2199.634 0
2200.244 0
2200.854 0
2201.464 0
2202.074 0
2202.684 0
2203.294 0
2203.904 0
2204.515 0
2205.125 0
2205.735 0
2206.345 0
2206.956 0
2207.566 0
2208.176 0
2208.787 0
2209.397 0
2210.008 0
2210.618 0
2211.229 0
2211.839 0
2212.450 0
2213.061 0
2213.671 0
2214.282 0
2214.893 0
2215.503 0
2216.114 0
2216.725 0
2217.336 0
2217.947 0
2218.558 0
2219.169 0
2219.780 0
2220.391 0
2221.002 0
2221.613 0
2222.224 0
2222.835 0
2223.446 0
2224.057 0
2224.669 0
2225.280 0
2225.891 0
2226.503 0
2227.114 0
2227.725 0
2228.337 0
2228.948 0
2229.560 0
2230.171 0
2230.783 0
2231.394 0
2232.006 0
2232.618 0
2233.229 0
2233.841 0
2234.453 0
2235.065 0
2235.677 0
2236.288 0
2236.900 0
2237.512 0
2238.124 0
2238.736 0
2239.348 0
2239.960 0
2240.572 0
2241.184 0
2241.797 0
2242.409 0
2243.021 0
2243.633 0
2244.245 0
2244.858 0
2245.470 0
2246.082 0
2246.695 0
2247.307 0
2247.920 0
2248.532 0
2249.145 0
2249.757 0
2250.370 0
2250.983 0
2251.595 0
2252.208 0
2252.821 0
2253.433 0
2254.046 0
2254.659 0
2255.272 44
