2019_09_27_09_48_34_114 /home/raspion_user/data/Beacon_Background_Lab.sp 58406  600.004  596.608 15.498519 0.481036  0.000016097
  15.499 1
  15.980 0
  16.461 0
  16.942 0
  17.423 0
  17.904 0
  18.385 0
  18.867 0
  19.348 0
  19.829 0
  20.310 0
  20.792 0
  21.273 0
  21.755 0
  22.236 0
  22.718 0
  23.199 0
  23.681 0
  24.162 0
  24.644 0
  25.126 0
  25.607 6
  26.089 16
  26.571 18
  27.053 23
  27.534 36
  28.016 38
  28.498 13
  28.980 22
  29.462 23
  29.944 28
  30.426 23
  30.908 33
  31.390 37
  31.872 30
  32.354 49
  32.837 54
  33.319 59
  33.801 64
  34.283 82
  34.766 62
  35.248 54
  35.730 41
  36.213 36
  36.695 33
  37.178 36
  37.660 36
  38.143 30
  38.625 26
  39.108 41
  39.591 16
  40.073 28
  40.556 21
  41.039 29
  41.521 36
  42.004 26
  42.487 31
  42.970 40
  43.453 35
  43.936 42
  44.419 35
  44.902 50
  45.385 36
  45.868 40
  46.351 38
  46.834 34
  47.317 45
  47.800 50
  48.283 42
  48.767 39
  49.250 29
  49.733 44
  50.217 36
  50.700 37
  51.183 39
  51.667 41
  52.150 44
  52.634 36
  53.117 45
  53.601 54
  54.084 49
  54.568 50
  55.052 45
  55.535 60
  56.019 53
  56.503 35
  56.987 49
  57.470 48
  57.954 44
  58.438 44
  58.922 41
  59.406 30
  59.890 46
  60.374 41
  60.858 51
  61.342 47
  61.826 40
  62.310 53
  62.795 34
  63.279 47
  63.763 47
  64.247 47
  64.732 51
  65.216 50
  65.700 43
  66.185 47
  66.669 43
  67.154 45
  67.638 34
  68.123 35
  68.607 44
  69.092 44
  69.576 52
  70.061 60
  70.546 45
  71.031 55
  71.515 69
  72.000 63
  72.485 72
  72.970 53
  73.455 54
  73.940 54
  74.424 67
  74.909 68
  75.394 62
  75.880 54
  76.365 74
  76.850 81
  77.335 68
  77.820 85
  78.305 59
  78.790 69
  79.276 79
  79.761 82
  80.246 84
  80.732 78
  81.217 91
  81.703 93
  82.188 102
  82.674 88
  83.159 93
  83.645 118
  84.130 89
  84.616 84
  85.101 94
  85.587 101
  86.073 76
  86.559 99
  87.044 108
  87.530 119
  88.016 109
  88.502 106
  88.988 101
  89.474 103
  89.960 111
  90.446 127
  90.932 99
  91.418 108
  91.904 117
  92.390 117
  92.876 133
  93.363 110
  93.849 111
  94.335 129
  94.821 124
  95.308 122
  95.794 157
  96.280 131
  96.767 117
  97.253 137
  97.740 134
  98.226 137
  98.713 114
  99.200 137
  99.686 149
 100.173 141
 100.659 143
 101.146 132
 101.633 146
 102.120 142
 102.607 148
 103.093 167
 103.580 160
 104.067 144
 104.554 149
 105.041 151
 105.528 155
 106.015 154
 106.502 144
 106.989 137
 107.476 133
 107.964 146
 108.451 159
 108.938 145
 109.425 167
 109.913 149
 110.400 149
 110.887 178
 111.375 142
 111.862 133
 112.350 149
 112.837 153
 113.325 153
 113.812 154
 114.300 137
 114.787 138
 115.275 139
 115.763 141
 116.250 113
 116.738 124
 117.226 148
 117.714 121
 118.202 163
 118.689 132
 119.177 150
 119.665 120
 120.153 143
 120.641 144
 121.129 148
 121.617 146
 122.106 123
 122.594 119
 123.082 117
 123.570 143
 124.058 141
 124.547 143
 125.035 136
 125.523 127
 126.012 130
 126.500 146
 126.988 152
 127.477 138
 127.965 154
 128.454 149
 128.942 127
 129.431 114
 129.920 145
 130.408 132
 130.897 130
 131.386 146
 131.874 123
 132.363 134
 132.852 124
 133.341 118
 133.830 140
 134.319 137
 134.808 107
 135.296 119
 135.785 149
 136.275 130
 136.764 141
 137.253 116
 137.742 123
 138.231 128
 138.720 135
 139.209 149
 139.699 143
 140.188 132
 140.677 137
 141.167 127
 141.656 143
 142.145 116
 142.635 130
 143.124 125
 143.614 150
 144.103 126
 144.593 124
 145.083 117
 145.572 146
 146.062 134
 146.552 121
 147.041 130
 147.531 118
 148.021 122
 148.511 108
 149.001 108
 149.491 124
 149.981 119
 150.471 109
 150.961 113
 151.451 114
 151.941 127
 152.431 122
 152.921 126
 153.411 123
 153.901 107
 154.391 126
 154.882 132
 155.372 116
 155.862 105
 156.353 114
 156.843 105
 157.334 105
 157.824 116
 158.314 107
 158.805 110
 159.296 121
 159.786 128
 160.277 108
 160.767 105
 161.258 109
 161.749 108
 162.240 97
 162.730 112
 163.221 98
 163.712 106
 164.203 103
 164.694 119
 165.185 100
 165.676 93
 166.167 91
 166.658 110
 167.149 98
 167.640 108
 168.131 102
 168.622 98
 169.113 101
 169.605 92
 170.096 100
 170.587 96
 171.078 89
 171.570 93
 172.061 92
 172.553 104
 173.044 91
 173.535 96
 174.027 85
 174.519 106
 175.010 94
 175.502 97
 175.993 102
 176.485 89
 176.977 84
 177.468 70
 177.960 88
 178.452 84
 178.944 92
 179.436 88
 179.928 89
 180.420 82
 180.912 96
 181.404 88
 181.896 94
 182.388 107
 182.880 86
 183.372 75
 183.864 82
 184.356 88
 184.848 66
 185.341 72
 185.833 82
 186.325 71
 186.818 83
 187.310 91
 187.802 79
 188.295 98
 188.787 84
 189.280 86
 189.772 71
 190.265 91
 190.758 80
 191.250 74
 191.743 72
 192.236 76
 192.728 77
 193.221 71
 193.714 79
 194.207 82
 194.700 54
 195.193 83
 195.686 81
 196.178 88
 196.671 74
 197.165 84
 197.658 71
 198.151 79
 198.644 70
 199.137 77
 199.630 81
 200.123 78
 200.617 57
 201.110 81
 201.603 75
 202.097 79
 202.590 75
 203.083 73
 203.577 81
 204.070 72
 204.564 66
 205.057 86
 205.551 72
 206.045 64
 206.538 84
 207.032 81
 207.526 83
 208.019 59
 208.513 63
 209.007 80
 209.501 66
 209.995 71
 210.488 83
 210.982 54
 211.476 68
 211.970 83
 212.464 70
 212.958 91
 213.453 64
 213.947 76
 214.441 57
 214.935 69
 215.429 75
 215.923 61
 216.418 82
 216.912 70
 217.406 57
 217.901 68
 218.395 63
 218.890 73
 219.384 51
 219.879 69
 220.373 72
 220.868 78
 221.362 49
 221.857 51
 222.352 71
 222.846 66
 223.341 60
 223.836 62
 224.331 71
 224.825 54
 225.320 61
 225.815 57
 226.310 71
 226.805 75
 227.300 61
 227.795 60
 228.290 63
 228.785 57
 229.280 57
 229.776 61
 230.271 54
 230.766 55
 231.261 74
 231.756 59
 232.252 59
 232.747 58
 233.243 55
 233.738 52
 234.233 76
 234.729 61
 235.224 53
 235.720 52
 236.215 73
 236.711 54
 237.207 48
 237.702 56
 238.198 57
 238.694 56
 239.190 73
 239.685 56
 240.181 50
 240.677 58
 241.173 49
 241.669 69
 242.165 61
 242.661 59
 243.157 55
 243.653 58
 244.149 57
 244.645 55
 245.141 59
 245.637 53
 246.134 37
 246.630 38
 247.126 41
 247.623 58
 248.119 57
 248.615 57
 249.112 54
 249.608 50
 250.105 66
 250.601 62
 251.098 58
 251.594 44
 252.091 46
 252.587 53
 253.084 61
 253.581 55
 254.077 54
 254.574 52
 255.071 45
 255.568 55
 256.065 42
 256.562 40
 257.059 43
 257.556 52
 258.052 54
 258.550 62
 259.047 50
 259.544 54
 260.041 60
 260.538 46
 261.035 65
 261.532 42
 262.030 54
 262.527 50
 263.024 53
 263.521 55
 264.019 59
 264.516 63
 265.014 52
 265.511 63
 266.009 53
 266.506 43
 267.004 61
 267.501 47
 267.999 47
 268.497 44
 268.994 47
 269.492 50
 269.990 32
 270.488 42
 270.985 37
 271.483 35
 271.981 44
 272.479 44
 272.977 49
 273.475 41
 273.973 44
 274.471 42
 274.969 41
 275.467 50
 275.966 46
 276.464 52
 276.962 43
 277.460 34
 277.958 44
 278.457 56
 278.955 38
 279.453 39
 279.952 49
 280.450 28
 280.949 39
 281.447 35
 281.946 42
 282.444 37
 282.943 33
 283.442 34
 283.940 28
 284.439 30
 284.938 34
 285.436 29
 285.935 37
 286.434 33
 286.933 27
 287.432 24
 287.931 35
 288.430 38
 288.929 28
 289.428 28
 289.927 37
 290.426 32
 290.925 47
 291.424 46
 291.923 25
 292.422 32
 292.922 27
 293.421 41
 293.920 36
 294.420 38
 294.919 41
 295.418 28
 295.918 28
 296.417 31
 296.917 36
 297.416 30
 297.916 36
 298.415 28
 298.915 37
 299.415 42
 299.914 25
 300.414 33
 300.914 34
 301.414 34
 301.914 20
 302.413 33
 302.913 32
 303.413 25
 303.913 30
 304.413 27
 304.913 26
 305.413 34
 305.913 25
 306.413 22
 306.914 33
 307.414 35
 307.914 33
 308.414 24
 308.914 34
 309.415 37
 309.915 30
 310.415 32
 310.916 30
 311.416 29
 311.917 25
 312.417 27
 312.918 25
 313.418 39
 313.919 25
 314.420 26
 314.920 28
 315.421 29
 315.922 24
 316.422 26
 316.923 29
 317.424 30
 317.925 20
 318.426 29
 318.927 33
 319.428 29
 319.929 26
 320.430 27
 320.931 21
 321.432 30
 321.933 33
 322.434 25
 322.935 31
 323.436 22
 323.938 19
 324.439 22
 324.940 24
 325.441 22
 325.943 28
 326.444 18
 326.946 21
 327.447 21
 327.949 16
 328.450 27
 328.952 27
 329.453 25
 329.955 15
 330.457 26
 330.958 26
 331.460 15
 331.962 25
 332.463 18
 332.965 19
 333.467 26
 333.969 24
 334.471 30
 334.973 16
 335.475 26
 335.977 17
 336.479 15
 336.981 12
 337.483 24
 337.985 28
 338.487 20
 338.990 23
 339.492 16
 339.994 31
 340.496 18
 340.999 18
 341.501 19
 342.004 21
 342.506 21
 343.008 25
 343.511 19
 344.013 23
 344.516 23
 345.019 27
 345.521 20
 346.024 24
 346.527 20
 347.029 22
 347.532 22
 348.035 18
 348.538 22
 349.040 25
 349.543 19
 350.046 20
 350.549 22
 351.052 24
 351.555 18
 352.058 28
 352.561 21
 353.064 20
 353.568 34
 354.071 23
 354.574 25
 355.077 16
 355.580 23
 356.084 26
 356.587 31
 357.090 22
 357.594 19
 358.097 23
 358.601 27
 359.104 27
 359.608 18
 360.111 22
 360.615 15
 361.118 22
 361.622 16
 362.126 23
 362.630 27
 363.133 19
 363.637 24
 364.141 20
 364.645 25
 365.149 17
 365.652 25
 366.156 28
 366.660 26
 367.164 24
 367.668 15
 368.173 20
 368.677 22
 369.181 23
 369.685 18
 370.189 27
 370.693 22
 371.198 16
 371.702 17
 372.206 20
 372.711 20
 373.215 22
 373.719 19
 374.224 16
 374.728 17
 375.233 22
 375.737 22
 376.242 17
 376.747 21
 377.251 16
 377.756 24
 378.261 26
 378.765 14
 379.270 12
 379.775 22
 380.280 19
 380.785 22
 381.290 16
 381.795 13
 382.300 6
 382.805 17
 383.310 14
 383.815 19
 384.320 17
 384.825 17
 385.330 23
 385.835 18
 386.341 14
 386.846 19
 387.351 15
 387.856 16
 388.362 17
 388.867 19
 389.373 15
 389.878 16
 390.384 15
 390.889 13
 391.395 16
 391.900 10
 392.406 11
 392.911 21
 393.417 15
 393.923 16
 394.429 12
 394.934 13
 395.440 19
 395.946 19
 396.452 13
 396.958 13
 397.464 17
 397.970 12
 398.476 13
 398.982 15
 399.488 14
 399.994 10
 400.500 20
 401.006 12
 401.512 15
 402.019 20
 402.525 20
 403.031 15
 403.537 7
 404.044 18
 404.550 14
 405.057 15
 405.563 20
 406.070 10
 406.576 11
 407.083 13
 407.589 15
 408.096 12
 408.602 19
 409.109 15
 409.616 14
 410.123 11
 410.629 10
 411.136 10
 411.643 17
 412.150 6
 412.657 11
 413.164 27
 413.671 12
 414.178 12
 414.685 11
 415.192 16
 415.699 15
 416.206 15
 416.713 9
 417.220 13
 417.728 14
 418.235 9
 418.742 11
 419.250 11
 419.757 16
 420.264 13
 420.772 16
 421.279 11
 421.787 8
 422.294 13
 422.802 18
 423.309 13
 423.817 15
 424.324 13
 424.832 20
 425.340 9
 425.848 11
 426.355 10
 426.863 16
 427.371 15
 427.879 9
 428.387 14
 428.895 10
 429.403 12
 429.911 13
 430.419 15
 430.927 15
 431.435 10
 431.943 12
 432.451 15
 432.959 9
 433.468 11
 433.976 10
 434.484 13
 434.992 10
 435.501 19
 436.009 16
 436.518 19
 437.026 16
 437.535 19
 438.043 11
 438.552 14
 439.060 15
 439.569 14
 440.077 11
 440.586 12
 441.095 15
 441.604 13
 442.112 10
 442.621 15
 443.130 11
 443.639 17
 444.148 9
 444.657 12
 445.166 10
 445.675 7
 446.184 8
 446.693 13
 447.202 12
 447.711 11
 448.220 10
 448.729 11
 449.239 7
 449.748 13
 450.257 12
 450.766 16
 451.276 12
 451.785 16
 452.295 11
 452.804 14
 453.313 10
 453.823 11
 454.332 8
 454.842 11
 455.352 13
 455.861 9
 456.371 17
 456.881 16
 457.390 8
 457.900 11
 458.410 14
 458.920 15
 459.430 7
 459.940 11
 460.450 5
 460.959 10
 461.469 12
 461.980 12
 462.490 14
 463.000 5
 463.510 12
 464.020 11
 464.530 9
 465.040 9
 465.551 9
 466.061 9
 466.571 12
 467.082 10
 467.592 11
 468.102 16
 468.613 11
 469.123 12
 469.634 9
 470.144 13
 470.655 20
 471.166 9
 471.676 8
 472.187 13
 472.698 12
 473.208 16
 473.719 8
 474.230 8
 474.741 12
 475.252 14
 475.762 13
 476.273 12
 476.784 11
 477.295 10
 477.806 7
 478.317 10
 478.828 13
 479.340 8
 479.851 9
 480.362 9
 480.873 7
 481.384 9
 481.896 10
 482.407 10
 482.918 13
 483.430 9
 483.941 7
 484.453 8
 484.964 10
 485.476 8
 485.987 10
 486.499 9
 487.010 10
 487.522 10
 488.034 10
 488.545 9
 489.057 5
 489.569 9
 490.081 7
 490.592 18
 491.104 4
 491.616 6
 492.128 12
 492.640 10
 493.152 9
 493.664 7
 494.176 7
 494.688 10
 495.200 11
 495.712 10
 496.225 14
 496.737 4
 497.249 9
 497.761 6
 498.274 9
 498.786 8
 499.298 16
 499.811 13
 500.323 15
 500.836 10
 501.348 16
 501.861 9
 502.373 10
 502.886 10
 503.399 14
 503.911 8
 504.424 13
 504.937 10
 505.449 12
 505.962 13
 506.475 9
 506.988 14
 507.501 10
 508.014 8
 508.527 9
 509.040 8
 509.553 9
 510.066 9
 510.579 11
 511.092 8
 511.605 7
 512.118 14
 512.632 7
 513.145 12
 513.658 10
 514.171 11
 514.685 9
 515.198 8
 515.711 12
 516.225 10
 516.738 15
 517.252 10
 517.765 13
 518.279 5
 518.793 12
 519.306 10
 519.820 19
 520.334 12
 520.847 16
 521.361 17
 521.875 13
 522.389 17
 522.903 11
 523.416 16
 523.930 13
 524.444 15
 524.958 12
 525.472 19
 525.986 22
 526.500 13
 527.015 16
 527.529 15
 528.043 17
 528.557 16
 529.071 13
 529.586 11
 530.100 11
 530.614 17
 531.129 14
 531.643 21
 532.158 4
 532.672 8
 533.186 15
 533.701 18
 534.216 14
 534.730 17
 535.245 13
 535.759 8
 536.274 18
 536.789 15
 537.304 12
 537.818 8
 538.333 15
 538.848 14
 539.363 12
 539.878 10
 540.393 17
 540.908 18
 541.423 11
 541.938 9
 542.453 12
 542.968 13
 543.483 10
 543.998 11
 544.514 14
 545.029 7
 545.544 9
 546.059 12
 546.575 8
 547.090 8
 547.606 14
 548.121 13
 548.636 8
 549.152 12
 549.668 10
 550.183 14
 550.699 11
 551.214 7
 551.730 8
 552.246 5
 552.761 14
 553.277 8
 553.793 11
 554.309 12
 554.825 8
 555.341 10
 555.856 6
 556.372 5
 556.888 9
 557.404 10
 557.920 9
 558.436 8
 558.953 11
 559.469 8
 559.985 9
 560.501 13
 561.017 10
 561.534 3
 562.050 10
 562.566 9
 563.083 7
 563.599 10
 564.115 5
 564.632 14
 565.148 10
 565.665 5
 566.182 10
 566.698 10
 567.215 12
 567.731 13
 568.248 5
 568.765 5
 569.282 8
 569.798 10
 570.315 7
 570.832 10
 571.349 9
 571.866 3
 572.383 9
 572.900 6
 573.417 6
 573.934 5
 574.451 9
 574.968 11
 575.485 7
 576.002 6
 576.520 2
 577.037 6
 577.554 8
 578.071 5
 578.589 11
 579.106 6
 579.623 11
 580.141 6
 580.658 4
 581.176 8
 581.693 8
 582.211 4
 582.729 5
 583.246 3
 583.764 7
 584.281 3
 584.799 8
 585.317 7
 585.835 6
 586.353 6
 586.870 8
 587.388 6
 587.906 10
 588.424 3
 588.942 5
 589.460 7
 589.978 3
 590.496 11
 591.014 2
 591.533 6
 592.051 7
 592.569 9
 593.087 6
 593.605 3
 594.124 6
 594.642 4
 595.160 9
 595.679 7
 596.197 6
 596.716 8
 597.234 9
 597.753 11
 598.271 11
 598.790 5
 599.308 4
 599.827 11
 600.346 11
 600.865 8
 601.383 7
 601.902 4
 602.421 9
 602.940 7
 603.459 10
 603.978 6
 604.496 8
 605.015 9
 605.534 7
 606.054 6
 606.573 3
 607.092 9
 607.611 9
 608.130 7
 608.649 11
 609.168 9
 609.688 3
 610.207 6
 610.726 12
 611.246 8
 611.765 6
 612.285 5
 612.804 8
 613.323 3
 613.843 4
 614.363 6
 614.882 7
 615.402 4
 615.921 10
 616.441 5
 616.961 12
 617.481 7
 618.000 7
 618.520 7
 619.040 8
 619.560 10
 620.080 11
 620.600 3
 621.120 4
 621.640 9
 622.160 6
 622.680 8
 623.200 12
 623.720 7
 624.240 9
 624.760 6
 625.281 7
 625.801 7
 626.321 6
 626.842 6
 627.362 3
 627.882 7
 628.403 5
 628.923 3
 629.444 10
 629.964 6
 630.485 7
 631.005 8
 631.526 3
 632.047 1
 632.567 8
 633.088 7
 633.609 1
 634.130 8
 634.650 7
 635.171 9
 635.692 12
 636.213 6
 636.734 5
 637.255 9
 637.776 9
 638.297 3
 638.818 7
 639.339 5
 639.860 6
 640.381 5
 640.903 7
 641.424 13
 641.945 10
 642.466 6
 642.988 8
 643.509 8
 644.030 5
 644.552 9
 645.073 4
 645.595 3
 646.116 5
 646.638 9
 647.159 9
 647.681 5
 648.203 11
 648.724 9
 649.246 6
 649.768 7
 650.290 7
 650.811 8
 651.333 12
 651.855 3
 652.377 9
 652.899 6
 653.421 8
 653.943 12
 654.465 12
 654.987 6
 655.509 1
 656.031 16
 656.553 9
 657.076 8
 657.598 6
 658.120 7
 658.642 5
 659.165 7
 659.687 13
 660.210 8
 660.732 13
 661.254 12
 661.777 7
 662.299 3
 662.822 5
 663.345 6
 663.867 10
 664.390 8
 664.912 10
 665.435 8
 665.958 8
 666.481 8
 667.004 7
 667.526 6
 668.049 4
 668.572 10
 669.095 8
 669.618 12
 670.141 8
 670.664 10
 671.187 9
 671.710 9
 672.233 8
 672.757 5
 673.280 14
 673.803 13
 674.326 11
 674.850 14
 675.373 9
 675.896 14
 676.420 7
 676.943 9
 677.466 6
 677.990 11
 678.513 9
 679.037 14
 679.561 16
 680.084 14
 680.608 10
 681.132 8
 681.655 3
 682.179 9
 682.703 8
 683.227 10
 683.750 8
 684.274 4
 684.798 8
 685.322 11
 685.846 8
 686.370 8
 686.894 7
 687.418 7
 687.942 7
 688.466 8
 688.991 7
 689.515 9
 690.039 4
 690.563 8
 691.087 9
 691.612 9
 692.136 10
 692.661 6
 693.185 10
 693.709 8
 694.234 11
 694.758 13
 695.283 8
 695.808 6
 696.332 13
 696.857 10
 697.381 8
 697.906 8
 698.431 9
 698.956 7
 699.480 10
 700.005 6
 700.530 6
 701.055 4
 701.580 12
 702.105 7
 702.630 8
 703.155 2
 703.680 7
 704.205 5
 704.730 6
 705.255 5
 705.781 7
 706.306 9
 706.831 4
 707.356 3
 707.882 6
 708.407 3
 708.932 7
 709.458 6
 709.983 1
 710.509 5
 711.034 9
 711.560 4
 712.085 5
 712.611 3
 713.137 7
 713.662 8
 714.188 2
 714.714 6
 715.240 1
 715.765 6
 716.291 6
 716.817 3
 717.343 4
 717.869 3
 718.395 5
 718.921 7
 719.447 3
 719.973 2
 720.499 3
 721.025 4
 721.551 6
 722.078 3
 722.604 4
 723.130 4
 723.656 4
 724.183 5
 724.709 4
 725.235 5
 725.762 5
 726.288 2
 726.815 4
 727.341 2
 727.868 1
 728.394 1
 728.921 5
 729.448 6
 729.974 6
 730.501 3
 731.028 5
 731.554 5
 732.081 6
 732.608 2
 733.135 5
 733.662 5
 734.189 1
 734.716 7
 735.243 0
 735.770 2
 736.297 3
 736.824 4
 737.351 2
 737.878 6
 738.405 6
 738.933 1
 739.460 2
 739.987 3
 740.514 1
 741.042 7
 741.569 4
 742.097 4
 742.624 5
 743.151 4
 743.679 6
 744.206 3
 744.734 5
 745.262 0
 745.789 1
 746.317 0
 746.845 4
 747.372 3
 747.900 4
 748.428 4
 748.956 5
 749.484 4
 750.012 2
 750.539 2
 751.067 3
 751.595 2
 752.123 6
 752.651 2
 753.180 2
 753.708 5
 754.236 2
 754.764 4
 755.292 6
 755.821 3
 756.349 3
 756.877 3
 757.405 4
 757.934 2
 758.462 4
 758.991 6
 759.519 7
 760.048 4
 760.576 4
 761.105 4
 761.633 4
 762.162 2
 762.691 2
 763.219 9
 763.748 4
 764.277 5
 764.806 2
 765.334 3
 765.863 3
 766.392 5
 766.921 3
 767.450 7
 767.979 1
 768.508 1
 769.037 6
 769.566 6
 770.095 0
 770.625 2
 771.154 2
 771.683 6
 772.212 7
 772.741 3
 773.271 5
 773.800 2
 774.329 6
 774.859 2
 775.388 1
 775.918 0
 776.447 3
 776.977 4
 777.506 5
 778.036 5
 778.566 3
 779.095 2
 779.625 6
 780.155 2
 780.685 1
 781.214 1
 781.744 4
 782.274 3
 782.804 5
 783.334 4
 783.864 1
 784.394 1
 784.924 5
 785.454 1
 785.984 3
 786.514 4
 787.044 7
 787.574 1
 788.105 5
 788.635 2
 789.165 6
 789.695 0
 790.226 1
 790.756 1
 791.286 4
 791.817 1
 792.347 4
 792.878 3
 793.408 0
 793.939 4
 794.470 4
 795.000 4
 795.531 1
 796.062 5
 796.592 4
 797.123 1
 797.654 6
 798.185 0
 798.716 3
 799.246 7
 799.777 2
 800.308 2
 800.839 3
 801.370 6
 801.901 3
 802.432 1
 802.964 2
 803.495 3
 804.026 4
 804.557 4
 805.088 5
 805.620 2
 806.151 1
 806.682 2
 807.214 2
 807.745 5
 808.276 4
 808.808 5
 809.339 5
 809.871 5
 810.403 4
 810.934 1
 811.466 2
 811.997 3
 812.529 0
 813.061 3
 813.593 2
 814.124 2
 814.656 2
 815.188 5
 815.720 3
 816.252 1
 816.784 4
 817.316 2
 817.848 2
 818.380 2
 818.912 4
 819.444 2
 819.976 2
 820.508 2
 821.041 1
 821.573 3
 822.105 5
 822.637 2
 823.170 4
 823.702 4
 824.235 5
 824.767 5
 825.299 4
 825.832 5
 826.364 2
 826.897 6
 827.430 4
 827.962 3
 828.495 2
 829.028 2
 829.560 3
 830.093 4
 830.626 3
 831.159 5
 831.692 3
 832.224 1
 832.757 6
 833.290 2
 833.823 4
 834.356 4
 834.889 2
 835.422 6
 835.955 3
 836.489 3
 837.022 3
 837.555 2
 838.088 5
 838.622 2
 839.155 3
 839.688 4
 840.222 8
 840.755 3
 841.288 2
 841.822 0
 842.355 1
 842.889 0
 843.422 4
 843.956 2
 844.490 1
 845.023 2
 845.557 3
 846.091 3
 846.624 3
 847.158 1
 847.692 3
 848.226 3
 848.760 7
 849.294 2
 849.828 3
 850.362 7
 850.896 3
 851.430 2
 851.964 2
 852.498 2
 853.032 4
 853.566 2
 854.100 2
 854.635 6
 855.169 2
 855.703 6
 856.238 0
 856.772 3
 857.306 3
 857.841 0
 858.375 2
 858.910 3
 859.444 3
 859.979 2
 860.513 2
 861.048 1
 861.583 4
 862.117 2
 862.652 2
 863.187 5
 863.722 4
 864.256 4
 864.791 1
 865.326 1
 865.861 0
 866.396 7
 866.931 2
 867.466 1
 868.001 4
 868.536 1
 869.071 2
 869.606 5
 870.141 5
 870.677 1
 871.212 3
 871.747 2
 872.282 3
 872.818 7
 873.353 3
 873.889 4
 874.424 4
 874.959 2
 875.495 3
 876.030 2
 876.566 3
 877.102 3
 877.637 5
 878.173 3
 878.709 1
 879.244 3
 879.780 4
 880.316 2
 880.852 6
 881.387 2
 881.923 4
 882.459 3
 882.995 4
 883.531 1
 884.067 9
 884.603 2
 885.139 5
 885.675 2
 886.212 5
 886.748 3
 887.284 5
 887.820 1
 888.356 3
 888.893 2
 889.429 1
 889.965 4
 890.502 2
 891.038 2
 891.575 0
 892.111 4
 892.648 2
 893.184 4
 893.721 6
 894.257 1
 894.794 4
 895.331 7
 895.868 4
 896.404 3
 896.941 5
 897.478 2
 898.015 2
 898.552 2
 899.088 2
 899.625 2
 900.162 3
 900.699 1
 901.236 3
 901.774 6
 902.311 3
 902.848 0
 903.385 1
 903.922 2
 904.459 2
 904.997 2
 905.534 3
 906.071 5
 906.609 1
 907.146 1
 907.683 1
 908.221 2
 908.758 1
 909.296 3
 909.833 5
 910.371 2
 910.909 1
 911.446 4
 911.984 2
 912.522 2
 913.059 3
 913.597 6
 914.135 5
 914.673 2
 915.211 5
 915.749 4
 916.287 2
 916.825 4
 917.363 4
 917.901 4
 918.439 3
 918.977 6
 919.515 4
 920.053 3
 920.591 4
 921.129 3
 921.668 3
 922.206 1
 922.744 2
 923.283 2
 923.821 2
 924.360 1
 924.898 2
 925.436 5
 925.975 3
 926.514 7
 927.052 2
 927.591 6
 928.129 5
 928.668 1
 929.207 3
 929.745 1
 930.284 2
 930.823 1
 931.362 4
 931.901 2
 932.440 3
 932.979 6
 933.518 3
 934.057 4
 934.596 3
 935.135 4
 935.674 1
 936.213 3
 936.752 2
 937.291 2
 937.831 4
 938.370 5
 938.909 4
 939.448 2
 939.988 3
 940.527 2
 941.067 5
 941.606 0
 942.145 5
 942.685 5
 943.225 2
 943.764 1
 944.304 1
 944.843 3
 945.383 1
 945.923 5
 946.463 6
 947.002 1
 947.542 4
 948.082 1
 948.622 5
 949.162 2
 949.702 2
 950.242 4
 950.782 6
 951.322 3
 951.862 3
 952.402 2
 952.942 3
 953.482 2
 954.022 3
 954.563 2
 955.103 4
 955.643 4
 956.183 0
 956.724 4
 957.264 4
 957.805 3
 958.345 0
 958.885 1
 959.426 4
 959.967 7
 960.507 2
 961.048 2
 961.588 4
 962.129 1
 962.670 5
 963.210 3
 963.751 1
 964.292 1
 964.833 3
 965.374 1
 965.915 4
 966.456 2
 966.997 4
 967.538 4
 968.079 0
 968.620 4
 969.161 5
 969.702 0
 970.243 5
 970.784 1
 971.325 2
 971.867 7
 972.408 4
 972.949 2
 973.491 4
 974.032 5
 974.573 6
 975.115 2
 975.656 1
 976.198 0
 976.739 3
 977.281 4
 977.823 1
 978.364 3
 978.906 1
 979.448 2
 979.989 3
 980.531 4
 981.073 1
 981.615 6
 982.157 3
 982.699 3
 983.240 2
 983.782 1
 984.324 3
 984.866 2
 985.409 4
 985.951 8
 986.493 1
 987.035 2
 987.577 5
 988.119 0
 988.662 0
 989.204 5
 989.746 0
 990.289 2
 990.831 0
 991.373 1
 991.916 5
 992.458 3
 993.001 4
 993.543 4
 994.086 5
 994.628 1
 995.171 2
 995.714 0
 996.256 1
 996.799 2
 997.342 3
 997.885 3
 998.428 2
 998.970 2
 999.513 3
1000.056 0
1000.599 2
1001.142 1
1001.685 3
1002.228 4
1002.771 5
1003.315 4
1003.858 5
1004.401 2
1004.944 2
1005.487 4
1006.031 1
1006.574 6
1007.117 1
1007.661 6
1008.204 2
1008.748 2
1009.291 3
1009.835 1
1010.378 2
1010.922 4
1011.465 2
1012.009 2
1012.553 2
1013.096 4
1013.640 3
1014.184 1
1014.728 1
1015.271 5
1015.815 1
1016.359 2
1016.903 1
1017.447 4
1017.991 3
1018.535 0
1019.079 4
1019.623 5
1020.167 1
1020.711 2
1021.256 3
1021.800 5
1022.344 3
1022.888 2
1023.433 3
1023.977 3
1024.521 4
1025.066 0
1025.610 2
1026.155 1
1026.699 1
1027.244 5
1027.788 2
1028.333 0
1028.878 0
1029.422 0
1029.967 4
1030.512 1
1031.056 2
1031.601 1
1032.146 5
1032.691 2
1033.236 2
1033.781 2
1034.326 0
1034.871 3
1035.416 2
1035.961 2
1036.506 1
1037.051 3
1037.596 3
1038.141 3
1038.687 3
1039.232 1
1039.777 3
1040.322 2
1040.868 2
1041.413 1
1041.959 1
1042.504 3
1043.049 5
1043.595 4
1044.140 1
1044.686 0
1045.232 3
1045.777 3
1046.323 3
1046.869 0
1047.414 2
1047.960 4
1048.506 3
1049.052 3
1049.598 4
1050.144 2
1050.689 1
1051.235 1
1051.781 2
1052.327 0
1052.873 3
1053.420 2
1053.966 2
1054.512 0
1055.058 1
1055.604 1
1056.150 3
1056.697 4
1057.243 2
1057.789 1
1058.336 2
1058.882 1
1059.429 1
1059.975 0
1060.522 2
1061.068 1
1061.615 1
1062.161 1
1062.708 1
1063.255 2
1063.801 1
1064.348 3
1064.895 2
1065.442 1
1065.988 3
1066.535 1
1067.082 1
1067.629 1
1068.176 2
1068.723 2
1069.270 1
1069.817 2
1070.364 0
1070.911 1
1071.458 6
1072.006 3
1072.553 4
1073.100 0
1073.647 4
1074.195 0
1074.742 1
1075.289 0
1075.837 2
1076.384 0
1076.932 1
1077.479 3
1078.027 1
1078.574 3
1079.122 3
1079.669 1
1080.217 4
1080.765 3
1081.312 1
1081.860 1
1082.408 3
1082.956 0
1083.504 0
1084.052 1
1084.600 3
1085.147 1
1085.695 5
1086.243 0
1086.792 2
1087.340 2
1087.888 1
1088.436 1
1088.984 1
1089.532 7
1090.080 0
1090.629 1
1091.177 1
1091.725 0
1092.274 2
1092.822 4
1093.371 2
1093.919 1
1094.468 3
1095.016 4
1095.565 5
1096.113 1
1096.662 2
1097.211 5
1097.759 1
1098.308 4
1098.857 0
1099.406 1
1099.954 0
1100.503 1
1101.052 3
1101.601 3
1102.150 1
1102.699 1
1103.248 2
1103.797 2
1104.346 3
1104.895 2
1105.444 0
1105.993 2
1106.543 3
1107.092 3
1107.641 2
1108.190 2
1108.740 1
1109.289 4
1109.839 3
1110.388 1
1110.937 1
1111.487 1
1112.037 1
1112.586 0
1113.136 0
1113.685 1
1114.235 1
1114.785 0
1115.334 1
1115.884 1
1116.434 3
1116.984 3
1117.534 1
1118.083 3
1118.633 1
1119.183 2
1119.733 3
1120.283 1
1120.833 2
1121.383 0
1121.934 3
1122.484 2
1123.034 3
1123.584 3
1124.134 2
1124.685 6
1125.235 4
1125.785 4
1126.336 1
1126.886 1
1127.436 3
1127.987 2
1128.537 0
1129.088 2
1129.638 1
1130.189 5
1130.740 3
1131.290 2
1131.841 3
1132.392 4
1132.942 5
1133.493 3
1134.044 5
1134.595 1
1135.146 3
1135.697 4
1136.248 3
1136.799 2
1137.350 4
1137.901 0
1138.452 2
1139.003 5
1139.554 1
1140.105 2
1140.656 1
1141.208 2
1141.759 1
1142.310 4
1142.862 1
1143.413 1
1143.964 1
1144.516 4
1145.067 0
1145.619 0
1146.170 1
1146.722 0
1147.273 1
1147.825 1
1148.377 2
1148.928 2
1149.480 2
1150.032 1
1150.584 1
1151.135 2
1151.687 1
1152.239 1
1152.791 1
1153.343 2
1153.895 4
1154.447 3
1154.999 1
1155.551 0
1156.103 2
1156.655 0
1157.207 0
1157.760 4
1158.312 2
1158.864 1
1159.416 3
1159.969 4
1160.521 1
1161.074 2
1161.626 1
1162.178 1
1162.731 0
1163.283 0
1163.836 2
1164.389 2
1164.941 0
1165.494 0
1166.047 2
1166.599 2
1167.152 2
1167.705 2
1168.258 3
1168.810 1
1169.363 2
1169.916 1
1170.469 0
1171.022 4
1171.575 3
1172.128 1
1172.681 0
1173.234 0
1173.787 2
1174.341 1
1174.894 0
1175.447 3
1176.000 1
1176.554 3
1177.107 0
1177.660 1
1178.214 1
1178.767 2
1179.321 1
1179.874 2
1180.428 2
1180.981 1
1181.535 1
1182.088 1
1182.642 0
1183.196 1
1183.749 1
1184.303 2
1184.857 0
1185.411 1
1185.965 2
1186.518 3
1187.072 1
1187.626 2
1188.180 4
1188.734 1
1189.288 2
1189.842 2
1190.396 0
1190.951 0
1191.505 2
1192.059 1
1192.613 1
1193.167 1
1193.722 1
1194.276 0
1194.830 2
1195.385 3
1195.939 0
1196.494 3
1197.048 1
1197.603 1
1198.157 0
1198.712 2
1199.266 2
1199.821 2
1200.376 0
1200.930 3
1201.485 1
1202.040 1
1202.595 2
1203.150 2
1203.705 3
1204.259 1
1204.814 2
1205.369 1
1205.924 4
1206.479 1
1207.034 2
1207.590 0
1208.145 1
1208.700 3
1209.255 0
1209.810 1
1210.366 0
1210.921 2
1211.476 0
1212.031 2
1212.587 3
1213.142 4
1213.698 1
1214.253 3
1214.809 2
1215.364 4
1215.920 0
1216.475 1
1217.031 1
1217.587 1
1218.143 0
1218.698 0
1219.254 1
1219.810 5
1220.366 1
1220.922 3
1221.477 1
1222.033 1
1222.589 1
1223.145 0
1223.701 0
1224.257 2
1224.814 2
1225.370 0
1225.926 2
1226.482 2
1227.038 3
1227.595 0
1228.151 1
1228.707 3
1229.263 1
1229.820 1
1230.376 1
1230.933 0
1231.489 1
1232.046 2
1232.602 0
1233.159 2
1233.715 3
1234.272 0
1234.829 3
1235.386 2
1235.942 3
1236.499 0
1237.056 3
1237.613 2
1238.170 4
1238.726 1
1239.283 2
1239.840 1
1240.397 1
1240.954 3
1241.511 0
1242.069 2
1242.626 1
1243.183 1
1243.740 0
1244.297 3
1244.854 2
1245.412 1
1245.969 0
1246.526 5
1247.084 1
1247.641 2
1248.199 1
1248.756 3
1249.314 3
1249.871 4
1250.429 0
1250.986 0
1251.544 3
1252.102 1
1252.659 5
1253.217 0
1253.775 1
1254.333 4
1254.891 2
1255.448 0
1256.006 0
1256.564 3
1257.122 1
1257.680 3
1258.238 1
1258.796 2
1259.354 5
1259.913 3
1260.471 4
1261.029 1
1261.587 1
1262.145 4
1262.704 2
1263.262 0
1263.820 2
1264.379 3
1264.937 2
1265.496 1
1266.054 3
1266.613 1
1267.171 0
1267.730 1
1268.288 4
1268.847 0
1269.406 2
1269.964 2
1270.523 1
1271.082 1
1271.641 3
1272.199 1
1272.758 2
1273.317 4
1273.876 3
1274.435 4
1274.994 1
1275.553 4
1276.112 1
1276.671 2
1277.230 1
1277.790 3
1278.349 2
1278.908 2
1279.467 1
1280.026 0
1280.586 4
1281.145 3
1281.705 3
1282.264 2
1282.823 3
1283.383 0
1283.942 0
1284.502 4
1285.061 2
1285.621 1
1286.181 1
1286.740 3
1287.300 2
1287.860 4
1288.420 3
1288.979 4
1289.539 3
1290.099 3
1290.659 2
1291.219 1
1291.779 2
1292.339 3
1292.899 4
1293.459 1
1294.019 2
1294.579 2
1295.139 1
1295.699 0
1296.260 2
1296.820 2
1297.380 1
1297.941 2
1298.501 0
1299.061 0
1299.622 2
1300.182 2
1300.743 4
1301.303 2
1301.864 3
1302.424 3
1302.985 0
1303.545 4
1304.106 2
1304.667 3
1305.228 4
1305.788 4
1306.349 1
1306.910 2
1307.471 3
1308.032 3
1308.593 5
1309.154 2
1309.715 4
1310.276 1
1310.837 0
1311.398 0
1311.959 2
1312.520 2
1313.081 0
1313.642 3
1314.204 4
1314.765 0
1315.326 2
1315.888 2
1316.449 3
1317.010 3
1317.572 0
1318.133 3
1318.695 1
1319.256 2
1319.818 0
1320.379 1
1320.941 0
1321.503 0
1322.064 2
1322.626 3
1323.188 1
1323.750 2
1324.312 1
1324.873 1
1325.435 3
1325.997 0
1326.559 2
1327.121 1
1327.683 5
1328.245 2
1328.807 1
1329.369 0
1329.932 1
1330.494 0
1331.056 0
1331.618 0
1332.181 1
1332.743 2
1333.305 0
1333.868 0
1334.430 1
1334.992 2
1335.555 0
1336.117 0
1336.680 2
1337.242 2
1337.805 0
1338.368 4
1338.930 2
1339.493 1
1340.056 2
1340.619 0
1341.181 2
1341.744 2
1342.307 3
1342.870 1
1343.433 0
1343.996 1
1344.559 2
1345.122 1
1345.685 2
1346.248 1
1346.811 3
1347.374 0
1347.937 0
1348.501 1
1349.064 2
1349.627 3
1350.190 2
1350.754 0
1351.317 1
1351.881 0
1352.444 0
1353.007 1
1353.571 1
1354.134 0
1354.698 1
1355.262 1
1355.825 0
1356.389 0
1356.953 0
1357.516 0
1358.080 1
1358.644 2
1359.208 0
1359.772 0
1360.335 1
1360.899 4
1361.463 2
1362.027 0
1362.591 0
1363.155 0
1363.719 4
1364.284 1
1364.848 1
1365.412 2
1365.976 2
1366.540 0
1367.105 0
1367.669 0
1368.233 1
1368.798 1
1369.362 0
1369.926 0
1370.491 1
1371.055 0
1371.620 0
1372.185 1
1372.749 2
1373.314 0
1373.878 1
1374.443 0
1375.008 0
1375.573 2
1376.137 2
1376.702 2
1377.267 1
1377.832 0
1378.397 0
1378.962 1
1379.527 2
1380.092 1
1380.657 0
1381.222 0
1381.787 0
1382.352 1
1382.917 1
1383.483 1
1384.048 1
1384.613 0
1385.178 1
1385.744 0
1386.309 2
1386.874 2
1387.440 0
1388.005 1
1388.571 0
1389.136 2
1389.702 2
1390.268 0
1390.833 1
1391.399 0
1391.965 2
1392.530 0
1393.096 0
1393.662 0
1394.228 0
1394.793 1
1395.359 1
1395.925 1
1396.491 0
1397.057 0
1397.623 0
1398.189 1
1398.755 0
1399.321 0
1399.888 1
1400.454 0
1401.020 1
1401.586 2
1402.152 1
1402.719 1
1403.285 0
1403.851 1
1404.418 2
1404.984 1
1405.551 1
1406.117 0
1406.684 0
1407.250 3
1407.817 1
1408.384 0
1408.950 2
1409.517 1
1410.084 0
1410.650 0
1411.217 1
1411.784 0
1412.351 0
1412.918 2
1413.485 1
1414.052 1
1414.619 1
1415.186 1
1415.753 1
1416.320 0
1416.887 3
1417.454 2
1418.021 2
1418.588 1
1419.156 0
1419.723 1
1420.290 3
1420.857 2
1421.425 0
1421.992 1
1422.560 3
1423.127 1
1423.695 3
1424.262 1
1424.830 2
1425.397 0
1425.965 1
1426.533 1
1427.100 1
1427.668 1
1428.236 0
1428.803 1
1429.371 1
1429.939 2
1430.507 1
1431.075 2
1431.643 3
1432.211 0
1432.779 3
1433.347 1
1433.915 2
1434.483 0
1435.051 2
1435.619 2
1436.188 0
1436.756 0
1437.324 2
1437.892 0
1438.461 1
1439.029 3
1439.597 1
1440.166 0
1440.734 0
1441.303 1
1441.871 1
1442.440 2
1443.008 2
1443.577 1
1444.146 1
1444.714 2
1445.283 0
1445.852 0
1446.421 2
1446.989 2
1447.558 2
1448.127 3
1448.696 1
1449.265 1
1449.834 3
1450.403 1
1450.972 2
1451.541 0
1452.110 1
1452.679 1
1453.249 4
1453.818 2
1454.387 2
1454.956 1
1455.526 4
1456.095 3
1456.664 1
1457.234 2
1457.803 1
1458.373 1
1458.942 2
1459.512 6
1460.081 4
1460.651 2
1461.220 4
1461.790 2
1462.360 2
1462.929 3
1463.499 5
1464.069 3
1464.639 2
1465.209 7
1465.778 4
1466.348 4
1466.918 2
1467.488 2
1468.058 3
1468.628 2
1469.198 5
1469.768 10
1470.339 0
1470.909 2
1471.479 1
1472.049 1
1472.619 2
1473.190 4
1473.760 2
1474.330 4
1474.901 3
1475.471 3
1476.042 3
1476.612 2
1477.183 2
1477.753 1
1478.324 5
1478.894 0
1479.465 1
1480.036 3
1480.606 2
1481.177 2
1481.748 0
1482.319 2
1482.890 5
1483.460 1
1484.031 2
1484.602 1
1485.173 0
1485.744 1
1486.315 1
1486.886 2
1487.458 1
1488.029 4
1488.600 1
1489.171 8
1489.742 4
1490.313 5
1490.885 3
1491.456 5
1492.027 4
1492.599 3
1493.170 2
1493.742 3
1494.313 3
1494.885 3
1495.456 0
1496.028 0
1496.599 0
1497.171 1
1497.743 2
1498.314 2
1498.886 2
1499.458 5
1500.030 0
1500.602 4
1501.174 4
1501.745 2
1502.317 1
1502.889 3
1503.461 3
1504.033 3
1504.605 6
1505.178 2
1505.750 4
1506.322 6
1506.894 2
1507.466 1
1508.038 1
1508.611 1
1509.183 0
1509.755 5
1510.328 1
1510.900 3
1511.473 2
1512.045 0
1512.618 0
1513.190 2
1513.763 0
1514.335 1
1514.908 2
1515.481 0
1516.053 2
1516.626 1
1517.199 3
1517.772 0
1518.345 0
1518.918 2
1519.490 2
1520.063 0
1520.636 1
1521.209 1
1521.782 2
1522.355 0
1522.929 4
1523.502 2
1524.075 1
1524.648 2
1525.221 0
1525.794 0
1526.368 0
1526.941 0
1527.514 1
1528.088 0
1528.661 1
1529.235 0
1529.808 1
1530.382 1
1530.955 3
1531.529 1
1532.102 0
1532.676 1
1533.250 1
1533.823 0
1534.397 1
1534.971 3
1535.545 3
1536.119 1
1536.692 1
1537.266 0
1537.840 2
1538.414 2
1538.988 0
1539.562 0
1540.136 1
1540.710 0
1541.285 1
1541.859 0
1542.433 2
1543.007 1
1543.581 0
1544.156 1
1544.730 0
1545.304 1
1545.879 0
1546.453 1
1547.028 0
1547.602 0
1548.177 0
1548.751 0
1549.326 0
1549.900 0
1550.475 1
1551.050 0
1551.624 0
1552.199 0
1552.774 0
1553.349 0
1553.923 0
1554.498 2
1555.073 0
1555.648 1
1556.223 1
1556.798 1
1557.373 2
1557.948 1
1558.523 0
1559.098 2
1559.674 0
1560.249 1
1560.824 0
1561.399 1
1561.974 0
1562.550 0
1563.125 1
1563.701 1
1564.276 0
1564.851 0
1565.427 1
1566.002 2
1566.578 0
1567.153 0
1567.729 0
1568.305 1
1568.880 0
1569.456 1
1570.032 0
1570.608 0
1571.183 0
1571.759 0
1572.335 0
1572.911 1
1573.487 0
1574.063 0
1574.639 1
1575.215 1
1575.791 0
1576.367 1
1576.943 1
1577.519 0
1578.095 1
1578.672 0
1579.248 0
1579.824 2
1580.401 1
1580.977 0
1581.553 0
1582.130 0
1582.706 1
1583.283 0
1583.859 1
1584.436 1
1585.012 2
1585.589 1
1586.165 0
1586.742 2
1587.319 0
1587.896 0
1588.472 0
1589.049 0
1589.626 0
1590.203 3
1590.780 0
1591.357 0
1591.934 1
1592.511 1
1593.088 0
1593.665 0
1594.242 2
1594.819 0
1595.396 0
1595.973 0
1596.550 0
1597.128 1
1597.705 2
1598.282 0
1598.860 1
1599.437 2
1600.014 1
1600.592 1
1601.169 0
1601.747 0
1602.324 0
1602.902 0
1603.480 1
1604.057 1
1604.635 0
1605.213 0
1605.790 0
1606.368 0
1606.946 0
1607.524 0
1608.101 1
1608.679 1
1609.257 1
1609.835 0
1610.413 2
1610.991 1
1611.569 1
1612.147 1
1612.726 0
1613.304 0
1613.882 2
1614.460 1
1615.038 0
1615.617 1
1616.195 0
1616.773 1
1617.352 0
1617.930 0
1618.508 1
1619.087 0
1619.665 0
1620.244 0
1620.823 0
1621.401 1
1621.980 1
1622.558 1
1623.137 1
1623.716 0
1624.295 1
1624.873 0
1625.452 1
1626.031 0
1626.610 0
1627.189 1
1627.768 0
1628.347 0
1628.926 0
1629.505 0
1630.084 0
1630.663 2
1631.242 1
1631.821 0
1632.401 1
1632.980 0
1633.559 0
1634.138 0
1634.718 1
1635.297 1
1635.877 0
1636.456 2
1637.036 2
1637.615 2
1638.195 0
1638.774 0
1639.354 0
1639.933 0
1640.513 0
1641.093 1
1641.672 0
1642.252 1
1642.832 1
1643.412 0
1643.992 2
1644.572 1
1645.151 2
1645.731 0
1646.311 0
1646.891 0
1647.471 1
1648.052 0
1648.632 0
1649.212 1
1649.792 0
1650.372 0
1650.952 0
1651.533 0
1652.113 1
1652.693 0
1653.274 0
1653.854 0
1654.435 0
1655.015 0
1655.596 0
1656.176 0
1656.757 0
1657.337 1
1657.918 0
1658.499 1
1659.079 0
1659.660 1
1660.241 1
1660.821 0
1661.402 0
1661.983 0
1662.564 0
1663.145 1
1663.726 1
1664.307 1
1664.888 0
1665.469 0
1666.050 0
1666.631 0
1667.212 0
1667.793 0
1668.375 0
1668.956 1
1669.537 1
1670.118 0
1670.700 0
1671.281 1
1671.863 0
1672.444 1
1673.025 0
1673.607 0
1674.189 0
1674.770 0
1675.352 1
1675.933 0
1676.515 0
1677.097 0
1677.678 0
1678.260 0
1678.842 0
1679.424 0
1680.006 0
1680.587 0
1681.169 1
1681.751 0
1682.333 0
1682.915 0
1683.497 0
1684.079 0
1684.662 0
1685.244 2
1685.826 0
1686.408 0
1686.990 0
1687.573 1
1688.155 0
1688.737 0
1689.320 0
1689.902 0
1690.484 0
1691.067 0
1691.649 1
1692.232 0
1692.814 0
1693.397 1
1693.980 0
1694.562 1
1695.145 1
1695.728 0
1696.310 0
1696.893 1
1697.476 0
1698.059 0
1698.642 1
1699.225 0
1699.808 0
1700.391 0
1700.974 0
1701.557 0
1702.140 0
1702.723 0
1703.306 0
1703.889 0
1704.472 0
1705.056 0
1705.639 0
1706.222 0
1706.806 0
1707.389 0
1707.972 1
1708.556 0
1709.139 0
1709.723 0
1710.306 1
1710.890 0
1711.473 0
1712.057 2
1712.641 0
1713.224 0
1713.808 1
1714.392 0
1714.976 0
1715.559 0
1716.143 0
1716.727 0
1717.311 1
1717.895 0
1718.479 0
1719.063 0
1719.647 1
1720.231 1
1720.815 0
1721.399 0
1721.983 0
1722.568 0
1723.152 1
1723.736 0
1724.320 0
1724.905 0
1725.489 0
1726.074 0
1726.658 1
1727.242 0
1727.827 0
1728.411 1
1728.996 1
1729.581 0
1730.165 0
1730.750 1
1731.335 1
1731.919 2
1732.504 0
1733.089 1
1733.674 1
1734.258 1
1734.843 0
1735.428 0
1736.013 0
1736.598 0
1737.183 0
1737.768 0
1738.353 0
1738.938 1
1739.524 0
1740.109 0
1740.694 0
1741.279 1
1741.864 0
1742.450 0
1743.035 0
1743.620 0
1744.206 1
1744.791 0
1745.377 1
1745.962 1
1746.548 1
1747.133 1
1747.719 1
1748.304 0
1748.890 0
1749.476 0
1750.061 0
1750.647 0
1751.233 0
1751.819 0
1752.405 0
1752.991 1
1753.576 0
1754.162 0
1754.748 1
1755.334 0
1755.920 0
1756.506 0
1757.093 0
1757.679 1
1758.265 1
1758.851 0
1759.437 0
1760.024 0
1760.610 0
1761.196 0
1761.783 0
1762.369 0
1762.955 0
1763.542 1
1764.128 0
1764.715 0
1765.301 1
1765.888 0
1766.475 0
1767.061 0
1767.648 3
1768.235 0
1768.821 1
1769.408 0
1769.995 2
1770.582 0
1771.169 0
1771.756 0
1772.342 0
1772.929 0
1773.516 0
1774.104 1
1774.691 1
1775.278 0
1775.865 0
1776.452 0
1777.039 0
1777.626 0
1778.214 0
1778.801 0
1779.388 0
1779.976 0
1780.563 1
1781.150 0
1781.738 0
1782.325 0
1782.913 1
1783.500 0
1784.088 1
1784.676 0
1785.263 1
1785.851 1
1786.439 1
1787.026 0
1787.614 0
1788.202 0
1788.790 1
1789.378 0
1789.966 0
1790.554 0
1791.142 3
1791.730 0
1792.318 0
1792.906 0
1793.494 0
1794.082 1
1794.670 1
1795.258 0
1795.846 1
1796.435 0
1797.023 0
1797.611 1
1798.200 1
1798.788 0
1799.376 1
1799.965 1
1800.553 0
1801.142 0
1801.730 0
1802.319 1
1802.908 0
1803.496 0
1804.085 1
1804.674 2
1805.262 0
1805.851 1
1806.440 1
1807.029 1
1807.618 0
1808.207 0
1808.796 0
1809.385 0
1809.974 0
1810.563 0
1811.152 0
1811.741 2
1812.330 0
1812.919 0
1813.508 0
1814.097 0
1814.687 1
1815.276 3
1815.865 0
1816.455 0
1817.044 0
1817.633 1
1818.223 1
1818.812 0
1819.402 0
1819.991 1
1820.581 0
1821.171 0
1821.760 0
1822.350 0
1822.940 1
1823.529 0
1824.119 0
1824.709 0
1825.299 0
1825.889 0
1826.479 0
1827.068 0
1827.658 0
1828.248 0
1828.838 0
1829.429 0
1830.019 1
1830.609 2
1831.199 0
1831.789 0
1832.379 0
1832.970 0
1833.560 0
1834.150 0
1834.741 0
1835.331 0
1835.921 2
1836.512 1
1837.102 0
1837.693 1
1838.283 0
1838.874 0
1839.464 0
1840.055 0
1840.646 0
1841.236 0
1841.827 0
1842.418 0
1843.009 0
1843.600 0
1844.191 0
1844.781 0
1845.372 0
1845.963 1
1846.554 0
1847.145 0
1847.736 0
1848.327 0
1848.919 0
1849.510 2
1850.101 0
1850.692 0
1851.283 0
1851.875 0
1852.466 0
1853.057 0
1853.649 0
1854.240 0
1854.832 0
1855.423 0
1856.015 0
1856.606 0
1857.198 0
1857.789 0
1858.381 0
1858.973 0
1859.564 0
1860.156 0
1860.748 0
1861.340 0
1861.931 0
1862.523 0
1863.115 0
1863.707 0
1864.299 1
1864.891 0
1865.483 1
1866.075 0
1866.667 1
1867.259 0
1867.852 1
1868.444 1
1869.036 0
1869.628 0
1870.220 0
1870.813 0
1871.405 1
1871.998 0
1872.590 0
1873.182 0
1873.775 0
1874.367 1
1874.960 0
1875.552 0
1876.145 0
1876.738 0
1877.330 0
1877.923 0
1878.516 0
1879.109 0
1879.701 0
1880.294 0
1880.887 0
1881.480 0
1882.073 0
1882.666 0
1883.259 0
1883.852 0
1884.445 2
1885.038 0
1885.631 0
1886.224 1
1886.817 0
1887.411 0
1888.004 0
1888.597 0
1889.191 0
1889.784 0
1890.377 0
1890.971 0
1891.564 0
1892.158 0
1892.751 0
1893.345 0
1893.938 0
1894.532 1
1895.125 0
1895.719 0
1896.313 0
1896.907 0
1897.500 0
1898.094 1
1898.688 0
1899.282 0
1899.876 0
1900.470 0
1901.064 1
1901.658 0
1902.252 0
1902.846 0
1903.440 0
1904.034 2
1904.628 0
1905.222 1
1905.816 0
1906.411 1
1907.005 1
1907.599 0
1908.194 0
1908.788 0
1909.382 1
1909.977 0
1910.571 0
1911.166 0
1911.760 0
1912.355 0
1912.949 0
1913.544 0
1914.139 0
1914.733 1
1915.328 1
1915.923 0
1916.518 2
1917.113 1
1917.707 0
1918.302 1
1918.897 0
1919.492 0
1920.087 0
1920.682 1
1921.277 1
1921.872 0
1922.467 0
1923.063 2
1923.658 0
1924.253 0
1924.848 0
1925.443 0
1926.039 0
1926.634 0
1927.229 0
1927.825 0
1928.420 0
1929.016 0
1929.611 0
1930.207 0
1930.802 0
1931.398 0
1931.994 1
1932.589 0
1933.185 0
1933.781 0
1934.376 0
1934.972 0
1935.568 1
1936.164 0
1936.760 0
1937.356 0
1937.952 1
1938.548 0
1939.144 0
1939.740 1
1940.336 1
1940.932 1
1941.528 0
1942.124 0
1942.720 0
1943.317 0
1943.913 0
1944.509 1
1945.106 0
1945.702 0
1946.298 0
1946.895 0
1947.491 0
1948.088 1
1948.684 0
1949.281 0
1949.878 0
1950.474 0
1951.071 0
1951.667 0
1952.264 1
1952.861 0
1953.458 0
1954.055 0
1954.651 0
1955.248 0
1955.845 0
1956.442 0
1957.039 1
1957.636 0
1958.233 1
1958.830 0
1959.427 0
1960.025 1
1960.622 0
1961.219 0
1961.816 0
1962.413 0
1963.011 0
1963.608 0
1964.205 1
1964.803 0
1965.400 0
1965.998 0
1966.595 0
1967.193 0
1967.790 2
1968.388 0
1968.986 1
1969.583 0
1970.181 0
1970.779 0
1971.376 0
1971.974 0
1972.572 1
1973.170 0
1973.768 1
1974.366 0
1974.964 0
1975.562 0
1976.160 0
1976.758 0
1977.356 0
1977.954 0
1978.552 0
1979.150 0
1979.748 0
1980.347 0
1980.945 0
1981.543 0
1982.142 0
1982.740 0
1983.338 0
1983.937 0
1984.535 0
1985.134 0
1985.732 0
1986.331 0
1986.929 0
1987.528 1
1988.127 2
1988.725 1
1989.324 0
1989.923 0
1990.522 0
1991.120 0
1991.719 1
1992.318 0
1992.917 0
1993.516 0
1994.115 1
1994.714 0
1995.313 0
1995.912 0
1996.511 0
1997.110 1
1997.710 1
1998.309 1
1998.908 0
1999.507 0
2000.107 0
2000.706 0
2001.305 0
2001.905 0
2002.504 0
2003.104 0
2003.703 0
2004.303 0
2004.902 0
2005.502 0
2006.101 0
2006.701 0
2007.301 0
2007.900 0
2008.500 0
2009.100 0
2009.700 0
2010.300 0
2010.899 0
2011.499 0
2012.099 1
2012.699 0
2013.299 0
2013.899 0
2014.499 0
2015.100 1
2015.700 0
2016.300 0
2016.900 1
2017.500 0
2018.101 0
2018.701 0
2019.301 0
2019.902 0
2020.502 0
2021.102 0
2021.703 0
2022.303 0
2022.904 0
2023.504 1
2024.105 0
2024.706 0
2025.306 0
2025.907 0
2026.508 0
2027.108 0
2027.709 0
2028.310 0
2028.911 0
2029.512 0
2030.113 1
2030.714 0
2031.315 0
2031.916 0
2032.517 0
2033.118 0
2033.719 0
2034.320 0
2034.921 1
2035.522 0
2036.123 0
2036.725 0
2037.326 0
2037.927 0
2038.529 0
2039.130 0
2039.732 0
2040.333 0
2040.935 0
2041.536 1
2042.138 0
2042.739 0
2043.341 0
2043.942 1
2044.544 0
2045.146 0
2045.748 0
2046.349 0
2046.951 0
2047.553 0
2048.155 0
2048.757 0
2049.359 1
2049.961 1
2050.563 0
2051.165 0
2051.767 0
2052.369 0
2052.971 0
2053.573 0
2054.175 0
2054.778 0
2055.380 1
2055.982 1
2056.585 2
2057.187 0
2057.789 0
2058.392 0
2058.994 0
2059.597 0
2060.199 0
2060.802 0
2061.404 0
2062.007 0
2062.610 0
2063.212 0
2063.815 0
2064.418 1
2065.020 1
2065.623 0
2066.226 0
2066.829 1
2067.432 1
2068.035 0
2068.638 0
2069.241 0
2069.844 0
2070.447 0
2071.050 0
2071.653 0
2072.256 0
2072.860 0
2073.463 0
2074.066 0
2074.669 0
2075.273 0
2075.876 0
2076.479 0
2077.083 0
2077.686 0
2078.290 0
2078.893 1
2079.497 0
2080.100 0
2080.704 0
2081.308 0
2081.911 0
2082.515 0
2083.119 0
2083.723 0
2084.326 0
2084.930 0
2085.534 0
2086.138 0
2086.742 0
2087.346 0
2087.950 0
2088.554 0
2089.158 0
2089.762 0
2090.366 0
2090.970 0
2091.575 0
2092.179 0
2092.783 0
2093.387 0
2093.992 0
2094.596 1
2095.200 1
2095.805 0
2096.409 0
2097.014 0
2097.618 0
2098.223 0
2098.827 0
2099.432 0
2100.037 0
2100.641 1
2101.246 0
2101.851 1
2102.456 0
2103.060 0
2103.665 0
2104.270 1
2104.875 0
2105.480 0
2106.085 0
2106.690 0
2107.295 0
2107.900 0
2108.505 1
2109.110 1
2109.715 0
2110.321 0
2110.926 0
2111.531 1
2112.136 1
2112.742 0
2113.347 0
2113.952 0
2114.558 0
2115.163 0
2115.769 0
2116.374 1
2116.980 1
2117.585 0
2118.191 0
2118.797 2
2119.402 1
2120.008 1
2120.614 0
2121.220 0
2121.825 1
2122.431 0
2123.037 0
2123.643 2
2124.249 0
2124.855 0
2125.461 1
2126.067 2
2126.673 0
2127.279 0
2127.885 0
2128.491 0
2129.097 0
2129.704 0
2130.310 0
2130.916 1
2131.523 1
2132.129 0
2132.735 0
2133.342 1
2133.948 1
2134.555 0
2135.161 1
2135.768 1
2136.374 0
2136.981 1
2137.588 1
2138.194 1
2138.801 0
2139.408 1
2140.014 0
2140.621 1
2141.228 0
2141.835 0
2142.442 0
2143.049 1
2143.656 0
2144.263 1
2144.870 2
2145.477 0
2146.084 1
2146.691 1
2147.298 0
2147.905 0
2148.513 0
2149.120 0
2149.727 1
2150.334 0
2150.942 0
2151.549 0
2152.157 0
2152.764 0
2153.372 0
2153.979 1
2154.587 0
2155.194 0
2155.802 1
2156.409 0
2157.017 1
2157.625 0
2158.232 1
2158.840 1
2159.448 0
2160.056 1
2160.664 1
2161.272 0
2161.880 0
2162.488 0
2163.096 1
2163.704 0
2164.312 0
2164.920 0
2165.528 0
2166.136 1
2166.744 0
2167.352 0
2167.961 0
2168.569 1
2169.177 0
2169.786 0
2170.394 0
2171.002 0
2171.611 0
2172.219 0
2172.828 0
2173.436 1
2174.045 0
2174.654 0
2175.262 2
2175.871 0
2176.480 1
2177.088 0
2177.697 0
2178.306 0
2178.915 0
2179.524 2
2180.132 0
2180.741 0
2181.350 0
2181.959 0
2182.568 1
2183.177 0
2183.786 1
2184.396 0
2185.005 0
2185.614 0
2186.223 0
2186.832 0
2187.442 0
2188.051 0
2188.660 0
2189.270 0
2189.879 0
2190.489 0
2191.098 1
2191.708 1
2192.317 0
2192.927 0
2193.536 0
2194.146 0
2194.756 0
2195.365 0
2195.975 1
2196.585 1
2197.195 0
2197.804 0
2198.414 0
2199.024 0
2199.634 0
2200.244 1
2200.854 0
2201.464 0
2202.074 0
2202.684 0
2203.294 0
2203.904 0
2204.515 0
2205.125 0
2205.735 0
2206.345 0
2206.956 0
2207.566 0
2208.176 1
2208.787 0
2209.397 0
2210.008 0
2210.618 0
2211.229 0
2211.839 0
2212.450 0
2213.061 0
2213.671 0
2214.282 0
2214.893 0
2215.503 1
2216.114 0
2216.725 0
2217.336 0
2217.947 0
2218.558 0
2219.169 0
2219.780 0
2220.391 0
2221.002 0
2221.613 0
2222.224 0
2222.835 0
2223.446 0
2224.057 0
2224.669 0
2225.280 0
2225.891 0
2226.503 0
2227.114 0
2227.725 0
2228.337 0
2228.948 0
2229.560 1
2230.171 0
2230.783 0
2231.394 0
2232.006 0
2232.618 0
2233.229 0
2233.841 0
2234.453 0
2235.065 0
2235.677 0
2236.288 0
2236.900 0
2237.512 1
2238.124 0
2238.736 0
2239.348 1
2239.960 1
2240.572 1
2241.184 0
2241.797 0
2242.409 1
2243.021 0
2243.633 0
2244.245 0
2244.858 0
2245.470 2
2246.082 0
2246.695 0
2247.307 0
2247.920 1
2248.532 0
2249.145 0
2249.757 0
2250.370 0
2250.983 0
2251.595 1
2252.208 0
2252.821 0
2253.433 0
2254.046 0
2254.659 0
2255.272 399
