2019_09_27_09_36_49_409 /home/raspion_user/data/Beacon_Calibration4.sp 1213659  600.000  529.450 2.734449 0.485724  0.0000147857
   2 293
   3 19
   3 28
   4 34
   4 32
   5 32
   5 43
   6 37
   6 37
   7 35
   7 58
   8 53
   8 65
   9 58
   9 68
  10 74
  10 72
  10 80
  11 80
  11 101
  12 110
  12 112
  13 121
  13 117
  14 145
  14 171
  15 165
  15 177
  16 207
  16 201
  17 233
  17 218
  18 253
  18 291
  19 311
  19 319
  20 329
  20 337
  21 401
  21 403
  22 428
  22 449
  23 521
  23 510
  24 555
  24 582
  25 584
  25 617
  26 621
  26 689
  27 753
  27 746
  28 812
  28 810
  29 845
  29 851
  29 842
  30 906
  30 895
  31 975
  31 980
  32 992
  32 954
  33 1017
  33 988
  34 1045
  34 1040
  35 1060
  35 1070
  36 1111
  36 1144
  37 1071
  37 1132
  38 1169
  38 1165
  39 1246
  39 1232
  40 1292
  40 1254
  41 1344
  41 1362
  42 1416
  42 1454
  43 1462
  43 1289
  44 1242
  44 1164
  45 1124
  45 1047
  46 1038
  46 983
  47 964
  47 930
  48 916
  48 832
  49 856
  49 818
  49 805
  50 796
  50 815
  51 738
  51 732
  52 720
  52 706
  53 748
  53 740
  54 736
  54 771
  55 703
  55 748
  56 709
  56 766
  57 681
  57 742
  58 712
  58 716
  59 726
  59 717
  60 755
  60 790
  61 797
  61 800
  62 856
  62 794
  63 797
  63 807
  64 844
  64 844
  65 843
  65 870
  66 844
  66 906
  67 907
  67 830
  68 872
  68 871
  69 879
  69 863
  70 918
  70 973
  71 988
  71 985
  72 974
  72 1021
  72 884
  73 994
  73 1072
  74 1007
  74 1069
  75 1034
  75 1065
  76 1042
  76 1085
  77 1119
  77 1147
  78 1224
  78 1106
  79 1195
  79 1172
  80 1251
  80 1253
  81 1325
  81 1328
  82 1451
  82 1328
  83 1408
  83 1418
  84 1473
  84 1399
  85 1513
  85 1503
  86 1593
  86 1506
  87 1612
  87 1647
  88 1699
  88 1581
  89 1694
  89 1743
  90 1790
  90 1807
  91 1857
  91 1914
  92 1959
  92 1768
  93 1996
  93 1991
  94 2020
  94 1974
  95 2046
  95 2128
  96 2177
  96 2208
  97 2266
  97 2187
  98 2297
  98 2373
  98 2261
  99 2349
  99 2481
 100 2376
 100 2455
 101 2423
 101 2538
 102 2632
 102 2590
 103 2704
 103 2636
 104 2715
 104 2807
 105 2757
 105 2993
 106 2935
 106 3022
 107 3145
 107 3191
 108 3211
 108 3201
 109 3337
 109 3272
 110 3356
 110 3534
 111 3654
 111 3703
 112 3806
 112 3865
 113 3899
 113 4131
 114 4036
 114 4381
 115 4295
 115 4392
 116 4218
 116 4524
 117 4745
 117 4907
 118 4720
 118 4966
 119 5057
 119 5152
 120 5087
 120 5319
 121 5380
 121 5525
 122 5417
 122 5627
 123 5664
 123 5615
 124 5535
 124 5786
 125 5608
 125 5796
 126 5594
 126 5794
 127 5492
 127 5618
 128 5570
 128 5474
 129 5398
 129 5338
 130 5110
 130 5077
 131 5036
 131 4910
 131 4558
 132 4471
 132 4380
 133 4299
 133 4007
 134 3940
 134 3794
 135 3676
 135 3400
 136 3469
 136 3155
 137 3076
 137 2979
 138 2825
 138 2768
 139 2699
 139 2442
 140 2388
 140 2348
 141 2188
 141 2123
 142 2067
 142 1970
 143 1875
 143 1819
 144 1781
 144 1587
 145 1572
 145 1503
 146 1497
 146 1412
 147 1402
 147 1302
 148 1335
 148 1289
 149 1282
 149 1204
 150 1196
 150 1156
 151 1104
 151 1032
 152 1055
 152 1021
 153 991
 153 949
 154 973
 154 955
 155 905
 155 853
 156 860
 156 850
 157 871
 157 819
 158 831
 158 850
 159 819
 159 748
 160 768
 160 747
 161 737
 161 752
 162 737
 162 745
 163 734
 163 662
 164 725
 164 651
 165 698
 165 689
 166 662
 166 652
 167 657
 167 660
 168 654
 168 663
 169 654
 169 622
 170 629
 170 623
 171 633
 171 610
 172 593
 172 647
 173 656
 173 598
 174 587
 174 628
 175 574
 175 577
 176 653
 176 609
 177 606
 177 610
 178 612
 178 635
 179 602
 179 623
 180 598
 180 651
 181 632
 181 637
 181 651
 182 619
 182 654
 183 548
 183 651
 184 596
 184 667
 185 628
 185 625
 186 689
 186 667
 187 658
 187 665
 188 670
 188 673
 189 608
 189 639
 190 671
 190 689
 191 623
 191 672
 192 647
 192 668
 193 695
 193 686
 194 638
 194 663
 195 685
 195 655
 196 658
 196 667
 197 641
 197 653
 198 683
 198 714
 199 687
 199 704
 200 655
 200 639
 201 641
 201 678
 202 670
 202 672
 203 656
 203 678
 204 655
 204 651
 205 634
 205 655
 206 658
 206 701
 207 603
 207 633
 208 612
 208 673
 209 629
 209 650
 210 660
 210 666
 211 629
 211 638
 212 677
 212 663
 213 626
 213 636
 214 624
 214 636
 215 579
 215 599
 216 622
 216 659
 217 623
 217 676
 218 635
 218 642
 219 627
 219 644
 220 619
 220 606
 221 554
 221 611
 222 561
 222 632
 223 630
 223 585
 224 600
 224 592
 225 630
 225 576
 226 605
 226 595
 227 554
 227 561
 228 595
 228 624
 229 595
 229 580
 230 579
 230 619
 231 580
 231 556
 232 600
 232 611
 233 580
 233 577
 234 595
 234 592
 235 581
 235 635
 236 625
 236 536
 237 596
 237 564
 238 584
 238 598
 239 543
 239 597
 240 584
 240 598
 241 520
 241 586
 242 573
 242 542
 243 506
 243 536
 244 553
 244 553
 245 550
 245 569
 246 541
 246 528
 247 503
 247 554
 248 521
 248 512
 249 554
 249 535
 250 588
 250 522
 251 466
 251 524
 252 523
 252 538
 253 521
 253 495
 254 539
 254 547
 255 540
 255 543
 256 477
 256 536
 257 469
 257 487
 258 493
 258 482
 259 485
 259 509
 260 528
 260 506
 261 481
 261 479
 262 512
 262 497
 263 458
 263 471
 264 494
 264 455
 265 518
 265 483
 266 474
 266 489
 267 464
 267 521
 268 460
 268 452
 269 489
 269 486
 270 499
 270 455
 271 509
 271 471
 272 459
 272 439
 273 469
 273 456
 274 497
 274 455
 275 454
 275 465
 276 483
 276 450
 277 444
 277 447
 278 431
 278 434
 279 442
 279 444
 280 423
 280 457
 281 426
 281 470
 282 431
 282 471
 283 469
 283 463
 284 478
 284 429
 285 426
 285 415
 286 448
 286 444
 287 447
 287 436
 288 461
 288 458
 289 410
 289 427
 290 427
 290 461
 291 425
 291 450
 292 472
 292 429
 293 461
 293 451
 294 429
 294 435
 295 452
 295 433
 296 466
 296 424
 297 439
 297 440
 298 453
 298 438
 299 432
 299 435
 300 418
 301 439
 301 427
 302 408
 302 402
 303 385
 303 420
 304 403
 304 455
 305 435
 305 430
 306 411
 306 437
 307 409
 307 405
 308 445
 308 403
 309 406
 309 382
 310 403
 310 427
 311 393
 311 387
 312 428
 312 409
 313 442
 313 361
 314 431
 314 422
 315 412
 315 390
 316 433
 316 415
 317 453
 317 379
 318 411
 318 412
 319 397
 319 418
 320 423
 320 413
 321 399
 321 386
 322 379
 322 409
 323 423
 323 405
 324 412
 324 413
 325 402
 325 382
 326 398
 326 421
 327 391
 327 384
 328 404
 328 420
 329 403
 329 413
 330 410
 330 409
 331 384
 331 381
 332 415
 332 406
 333 422
 333 367
 334 389
 334 418
 335 385
 335 395
 336 431
 336 421
 337 399
 337 420
 338 404
 338 443
 339 416
 339 378
 340 382
 340 415
 341 380
 341 366
 342 394
 342 374
 343 383
 343 342
 344 381
 344 379
 345 409
 345 369
 346 368
 346 421
 347 407
 347 362
 348 413
 348 407
 349 424
 349 355
 350 381
 350 415
 351 386
 352 379
 352 415
 353 411
 353 395
 354 398
 354 416
 355 426
 355 419
 356 405
 356 401
 357 373
 357 358
 358 373
 358 404
 359 413
 359 413
 360 388
 360 379
 361 418
 361 396
 362 384
 362 362
 363 382
 363 399
 364 394
 364 392
 365 390
 365 384
 366 333
 366 382
 367 397
 367 361
 368 389
 368 394
 369 392
 369 373
 370 370
 370 409
 371 415
 371 415
 372 352
 372 401
 373 378
 373 379
 374 394
 374 398
 375 395
 375 397
 376 342
 376 374
 377 389
 377 397
 378 352
 378 387
 379 351
 379 353
 380 343
 380 402
 381 363
 381 380
 382 404
 382 372
 383 430
 383 354
 384 389
 384 373
 385 361
 386 382
 386 371
 387 386
 387 424
 388 389
 388 392
 389 362
 389 385
 390 365
 390 353
 391 389
 391 389
 392 355
 392 378
 393 364
 393 379
 394 400
 394 351
 395 364
 395 379
 396 388
 396 391
 397 369
 397 369
 398 411
 398 436
 399 398
 399 421
 400 356
 400 361
 401 424
 401 381
 402 385
 402 367
 403 352
 403 378
 404 368
 404 391
 405 400
 405 409
 406 411
 406 401
 407 377
 407 381
 408 406
 408 406
 409 373
 409 408
 410 408
 410 383
 411 399
 411 371
 412 359
 413 351
 413 373
 414 333
 414 390
 415 378
 415 372
 416 386
 416 426
 417 385
 417 416
 418 397
 418 377
 419 391
 419 399
 420 391
 420 400
 421 377
 421 396
 422 413
 422 366
 423 369
 423 346
 424 353
 424 422
 425 376
 425 387
 426 398
 426 367
 427 379
 427 393
 428 367
 428 375
 429 401
 429 374
 430 390
 430 358
 431 365
 431 378
 432 389
 432 388
 433 388
 433 367
 434 378
 434 364
 435 394
 435 395
 436 353
 437 379
 437 357
 438 391
 438 340
 439 350
 439 355
 440 391
 440 390
 441 362
 441 363
 442 361
 442 399
 443 408
 443 372
 444 414
 444 368
 445 369
 445 312
 446 367
 446 365
 447 372
 447 347
 448 374
 448 365
 449 322
 449 345
 450 363
 450 340
 451 357
 451 384
 452 361
 452 356
 453 356
 453 355
 454 339
 454 341
 455 333
 455 317
 456 337
 456 333
 457 360
 458 316
 458 342
 459 335
 459 347
 460 321
 460 306
 461 322
 461 335
 462 291
 462 309
 463 320
 463 316
 464 303
 464 300
 465 311
 465 281
 466 318
 466 308
 467 302
 467 279
 468 288
 468 270
 469 301
 469 281
 470 289
 470 249
 471 274
 471 294
 472 271
 472 282
 473 258
 473 265
 474 239
 474 259
 475 270
 475 258
 476 243
 477 246
 477 237
 478 269
 478 243
 479 230
 479 247
 480 234
 480 235
 481 228
 481 247
 482 202
 482 205
 483 225
 483 221
 484 251
 484 230
 485 196
 485 254
 486 220
 486 229
 487 201
 487 210
 488 205
 488 205
 489 209
 489 198
 490 224
 490 198
 491 223
 491 227
 492 183
 492 210
 493 204
 493 178
 494 214
 495 202
 495 208
 496 199
 496 222
 497 209
 497 209
 498 185
 498 178
 499 188
 499 192
 500 193
 500 190
 501 183
 501 197
 502 202
 502 174
 503 174
 503 201
 504 201
 504 173
 505 158
 505 182
 506 171
 506 212
 507 185
 507 190
 508 184
 508 167
 509 166
 509 158
 510 156
 510 179
 511 187
 512 179
 512 169
 513 166
 513 176
 514 168
 514 190
 515 170
 515 153
 516 167
 516 159
 517 169
 517 166
 518 174
 518 187
 519 168
 519 151
 520 169
 520 186
 521 152
 521 147
 522 174
 522 142
 523 179
 523 171
 524 147
 524 165
 525 150
 525 155
 526 150
 526 175
 527 153
 528 160
 528 150
 529 147
 529 162
 530 158
 530 162
 531 156
 531 150
 532 138
 532 130
 533 162
 533 161
 534 155
 534 145
 535 125
 535 161
 536 138
 536 143
 537 157
 537 147
 538 143
 538 151
 539 139
 539 158
 540 137
 540 132
 541 157
 541 147
 542 122
 543 158
 543 141
 544 160
 544 135
 545 151
 545 161
 546 122
 546 131
 547 135
 547 141
 548 132
 548 132
 549 137
 549 134
 550 168
 550 148
 551 139
 551 148
 552 133
 552 151
 553 134
 553 126
 554 108
 554 153
 555 124
 555 140
 556 127
 556 151
 557 150
 558 145
 558 134
 559 128
 559 142
 560 138
 560 155
 561 136
 561 142
 562 143
 562 163
 563 127
 563 155
 564 128
 564 135
 565 150
 565 137
 566 141
 566 143
 567 118
 567 124
 568 137
 568 142
 569 126
 569 141
 570 138
 571 135
 571 124
 572 136
 572 150
 573 149
 573 124
 574 134
 574 144
 575 141
 575 130
 576 143
 576 134
 577 132
 577 134
 578 139
 578 155
 579 146
 579 133
 580 131
 580 149
 581 159
 581 144
 582 150
 582 149
 583 152
 583 147
 584 126
 585 114
 585 174
 586 152
 586 152
 587 160
 587 147
 588 154
 588 166
 589 146
 589 152
 590 153
 590 159
 591 146
 591 177
 592 166
 592 159
 593 150
 593 167
 594 158
 594 178
 595 156
 595 179
 596 184
 596 160
 597 162
 598 183
 598 174
 599 178
 599 200
 600 207
 600 181
 601 189
 601 222
 602 181
 602 201
 603 220
 603 218
 604 215
 604 219
 605 231
 605 221
 606 242
 606 244
 607 251
 607 259
 608 236
 608 263
 609 266
 610 271
 610 307
 611 268
 611 300
 612 269
 612 313
 613 306
 613 343
 614 344
 614 299
 615 329
 615 348
 616 350
 616 360
 617 368
 617 415
 618 377
 618 425
 619 395
 619 419
 620 458
 620 470
 621 468
 622 454
 622 506
 623 514
 623 565
 624 595
 624 555
 625 583
 625 597
 626 619
 626 614
 627 568
 627 578
 628 692
 628 647
 629 706
 629 691
 630 725
 630 793
 631 755
 631 808
 632 826
 632 854
 633 859
 634 838
 634 919
 635 944
 635 907
 636 919
 636 1017
 637 1031
 637 989
 638 1083
 638 1094
 639 1123
 639 1149
 640 1111
 640 1106
 641 1210
 641 1242
 642 1213
 642 1259
 643 1255
 643 1282
 644 1296
 645 1388
 645 1395
 646 1404
 646 1410
 647 1475
 647 1426
 648 1559
 648 1487
 649 1545
 649 1544
 650 1548
 650 1548
 651 1617
 651 1644
 652 1613
 652 1603
 653 1665
 653 1672
 654 1636
 654 1633
 655 1731
 656 1769
 656 1745
 657 1661
 657 1840
 658 1719
 658 1766
 659 1741
 659 1882
 660 1755
 660 1844
 661 1760
 661 1826
 662 1930
 662 1772
 663 1873
 663 1860
 664 1769
 664 1722
 665 1837
 665 1834
 666 1753
 667 1713
 667 1751
 668 1763
 668 1706
 669 1703
 669 1713
 670 1717
 670 1659
 671 1592
 671 1556
 672 1631
 672 1552
 673 1554
 673 1505
 674 1577
 674 1477
 675 1411
 675 1358
 676 1497
 677 1460
 677 1435
 678 1342
 678 1442
 679 1326
 679 1347
 680 1288
 680 1282
 681 1250
 681 1155
 682 1256
 682 1235
 683 1120
 683 1107
 684 1035
 684 1047
 685 994
 685 968
 686 964
 686 955
 687 947
 688 894
 688 888
 689 849
 689 904
 690 785
 690 771
 691 748
 691 756
 692 693
 692 728
 693 694
 693 664
 694 691
 694 599
 695 617
 695 629
 696 546
 696 577
 697 567
 698 546
 698 472
 699 506
 699 475
 700 464
 700 426
 701 439
 701 412
 702 430
 702 416
 703 364
 703 357
 704 381
 704 390
 705 297
 705 373
 706 337
 706 314
 707 300
 708 296
 708 295
 709 281
 709 262
 710 290
 710 270
 711 267
 711 236
 712 254
 712 252
 713 217
 713 237
 714 219
 714 213
 715 203
 715 219
 716 222
 717 199
 717 201
 718 185
 718 192
 719 183
 719 181
 720 177
 720 172
 721 170
 721 185
 722 138
 722 159
 723 159
 723 164
 724 144
 724 146
 725 150
 725 163
 726 170
 727 163
 727 149
 728 151
 728 148
 729 152
 729 148
 730 128
 730 150
 731 148
 731 142
 732 138
 732 120
 733 128
 733 162
 734 138
 734 136
 735 129
 736 128
 736 122
 737 132
 737 119
 738 129
 738 113
 739 131
 739 120
 740 147
 740 118
 741 138
 741 129
 742 129
 742 134
 743 113
 743 137
 744 123
 744 137
 745 116
 746 122
 746 106
 747 121
 747 110
 748 110
 748 111
 749 109
 749 119
 750 124
 750 110
 751 112
 751 119
 752 129
 752 110
 753 87
 753 108
 754 105
 755 108
 755 119
 756 127
 756 94
 757 110
 757 112
 758 114
 758 110
 759 114
 759 116
 760 105
 760 105
 761 105
 761 120
 762 96
 762 89
 763 101
 764 111
 764 111
 765 96
 765 106
 766 143
 766 87
 767 108
 767 105
 768 100
 768 106
 769 102
 769 86
 770 115
 770 100
 771 122
 772 108
 772 114
 773 99
 773 98
 774 98
 774 97
 775 99
 775 105
 776 111
 776 113
 777 112
 777 110
 778 96
 778 118
 779 109
 779 117
 780 112
 781 94
 781 99
 782 107
 782 95
 783 72
 783 93
 784 112
 784 101
 785 113
 785 87
 786 117
 786 99
 787 109
 787 104
 788 97
 789 94
 789 99
 790 104
 790 105
 791 101
 791 120
 792 101
 792 115
 793 94
 793 90
 794 103
 794 117
 795 92
 795 103
 796 97
 796 104
 797 98
 798 92
 798 86
 799 94
 799 104
 800 107
 800 86
 801 102
 801 103
 802 100
 802 93
 803 93
 803 118
 804 90
 804 97
 805 96
 806 89
 806 91
 807 105
 807 89
 808 101
 808 88
 809 93
 809 92
 810 103
 810 113
 811 83
 811 95
 812 95
 812 98
 813 101
 814 91
 814 108
 815 85
 815 83
 816 94
 816 97
 817 94
 817 104
 818 95
 818 101
 819 125
 819 81
 820 97
 820 91
 821 91
 822 92
 822 101
 823 86
 823 74
 824 82
 824 100
 825 96
 825 84
 826 94
 826 95
 827 83
 827 102
 828 85
 828 101
 829 107
 830 96
 830 99
 831 97
 831 94
 832 96
 832 77
 833 92
 833 83
 834 89
 834 87
 835 95
 835 92
 836 82
 836 93
 837 71
 838 96
 838 92
 839 90
 839 72
 840 98
 840 98
 841 86
 841 73
 842 82
 842 97
 843 84
 843 126
 844 98
 844 77
 845 87
 846 78
 846 107
 847 89
 847 69
 848 102
 848 90
 849 74
 849 84
 850 87
 850 80
 851 81
 851 105
 852 90
 852 88
 853 102
 854 87
 854 101
 855 78
 855 88
 856 82
 856 71
 857 77
 857 89
 858 86
 858 94
 859 106
 859 77
 860 75
 861 93
 861 97
 862 89
 862 79
 863 105
 863 87
 864 81
 864 78
 865 98
 865 73
 866 92
 866 96
 867 100
 867 94
 868 104
 869 82
 869 103
 870 112
 870 93
 871 95
 871 101
 872 75
 872 85
 873 82
 873 91
 874 77
 874 115
 875 97
 876 85
 876 77
 877 77
 877 89
 878 83
 878 103
 879 93
 879 87
 880 72
 880 88
 881 86
 881 96
 882 86
 882 94
 883 88
 884 87
 884 107
 885 75
 885 83
 886 89
 886 95
 887 76
 887 104
 888 91
 888 89
 889 93
 889 87
 890 96
 891 94
 891 89
 892 82
 892 80
 893 90
 893 104
 894 70
 894 90
 895 89
 895 89
 896 96
 896 89
 897 95
 898 93
 898 84
 899 92
 899 83
 900 95
 900 86
 901 84
 901 86
 902 93
 902 98
 903 83
 903 79
 904 86
 905 86
 905 97
 906 74
 906 79
 907 92
 907 85
 908 81
 908 90
 909 86
 909 78
 910 78
 910 84
 911 101
 912 76
 912 95
 913 88
 913 81
 914 78
 914 81
 915 77
 915 103
 916 96
 916 89
 917 84
 917 76
 918 79
 919 93
 919 95
 920 70
 920 85
 921 75
 921 65
 922 77
 922 76
 923 80
 923 62
 924 78
 924 78
 925 83
 926 96
 926 78
 927 68
 927 61
 928 76
 928 85
 929 66
 929 81
 930 86
 930 79
 931 71
 931 101
 932 78
 933 83
 933 68
 934 88
 934 62
 935 66
 935 65
 936 77
 936 91
 937 82
 937 79
 938 59
 938 80
 939 68
 940 68
 940 63
 941 59
 941 75
 942 69
 942 76
 943 73
 943 92
 944 72
 944 58
 945 84
 945 77
 946 81
 947 74
 947 76
 948 61
 948 57
 949 76
 949 71
 950 93
 950 73
 951 78
 951 66
 952 76
 953 73
 953 77
 954 71
 954 72
 955 78
 955 66
 956 66
 956 51
 957 73
 957 68
 958 73
 958 72
 959 61
 960 63
 960 77
 961 62
 961 69
 962 69
 962 58
 963 64
 963 68
 964 59
 964 57
 965 61
 965 62
 966 89
 967 61
 967 74
 968 64
 968 69
 969 75
 969 71
 970 63
 970 70
 971 59
 971 76
 972 72
 973 73
 973 69
 974 74
 974 68
 975 64
 975 59
 976 63
 976 57
 977 80
 977 68
 978 67
 978 58
 979 64
 980 66
 980 75
 981 61
 981 65
 982 63
 982 65
 983 69
 983 66
 984 68
 984 54
 985 57
 986 58
 986 55
 987 64
 987 58
 988 56
 988 50
 989 63
 989 58
 990 59
 990 83
 991 71
 992 68
 992 79
 993 60
 993 62
 994 49
 994 64
 995 67
 995 62
 996 56
 996 62
 997 67
 997 55
 998 76
 999 61
 999 59
1000 72
1000 47
1001 63
1001 56
1002 50
1002 61
1003 63
1003 65
1004 56
1005 65
1005 57
1006 49
1006 58
1007 64
1007 55
1008 75
1008 74
1009 54
1009 74
1010 62
1011 67
1011 60
1012 59
1012 51
1013 59
1013 62
1014 60
1014 71
1015 61
1015 65
1016 59
1016 53
1017 54
1018 60
1018 70
1019 62
1019 54
1020 55
1020 59
1021 67
1021 58
1022 50
1022 74
1023 56
1024 37
1024 72
1025 56
1025 54
1026 61
1026 38
1027 40
1027 57
1028 60
1028 50
1029 47
1030 48
1030 56
1031 69
1031 79
1032 57
1032 54
1033 60
1033 68
1034 55
1034 56
1035 53
1036 55
1036 57
1037 55
1037 45
1038 63
1038 67
1039 61
1039 68
1040 63
1040 50
1041 43
1042 55
1042 64
1043 44
1043 46
1044 53
1044 41
1045 61
1045 58
1046 57
1046 64
1047 69
1048 51
1048 61
1049 49
1049 61
1050 51
1050 41
1051 62
1051 58
1052 58
1052 47
1053 62
1054 43
1054 56
1055 55
1055 44
1056 52
1056 62
1057 38
1057 67
1058 60
1058 47
1059 64
1060 52
1060 56
1061 69
1061 59
1062 48
1062 47
1063 44
1063 51
1064 49
1064 50
1065 60
1066 48
1066 54
1067 50
1067 39
1068 54
1068 55
1069 42
1069 51
1070 38
1070 57
1071 44
1072 60
1072 42
1073 44
1073 54
1074 34
1074 43
1075 48
1075 41
1076 52
1077 47
1077 44
1078 54
1078 54
1079 45
1079 41
1080 44
1080 53
1081 57
1081 37
1082 40
1083 44
1083 37
1084 57
1084 39
1085 51
1085 38
1086 35
1086 39
1087 49
1087 41
1088 52
1089 32
1089 45
1090 36
1090 43
1091 42
1091 48
1092 44
1092 42
1093 50
1093 47
1094 47
1095 40
1095 49
1096 52
1096 43
1097 58
1097 57
1098 44
1098 50
1099 48
1100 54
1100 45
1101 42
1101 49
1102 54
1102 59
1103 55
1103 50
1104 51
1104 53
1105 44
1106 38
1106 56
1107 52
1107 53
1108 51
1108 50
1109 60
1109 45
1110 55
1110 64
1111 56
1112 54
1112 52
1113 63
1113 49
1114 61
1114 56
1115 57
1115 60
1116 59
1117 53
1117 53
1118 61
1118 57
1119 55
1119 49
1120 74
1120 64
1121 74
1121 62
1122 71
1123 77
1123 75
1124 72
1124 76
1125 63
1125 88
1126 76
1126 92
1127 72
1128 84
1128 77
1129 78
1129 69
1130 89
1130 90
1131 91
1131 74
1132 91
1132 84
1133 65
1134 83
1134 99
1135 98
1135 89
1136 93
1136 94
1137 94
1137 108
1138 98
1139 109
1139 114
1140 91
1140 111
1141 116
1141 106
1142 113
1142 121
1143 106
1143 128
1144 112
1145 98
1145 127
1146 122
1146 112
1147 124
1147 141
1148 134
1148 126
1149 125
1150 113
1150 127
1151 115
1151 128
1152 126
1152 142
1153 120
1153 127
1154 137
1155 125
1155 148
1156 121
1156 151
1157 127
1157 138
1158 136
1158 171
1159 152
1159 151
1160 140
1161 144
1161 144
1162 159
1162 171
1163 119
1163 158
1164 154
1164 157
1165 161
1166 155
1166 179
1167 160
1167 161
1168 147
1168 165
1169 155
1169 148
1170 168
1171 145
1171 173
1172 162
1172 156
1173 137
1173 160
1174 163
1174 142
1175 149
1175 147
1176 135
1177 154
1177 158
1178 117
1178 146
1179 153
1179 176
1180 154
1180 129
1181 130
1182 143
1182 144
1183 158
1183 159
1184 139
1184 132
1185 148
1185 145
1186 123
1187 130
1187 154
1188 136
1188 135
1189 123
1189 124
1190 143
1190 123
1191 118
1192 118
1192 124
1193 120
1193 104
1194 123
1194 106
1195 128
1195 126
1196 110
1197 99
1197 96
1198 106
1198 103
1199 103
1199 95
1200 95
1200 101
1201 98
1201 93
1202 92
1203 91
1203 102
1204 98
1204 69
1205 102
1205 85
1206 78
1206 85
1207 82
1208 71
1208 74
1209 65
1209 63
1210 79
1210 68
1211 68
1211 71
1212 64
1213 55
1213 72
1214 60
1214 73
1215 74
1215 59
1216 57
1216 67
1217 61
1218 63
1218 54
1219 49
1219 53
1220 43
1220 45
1221 43
1221 44
1222 51
1223 50
1223 42
1224 49
1224 54
1225 50
1225 47
1226 50
1226 52
1227 38
1228 39
1228 37
1229 42
1229 41
1230 33
1230 35
1231 42
1231 32
1232 36
1233 50
1233 30
1234 54
1234 32
1235 42
1235 38
1236 35
1236 36
1237 24
1238 36
1238 33
1239 37
1239 34
1240 27
1240 27
1241 33
1241 23
1242 26
1243 25
1243 38
1244 29
1244 23
1245 33
1245 28
1246 28
1246 34
1247 25
1248 20
1248 35
1249 31
1249 40
1250 35
1250 35
1251 30
1251 36
1252 28
1253 34
1253 32
1254 35
1254 26
1255 33
1255 24
1256 33
1256 32
1257 33
1258 32
1258 32
1259 23
1259 38
1260 40
1260 25
1261 26
1261 28
1262 27
1263 42
1263 27
1264 32
1264 34
1265 37
1265 30
1266 49
1267 38
1267 30
1268 39
1268 39
1269 44
1269 37
1270 32
1270 39
1271 32
1272 43
1272 33
1273 45
1273 44
1274 45
1274 43
1275 50
1275 49
1276 45
1277 43
1277 52
1278 47
1278 40
1279 48
1279 55
1280 58
1280 63
1281 68
1282 58
1282 56
1283 45
1283 56
1284 50
1284 53
1285 65
1285 71
1286 70
1287 60
1287 55
1288 58
1288 46
1289 65
1289 67
1290 56
1291 83
1291 60
1292 83
1292 68
1293 65
1293 68
1294 70
1294 67
1295 90
1296 64
1296 65
1297 79
1297 73
1298 94
1298 62
1299 103
1299 95
1300 83
1301 82
1301 87
1302 88
1302 86
1303 86
1303 86
1304 87
1304 82
1305 84
1306 93
1306 119
1307 85
1307 83
1308 112
1308 108
1309 108
1310 95
1310 120
1311 79
1311 92
1312 106
1312 108
1313 111
1313 99
1314 94
1315 106
1315 118
1316 98
1316 105
1317 108
1317 102
1318 111
1318 122
1319 101
1320 101
1320 110
1321 115
1321 136
1322 125
1322 130
1323 118
1324 106
1324 133
1325 125
1325 112
1326 97
1326 131
1327 142
1327 118
1328 126
1329 116
1329 92
1330 127
1330 109
1331 135
1331 136
1332 122
1332 113
1333 125
1334 113
1334 131
1335 123
1335 113
1336 114
1336 132
1337 114
1338 122
1338 128
1339 124
1339 125
1340 129
1340 116
1341 130
1341 109
1342 91
1343 121
1343 94
1344 103
1344 108
1345 91
1345 117
1346 109
1347 108
1347 110
1348 109
1348 107
1349 94
1349 104
1350 108
1350 100
1351 95
1352 101
1352 110
1353 110
1353 103
1354 95
1354 106
1355 85
1356 95
1356 72
1357 92
1357 74
1358 77
1358 78
1359 78
1359 80
1360 81
1361 69
1361 82
1362 67
1362 81
1363 90
1363 62
1364 91
1365 74
1365 69
1366 83
1366 71
1367 59
1367 63
1368 65
1368 62
1369 72
1370 60
1370 59
1371 57
1371 62
1372 52
1372 59
1373 43
1374 56
1374 54
1375 37
1375 46
1376 61
1376 48
1377 57
1377 43
1378 46
1379 39
1379 42
1380 39
1380 40
1381 45
1381 43
1382 40
1383 41
1383 40
1384 27
1384 36
1385 34
1385 31
1386 50
1386 36
1387 31
1388 24
1388 28
1389 37
1389 36
1390 27
1390 33
1391 32
1392 25
1392 31
1393 22
1393 20
1394 30
1394 26
1395 26
1395 28
1396 20
1397 15
1397 25
1398 23
1398 19
1399 18
1399 30
1400 19
1401 19
1401 21
1402 18
1402 20
1403 17
1403 21
1404 17
1405 28
1405 17
1406 17
1406 23
1407 24
1407 21
1408 16
1408 18
1409 17
1410 19
1410 16
1411 13
1411 13
1412 19
1412 11
1413 15
1414 13
1414 17
1415 16
1415 13
1416 7
1416 16
1417 7
1418 17
1418 9
1419 14
1419 9
1420 16
1420 13
1421 16
1421 10
1422 12
1423 12
1423 17
1424 6
1424 11
1425 8
1425 11
1426 16
1427 11
1427 12
1428 6
1428 10
1429 8
1429 12
1430 20
1431 13
1431 7
1432 12
1432 11
1433 17
1433 13
1434 9
1434 9
1435 11
1436 10
1436 12
1437 10
1437 12
1438 10
1438 7
1439 14
1440 13
1440 6
1441 8
1441 14
1442 12
1442 9
1443 5
1444 15
1444 9
1445 10
1445 21
1446 9
1446 11
1447 12
1448 9
1448 10
1449 13
1449 8
1450 8
1450 3
1451 15
1451 5
1452 6
1453 11
1453 5
1454 4
1454 7
1455 11
1455 8
1456 4
1457 13
1457 9
1458 11
1458 8
1459 7
1459 8
1460 5
1461 10
1461 6
1462 11
1462 9
1463 9
1463 7
1464 4
1465 4
1465 7
1466 9
1466 4
1467 8
1467 9
1468 9
1469 6
1469 10
1470 9
1470 5
1471 14
1471 10
1472 10
1472 10
1473 8
1474 11
1474 10
1475 10
1475 3
1476 5
1476 9
1477 5
1478 9
1478 8
1479 7
1479 4
1480 4
1480 6
1481 3
1482 6
1482 4
1483 7
1483 8
1484 7
1484 5
1485 9
1486 4
1486 10
1487 10
1487 3
1488 7
1488 6
1489 6
1490 5
1490 4
1491 4
1491 4
1492 7
1492 3
1493 3
1494 3
1494 5
1495 1
1495 6
1496 10
1496 9
1497 4
1498 7
1498 1
1499 8
1499 5
1500 6
1500 5
1501 5
1502 5
1502 2
1503 5
1503 2
1504 4
1504 2
1505 5
1506 7
1506 3
1507 2
1507 3
1508 3
1508 2
1509 6
1509 2
1510 5
1511 4
1511 4
1512 6
1512 3
1513 6
1513 5
1514 5
1515 2
1515 3
1516 2
1516 2
1517 3
1517 6
1518 4
1519 5
1519 2
1520 1
1520 2
1521 3
1521 2
1522 6
1523 6
1523 5
1524 2
1524 2
1525 2
1525 3
1526 1
1527 4
1527 4
1528 2
1528 1
1529 7
1529 5
1530 2
1531 6
1531 3
1532 3
1532 2
1533 3
1533 6
1534 1
1535 2
1535 2
1536 5
1536 3
1537 5
1537 6
1538 2
1539 4
1539 7
1540 0
1540 2
1541 2
1541 4
1542 2
1543 3
1543 3
1544 2
1544 5
1545 2
1545 6
1546 3
1547 1
1547 3
1548 4
1548 2
1549 5
1549 3
1550 5
1551 2
1551 2
1552 1
1552 3
1553 3
1553 0
1554 4
1555 3
1555 3
1556 1
1556 2
1557 4
1557 0
1558 5
1559 0
1559 2
1560 3
1560 3
1561 5
1562 1
1562 2
1563 6
1563 7
1564 6
1564 2
1565 2
1566 2
1566 5
1567 3
1567 2
1568 3
1568 4
1569 4
1570 1
1570 5
1571 1
1571 3
1572 2
1572 1
1573 1
1574 2
1574 1
1575 4
1575 1
1576 2
1576 0
1577 1
1578 4
1578 0
1579 3
1579 4
1580 5
1580 1
1581 4
1582 3
1582 4
1583 0
1583 1
1584 1
1584 2
1585 1
1586 3
1586 2
1587 2
1587 1
1588 2
1588 2
1589 4
1590 5
1590 1
1591 3
1591 3
1592 2
1592 2
1593 1
1594 2
1594 5
1595 0
1595 3
1596 5
1596 0
1597 3
1598 1
1598 4
1599 4
1599 1
1600 4
1601 1
1601 4
1602 1
1602 1
1603 3
1603 1
1604 2
1605 1
1605 1
1606 1
1606 3
1607 0
1607 0
1608 1
1609 2
1609 2
1610 2
1610 0
1611 2
1611 1
1612 6
1613 3
1613 1
1614 1
1614 2
1615 3
1615 4
1616 3
1617 1
1617 2
1618 1
1618 4
1619 2
1620 1
1620 0
1621 1
1621 0
1622 2
1622 3
1623 1
1624 1
1624 4
1625 3
1625 2
1626 1
1626 2
1627 5
1628 1
1628 1
1629 2
1629 3
1630 2
1630 3
1631 2
1632 4
1632 4
1633 0
1633 1
1634 1
1634 1
1635 3
1636 1
1636 1
1637 1
1637 2
1638 1
1639 1
1639 3
1640 1
1640 1
1641 3
1641 5
1642 0
1643 2
1643 2
1644 1
1644 1
1645 2
1645 1
1646 2
1647 3
1647 1
1648 0
1648 0
1649 1
1649 4
1650 3
1651 3
1651 1
1652 1
1652 1
1653 4
1654 0
1654 4
1655 1
1655 3
1656 1
1656 1
1657 0
1658 1
1658 2
1659 2
1659 1
1660 1
1660 1
1661 1
1662 1
1662 2
1663 3
1663 0
1664 4
1665 0
1665 0
1666 0
1666 0
1667 1
1667 3
1668 1
1669 1
1669 2
1670 1
1670 1
1671 3
1671 1
1672 1
1673 1
1673 0
1674 0
1674 2
1675 1
1676 1
1676 1
1677 0
1677 2
1678 0
1678 2
1679 1
1680 0
1680 0
1681 1
1681 1
1682 3
1682 2
1683 2
1684 0
1684 1
1685 1
1685 0
1686 2
1687 2
1687 1
1688 4
1688 1
1689 2
1689 1
1690 0
1691 3
1691 0
1692 1
1692 2
1693 1
1693 2
1694 0
1695 1
1695 2
1696 2
1696 0
1697 5
1698 3
1698 4
1699 3
1699 1
1700 1
1700 0
1701 0
1702 1
1702 2
1703 2
1703 1
1704 2
1704 3
1705 4
1706 1
1706 2
1707 1
1707 1
1708 2
1709 2
1709 1
1710 1
1710 3
1711 2
1711 1
1712 1
1713 1
1713 0
1714 4
1714 0
1715 0
1716 1
1716 0
1717 2
1717 0
1718 1
1718 3
1719 2
1720 0
1720 2
1721 2
1721 2
1722 2
1722 2
1723 2
1724 0
1724 1
1725 1
1725 0
1726 0
1727 0
1727 0
1728 1
1728 0
1729 0
1729 0
1730 1
1731 1
1731 0
1732 0
1732 2
1733 0
1734 0
1734 3
1735 1
1735 3
1736 1
1736 1
1737 1
1738 1
1738 1
1739 0
1739 3
1740 0
1741 0
1741 1
1742 0
1742 1
1743 2
1743 1
1744 2
1745 1
1745 1
1746 2
1746 2
1747 0
1747 1
1748 0
1749 1
1749 2
1750 0
1750 3
1751 1
1752 3
1752 0
1753 0
1753 2
1754 1
1754 0
1755 0
1756 1
1756 2
1757 0
1757 1
1758 2
1759 0
1759 1
1760 0
1760 1
1761 2
1761 0
1762 0
1763 1
1763 1
1764 1
1764 1
1765 3
1766 3
1766 3
1767 1
1767 1
1768 1
1768 2
1769 1
1770 2
1770 3
1771 0
1771 2
1772 2
1773 1
1773 0
1774 3
1774 0
1775 1
1775 0
1776 1
1777 0
1777 1
1778 3
1778 0
1779 1
1780 4
1780 0
1781 0
1781 3
1782 2
1782 1
1783 1
1784 3
1784 0
1785 3
1785 2
1786 1
1787 3
1787 0
1788 1
1788 2
1789 3
1789 3
1790 2
1791 0
1791 0
1792 2
1792 1
1793 0
1794 1
1794 1
1795 2
1795 1
1796 2
1797 1
1797 1
1798 2
1798 0
1799 1
1799 0
1800 1
1801 3
1801 2
1802 2
1802 3
1803 2
1804 1
1804 1
1805 1
1805 2
1806 1
1806 0
1807 1
1808 1
1808 1
1809 2
1809 2
1810 1
1811 3
1811 1
1812 2
1812 1
1813 2
1813 0
1814 0
1815 0
1815 1
1816 4
1816 0
1817 0
1818 2
1818 1
1819 0
1819 2
1820 1
1821 1
1821 1
1822 2
1822 1
1823 0
1823 1
1824 0
1825 2
1825 1
1826 0
1826 0
1827 1
1828 0
1828 0
1829 1
1829 1
1830 6
1830 2
1831 0
1832 0
1832 1
1833 2
1833 0
1834 0
1835 1
1835 0
1836 0
1836 2
1837 0
1838 1
1838 1
1839 1
1839 1
1840 0
1840 1
1841 2
1842 1
1842 1
1843 1
1843 2
1844 1
1845 1
1845 1
1846 2
1846 0
1847 0
1848 1
1848 0
1849 1
1849 1
1850 1
1850 3
1851 1
1852 2
1852 1
1853 3
1853 1
1854 5
1855 0
1855 1
1856 3
1856 4
1857 0
1857 1
1858 2
1859 0
1859 2
1860 1
1860 1
1861 0
1862 0
1862 0
1863 1
1863 2
1864 1
1865 2
1865 0
1866 2
1866 0
1867 2
1867 0
1868 0
1869 1
1869 1
1870 1
1870 2
1871 1
1872 2
1872 1
1873 2
1873 0
1874 2
1875 1
1875 1
1876 1
1876 1
1877 1
1878 1
1878 1
1879 1
1879 0
1880 1
1880 0
1881 0
1882 2
1882 0
1883 0
1883 2
1884 0
1885 0
1885 1
1886 1
1886 0
1887 0
1888 0
1888 2
1889 1
1889 0
1890 1
1890 1
1891 0
1892 2
1892 2
1893 0
1893 1
1894 0
1895 0
1895 3
1896 1
1896 1
1897 0
1898 1
1898 1
1899 0
1899 1
1900 0
1900 1
1901 1
1902 1
1902 0
1903 1
1903 1
1904 1
1905 3
1905 1
1906 0
1906 0
1907 1
1908 3
1908 0
1909 5
1909 1
1910 1
1911 0
1911 0
1912 2
1912 2
1913 2
1913 0
1914 0
1915 0
1915 1
1916 0
1916 0
1917 2
1918 0
1918 2
1919 1
1919 1
1920 1
1921 1
1921 2
1922 0
1922 1
1923 1
1924 0
1924 3
1925 1
1925 0
1926 0
1926 0
1927 2
1928 2
1928 1
1929 0
1929 0
1930 0
1931 1
1931 1
1932 0
1932 0
1933 0
1934 0
1934 0
1935 0
1935 0
1936 0
1937 1
1937 0
1938 1
1938 0
1939 0
1940 0
1940 1
1941 0
1941 1
1942 2
1942 0
1943 1
1944 1
1944 1
1945 1
1945 0
1946 0
1947 0
1947 0
1948 0
1948 0
1949 0
1950 0
1950 1
1951 0
1951 2
1952 0
1953 1
1953 0
1954 1
1954 0
1955 0
1955 0
1956 1
1957 1
1957 1
1958 0
1958 2
1959 0
1960 0
1960 0
1961 1
1961 2
1962 0
1963 0
1963 0
1964 1
1964 0
1965 0
1966 0
1966 1
1967 1
1967 2
1968 1
1969 1
1969 3
1970 2
1970 0
1971 0
1972 0
1972 2
1973 1
1973 0
1974 0
1974 0
1975 0
1976 1
1976 1
1977 1
1977 2
1978 2
1979 0
1979 1
1980 0
1980 0
1981 0
1982 0
1982 0
1983 0
1983 2
1984 1
1985 0
1985 3
1986 0
1986 0
1987 0
1988 0
1988 0
1989 0
1989 0
1990 0
1991 0
1991 0
1992 1
1992 1
1993 0
1994 1
1994 1
1995 1
1995 0
1996 1
1996 0
1997 5
1998 1
1998 2
1999 0
1999 1
2000 1
2001 1
2001 2
2002 0
2002 2
2003 0
2004 1
2004 0
2005 0
2005 0
2006 1
2007 1
2007 0
2008 2
2008 0
2009 0
2010 0
2010 1
2011 0
2011 0
2012 1
2013 0
2013 0
2014 0
2014 1
2015 1
2016 0
2016 0
2017 0
2017 0
2018 0
2019 0
2019 0
2020 1
2020 0
2021 0
2021 1
2022 0
2023 0
2023 0
2024 0
2024 1
2025 0
2026 1
2026 1
2027 2
2027 0
2028 0
2029 5
2029 0
2030 1
2030 0
2031 0
2032 1
2032 0
2033 1
2033 0
2034 0
2035 1
2035 1
2036 0
2036 5
2037 1
2038 0
2038 1
2039 1
2039 0
2040 0
2041 0
2041 0
2042 0
2042 1
2043 1
2044 0
2044 0
2045 1
2045 1
2046 0
2047 0
2047 0
2048 0
2048 1
2049 0
2050 0
2050 0
2051 1
2051 0
2052 1
2053 0
2053 0
2054 0
2054 1
2055 0
2056 3
2056 1
2057 0
2057 0
2058 0
2059 1
2059 0
2060 2
2060 1
2061 1
2061 1
2062 0
2063 0
2063 0
2064 0
2064 0
2065 0
2066 1
2066 2
2067 0
2067 0
2068 0
2069 0
2069 1
2070 1
2070 1
2071 1
2072 3
2072 1
2073 0
2073 2
2074 0
2075 1
2075 0
2076 3
2076 4
2077 3
2078 0
2078 0
2079 0
2079 1
2080 1
2081 0
2081 0
2082 0
2082 0
2083 0
2084 0
2084 0
2085 1
2085 1
2086 2
2087 0
2087 0
2088 0
2088 0
2089 0
2090 1
2090 1
2091 2
2091 0
2092 0
2093 1
2093 0
2094 1
2094 0
2095 0
2096 1
2096 0
2097 0
2097 3
2098 1
2099 1
2099 0
2100 0
2100 0
2101 0
2102 0
2102 1
2103 1
2103 1
2104 0
2105 2
2105 0
2106 2
2106 3
2107 1
2108 0
2108 0
2109 0
2109 0
2110 0
2111 0
2111 2
2112 1
2112 0
2113 0
2114 1
2114 0
2115 0
2115 1
2116 1
2117 0
2117 1
2118 1
2118 0
2119 1
2120 0
2120 0
2121 0
2121 0
2122 1
2123 0
2123 1
2124 1
2124 1
2125 0
2126 1
2126 0
2127 0
2127 0
2128 0
2129 1
2129 0
2130 1
2130 0
2131 0
2132 0
2132 0
2133 2
2133 1
2134 0
2135 1
2135 1
2136 0
2136 1
2137 2
2138 1
2138 0
2139 1
2139 0
2140 0
2141 0
2141 0
2142 0
2143 0
2143 0
2144 2
2144 1
2145 1
2146 0
2146 0
2147 1
2147 0
2148 2
2149 0
2149 0
2150 2
2150 0
2151 1
2152 1
2152 1
2153 0
2153 2
2154 0
2155 0
2155 1
2156 3
2156 0
2157 1
2158 1
2158 1
2159 1
2159 0
2160 1
2161 0
2161 0
2162 0
2162 1
2163 0
2164 0
2164 0
2165 0
2165 0
2166 0
2167 0
2167 1
2168 2
2168 0
2169 0
2170 0
2170 2
2171 0
2171 1
2172 0
2173 1
2173 1
2174 0
2174 0
2175 1
2176 0
2176 1
2177 0
2177 1
2178 2
2179 0
2179 0
2180 0
2180 0
2181 0
2182 0
2182 0
2183 3
2184 1
2184 0
2185 0
2185 1
2186 2
2187 1
2187 0
2188 0
2188 1
2189 0
2190 1
2190 0
2191 0
2191 0
2192 0
2193 0
2193 0
2194 0
2194 0
2195 0
2196 0
2196 0
2197 1
2197 0
2198 0
2199 1
2199 0
2200 0
2200 1
2201 0
2202 0
2202 1
2203 1
2203 0
2204 1
2205 0
2205 1
2206 2
2206 1
2207 0
2208 1
2208 0
2209 0
2210 1
2210 1
2211 0
2211 1
2212 0
2213 0
2213 0
2214 0
2214 0
2215 1
2216 0
2216 1
2217 0
2217 0
2218 0
2219 0
2219 0
2220 1
2220 0
2221 1
2222 1
2222 0
2223 0
2223 0
2224 0
2225 1
2225 0
2226 1
2226 0
2227 1
2228 3
2228 1
2229 1
2230 0
2230 0
2231 0
2231 2
2232 0
2233 0
2233 1
2234 0
2234 1
2235 1
2236 1
2236 1
2237 4
2237 1
2238 2
2239 0
2239 456
