2019_09_26_19_28_06_486 /home/raspion_user/data/Beacon_efficiency_Background_50cm.sp 100452 1800.000 1794.160 15.498519 0.481036  0.000016097
  15.499 0
  15.980 0
  16.461 0
  16.942 0
  17.423 0
  17.904 0
  18.385 0
  18.867 0
  19.348 0
  19.829 0
  20.310 0
  20.792 0
  21.273 0
  21.755 0
  22.236 0
  22.718 0
  23.199 0
  23.681 0
  24.162 0
  24.644 0
  25.126 0
  25.607 0
  26.089 5
  26.571 7
  27.053 4
  27.534 3
  28.016 9
  28.498 7
  28.980 10
  29.462 7
  29.944 8
  30.426 12
  30.908 13
  31.390 15
  31.872 14
  32.354 12
  32.837 15
  33.319 31
  33.801 24
  34.283 23
  34.766 37
  35.248 35
  35.730 27
  36.213 21
  36.695 24
  37.178 31
  37.660 40
  38.143 22
  38.625 35
  39.108 38
  39.591 26
  40.073 34
  40.556 51
  41.039 45
  41.521 52
  42.004 29
  42.487 42
  42.970 46
  43.453 42
  43.936 27
  44.419 40
  44.902 51
  45.385 50
  45.868 50
  46.351 42
  46.834 64
  47.317 72
  47.800 56
  48.283 55
  48.767 65
  49.250 65
  49.733 56
  50.217 58
  50.700 69
  51.183 61
  51.667 67
  52.150 60
  52.634 58
  53.117 81
  53.601 58
  54.084 75
  54.568 68
  55.052 80
  55.535 82
  56.019 71
  56.503 62
  56.987 70
  57.470 88
  57.954 69
  58.438 79
  58.922 96
  59.406 79
  59.890 69
  60.374 77
  60.858 84
  61.342 77
  61.826 86
  62.310 66
  62.795 77
  63.279 87
  63.763 65
  64.247 72
  64.732 83
  65.216 87
  65.700 73
  66.185 72
  66.669 81
  67.154 91
  67.638 79
  68.123 71
  68.607 80
  69.092 94
  69.576 83
  70.061 85
  70.546 102
  71.031 94
  71.515 75
  72.000 102
  72.485 89
  72.970 109
  73.455 104
  73.940 91
  74.424 106
  74.909 100
  75.394 93
  75.880 121
  76.365 128
  76.850 133
  77.335 114
  77.820 120
  78.305 129
  78.790 126
  79.276 130
  79.761 128
  80.246 120
  80.732 144
  81.217 153
  81.703 142
  82.188 178
  82.674 172
  83.159 161
  83.645 176
  84.130 171
  84.616 184
  85.101 172
  85.587 179
  86.073 163
  86.559 178
  87.044 177
  87.530 198
  88.016 190
  88.502 183
  88.988 221
  89.474 231
  89.960 216
  90.446 223
  90.932 195
  91.418 201
  91.904 216
  92.390 234
  92.876 222
  93.363 230
  93.849 200
  94.335 235
  94.821 233
  95.308 222
  95.794 235
  96.280 235
  96.767 224
  97.253 227
  97.740 250
  98.226 226
  98.713 213
  99.200 253
  99.686 273
 100.173 274
 100.659 230
 101.146 245
 101.633 231
 102.120 270
 102.607 248
 103.093 278
 103.580 268
 104.067 260
 104.554 291
 105.041 260
 105.528 265
 106.015 235
 106.502 253
 106.989 246
 107.476 257
 107.964 245
 108.451 271
 108.938 226
 109.425 254
 109.913 251
 110.400 267
 110.887 254
 111.375 239
 111.862 265
 112.350 250
 112.837 265
 113.325 228
 113.812 231
 114.300 257
 114.787 259
 115.275 232
 115.763 240
 116.250 234
 116.738 252
 117.226 256
 117.714 264
 118.202 267
 118.689 255
 119.177 263
 119.665 248
 120.153 234
 120.641 265
 121.129 264
 121.617 262
 122.106 251
 122.594 240
 123.082 237
 123.570 213
 124.058 251
 124.547 263
 125.035 230
 125.523 218
 126.012 236
 126.500 232
 126.988 244
 127.477 272
 127.965 276
 128.454 232
 128.942 258
 129.431 265
 129.920 243
 130.408 242
 130.897 241
 131.386 258
 131.874 249
 132.363 257
 132.852 250
 133.341 257
 133.830 232
 134.319 217
 134.808 253
 135.296 230
 135.785 229
 136.275 264
 136.764 216
 137.253 247
 137.742 233
 138.231 231
 138.720 259
 139.209 258
 139.699 231
 140.188 213
 140.677 248
 141.167 250
 141.656 249
 142.145 232
 142.635 220
 143.124 220
 143.614 232
 144.103 232
 144.593 251
 145.083 234
 145.572 227
 146.062 244
 146.552 230
 147.041 223
 147.531 259
 148.021 250
 148.511 206
 149.001 216
 149.491 203
 149.981 222
 150.471 197
 150.961 227
 151.451 206
 151.941 210
 152.431 251
 152.921 213
 153.411 217
 153.901 212
 154.391 212
 154.882 208
 155.372 233
 155.862 229
 156.353 203
 156.843 222
 157.334 224
 157.824 229
 158.314 192
 158.805 234
 159.296 188
 159.786 199
 160.277 200
 160.767 208
 161.258 181
 161.749 214
 162.240 194
 162.730 238
 163.221 169
 163.712 218
 164.203 182
 164.694 220
 165.185 214
 165.676 202
 166.167 207
 166.658 170
 167.149 204
 167.640 215
 168.131 233
 168.622 177
 169.113 191
 169.605 183
 170.096 189
 170.587 196
 171.078 189
 171.570 190
 172.061 176
 172.553 156
 173.044 181
 173.535 218
 174.027 182
 174.519 199
 175.010 155
 175.502 175
 175.993 172
 176.485 195
 176.977 164
 177.468 172
 177.960 179
 178.452 151
 178.944 161
 179.436 180
 179.928 163
 180.420 162
 180.912 158
 181.404 167
 181.896 166
 182.388 136
 182.880 153
 183.372 159
 183.864 147
 184.356 164
 184.848 170
 185.341 173
 185.833 181
 186.325 139
 186.818 156
 187.310 165
 187.802 157
 188.295 168
 188.787 147
 189.280 152
 189.772 160
 190.265 165
 190.758 133
 191.250 162
 191.743 154
 192.236 166
 192.728 140
 193.221 144
 193.714 131
 194.207 145
 194.700 138
 195.193 161
 195.686 131
 196.178 163
 196.671 142
 197.165 149
 197.658 147
 198.151 137
 198.644 139
 199.137 149
 199.630 130
 200.123 124
 200.617 133
 201.110 121
 201.603 131
 202.097 122
 202.590 128
 203.083 127
 203.577 121
 204.070 130
 204.564 128
 205.057 129
 205.551 152
 206.045 147
 206.538 131
 207.032 140
 207.526 146
 208.019 121
 208.513 116
 209.007 113
 209.501 111
 209.995 146
 210.488 123
 210.982 123
 211.476 110
 211.970 130
 212.464 117
 212.958 142
 213.453 141
 213.947 124
 214.441 117
 214.935 109
 215.429 126
 215.923 107
 216.418 130
 216.912 107
 217.406 107
 217.901 126
 218.395 121
 218.890 128
 219.384 127
 219.879 103
 220.373 117
 220.868 114
 221.362 94
 221.857 119
 222.352 108
 222.846 117
 223.341 125
 223.836 100
 224.331 100
 224.825 118
 225.320 112
 225.815 114
 226.310 116
 226.805 116
 227.300 113
 227.795 121
 228.290 100
 228.785 106
 229.280 106
 229.776 125
 230.271 79
 230.766 101
 231.261 103
 231.756 109
 232.252 88
 232.747 121
 233.243 101
 233.738 96
 234.233 92
 234.729 114
 235.224 110
 235.720 93
 236.215 93
 236.711 114
 237.207 82
 237.702 116
 238.198 85
 238.694 99
 239.190 115
 239.685 89
 240.181 92
 240.677 83
 241.173 99
 241.669 103
 242.165 112
 242.661 104
 243.157 106
 243.653 105
 244.149 70
 244.645 94
 245.141 111
 245.637 90
 246.134 89
 246.630 103
 247.126 98
 247.623 84
 248.119 90
 248.615 96
 249.112 79
 249.608 95
 250.105 88
 250.601 112
 251.098 80
 251.594 89
 252.091 98
 252.587 94
 253.084 104
 253.581 91
 254.077 103
 254.574 93
 255.071 81
 255.568 100
 256.065 88
 256.562 85
 257.059 83
 257.556 94
 258.052 112
 258.550 90
 259.047 112
 259.544 91
 260.041 104
 260.538 104
 261.035 90
 261.532 86
 262.030 82
 262.527 99
 263.024 82
 263.521 76
 264.019 85
 264.516 86
 265.014 82
 265.511 80
 266.009 84
 266.506 82
 267.004 98
 267.501 85
 267.999 88
 268.497 109
 268.994 94
 269.492 76
 269.990 83
 270.488 77
 270.985 81
 271.483 88
 271.981 89
 272.479 78
 272.977 78
 273.475 75
 273.973 79
 274.471 62
 274.969 75
 275.467 71
 275.966 65
 276.464 87
 276.962 83
 277.460 68
 277.958 70
 278.457 80
 278.955 58
 279.453 66
 279.952 78
 280.450 55
 280.949 75
 281.447 51
 281.946 63
 282.444 60
 282.943 70
 283.442 73
 283.940 51
 284.439 57
 284.938 72
 285.436 70
 285.935 76
 286.434 71
 286.933 63
 287.432 64
 287.931 60
 288.430 60
 288.929 68
 289.428 52
 289.927 61
 290.426 51
 290.925 56
 291.424 57
 291.923 48
 292.422 60
 292.922 48
 293.421 58
 293.920 51
 294.420 60
 294.919 49
 295.418 55
 295.918 62
 296.417 57
 296.917 64
 297.416 51
 297.916 54
 298.415 52
 298.915 49
 299.415 55
 299.914 62
 300.414 58
 300.914 51
 301.414 52
 301.914 48
 302.413 44
 302.913 59
 303.413 52
 303.913 38
 304.413 53
 304.913 61
 305.413 60
 305.913 63
 306.413 42
 306.914 43
 307.414 52
 307.914 46
 308.414 43
 308.914 45
 309.415 58
 309.915 47
 310.415 42
 310.916 63
 311.416 50
 311.917 44
 312.417 41
 312.918 52
 313.418 63
 313.919 47
 314.420 56
 314.920 45
 315.421 43
 315.922 42
 316.422 57
 316.923 45
 317.424 58
 317.925 40
 318.426 69
 318.927 41
 319.428 52
 319.929 50
 320.430 40
 320.931 44
 321.432 55
 321.933 56
 322.434 39
 322.935 36
 323.436 52
 323.938 48
 324.439 44
 324.940 59
 325.441 62
 325.943 44
 326.444 46
 326.946 34
 327.447 50
 327.949 33
 328.450 42
 328.952 49
 329.453 41
 329.955 37
 330.457 47
 330.958 38
 331.460 45
 331.962 33
 332.463 46
 332.965 40
 333.467 45
 333.969 26
 334.471 34
 334.973 33
 335.475 42
 335.977 39
 336.479 39
 336.981 38
 337.483 47
 337.985 25
 338.487 47
 338.990 52
 339.492 51
 339.994 36
 340.496 45
 340.999 42
 341.501 46
 342.004 28
 342.506 34
 343.008 42
 343.511 51
 344.013 39
 344.516 33
 345.019 35
 345.521 44
 346.024 40
 346.527 33
 347.029 27
 347.532 41
 348.035 37
 348.538 29
 349.040 33
 349.543 39
 350.046 43
 350.549 31
 351.052 37
 351.555 38
 352.058 35
 352.561 35
 353.064 30
 353.568 31
 354.071 35
 354.574 36
 355.077 36
 355.580 49
 356.084 38
 356.587 31
 357.090 50
 357.594 32
 358.097 40
 358.601 36
 359.104 35
 359.608 31
 360.111 45
 360.615 39
 361.118 33
 361.622 28
 362.126 40
 362.630 40
 363.133 33
 363.637 39
 364.141 32
 364.645 23
 365.149 37
 365.652 30
 366.156 27
 366.660 30
 367.164 43
 367.668 41
 368.173 33
 368.677 31
 369.181 35
 369.685 34
 370.189 31
 370.693 31
 371.198 34
 371.702 33
 372.206 29
 372.711 36
 373.215 29
 373.719 34
 374.224 36
 374.728 21
 375.233 32
 375.737 39
 376.242 35
 376.747 43
 377.251 42
 377.756 42
 378.261 38
 378.765 36
 379.270 35
 379.775 24
 380.280 19
 380.785 33
 381.290 32
 381.795 33
 382.300 36
 382.805 29
 383.310 17
 383.815 27
 384.320 20
 384.825 23
 385.330 27
 385.835 31
 386.341 36
 386.846 20
 387.351 22
 387.856 33
 388.362 25
 388.867 35
 389.373 27
 389.878 32
 390.384 20
 390.889 30
 391.395 27
 391.900 29
 392.406 37
 392.911 26
 393.417 28
 393.923 23
 394.429 23
 394.934 29
 395.440 46
 395.946 28
 396.452 19
 396.958 23
 397.464 25
 397.970 27
 398.476 23
 398.982 23
 399.488 20
 399.994 27
 400.500 10
 401.006 24
 401.512 26
 402.019 28
 402.525 20
 403.031 17
 403.537 24
 404.044 22
 404.550 20
 405.057 23
 405.563 25
 406.070 27
 406.576 17
 407.083 25
 407.589 18
 408.096 24
 408.602 16
 409.109 23
 409.616 21
 410.123 20
 410.629 39
 411.136 15
 411.643 19
 412.150 28
 412.657 17
 413.164 23
 413.671 30
 414.178 32
 414.685 32
 415.192 21
 415.699 19
 416.206 19
 416.713 24
 417.220 18
 417.728 31
 418.235 23
 418.742 23
 419.250 22
 419.757 22
 420.264 21
 420.772 25
 421.279 17
 421.787 22
 422.294 25
 422.802 15
 423.309 18
 423.817 17
 424.324 30
 424.832 20
 425.340 21
 425.848 14
 426.355 15
 426.863 20
 427.371 15
 427.879 21
 428.387 16
 428.895 20
 429.403 18
 429.911 23
 430.419 30
 430.927 22
 431.435 20
 431.943 15
 432.451 20
 432.959 11
 433.468 29
 433.976 20
 434.484 21
 434.992 20
 435.501 27
 436.009 19
 436.518 21
 437.026 18
 437.535 19
 438.043 16
 438.552 20
 439.060 18
 439.569 20
 440.077 21
 440.586 14
 441.095 17
 441.604 12
 442.112 18
 442.621 18
 443.130 15
 443.639 24
 444.148 23
 444.657 16
 445.166 18
 445.675 18
 446.184 22
 446.693 18
 447.202 19
 447.711 12
 448.220 21
 448.729 22
 449.239 16
 449.748 24
 450.257 15
 450.766 17
 451.276 20
 451.785 22
 452.295 22
 452.804 17
 453.313 14
 453.823 17
 454.332 17
 454.842 20
 455.352 14
 455.861 16
 456.371 13
 456.881 13
 457.390 15
 457.900 22
 458.410 22
 458.920 16
 459.430 13
 459.940 19
 460.450 22
 460.959 14
 461.469 14
 461.980 17
 462.490 15
 463.000 16
 463.510 15
 464.020 11
 464.530 23
 465.040 18
 465.551 14
 466.061 19
 466.571 21
 467.082 12
 467.592 16
 468.102 17
 468.613 18
 469.123 18
 469.634 10
 470.144 11
 470.655 11
 471.166 14
 471.676 13
 472.187 23
 472.698 18
 473.208 13
 473.719 19
 474.230 16
 474.741 9
 475.252 11
 475.762 20
 476.273 20
 476.784 12
 477.295 13
 477.806 20
 478.317 19
 478.828 18
 479.340 11
 479.851 19
 480.362 19
 480.873 19
 481.384 20
 481.896 10
 482.407 24
 482.918 17
 483.430 12
 483.941 13
 484.453 12
 484.964 15
 485.476 20
 485.987 19
 486.499 14
 487.010 12
 487.522 20
 488.034 10
 488.545 18
 489.057 11
 489.569 14
 490.081 17
 490.592 17
 491.104 12
 491.616 13
 492.128 8
 492.640 15
 493.152 12
 493.664 21
 494.176 19
 494.688 13
 495.200 14
 495.712 10
 496.225 12
 496.737 13
 497.249 7
 497.761 11
 498.274 19
 498.786 12
 499.298 20
 499.811 16
 500.323 11
 500.836 18
 501.348 14
 501.861 19
 502.373 6
 502.886 9
 503.399 13
 503.911 9
 504.424 23
 504.937 7
 505.449 6
 505.962 10
 506.475 16
 506.988 12
 507.501 20
 508.014 9
 508.527 9
 509.040 22
 509.553 14
 510.066 12
 510.579 12
 511.092 14
 511.605 24
 512.118 21
 512.632 17
 513.145 16
 513.658 20
 514.171 18
 514.685 7
 515.198 11
 515.711 19
 516.225 15
 516.738 12
 517.252 10
 517.765 16
 518.279 13
 518.793 6
 519.306 14
 519.820 9
 520.334 10
 520.847 12
 521.361 7
 521.875 11
 522.389 9
 522.903 9
 523.416 11
 523.930 13
 524.444 14
 524.958 10
 525.472 12
 525.986 19
 526.500 11
 527.015 22
 527.529 15
 528.043 13
 528.557 14
 529.071 13
 529.586 9
 530.100 12
 530.614 21
 531.129 14
 531.643 11
 532.158 17
 532.672 15
 533.186 11
 533.701 13
 534.216 14
 534.730 19
 535.245 8
 535.759 10
 536.274 11
 536.789 16
 537.304 11
 537.818 15
 538.333 21
 538.848 11
 539.363 9
 539.878 16
 540.393 21
 540.908 12
 541.423 10
 541.938 14
 542.453 10
 542.968 16
 543.483 10
 543.998 13
 544.514 14
 545.029 8
 545.544 8
 546.059 13
 546.575 15
 547.090 13
 547.606 14
 548.121 11
 548.636 10
 549.152 9
 549.668 13
 550.183 11
 550.699 11
 551.214 10
 551.730 14
 552.246 11
 552.761 17
 553.277 12
 553.793 11
 554.309 7
 554.825 11
 555.341 13
 555.856 18
 556.372 13
 556.888 7
 557.404 16
 557.920 11
 558.436 10
 558.953 5
 559.469 17
 559.985 14
 560.501 9
 561.017 18
 561.534 13
 562.050 11
 562.566 10
 563.083 10
 563.599 13
 564.115 13
 564.632 14
 565.148 6
 565.665 11
 566.182 7
 566.698 17
 567.215 11
 567.731 6
 568.248 15
 568.765 11
 569.282 11
 569.798 11
 570.315 11
 570.832 10
 571.349 14
 571.866 10
 572.383 12
 572.900 9
 573.417 21
 573.934 11
 574.451 7
 574.968 12
 575.485 6
 576.002 12
 576.520 6
 577.037 11
 577.554 4
 578.071 11
 578.589 14
 579.106 11
 579.623 17
 580.141 12
 580.658 11
 581.176 7
 581.693 12
 582.211 10
 582.729 8
 583.246 7
 583.764 12
 584.281 5
 584.799 12
 585.317 13
 585.835 11
 586.353 9
 586.870 12
 587.388 7
 587.906 11
 588.424 8
 588.942 13
 589.460 14
 589.978 12
 590.496 8
 591.014 12
 591.533 19
 592.051 6
 592.569 11
 593.087 8
 593.605 11
 594.124 15
 594.642 15
 595.160 7
 595.679 8
 596.197 13
 596.716 10
 597.234 13
 597.753 7
 598.271 10
 598.790 14
 599.308 11
 599.827 11
 600.346 14
 600.865 8
 601.383 3
 601.902 9
 602.421 14
 602.940 7
 603.459 8
 603.978 12
 604.496 16
 605.015 11
 605.534 8
 606.054 15
 606.573 10
 607.092 14
 607.611 14
 608.130 19
 608.649 10
 609.168 16
 609.688 9
 610.207 13
 610.726 10
 611.246 7
 611.765 13
 612.285 15
 612.804 11
 613.323 22
 613.843 12
 614.363 14
 614.882 12
 615.402 10
 615.921 9
 616.441 14
 616.961 9
 617.481 13
 618.000 10
 618.520 12
 619.040 11
 619.560 14
 620.080 12
 620.600 10
 621.120 13
 621.640 11
 622.160 13
 622.680 9
 623.200 10
 623.720 9
 624.240 6
 624.760 14
 625.281 15
 625.801 6
 626.321 12
 626.842 18
 627.362 9
 627.882 8
 628.403 11
 628.923 8
 629.444 16
 629.964 14
 630.485 9
 631.005 10
 631.526 14
 632.047 11
 632.567 14
 633.088 15
 633.609 9
 634.130 10
 634.650 9
 635.171 17
 635.692 14
 636.213 10
 636.734 16
 637.255 10
 637.776 14
 638.297 8
 638.818 9
 639.339 6
 639.860 9
 640.381 16
 640.903 7
 641.424 14
 641.945 17
 642.466 14
 642.988 11
 643.509 13
 644.030 12
 644.552 8
 645.073 10
 645.595 25
 646.116 11
 646.638 10
 647.159 12
 647.681 5
 648.203 10
 648.724 9
 649.246 14
 649.768 8
 650.290 8
 650.811 16
 651.333 11
 651.855 10
 652.377 11
 652.899 12
 653.421 15
 653.943 12
 654.465 7
 654.987 8
 655.509 13
 656.031 11
 656.553 9
 657.076 6
 657.598 6
 658.120 7
 658.642 12
 659.165 5
 659.687 9
 660.210 5
 660.732 4
 661.254 6
 661.777 10
 662.299 14
 662.822 13
 663.345 7
 663.867 11
 664.390 8
 664.912 10
 665.435 7
 665.958 12
 666.481 8
 667.004 5
 667.526 6
 668.049 11
 668.572 6
 669.095 5
 669.618 4
 670.141 9
 670.664 8
 671.187 10
 671.710 9
 672.233 5
 672.757 8
 673.280 4
 673.803 12
 674.326 9
 674.850 2
 675.373 6
 675.896 8
 676.420 9
 676.943 6
 677.466 7
 677.990 8
 678.513 3
 679.037 5
 679.561 3
 680.084 6
 680.608 8
 681.132 6
 681.655 4
 682.179 8
 682.703 5
 683.227 4
 683.750 9
 684.274 6
 684.798 11
 685.322 6
 685.846 8
 686.370 4
 686.894 12
 687.418 3
 687.942 6
 688.466 5
 688.991 8
 689.515 4
 690.039 9
 690.563 7
 691.087 7
 691.612 8
 692.136 8
 692.661 7
 693.185 6
 693.709 8
 694.234 8
 694.758 8
 695.283 5
 695.808 12
 696.332 8
 696.857 4
 697.381 11
 697.906 7
 698.431 12
 698.956 6
 699.480 5
 700.005 10
 700.530 6
 701.055 4
 701.580 12
 702.105 4
 702.630 4
 703.155 5
 703.680 9
 704.205 3
 704.730 8
 705.255 3
 705.781 9
 706.306 8
 706.831 8
 707.356 6
 707.882 6
 708.407 4
 708.932 9
 709.458 7
 709.983 6
 710.509 8
 711.034 10
 711.560 3
 712.085 5
 712.611 7
 713.137 7
 713.662 5
 714.188 8
 714.714 7
 715.240 7
 715.765 6
 716.291 4
 716.817 7
 717.343 7
 717.869 4
 718.395 4
 718.921 2
 719.447 8
 719.973 8
 720.499 5
 721.025 5
 721.551 6
 722.078 7
 722.604 8
 723.130 6
 723.656 10
 724.183 5
 724.709 9
 725.235 7
 725.762 6
 726.288 7
 726.815 4
 727.341 1
 727.868 9
 728.394 2
 728.921 10
 729.448 7
 729.974 7
 730.501 8
 731.028 5
 731.554 2
 732.081 7
 732.608 8
 733.135 6
 733.662 4
 734.189 7
 734.716 8
 735.243 4
 735.770 4
 736.297 4
 736.824 4
 737.351 3
 737.878 8
 738.405 7
 738.933 5
 739.460 8
 739.987 4
 740.514 10
 741.042 7
 741.569 10
 742.097 8
 742.624 5
 743.151 10
 743.679 6
 744.206 6
 744.734 5
 745.262 8
 745.789 6
 746.317 4
 746.845 6
 747.372 12
 747.900 6
 748.428 2
 748.956 6
 749.484 9
 750.012 4
 750.539 6
 751.067 7
 751.595 10
 752.123 8
 752.651 6
 753.180 4
 753.708 12
 754.236 5
 754.764 8
 755.292 5
 755.821 3
 756.349 5
 756.877 9
 757.405 7
 757.934 7
 758.462 4
 758.991 5
 759.519 5
 760.048 7
 760.576 8
 761.105 7
 761.633 6
 762.162 3
 762.691 2
 763.219 5
 763.748 7
 764.277 5
 764.806 2
 765.334 5
 765.863 6
 766.392 5
 766.921 4
 767.450 6
 767.979 6
 768.508 2
 769.037 5
 769.566 6
 770.095 7
 770.625 6
 771.154 6
 771.683 8
 772.212 4
 772.741 9
 773.271 9
 773.800 4
 774.329 6
 774.859 7
 775.388 6
 775.918 1
 776.447 5
 776.977 5
 777.506 2
 778.036 6
 778.566 2
 779.095 4
 779.625 4
 780.155 11
 780.685 5
 781.214 8
 781.744 0
 782.274 8
 782.804 6
 783.334 8
 783.864 6
 784.394 9
 784.924 4
 785.454 3
 785.984 7
 786.514 10
 787.044 6
 787.574 5
 788.105 5
 788.635 5
 789.165 6
 789.695 5
 790.226 2
 790.756 7
 791.286 5
 791.817 2
 792.347 5
 792.878 8
 793.408 9
 793.939 2
 794.470 8
 795.000 11
 795.531 4
 796.062 7
 796.592 6
 797.123 6
 797.654 6
 798.185 5
 798.716 3
 799.246 6
 799.777 5
 800.308 4
 800.839 3
 801.370 7
 801.901 4
 802.432 7
 802.964 5
 803.495 5
 804.026 7
 804.557 1
 805.088 5
 805.620 9
 806.151 4
 806.682 5
 807.214 8
 807.745 9
 808.276 6
 808.808 7
 809.339 2
 809.871 6
 810.403 7
 810.934 7
 811.466 3
 811.997 4
 812.529 8
 813.061 7
 813.593 8
 814.124 7
 814.656 3
 815.188 4
 815.720 6
 816.252 6
 816.784 3
 817.316 5
 817.848 9
 818.380 4
 818.912 8
 819.444 3
 819.976 7
 820.508 3
 821.041 5
 821.573 5
 822.105 5
 822.637 3
 823.170 4
 823.702 6
 824.235 5
 824.767 8
 825.299 3
 825.832 4
 826.364 3
 826.897 7
 827.430 4
 827.962 4
 828.495 7
 829.028 5
 829.560 5
 830.093 4
 830.626 5
 831.159 5
 831.692 3
 832.224 1
 832.757 7
 833.290 4
 833.823 4
 834.356 4
 834.889 5
 835.422 3
 835.955 3
 836.489 4
 837.022 3
 837.555 9
 838.088 4
 838.622 2
 839.155 4
 839.688 7
 840.222 6
 840.755 5
 841.288 6
 841.822 5
 842.355 7
 842.889 6
 843.422 7
 843.956 7
 844.490 10
 845.023 4
 845.557 6
 846.091 3
 846.624 6
 847.158 2
 847.692 7
 848.226 4
 848.760 5
 849.294 4
 849.828 4
 850.362 3
 850.896 4
 851.430 4
 851.964 6
 852.498 3
 853.032 2
 853.566 1
 854.100 3
 854.635 7
 855.169 2
 855.703 5
 856.238 5
 856.772 6
 857.306 4
 857.841 4
 858.375 2
 858.910 6
 859.444 6
 859.979 1
 860.513 3
 861.048 8
 861.583 7
 862.117 12
 862.652 5
 863.187 3
 863.722 5
 864.256 2
 864.791 1
 865.326 6
 865.861 5
 866.396 5
 866.931 6
 867.466 12
 868.001 8
 868.536 8
 869.071 3
 869.606 6
 870.141 6
 870.677 6
 871.212 8
 871.747 4
 872.282 4
 872.818 2
 873.353 7
 873.889 4
 874.424 12
 874.959 6
 875.495 6
 876.030 3
 876.566 6
 877.102 4
 877.637 3
 878.173 5
 878.709 6
 879.244 8
 879.780 6
 880.316 6
 880.852 4
 881.387 3
 881.923 7
 882.459 4
 882.995 6
 883.531 6
 884.067 1
 884.603 3
 885.139 1
 885.675 3
 886.212 4
 886.748 5
 887.284 2
 887.820 4
 888.356 7
 888.893 8
 889.429 7
 889.965 6
 890.502 5
 891.038 3
 891.575 4
 892.111 5
 892.648 6
 893.184 3
 893.721 5
 894.257 8
 894.794 5
 895.331 4
 895.868 3
 896.404 4
 896.941 1
 897.478 2
 898.015 3
 898.552 7
 899.088 6
 899.625 6
 900.162 5
 900.699 6
 901.236 8
 901.774 4
 902.311 4
 902.848 0
 903.385 3
 903.922 3
 904.459 11
 904.997 5
 905.534 5
 906.071 4
 906.609 7
 907.146 6
 907.683 5
 908.221 6
 908.758 1
 909.296 3
 909.833 3
 910.371 3
 910.909 4
 911.446 9
 911.984 9
 912.522 3
 913.059 2
 913.597 4
 914.135 1
 914.673 6
 915.211 6
 915.749 8
 916.287 9
 916.825 6
 917.363 6
 917.901 3
 918.439 3
 918.977 2
 919.515 3
 920.053 3
 920.591 2
 921.129 5
 921.668 5
 922.206 4
 922.744 5
 923.283 2
 923.821 4
 924.360 3
 924.898 6
 925.436 0
 925.975 4
 926.514 4
 927.052 6
 927.591 1
 928.129 3
 928.668 6
 929.207 4
 929.745 5
 930.284 3
 930.823 9
 931.362 4
 931.901 4
 932.440 4
 932.979 6
 933.518 4
 934.057 5
 934.596 6
 935.135 1
 935.674 5
 936.213 5
 936.752 4
 937.291 6
 937.831 1
 938.370 7
 938.909 4
 939.448 3
 939.988 6
 940.527 7
 941.067 6
 941.606 9
 942.145 3
 942.685 7
 943.225 1
 943.764 3
 944.304 6
 944.843 6
 945.383 3
 945.923 4
 946.463 5
 947.002 5
 947.542 3
 948.082 3
 948.622 6
 949.162 5
 949.702 6
 950.242 1
 950.782 6
 951.322 4
 951.862 3
 952.402 3
 952.942 7
 953.482 5
 954.022 5
 954.563 5
 955.103 3
 955.643 6
 956.183 6
 956.724 7
 957.264 7
 957.805 3
 958.345 2
 958.885 11
 959.426 4
 959.967 2
 960.507 5
 961.048 2
 961.588 4
 962.129 4
 962.670 2
 963.210 5
 963.751 5
 964.292 2
 964.833 5
 965.374 0
 965.915 8
 966.456 4
 966.997 2
 967.538 1
 968.079 7
 968.620 5
 969.161 3
 969.702 3
 970.243 0
 970.784 4
 971.325 4
 971.867 6
 972.408 1
 972.949 6
 973.491 1
 974.032 11
 974.573 4
 975.115 3
 975.656 2
 976.198 8
 976.739 4
 977.281 4
 977.823 4
 978.364 5
 978.906 7
 979.448 3
 979.989 5
 980.531 2
 981.073 2
 981.615 4
 982.157 5
 982.699 6
 983.240 4
 983.782 4
 984.324 5
 984.866 3
 985.409 5
 985.951 4
 986.493 7
 987.035 5
 987.577 5
 988.119 3
 988.662 7
 989.204 3
 989.746 5
 990.289 5
 990.831 4
 991.373 2
 991.916 2
 992.458 4
 993.001 4
 993.543 2
 994.086 5
 994.628 5
 995.171 3
 995.714 5
 996.256 7
 996.799 6
 997.342 2
 997.885 3
 998.428 1
 998.970 9
 999.513 2
1000.056 7
1000.599 3
1001.142 1
1001.685 3
1002.228 2
1002.771 4
1003.315 4
1003.858 4
1004.401 5
1004.944 2
1005.487 5
1006.031 4
1006.574 3
1007.117 3
1007.661 8
1008.204 6
1008.748 4
1009.291 9
1009.835 3
1010.378 5
1010.922 4
1011.465 4
1012.009 4
1012.553 4
1013.096 2
1013.640 7
1014.184 4
1014.728 3
1015.271 4
1015.815 4
1016.359 4
1016.903 5
1017.447 6
1017.991 4
1018.535 4
1019.079 5
1019.623 4
1020.167 4
1020.711 3
1021.256 4
1021.800 6
1022.344 4
1022.888 1
1023.433 2
1023.977 4
1024.521 5
1025.066 2
1025.610 3
1026.155 3
1026.699 4
1027.244 2
1027.788 4
1028.333 7
1028.878 1
1029.422 2
1029.967 4
1030.512 4
1031.056 3
1031.601 6
1032.146 6
1032.691 2
1033.236 7
1033.781 5
1034.326 4
1034.871 8
1035.416 3
1035.961 4
1036.506 4
1037.051 8
1037.596 4
1038.141 1
1038.687 4
1039.232 2
1039.777 1
1040.322 2
1040.868 8
1041.413 5
1041.959 4
1042.504 0
1043.049 5
1043.595 5
1044.140 4
1044.686 3
1045.232 2
1045.777 7
1046.323 5
1046.869 0
1047.414 3
1047.960 3
1048.506 4
1049.052 2
1049.598 6
1050.144 4
1050.689 5
1051.235 1
1051.781 3
1052.327 0
1052.873 3
1053.420 3
1053.966 2
1054.512 2
1055.058 1
1055.604 5
1056.150 4
1056.697 5
1057.243 3
1057.789 5
1058.336 3
1058.882 2
1059.429 4
1059.975 3
1060.522 3
1061.068 3
1061.615 5
1062.161 5
1062.708 4
1063.255 3
1063.801 1
1064.348 2
1064.895 1
1065.442 2
1065.988 2
1066.535 2
1067.082 6
1067.629 7
1068.176 2
1068.723 0
1069.270 3
1069.817 5
1070.364 2
1070.911 1
1071.458 7
1072.006 4
1072.553 3
1073.100 2
1073.647 2
1074.195 2
1074.742 1
1075.289 4
1075.837 6
1076.384 3
1076.932 3
1077.479 3
1078.027 4
1078.574 4
1079.122 0
1079.669 4
1080.217 9
1080.765 4
1081.312 3
1081.860 3
1082.408 3
1082.956 3
1083.504 8
1084.052 1
1084.600 6
1085.147 4
1085.695 3
1086.243 5
1086.792 2
1087.340 3
1087.888 4
1088.436 6
1088.984 2
1089.532 7
1090.080 4
1090.629 1
1091.177 1
1091.725 3
1092.274 3
1092.822 5
1093.371 4
1093.919 5
1094.468 5
1095.016 3
1095.565 3
1096.113 1
1096.662 5
1097.211 3
1097.759 3
1098.308 4
1098.857 5
1099.406 5
1099.954 7
1100.503 1
1101.052 2
1101.601 3
1102.150 4
1102.699 0
1103.248 5
1103.797 2
1104.346 2
1104.895 1
1105.444 5
1105.993 5
1106.543 8
1107.092 6
1107.641 2
1108.190 2
1108.740 2
1109.289 4
1109.839 5
1110.388 2
1110.937 3
1111.487 2
1112.037 0
1112.586 4
1113.136 2
1113.685 5
1114.235 4
1114.785 3
1115.334 5
1115.884 2
1116.434 4
1116.984 2
1117.534 7
1118.083 3
1118.633 9
1119.183 2
1119.733 7
1120.283 3
1120.833 3
1121.383 3
1121.934 3
1122.484 4
1123.034 1
1123.584 2
1124.134 6
1124.685 4
1125.235 3
1125.785 6
1126.336 4
1126.886 6
1127.436 7
1127.987 4
1128.537 1
1129.088 5
1129.638 5
1130.189 3
1130.740 1
1131.290 3
1131.841 1
1132.392 5
1132.942 5
1133.493 3
1134.044 7
1134.595 2
1135.146 6
1135.697 3
1136.248 6
1136.799 2
1137.350 4
1137.901 6
1138.452 2
1139.003 3
1139.554 4
1140.105 2
1140.656 5
1141.208 2
1141.759 2
1142.310 6
1142.862 3
1143.413 4
1143.964 3
1144.516 3
1145.067 3
1145.619 2
1146.170 4
1146.722 7
1147.273 2
1147.825 8
1148.377 0
1148.928 3
1149.480 2
1150.032 1
1150.584 4
1151.135 5
1151.687 3
1152.239 4
1152.791 1
1153.343 5
1153.895 1
1154.447 3
1154.999 0
1155.551 1
1156.103 2
1156.655 3
1157.207 3
1157.760 3
1158.312 5
1158.864 7
1159.416 4
1159.969 4
1160.521 3
1161.074 4
1161.626 5
1162.178 5
1162.731 3
1163.283 8
1163.836 2
1164.389 3
1164.941 4
1165.494 2
1166.047 3
1166.599 5
1167.152 4
1167.705 7
1168.258 3
1168.810 2
1169.363 0
1169.916 3
1170.469 6
1171.022 7
1171.575 2
1172.128 5
1172.681 1
1173.234 2
1173.787 4
1174.341 4
1174.894 1
1175.447 6
1176.000 3
1176.554 2
1177.107 3
1177.660 1
1178.214 5
1178.767 5
1179.321 9
1179.874 3
1180.428 3
1180.981 4
1181.535 1
1182.088 3
1182.642 3
1183.196 2
1183.749 5
1184.303 4
1184.857 1
1185.411 2
1185.965 6
1186.518 4
1187.072 4
1187.626 2
1188.180 4
1188.734 3
1189.288 3
1189.842 1
1190.396 4
1190.951 5
1191.505 2
1192.059 2
1192.613 3
1193.167 6
1193.722 2
1194.276 2
1194.830 3
1195.385 3
1195.939 3
1196.494 3
1197.048 3
1197.603 4
1198.157 2
1198.712 4
1199.266 3
1199.821 2
1200.376 3
1200.930 3
1201.485 3
1202.040 3
1202.595 2
1203.150 4
1203.705 7
1204.259 4
1204.814 3
1205.369 2
1205.924 2
1206.479 0
1207.034 1
1207.590 5
1208.145 2
1208.700 7
1209.255 3
1209.810 4
1210.366 2
1210.921 2
1211.476 4
1212.031 4
1212.587 1
1213.142 3
1213.698 4
1214.253 2
1214.809 3
1215.364 3
1215.920 1
1216.475 1
1217.031 3
1217.587 5
1218.143 1
1218.698 2
1219.254 2
1219.810 2
1220.366 1
1220.922 0
1221.477 1
1222.033 5
1222.589 2
1223.145 2
1223.701 8
1224.257 1
1224.814 5
1225.370 3
1225.926 1
1226.482 4
1227.038 4
1227.595 4
1228.151 2
1228.707 3
1229.263 6
1229.820 0
1230.376 4
1230.933 1
1231.489 2
1232.046 2
1232.602 2
1233.159 3
1233.715 3
1234.272 2
1234.829 3
1235.386 5
1235.942 1
1236.499 1
1237.056 5
1237.613 4
1238.170 5
1238.726 5
1239.283 3
1239.840 3
1240.397 7
1240.954 1
1241.511 3
1242.069 1
1242.626 4
1243.183 5
1243.740 3
1244.297 7
1244.854 8
1245.412 1
1245.969 5
1246.526 2
1247.084 3
1247.641 3
1248.199 0
1248.756 3
1249.314 1
1249.871 2
1250.429 3
1250.986 2
1251.544 2
1252.102 3
1252.659 1
1253.217 2
1253.775 0
1254.333 4
1254.891 3
1255.448 2
1256.006 1
1256.564 3
1257.122 3
1257.680 0
1258.238 2
1258.796 4
1259.354 1
1259.913 7
1260.471 3
1261.029 5
1261.587 2
1262.145 1
1262.704 5
1263.262 2
1263.820 3
1264.379 1
1264.937 2
1265.496 3
1266.054 2
1266.613 3
1267.171 2
1267.730 2
1268.288 2
1268.847 3
1269.406 3
1269.964 2
1270.523 2
1271.082 2
1271.641 4
1272.199 1
1272.758 2
1273.317 6
1273.876 0
1274.435 3
1274.994 2
1275.553 4
1276.112 3
1276.671 2
1277.230 0
1277.790 2
1278.349 4
1278.908 2
1279.467 1
1280.026 2
1280.586 4
1281.145 3
1281.705 2
1282.264 5
1282.823 2
1283.383 4
1283.942 2
1284.502 2
1285.061 3
1285.621 3
1286.181 0
1286.740 3
1287.300 0
1287.860 2
1288.420 1
1288.979 1
1289.539 3
1290.099 4
1290.659 4
1291.219 1
1291.779 2
1292.339 2
1292.899 4
1293.459 3
1294.019 5
1294.579 3
1295.139 5
1295.699 0
1296.260 2
1296.820 1
1297.380 2
1297.941 1
1298.501 2
1299.061 1
1299.622 3
1300.182 2
1300.743 5
1301.303 0
1301.864 2
1302.424 5
1302.985 0
1303.545 2
1304.106 1
1304.667 1
1305.228 1
1305.788 1
1306.349 2
1306.910 1
1307.471 2
1308.032 2
1308.593 7
1309.154 1
1309.715 1
1310.276 3
1310.837 1
1311.398 0
1311.959 0
1312.520 1
1313.081 2
1313.642 0
1314.204 1
1314.765 2
1315.326 0
1315.888 1
1316.449 2
1317.010 4
1317.572 3
1318.133 0
1318.695 3
1319.256 1
1319.818 0
1320.379 2
1320.941 0
1321.503 0
1322.064 4
1322.626 1
1323.188 5
1323.750 1
1324.312 1
1324.873 2
1325.435 2
1325.997 0
1326.559 2
1327.121 2
1327.683 1
1328.245 2
1328.807 1
1329.369 0
1329.932 0
1330.494 1
1331.056 1
1331.618 3
1332.181 4
1332.743 0
1333.305 3
1333.868 2
1334.430 0
1334.992 2
1335.555 3
1336.117 1
1336.680 0
1337.242 1
1337.805 1
1338.368 1
1338.930 0
1339.493 2
1340.056 2
1340.619 1
1341.181 2
1341.744 1
1342.307 1
1342.870 0
1343.433 3
1343.996 1
1344.559 6
1345.122 1
1345.685 2
1346.248 5
1346.811 2
1347.374 1
1347.937 5
1348.501 1
1349.064 3
1349.627 2
1350.190 3
1350.754 3
1351.317 1
1351.881 1
1352.444 3
1353.007 2
1353.571 1
1354.134 4
1354.698 0
1355.262 0
1355.825 2
1356.389 3
1356.953 3
1357.516 3
1358.080 0
1358.644 1
1359.208 1
1359.772 1
1360.335 2
1360.899 2
1361.463 0
1362.027 2
1362.591 2
1363.155 3
1363.719 1
1364.284 2
1364.848 0
1365.412 1
1365.976 0
1366.540 2
1367.105 2
1367.669 1
1368.233 1
1368.798 0
1369.362 2
1369.926 5
1370.491 1
1371.055 0
1371.620 2
1372.185 1
1372.749 0
1373.314 1
1373.878 1
1374.443 2
1375.008 1
1375.573 1
1376.137 1
1376.702 1
1377.267 1
1377.832 2
1378.397 2
1378.962 0
1379.527 1
1380.092 1
1380.657 1
1381.222 0
1381.787 0
1382.352 2
1382.917 0
1383.483 2
1384.048 1
1384.613 0
1385.178 1
1385.744 2
1386.309 0
1386.874 0
1387.440 4
1388.005 2
1388.571 0
1389.136 1
1389.702 3
1390.268 1
1390.833 2
1391.399 2
1391.965 2
1392.530 0
1393.096 1
1393.662 4
1394.228 2
1394.793 1
1395.359 0
1395.925 0
1396.491 0
1397.057 2
1397.623 1
1398.189 4
1398.755 4
1399.321 0
1399.888 1
1400.454 4
1401.020 0
1401.586 3
1402.152 4
1402.719 2
1403.285 1
1403.851 2
1404.418 0
1404.984 0
1405.551 1
1406.117 0
1406.684 1
1407.250 5
1407.817 2
1408.384 4
1408.950 5
1409.517 1
1410.084 3
1410.650 4
1411.217 3
1411.784 3
1412.351 2
1412.918 1
1413.485 2
1414.052 0
1414.619 3
1415.186 0
1415.753 0
1416.320 0
1416.887 1
1417.454 1
1418.021 0
1418.588 2
1419.156 1
1419.723 0
1420.290 3
1420.857 0
1421.425 4
1421.992 2
1422.560 0
1423.127 3
1423.695 3
1424.262 1
1424.830 0
1425.397 3
1425.965 1
1426.533 3
1427.100 3
1427.668 0
1428.236 2
1428.803 1
1429.371 2
1429.939 0
1430.507 3
1431.075 4
1431.643 2
1432.211 0
1432.779 0
1433.347 2
1433.915 0
1434.483 4
1435.051 1
1435.619 4
1436.188 1
1436.756 0
1437.324 6
1437.892 4
1438.461 4
1439.029 0
1439.597 0
1440.166 4
1440.734 3
1441.303 4
1441.871 1
1442.440 1
1443.008 0
1443.577 7
1444.146 2
1444.714 1
1445.283 4
1445.852 3
1446.421 1
1446.989 3
1447.558 2
1448.127 2
1448.696 2
1449.265 2
1449.834 0
1450.403 2
1450.972 0
1451.541 5
1452.110 1
1452.679 4
1453.249 3
1453.818 7
1454.387 5
1454.956 2
1455.526 2
1456.095 2
1456.664 1
1457.234 3
1457.803 2
1458.373 3
1458.942 5
1459.512 2
1460.081 5
1460.651 3
1461.220 6
1461.790 4
1462.360 8
1462.929 5
1463.499 5
1464.069 4
1464.639 4
1465.209 5
1465.778 3
1466.348 5
1466.918 1
1467.488 7
1468.058 3
1468.628 3
1469.198 8
1469.768 5
1470.339 3
1470.909 8
1471.479 3
1472.049 6
1472.619 8
1473.190 4
1473.760 7
1474.330 4
1474.901 5
1475.471 4
1476.042 10
1476.612 3
1477.183 4
1477.753 2
1478.324 2
1478.894 7
1479.465 5
1480.036 5
1480.606 3
1481.177 4
1481.748 2
1482.319 7
1482.890 6
1483.460 3
1484.031 3
1484.602 7
1485.173 10
1485.744 5
1486.315 3
1486.886 4
1487.458 4
1488.029 4
1488.600 6
1489.171 4
1489.742 9
1490.313 7
1490.885 5
1491.456 4
1492.027 8
1492.599 2
1493.170 5
1493.742 3
1494.313 4
1494.885 8
1495.456 3
1496.028 9
1496.599 6
1497.171 4
1497.743 5
1498.314 9
1498.886 5
1499.458 11
1500.030 8
1500.602 7
1501.174 6
1501.745 7
1502.317 5
1502.889 10
1503.461 9
1504.033 8
1504.605 9
1505.178 5
1505.750 6
1506.322 5
1506.894 5
1507.466 8
1508.038 4
1508.611 4
1509.183 7
1509.755 6
1510.328 7
1510.900 5
1511.473 3
1512.045 2
1512.618 4
1513.190 6
1513.763 5
1514.335 3
1514.908 5
1515.481 6
1516.053 1
1516.626 5
1517.199 4
1517.772 6
1518.345 4
1518.918 4
1519.490 3
1520.063 6
1520.636 7
1521.209 4
1521.782 3
1522.355 3
1522.929 4
1523.502 5
1524.075 4
1524.648 5
1525.221 4
1525.794 9
1526.368 4
1526.941 3
1527.514 4
1528.088 2
1528.661 6
1529.235 3
1529.808 1
1530.382 2
1530.955 2
1531.529 4
1532.102 3
1532.676 4
1533.250 2
1533.823 4
1534.397 0
1534.971 7
1535.545 2
1536.119 2
1536.692 3
1537.266 2
1537.840 1
1538.414 1
1538.988 2
1539.562 9
1540.136 1
1540.710 2
1541.285 5
1541.859 2
1542.433 1
1543.007 2
1543.581 0
1544.156 1
1544.730 2
1545.304 1
1545.879 1
1546.453 1
1547.028 2
1547.602 2
1548.177 0
1548.751 1
1549.326 2
1549.900 4
1550.475 4
1551.050 4
1551.624 4
1552.199 4
1552.774 2
1553.349 1
1553.923 1
1554.498 1
1555.073 0
1555.648 0
1556.223 1
1556.798 3
1557.373 1
1557.948 1
1558.523 2
1559.098 1
1559.674 1
1560.249 0
1560.824 0
1561.399 3
1561.974 2
1562.550 2
1563.125 1
1563.701 3
1564.276 2
1564.851 3
1565.427 0
1566.002 3
1566.578 0
1567.153 1
1567.729 2
1568.305 1
1568.880 0
1569.456 1
1570.032 2
1570.608 1
1571.183 2
1571.759 0
1572.335 0
1572.911 4
1573.487 1
1574.063 2
1574.639 1
1575.215 1
1575.791 0
1576.367 1
1576.943 2
1577.519 0
1578.095 1
1578.672 0
1579.248 1
1579.824 2
1580.401 1
1580.977 0
1581.553 0
1582.130 1
1582.706 0
1583.283 2
1583.859 0
1584.436 1
1585.012 0
1585.589 2
1586.165 0
1586.742 0
1587.319 1
1587.896 0
1588.472 1
1589.049 1
1589.626 1
1590.203 1
1590.780 1
1591.357 1
1591.934 0
1592.511 1
1593.088 2
1593.665 3
1594.242 1
1594.819 3
1595.396 1
1595.973 0
1596.550 0
1597.128 1
1597.705 0
1598.282 0
1598.860 0
1599.437 1
1600.014 2
1600.592 1
1601.169 2
1601.747 0
1602.324 0
1602.902 1
1603.480 0
1604.057 1
1604.635 2
1605.213 3
1605.790 0
1606.368 2
1606.946 0
1607.524 4
1608.101 0
1608.679 3
1609.257 0
1609.835 0
1610.413 0
1610.991 1
1611.569 1
1612.147 0
1612.726 1
1613.304 1
1613.882 0
1614.460 2
1615.038 0
1615.617 0
1616.195 1
1616.773 0
1617.352 1
1617.930 0
1618.508 2
1619.087 0
1619.665 2
1620.244 0
1620.823 1
1621.401 0
1621.980 1
1622.558 2
1623.137 1
1623.716 1
1624.295 0
1624.873 0
1625.452 0
1626.031 0
1626.610 1
1627.189 1
1627.768 0
1628.347 0
1628.926 2
1629.505 0
1630.084 1
1630.663 0
1631.242 1
1631.821 2
1632.401 1
1632.980 0
1633.559 1
1634.138 0
1634.718 0
1635.297 1
1635.877 1
1636.456 2
1637.036 2
1637.615 0
1638.195 1
1638.774 0
1639.354 2
1639.933 1
1640.513 1
1641.093 0
1641.672 0
1642.252 1
1642.832 1
1643.412 1
1643.992 1
1644.572 1
1645.151 0
1645.731 1
1646.311 0
1646.891 2
1647.471 1
1648.052 2
1648.632 0
1649.212 0
1649.792 1
1650.372 0
1650.952 1
1651.533 0
1652.113 1
1652.693 1
1653.274 0
1653.854 4
1654.435 0
1655.015 0
1655.596 0
1656.176 1
1656.757 2
1657.337 0
1657.918 0
1658.499 2
1659.079 1
1659.660 1
1660.241 1
1660.821 0
1661.402 4
1661.983 0
1662.564 1
1663.145 1
1663.726 0
1664.307 0
1664.888 0
1665.469 0
1666.050 0
1666.631 0
1667.212 0
1667.793 1
1668.375 1
1668.956 1
1669.537 0
1670.118 0
1670.700 0
1671.281 0
1671.863 2
1672.444 1
1673.025 0
1673.607 0
1674.189 0
1674.770 2
1675.352 2
1675.933 0
1676.515 0
1677.097 0
1677.678 0
1678.260 0
1678.842 1
1679.424 0
1680.006 1
1680.587 0
1681.169 0
1681.751 4
1682.333 2
1682.915 0
1683.497 0
1684.079 0
1684.662 1
1685.244 1
1685.826 0
1686.408 2
1686.990 1
1687.573 0
1688.155 1
1688.737 1
1689.320 1
1689.902 0
1690.484 0
1691.067 0
1691.649 0
1692.232 0
1692.814 0
1693.397 0
1693.980 1
1694.562 0
1695.145 1
1695.728 1
1696.310 0
1696.893 0
1697.476 0
1698.059 1
1698.642 1
1699.225 0
1699.808 2
1700.391 0
1700.974 2
1701.557 0
1702.140 0
1702.723 1
1703.306 1
1703.889 0
1704.472 0
1705.056 0
1705.639 2
1706.222 0
1706.806 1
1707.389 0
1707.972 0
1708.556 0
1709.139 0
1709.723 1
1710.306 0
1710.890 0
1711.473 2
1712.057 1
1712.641 0
1713.224 0
1713.808 2
1714.392 1
1714.976 0
1715.559 1
1716.143 1
1716.727 3
1717.311 1
1717.895 0
1718.479 0
1719.063 0
1719.647 0
1720.231 1
1720.815 0
1721.399 2
1721.983 0
1722.568 2
1723.152 0
1723.736 0
1724.320 0
1724.905 1
1725.489 0
1726.074 1
1726.658 0
1727.242 0
1727.827 0
1728.411 0
1728.996 0
1729.581 0
1730.165 2
1730.750 3
1731.335 0
1731.919 1
1732.504 0
1733.089 0
1733.674 0
1734.258 1
1734.843 0
1735.428 1
1736.013 2
1736.598 2
1737.183 0
1737.768 1
1738.353 0
1738.938 1
1739.524 1
1740.109 0
1740.694 0
1741.279 0
1741.864 0
1742.450 1
1743.035 2
1743.620 1
1744.206 0
1744.791 0
1745.377 0
1745.962 0
1746.548 0
1747.133 2
1747.719 1
1748.304 0
1748.890 1
1749.476 0
1750.061 0
1750.647 1
1751.233 1
1751.819 0
1752.405 2
1752.991 0
1753.576 0
1754.162 1
1754.748 1
1755.334 0
1755.920 2
1756.506 1
1757.093 0
1757.679 0
1758.265 0
1758.851 0
1759.437 1
1760.024 1
1760.610 0
1761.196 0
1761.783 3
1762.369 0
1762.955 1
1763.542 1
1764.128 1
1764.715 2
1765.301 0
1765.888 0
1766.475 0
1767.061 0
1767.648 4
1768.235 0
1768.821 0
1769.408 0
1769.995 1
1770.582 1
1771.169 2
1771.756 1
1772.342 0
1772.929 0
1773.516 0
1774.104 0
1774.691 0
1775.278 0
1775.865 0
1776.452 0
1777.039 1
1777.626 4
1778.214 0
1778.801 1
1779.388 1
1779.976 1
1780.563 0
1781.150 1
1781.738 3
1782.325 2
1782.913 3
1783.500 1
1784.088 1
1784.676 0
1785.263 0
1785.851 1
1786.439 0
1787.026 0
1787.614 0
1788.202 0
1788.790 1
1789.378 2
1789.966 1
1790.554 0
1791.142 1
1791.730 1
1792.318 1
1792.906 0
1793.494 0
1794.082 0
1794.670 0
1795.258 1
1795.846 1
1796.435 0
1797.023 2
1797.611 0
1798.200 0
1798.788 0
1799.376 1
1799.965 1
1800.553 1
1801.142 0
1801.730 0
1802.319 0
1802.908 0
1803.496 1
1804.085 1
1804.674 1
1805.262 2
1805.851 0
1806.440 0
1807.029 0
1807.618 0
1808.207 1
1808.796 1
1809.385 1
1809.974 0
1810.563 0
1811.152 2
1811.741 0
1812.330 2
1812.919 3
1813.508 1
1814.097 2
1814.687 2
1815.276 1
1815.865 1
1816.455 0
1817.044 0
1817.633 1
1818.223 2
1818.812 1
1819.402 0
1819.991 0
1820.581 1
1821.171 2
1821.760 0
1822.350 0
1822.940 3
1823.529 0
1824.119 2
1824.709 0
1825.299 2
1825.889 0
1826.479 1
1827.068 0
1827.658 0
1828.248 0
1828.838 0
1829.429 2
1830.019 2
1830.609 0
1831.199 1
1831.789 0
1832.379 1
1832.970 2
1833.560 1
1834.150 0
1834.741 0
1835.331 1
1835.921 1
1836.512 1
1837.102 0
1837.693 0
1838.283 1
1838.874 1
1839.464 1
1840.055 0
1840.646 1
1841.236 0
1841.827 0
1842.418 0
1843.009 1
1843.600 1
1844.191 1
1844.781 0
1845.372 1
1845.963 1
1846.554 2
1847.145 0
1847.736 1
1848.327 1
1848.919 0
1849.510 0
1850.101 0
1850.692 1
1851.283 0
1851.875 0
1852.466 1
1853.057 0
1853.649 0
1854.240 1
1854.832 1
1855.423 0
1856.015 1
1856.606 1
1857.198 1
1857.789 1
1858.381 1
1858.973 1
1859.564 0
1860.156 0
1860.748 0
1861.340 0
1861.931 0
1862.523 0
1863.115 0
1863.707 1
1864.299 1
1864.891 0
1865.483 1
1866.075 0
1866.667 0
1867.259 0
1867.852 0
1868.444 0
1869.036 1
1869.628 0
1870.220 1
1870.813 0
1871.405 0
1871.998 0
1872.590 1
1873.182 0
1873.775 1
1874.367 0
1874.960 1
1875.552 0
1876.145 3
1876.738 0
1877.330 0
1877.923 0
1878.516 0
1879.109 0
1879.701 0
1880.294 0
1880.887 0
1881.480 0
1882.073 1
1882.666 0
1883.259 0
1883.852 0
1884.445 0
1885.038 0
1885.631 0
1886.224 0
1886.817 1
1887.411 2
1888.004 1
1888.597 1
1889.191 0
1889.784 1
1890.377 0
1890.971 1
1891.564 1
1892.158 0
1892.751 0
1893.345 1
1893.938 2
1894.532 0
1895.125 0
1895.719 0
1896.313 1
1896.907 0
1897.500 1
1898.094 0
1898.688 0
1899.282 1
1899.876 0
1900.470 0
1901.064 0
1901.658 0
1902.252 0
1902.846 1
1903.440 0
1904.034 2
1904.628 0
1905.222 0
1905.816 1
1906.411 0
1907.005 1
1907.599 0
1908.194 1
1908.788 0
1909.382 1
1909.977 0
1910.571 0
1911.166 1
1911.760 0
1912.355 0
1912.949 1
1913.544 0
1914.139 0
1914.733 0
1915.328 0
1915.923 1
1916.518 0
1917.113 0
1917.707 1
1918.302 2
1918.897 2
1919.492 0
1920.087 0
1920.682 0
1921.277 1
1921.872 0
1922.467 0
1923.063 0
1923.658 0
1924.253 0
1924.848 1
1925.443 0
1926.039 0
1926.634 0
1927.229 0
1927.825 1
1928.420 0
1929.016 0
1929.611 0
1930.207 1
1930.802 0
1931.398 0
1931.994 2
1932.589 0
1933.185 0
1933.781 0
1934.376 2
1934.972 1
1935.568 1
1936.164 1
1936.760 1
1937.356 0
1937.952 0
1938.548 0
1939.144 0
1939.740 0
1940.336 0
1940.932 0
1941.528 0
1942.124 1
1942.720 0
1943.317 0
1943.913 0
1944.509 0
1945.106 0
1945.702 1
1946.298 0
1946.895 0
1947.491 0
1948.088 0
1948.684 0
1949.281 0
1949.878 2
1950.474 0
1951.071 1
1951.667 0
1952.264 0
1952.861 0
1953.458 0
1954.055 0
1954.651 1
1955.248 1
1955.845 0
1956.442 0
1957.039 1
1957.636 1
1958.233 1
1958.830 0
1959.427 0
1960.025 0
1960.622 0
1961.219 0
1961.816 1
1962.413 0
1963.011 0
1963.608 1
1964.205 0
1964.803 0
1965.400 0
1965.998 0
1966.595 0
1967.193 0
1967.790 0
1968.388 0
1968.986 0
1969.583 1
1970.181 1
1970.779 0
1971.376 1
1971.974 0
1972.572 0
1973.170 0
1973.768 0
1974.366 0
1974.964 0
1975.562 0
1976.160 0
1976.758 0
1977.356 1
1977.954 0
1978.552 1
1979.150 0
1979.748 0
1980.347 0
1980.945 0
1981.543 0
1982.142 1
1982.740 0
1983.338 0
1983.937 0
1984.535 1
1985.134 0
1985.732 1
1986.331 0
1986.929 1
1987.528 1
1988.127 0
1988.725 0
1989.324 0
1989.923 0
1990.522 0
1991.120 1
1991.719 0
1992.318 1
1992.917 0
1993.516 0
1994.115 1
1994.714 0
1995.313 2
1995.912 1
1996.511 0
1997.110 1
1997.710 1
1998.309 0
1998.908 0
1999.507 1
2000.107 0
2000.706 1
2001.305 1
2001.905 0
2002.504 0
2003.104 0
2003.703 0
2004.303 0
2004.902 1
2005.502 1
2006.101 0
2006.701 0
2007.301 0
2007.900 0
2008.500 0
2009.100 0
2009.700 0
2010.300 0
2010.899 0
2011.499 1
2012.099 0
2012.699 1
2013.299 1
2013.899 1
2014.499 1
2015.100 0
2015.700 1
2016.300 0
2016.900 0
2017.500 0
2018.101 0
2018.701 2
2019.301 0
2019.902 0
2020.502 0
2021.102 0
2021.703 0
2022.303 0
2022.904 0
2023.504 0
2024.105 0
2024.706 1
2025.306 1
2025.907 0
2026.508 0
2027.108 0
2027.709 1
2028.310 0
2028.911 0
2029.512 0
2030.113 0
2030.714 0
2031.315 0
2031.916 0
2032.517 1
2033.118 1
2033.719 0
2034.320 0
2034.921 2
2035.522 0
2036.123 1
2036.725 0
2037.326 0
2037.927 0
2038.529 1
2039.130 0
2039.732 2
2040.333 0
2040.935 0
2041.536 1
2042.138 0
2042.739 0
2043.341 0
2043.942 0
2044.544 1
2045.146 0
2045.748 0
2046.349 0
2046.951 0
2047.553 0
2048.155 1
2048.757 1
2049.359 0
2049.961 0
2050.563 0
2051.165 0
2051.767 0
2052.369 0
2052.971 0
2053.573 0
2054.175 0
2054.778 0
2055.380 0
2055.982 0
2056.585 0
2057.187 0
2057.789 0
2058.392 0
2058.994 0
2059.597 1
2060.199 0
2060.802 1
2061.404 0
2062.007 0
2062.610 1
2063.212 0
2063.815 0
2064.418 0
2065.020 0
2065.623 0
2066.226 1
2066.829 0
2067.432 1
2068.035 0
2068.638 0
2069.241 0
2069.844 0
2070.447 0
2071.050 0
2071.653 0
2072.256 0
2072.860 1
2073.463 0
2074.066 0
2074.669 0
2075.273 2
2075.876 0
2076.479 1
2077.083 0
2077.686 0
2078.290 1
2078.893 0
2079.497 0
2080.100 0
2080.704 0
2081.308 1
2081.911 0
2082.515 0
2083.119 0
2083.723 0
2084.326 0
2084.930 0
2085.534 0
2086.138 0
2086.742 0
2087.346 0
2087.950 0
2088.554 0
2089.158 0
2089.762 0
2090.366 0
2090.970 1
2091.575 1
2092.179 0
2092.783 1
2093.387 1
2093.992 0
2094.596 0
2095.200 0
2095.805 0
2096.409 0
2097.014 0
2097.618 0
2098.223 0
2098.827 0
2099.432 1
2100.037 1
2100.641 0
2101.246 0
2101.851 0
2102.456 0
2103.060 0
2103.665 0
2104.270 1
2104.875 2
2105.480 0
2106.085 0
2106.690 0
2107.295 0
2107.900 0
2108.505 1
2109.110 0
2109.715 1
2110.321 0
2110.926 1
2111.531 0
2112.136 4
2112.742 0
2113.347 1
2113.952 0
2114.558 1
2115.163 1
2115.769 1
2116.374 0
2116.980 0
2117.585 1
2118.191 0
2118.797 0
2119.402 0
2120.008 0
2120.614 1
2121.220 0
2121.825 1
2122.431 0
2123.037 0
2123.643 0
2124.249 0
2124.855 0
2125.461 1
2126.067 1
2126.673 0
2127.279 1
2127.885 1
2128.491 1
2129.097 0
2129.704 1
2130.310 0
2130.916 1
2131.523 0
2132.129 0
2132.735 0
2133.342 0
2133.948 1
2134.555 0
2135.161 2
2135.768 1
2136.374 0
2136.981 1
2137.588 0
2138.194 0
2138.801 0
2139.408 0
2140.014 0
2140.621 2
2141.228 0
2141.835 0
2142.442 0
2143.049 2
2143.656 1
2144.263 1
2144.870 1
2145.477 0
2146.084 2
2146.691 0
2147.298 1
2147.905 1
2148.513 0
2149.120 0
2149.727 1
2150.334 0
2150.942 0
2151.549 2
2152.157 1
2152.764 1
2153.372 0
2153.979 1
2154.587 1
2155.194 1
2155.802 1
2156.409 0
2157.017 1
2157.625 0
2158.232 1
2158.840 0
2159.448 1
2160.056 0
2160.664 0
2161.272 0
2161.880 2
2162.488 1
2163.096 1
2163.704 0
2164.312 1
2164.920 0
2165.528 0
2166.136 2
2166.744 0
2167.352 0
2167.961 0
2168.569 0
2169.177 0
2169.786 1
2170.394 0
2171.002 1
2171.611 1
2172.219 0
2172.828 0
2173.436 0
2174.045 1
2174.654 0
2175.262 0
2175.871 0
2176.480 0
2177.088 0
2177.697 1
2178.306 1
2178.915 1
2179.524 2
2180.132 0
2180.741 1
2181.350 0
2181.959 0
2182.568 0
2183.177 0
2183.786 0
2184.396 0
2185.005 1
2185.614 0
2186.223 0
2186.832 0
2187.442 1
2188.051 0
2188.660 0
2189.270 1
2189.879 0
2190.489 1
2191.098 4
2191.708 2
2192.317 1
2192.927 1
2193.536 0
2194.146 0
2194.756 0
2195.365 0
2195.975 2
2196.585 0
2197.195 0
2197.804 0
2198.414 0
2199.024 1
2199.634 1
2200.244 0
2200.854 0
2201.464 0
2202.074 0
2202.684 0
2203.294 1
2203.904 0
2204.515 0
2205.125 2
2205.735 1
2206.345 0
2206.956 0
2207.566 1
2208.176 0
2208.787 0
2209.397 0
2210.008 0
2210.618 0
2211.229 0
2211.839 0
2212.450 1
2213.061 2
2213.671 0
2214.282 1
2214.893 0
2215.503 0
2216.114 1
2216.725 1
2217.336 0
2217.947 1
2218.558 0
2219.169 0
2219.780 0
2220.391 1
2221.002 0
2221.613 1
2222.224 0
2222.835 0
2223.446 1
2224.057 0
2224.669 0
2225.280 0
2225.891 0
2226.503 1
2227.114 0
2227.725 0
2228.337 0
2228.948 1
2229.560 0
2230.171 0
2230.783 1
2231.394 0
2232.006 0
2232.618 0
2233.229 0
2233.841 0
2234.453 0
2235.065 0
2235.677 0
2236.288 0
2236.900 0
2237.512 0
2238.124 1
2238.736 1
2239.348 0
2239.960 0
2240.572 0
2241.184 1
2241.797 0
2242.409 1
2243.021 0
2243.633 0
2244.245 1
2244.858 1
2245.470 0
2246.082 0
2246.695 0
2247.307 0
2247.920 0
2248.532 0
2249.145 0
2249.757 0
2250.370 0
2250.983 0
2251.595 0
2252.208 0
2252.821 0
2253.433 0
2254.046 0
2254.659 0
2255.272 926
