2019_09_26_18_56_23_583 /home/raspion_user/data/Beacon_efficiency_57Co_50cm.sp 464639 1800.002 1772.992 15.498519 0.481036  0.000016097
  15.499 1
  15.980 0
  16.461 0
  16.942 0
  17.423 0
  17.904 0
  18.385 0
  18.867 0
  19.348 0
  19.829 0
  20.310 0
  20.792 0
  21.273 0
  21.755 0
  22.236 0
  22.718 0
  23.199 0
  23.681 0
  24.162 0
  24.644 0
  25.126 1
  25.607 0
  26.089 3
  26.571 4
  27.053 7
  27.534 3
  28.016 9
  28.498 11
  28.980 12
  29.462 13
  29.944 8
  30.426 18
  30.908 23
  31.390 26
  31.872 26
  32.354 31
  32.837 36
  33.319 54
  33.801 54
  34.283 47
  34.766 74
  35.248 85
  35.730 91
  36.213 96
  36.695 110
  37.178 120
  37.660 140
  38.143 120
  38.625 140
  39.108 136
  39.591 138
  40.073 170
  40.556 170
  41.039 166
  41.521 152
  42.004 150
  42.487 162
  42.970 158
  43.453 171
  43.936 185
  44.419 131
  44.902 163
  45.385 144
  45.868 151
  46.351 145
  46.834 135
  47.317 132
  47.800 101
  48.283 107
  48.767 104
  49.250 122
  49.733 113
  50.217 95
  50.700 123
  51.183 117
  51.667 133
  52.150 136
  52.634 116
  53.117 115
  53.601 129
  54.084 127
  54.568 126
  55.052 126
  55.535 137
  56.019 149
  56.503 156
  56.987 132
  57.470 156
  57.954 137
  58.438 150
  58.922 150
  59.406 187
  59.890 153
  60.374 138
  60.858 150
  61.342 153
  61.826 178
  62.310 184
  62.795 186
  63.279 169
  63.763 184
  64.247 210
  64.732 212
  65.216 213
  65.700 218
  66.185 205
  66.669 258
  67.154 229
  67.638 206
  68.123 223
  68.607 240
  69.092 269
  69.576 260
  70.061 253
  70.546 285
  71.031 302
  71.515 280
  72.000 315
  72.485 304
  72.970 322
  73.455 324
  73.940 358
  74.424 375
  74.909 385
  75.394 401
  75.880 399
  76.365 436
  76.850 468
  77.335 482
  77.820 496
  78.305 474
  78.790 561
  79.276 501
  79.761 590
  80.246 617
  80.732 580
  81.217 571
  81.703 625
  82.188 652
  82.674 649
  83.159 646
  83.645 681
  84.130 705
  84.616 738
  85.101 687
  85.587 712
  86.073 718
  86.559 732
  87.044 772
  87.530 722
  88.016 802
  88.502 715
  88.988 700
  89.474 751
  89.960 703
  90.446 784
  90.932 686
  91.418 698
  91.904 690
  92.390 749
  92.876 693
  93.363 698
  93.849 707
  94.335 674
  94.821 703
  95.308 731
  95.794 673
  96.280 758
  96.767 673
  97.253 714
  97.740 691
  98.226 701
  98.713 676
  99.200 691
  99.686 708
 100.173 683
 100.659 687
 101.146 684
 101.633 748
 102.120 752
 102.607 730
 103.093 776
 103.580 854
 104.067 811
 104.554 769
 105.041 849
 105.528 889
 106.015 834
 106.502 834
 106.989 897
 107.476 950
 107.964 994
 108.451 1013
 108.938 1009
 109.425 1047
 109.913 1027
 110.400 1088
 110.887 1056
 111.375 1063
 111.862 1190
 112.350 1095
 112.837 1243
 113.325 1227
 113.812 1245
 114.300 1281
 114.787 1246
 115.275 1292
 115.763 1336
 116.250 1235
 116.738 1320
 117.226 1337
 117.714 1314
 118.202 1304
 118.689 1353
 119.177 1376
 119.665 1378
 120.153 1338
 120.641 1400
 121.129 1338
 121.617 1380
 122.106 1363
 122.594 1400
 123.082 1306
 123.570 1318
 124.058 1338
 124.547 1476
 125.035 1386
 125.523 1384
 126.012 1375
 126.500 1392
 126.988 1449
 127.477 1509
 127.965 1444
 128.454 1516
 128.942 1542
 129.431 1645
 129.920 1659
 130.408 1662
 130.897 1728
 131.386 1758
 131.874 1842
 132.363 2054
 132.852 2071
 133.341 2265
 133.830 2203
 134.319 2496
 134.808 2644
 135.296 2877
 135.785 2861
 136.275 3256
 136.764 3407
 137.253 3725
 137.742 3722
 138.231 4041
 138.720 4297
 139.209 4478
 139.699 4443
 140.188 4871
 140.677 4970
 141.167 5233
 141.656 5265
 142.145 5483
 142.635 5519
 143.124 5576
 143.614 5554
 144.103 5701
 144.593 5717
 145.083 5719
 145.572 5534
 146.062 5503
 146.552 5416
 147.041 5202
 147.531 4894
 148.021 5009
 148.511 4871
 149.001 4698
 149.491 4511
 149.981 4355
 150.471 4237
 150.961 3950
 151.451 3780
 151.941 3693
 152.431 3572
 152.921 3406
 153.411 3200
 153.901 3048
 154.391 2783
 154.882 2791
 155.372 2562
 155.862 2487
 156.353 2290
 156.843 2307
 157.334 2058
 157.824 2048
 158.314 1822
 158.805 1735
 159.296 1676
 159.786 1657
 160.277 1472
 160.767 1446
 161.258 1372
 161.749 1329
 162.240 1283
 162.730 1179
 163.221 1092
 163.712 1076
 164.203 1009
 164.694 1005
 165.185 945
 165.676 867
 166.167 871
 166.658 856
 167.149 747
 167.640 802
 168.131 712
 168.622 684
 169.113 689
 169.605 637
 170.096 618
 170.587 616
 171.078 598
 171.570 538
 172.061 508
 172.553 501
 173.044 534
 173.535 488
 174.027 441
 174.519 442
 175.010 407
 175.502 398
 175.993 422
 176.485 420
 176.977 359
 177.468 360
 177.960 360
 178.452 347
 178.944 312
 179.436 332
 179.928 362
 180.420 322
 180.912 309
 181.404 319
 181.896 303
 182.388 327
 182.880 274
 183.372 270
 183.864 288
 184.356 280
 184.848 296
 185.341 292
 185.833 290
 186.325 304
 186.818 292
 187.310 285
 187.802 297
 188.295 270
 188.787 288
 189.280 288
 189.772 286
 190.265 257
 190.758 261
 191.250 290
 191.743 282
 192.236 245
 192.728 297
 193.221 264
 193.714 278
 194.207 309
 194.700 265
 195.193 273
 195.686 260
 196.178 276
 196.671 278
 197.165 277
 197.658 275
 198.151 272
 198.644 271
 199.137 293
 199.630 253
 200.123 283
 200.617 271
 201.110 211
 201.603 277
 202.097 251
 202.590 263
 203.083 250
 203.577 252
 204.070 265
 204.564 270
 205.057 255
 205.551 258
 206.045 230
 206.538 261
 207.032 241
 207.526 241
 208.019 241
 208.513 238
 209.007 215
 209.501 231
 209.995 231
 210.488 210
 210.982 226
 211.476 224
 211.970 241
 212.464 230
 212.958 242
 213.453 240
 213.947 236
 214.441 213
 214.935 228
 215.429 233
 215.923 227
 216.418 209
 216.912 222
 217.406 220
 217.901 226
 218.395 214
 218.890 233
 219.384 220
 219.879 232
 220.373 184
 220.868 216
 221.362 226
 221.857 207
 222.352 183
 222.846 193
 223.341 186
 223.836 215
 224.331 195
 224.825 232
 225.320 204
 225.815 188
 226.310 183
 226.805 210
 227.300 171
 227.795 199
 228.290 168
 228.785 166
 229.280 210
 229.776 199
 230.271 182
 230.766 207
 231.261 164
 231.756 185
 232.252 196
 232.747 170
 233.243 180
 233.738 204
 234.233 184
 234.729 174
 235.224 180
 235.720 163
 236.215 169
 236.711 185
 237.207 179
 237.702 183
 238.198 167
 238.694 169
 239.190 187
 239.685 194
 240.181 179
 240.677 158
 241.173 183
 241.669 153
 242.165 167
 242.661 170
 243.157 166
 243.653 179
 244.149 187
 244.645 169
 245.141 165
 245.637 184
 246.134 173
 246.630 165
 247.126 163
 247.623 195
 248.119 160
 248.615 172
 249.112 186
 249.608 166
 250.105 181
 250.601 163
 251.098 166
 251.594 176
 252.091 161
 252.587 172
 253.084 152
 253.581 153
 254.077 146
 254.574 160
 255.071 163
 255.568 171
 256.065 167
 256.562 172
 257.059 178
 257.556 183
 258.052 172
 258.550 152
 259.047 161
 259.544 146
 260.041 153
 260.538 163
 261.035 162
 261.532 156
 262.030 134
 262.527 167
 263.024 161
 263.521 146
 264.019 134
 264.516 142
 265.014 147
 265.511 161
 266.009 155
 266.506 158
 267.004 138
 267.501 143
 267.999 160
 268.497 164
 268.994 151
 269.492 164
 269.990 141
 270.488 138
 270.985 136
 271.483 141
 271.981 148
 272.479 137
 272.977 142
 273.475 125
 273.973 118
 274.471 154
 274.969 147
 275.467 158
 275.966 140
 276.464 147
 276.962 127
 277.460 125
 277.958 127
 278.457 144
 278.955 118
 279.453 152
 279.952 133
 280.450 124
 280.949 125
 281.447 129
 281.946 133
 282.444 126
 282.943 118
 283.442 127
 283.940 115
 284.439 112
 284.938 120
 285.436 89
 285.935 108
 286.434 108
 286.933 102
 287.432 109
 287.931 105
 288.430 126
 288.929 125
 289.428 114
 289.927 106
 290.426 119
 290.925 119
 291.424 95
 291.923 93
 292.422 110
 292.922 126
 293.421 127
 293.920 108
 294.420 124
 294.919 118
 295.418 119
 295.918 112
 296.417 112
 296.917 112
 297.416 90
 297.916 101
 298.415 94
 298.915 109
 299.415 92
 299.914 93
 300.414 97
 300.914 116
 301.414 94
 301.914 98
 302.413 86
 302.913 119
 303.413 105
 303.913 94
 304.413 97
 304.913 89
 305.413 106
 305.913 85
 306.413 102
 306.914 81
 307.414 100
 307.914 93
 308.414 96
 308.914 108
 309.415 98
 309.915 98
 310.415 108
 310.916 96
 311.416 110
 311.917 74
 312.417 87
 312.918 107
 313.418 98
 313.919 101
 314.420 100
 314.920 87
 315.421 96
 315.922 96
 316.422 101
 316.923 105
 317.424 73
 317.925 94
 318.426 85
 318.927 90
 319.428 88
 319.929 85
 320.430 101
 320.931 83
 321.432 96
 321.933 65
 322.434 95
 322.935 90
 323.436 102
 323.938 85
 324.439 70
 324.940 88
 325.441 102
 325.943 72
 326.444 75
 326.946 76
 327.447 68
 327.949 94
 328.450 80
 328.952 70
 329.453 84
 329.955 84
 330.457 91
 330.958 95
 331.460 96
 331.962 82
 332.463 80
 332.965 78
 333.467 82
 333.969 81
 334.471 69
 334.973 65
 335.475 89
 335.977 94
 336.479 75
 336.981 71
 337.483 69
 337.985 69
 338.487 81
 338.990 70
 339.492 83
 339.994 67
 340.496 83
 340.999 71
 341.501 58
 342.004 78
 342.506 56
 343.008 81
 343.511 68
 344.013 79
 344.516 68
 345.019 49
 345.521 75
 346.024 81
 346.527 72
 347.029 71
 347.532 79
 348.035 71
 348.538 71
 349.040 68
 349.543 71
 350.046 71
 350.549 66
 351.052 71
 351.555 66
 352.058 63
 352.561 76
 353.064 80
 353.568 56
 354.071 58
 354.574 72
 355.077 71
 355.580 61
 356.084 77
 356.587 53
 357.090 75
 357.594 79
 358.097 73
 358.601 65
 359.104 59
 359.608 65
 360.111 59
 360.615 71
 361.118 70
 361.622 56
 362.126 66
 362.630 64
 363.133 61
 363.637 67
 364.141 74
 364.645 69
 365.149 71
 365.652 61
 366.156 62
 366.660 64
 367.164 66
 367.668 65
 368.173 67
 368.677 59
 369.181 62
 369.685 47
 370.189 56
 370.693 56
 371.198 57
 371.702 53
 372.206 64
 372.711 59
 373.215 60
 373.719 68
 374.224 60
 374.728 69
 375.233 65
 375.737 70
 376.242 62
 376.747 73
 377.251 77
 377.756 55
 378.261 55
 378.765 56
 379.270 62
 379.775 71
 380.280 71
 380.785 52
 381.290 59
 381.795 50
 382.300 57
 382.805 64
 383.310 55
 383.815 58
 384.320 61
 384.825 57
 385.330 59
 385.835 65
 386.341 51
 386.846 75
 387.351 52
 387.856 63
 388.362 50
 388.867 59
 389.373 62
 389.878 59
 390.384 57
 390.889 61
 391.395 56
 391.900 50
 392.406 48
 392.911 66
 393.417 63
 393.923 55
 394.429 56
 394.934 65
 395.440 53
 395.946 64
 396.452 62
 396.958 48
 397.464 44
 397.970 53
 398.476 41
 398.982 40
 399.488 55
 399.994 58
 400.500 45
 401.006 50
 401.512 60
 402.019 54
 402.525 56
 403.031 55
 403.537 42
 404.044 47
 404.550 36
 405.057 52
 405.563 58
 406.070 60
 406.576 52
 407.083 53
 407.589 57
 408.096 45
 408.602 43
 409.109 54
 409.616 50
 410.123 44
 410.629 42
 411.136 45
 411.643 51
 412.150 59
 412.657 49
 413.164 50
 413.671 57
 414.178 48
 414.685 46
 415.192 43
 415.699 46
 416.206 33
 416.713 47
 417.220 57
 417.728 56
 418.235 44
 418.742 44
 419.250 47
 419.757 38
 420.264 51
 420.772 39
 421.279 45
 421.787 50
 422.294 43
 422.802 42
 423.309 45
 423.817 50
 424.324 40
 424.832 43
 425.340 42
 425.848 45
 426.355 51
 426.863 46
 427.371 46
 427.879 33
 428.387 48
 428.895 29
 429.403 49
 429.911 46
 430.419 44
 430.927 50
 431.435 54
 431.943 45
 432.451 48
 432.959 39
 433.468 46
 433.976 46
 434.484 29
 434.992 41
 435.501 47
 436.009 41
 436.518 42
 437.026 39
 437.535 28
 438.043 39
 438.552 43
 439.060 46
 439.569 39
 440.077 43
 440.586 46
 441.095 37
 441.604 37
 442.112 54
 442.621 45
 443.130 37
 443.639 43
 444.148 48
 444.657 44
 445.166 41
 445.675 46
 446.184 53
 446.693 33
 447.202 43
 447.711 37
 448.220 46
 448.729 40
 449.239 36
 449.748 51
 450.257 34
 450.766 38
 451.276 35
 451.785 43
 452.295 45
 452.804 44
 453.313 37
 453.823 45
 454.332 36
 454.842 44
 455.352 53
 455.861 41
 456.371 42
 456.881 31
 457.390 32
 457.900 48
 458.410 45
 458.920 32
 459.430 40
 459.940 47
 460.450 38
 460.959 40
 461.469 30
 461.980 39
 462.490 36
 463.000 42
 463.510 44
 464.020 39
 464.530 32
 465.040 41
 465.551 47
 466.061 38
 466.571 31
 467.082 43
 467.592 35
 468.102 27
 468.613 30
 469.123 31
 469.634 46
 470.144 29
 470.655 40
 471.166 35
 471.676 30
 472.187 47
 472.698 44
 473.208 36
 473.719 38
 474.230 37
 474.741 42
 475.252 41
 475.762 43
 476.273 38
 476.784 40
 477.295 44
 477.806 42
 478.317 48
 478.828 31
 479.340 27
 479.851 32
 480.362 40
 480.873 38
 481.384 21
 481.896 30
 482.407 28
 482.918 29
 483.430 34
 483.941 35
 484.453 36
 484.964 29
 485.476 41
 485.987 48
 486.499 37
 487.010 33
 487.522 36
 488.034 28
 488.545 29
 489.057 36
 489.569 34
 490.081 38
 490.592 38
 491.104 26
 491.616 48
 492.128 37
 492.640 24
 493.152 36
 493.664 31
 494.176 38
 494.688 41
 495.200 33
 495.712 25
 496.225 26
 496.737 32
 497.249 48
 497.761 37
 498.274 29
 498.786 45
 499.298 32
 499.811 32
 500.323 33
 500.836 39
 501.348 36
 501.861 34
 502.373 36
 502.886 35
 503.399 37
 503.911 38
 504.424 35
 504.937 38
 505.449 45
 505.962 40
 506.475 40
 506.988 32
 507.501 29
 508.014 39
 508.527 45
 509.040 35
 509.553 40
 510.066 37
 510.579 46
 511.092 45
 511.605 45
 512.118 39
 512.632 28
 513.145 46
 513.658 39
 514.171 44
 514.685 43
 515.198 40
 515.711 40
 516.225 52
 516.738 25
 517.252 44
 517.765 44
 518.279 45
 518.793 45
 519.306 54
 519.820 42
 520.334 44
 520.847 48
 521.361 47
 521.875 39
 522.389 45
 522.903 47
 523.416 48
 523.930 41
 524.444 51
 524.958 42
 525.472 54
 525.986 51
 526.500 51
 527.015 49
 527.529 59
 528.043 53
 528.557 50
 529.071 47
 529.586 46
 530.100 50
 530.614 53
 531.129 50
 531.643 53
 532.158 49
 532.672 50
 533.186 53
 533.701 43
 534.216 52
 534.730 49
 535.245 52
 535.759 57
 536.274 54
 536.789 53
 537.304 42
 537.818 55
 538.333 52
 538.848 47
 539.363 52
 539.878 54
 540.393 57
 540.908 59
 541.423 47
 541.938 46
 542.453 56
 542.968 51
 543.483 49
 543.998 37
 544.514 48
 545.029 37
 545.544 43
 546.059 45
 546.575 38
 547.090 38
 547.606 48
 548.121 40
 548.636 37
 549.152 49
 549.668 33
 550.183 35
 550.699 37
 551.214 29
 551.730 44
 552.246 42
 552.761 48
 553.277 31
 553.793 35
 554.309 49
 554.825 44
 555.341 38
 555.856 35
 556.372 30
 556.888 36
 557.404 38
 557.920 24
 558.436 39
 558.953 30
 559.469 33
 559.985 29
 560.501 41
 561.017 25
 561.534 29
 562.050 29
 562.566 28
 563.083 29
 563.599 20
 564.115 24
 564.632 17
 565.148 28
 565.665 19
 566.182 24
 566.698 25
 567.215 25
 567.731 31
 568.248 30
 568.765 28
 569.282 26
 569.798 27
 570.315 11
 570.832 21
 571.349 17
 571.866 27
 572.383 17
 572.900 24
 573.417 24
 573.934 27
 574.451 19
 574.968 10
 575.485 24
 576.002 17
 576.520 26
 577.037 16
 577.554 17
 578.071 23
 578.589 23
 579.106 26
 579.623 17
 580.141 26
 580.658 27
 581.176 25
 581.693 26
 582.211 23
 582.729 10
 583.246 16
 583.764 20
 584.281 11
 584.799 21
 585.317 21
 585.835 23
 586.353 18
 586.870 19
 587.388 15
 587.906 30
 588.424 19
 588.942 28
 589.460 16
 589.978 23
 590.496 19
 591.014 17
 591.533 21
 592.051 23
 592.569 24
 593.087 20
 593.605 18
 594.124 19
 594.642 23
 595.160 18
 595.679 12
 596.197 18
 596.716 24
 597.234 22
 597.753 23
 598.271 15
 598.790 14
 599.308 16
 599.827 22
 600.346 30
 600.865 23
 601.383 15
 601.902 12
 602.421 21
 602.940 18
 603.459 12
 603.978 12
 604.496 26
 605.015 28
 605.534 15
 606.054 22
 606.573 24
 607.092 15
 607.611 25
 608.130 13
 608.649 13
 609.168 30
 609.688 13
 610.207 13
 610.726 18
 611.246 19
 611.765 23
 612.285 14
 612.804 21
 613.323 24
 613.843 14
 614.363 16
 614.882 26
 615.402 27
 615.921 21
 616.441 15
 616.961 29
 617.481 25
 618.000 16
 618.520 11
 619.040 29
 619.560 17
 620.080 14
 620.600 11
 621.120 18
 621.640 11
 622.160 28
 622.680 27
 623.200 18
 623.720 34
 624.240 19
 624.760 26
 625.281 25
 625.801 14
 626.321 25
 626.842 24
 627.362 25
 627.882 30
 628.403 18
 628.923 20
 629.444 19
 629.964 17
 630.485 16
 631.005 21
 631.526 28
 632.047 15
 632.567 19
 633.088 19
 633.609 22
 634.130 18
 634.650 20
 635.171 17
 635.692 20
 636.213 16
 636.734 25
 637.255 19
 637.776 25
 638.297 20
 638.818 24
 639.339 26
 639.860 24
 640.381 15
 640.903 23
 641.424 26
 641.945 18
 642.466 24
 642.988 24
 643.509 23
 644.030 26
 644.552 26
 645.073 24
 645.595 22
 646.116 12
 646.638 22
 647.159 20
 647.681 22
 648.203 18
 648.724 30
 649.246 25
 649.768 26
 650.290 21
 650.811 19
 651.333 25
 651.855 19
 652.377 33
 652.899 27
 653.421 19
 653.943 26
 654.465 28
 654.987 27
 655.509 23
 656.031 32
 656.553 15
 657.076 13
 657.598 23
 658.120 26
 658.642 25
 659.165 24
 659.687 28
 660.210 25
 660.732 32
 661.254 27
 661.777 22
 662.299 30
 662.822 28
 663.345 25
 663.867 31
 664.390 20
 664.912 25
 665.435 34
 665.958 29
 666.481 30
 667.004 26
 667.526 25
 668.049 34
 668.572 32
 669.095 27
 669.618 43
 670.141 30
 670.664 34
 671.187 32
 671.710 24
 672.233 26
 672.757 34
 673.280 38
 673.803 36
 674.326 40
 674.850 31
 675.373 31
 675.896 32
 676.420 23
 676.943 33
 677.466 28
 677.990 39
 678.513 29
 679.037 38
 679.561 50
 680.084 38
 680.608 33
 681.132 43
 681.655 28
 682.179 44
 682.703 48
 683.227 36
 683.750 34
 684.274 36
 684.798 44
 685.322 37
 685.846 37
 686.370 44
 686.894 42
 687.418 37
 687.942 38
 688.466 39
 688.991 33
 689.515 20
 690.039 27
 690.563 45
 691.087 43
 691.612 28
 692.136 33
 692.661 33
 693.185 40
 693.709 37
 694.234 34
 694.758 42
 695.283 31
 695.808 37
 696.332 41
 696.857 42
 697.381 29
 697.906 28
 698.431 32
 698.956 35
 699.480 25
 700.005 38
 700.530 26
 701.055 35
 701.580 23
 702.105 33
 702.630 34
 703.155 29
 703.680 26
 704.205 26
 704.730 23
 705.255 21
 705.781 27
 706.306 26
 706.831 25
 707.356 26
 707.882 17
 708.407 28
 708.932 19
 709.458 18
 709.983 16
 710.509 19
 711.034 25
 711.560 26
 712.085 20
 712.611 18
 713.137 13
 713.662 26
 714.188 17
 714.714 16
 715.240 11
 715.765 18
 716.291 19
 716.817 22
 717.343 12
 717.869 22
 718.395 23
 718.921 19
 719.447 16
 719.973 15
 720.499 16
 721.025 15
 721.551 6
 722.078 19
 722.604 20
 723.130 15
 723.656 17
 724.183 6
 724.709 12
 725.235 12
 725.762 7
 726.288 13
 726.815 12
 727.341 15
 727.868 14
 728.394 13
 728.921 15
 729.448 8
 729.974 16
 730.501 10
 731.028 7
 731.554 9
 732.081 13
 732.608 10
 733.135 16
 733.662 17
 734.189 11
 734.716 12
 735.243 11
 735.770 17
 736.297 11
 736.824 12
 737.351 7
 737.878 12
 738.405 8
 738.933 5
 739.460 7
 739.987 8
 740.514 16
 741.042 6
 741.569 10
 742.097 13
 742.624 9
 743.151 14
 743.679 8
 744.206 12
 744.734 7
 745.262 6
 745.789 16
 746.317 10
 746.845 9
 747.372 14
 747.900 12
 748.428 10
 748.956 12
 749.484 7
 750.012 8
 750.539 8
 751.067 7
 751.595 9
 752.123 13
 752.651 7
 753.180 12
 753.708 8
 754.236 6
 754.764 10
 755.292 5
 755.821 7
 756.349 6
 756.877 9
 757.405 9
 757.934 7
 758.462 9
 758.991 7
 759.519 7
 760.048 11
 760.576 2
 761.105 8
 761.633 9
 762.162 12
 762.691 3
 763.219 8
 763.748 16
 764.277 6
 764.806 9
 765.334 8
 765.863 8
 766.392 5
 766.921 8
 767.450 5
 767.979 10
 768.508 5
 769.037 5
 769.566 10
 770.095 6
 770.625 8
 771.154 9
 771.683 9
 772.212 15
 772.741 6
 773.271 6
 773.800 11
 774.329 13
 774.859 10
 775.388 4
 775.918 7
 776.447 13
 776.977 10
 777.506 11
 778.036 4
 778.566 15
 779.095 6
 779.625 6
 780.155 7
 780.685 15
 781.214 6
 781.744 6
 782.274 10
 782.804 12
 783.334 17
 783.864 10
 784.394 8
 784.924 12
 785.454 12
 785.984 8
 786.514 6
 787.044 8
 787.574 7
 788.105 9
 788.635 7
 789.165 5
 789.695 9
 790.226 10
 790.756 4
 791.286 11
 791.817 11
 792.347 13
 792.878 15
 793.408 10
 793.939 7
 794.470 8
 795.000 5
 795.531 18
 796.062 6
 796.592 9
 797.123 10
 797.654 5
 798.185 6
 798.716 7
 799.246 3
 799.777 4
 800.308 20
 800.839 7
 801.370 4
 801.901 8
 802.432 10
 802.964 8
 803.495 7
 804.026 8
 804.557 11
 805.088 10
 805.620 5
 806.151 3
 806.682 7
 807.214 12
 807.745 8
 808.276 10
 808.808 7
 809.339 8
 809.871 5
 810.403 8
 810.934 10
 811.466 7
 811.997 10
 812.529 8
 813.061 14
 813.593 9
 814.124 10
 814.656 7
 815.188 7
 815.720 10
 816.252 17
 816.784 7
 817.316 5
 817.848 10
 818.380 9
 818.912 7
 819.444 8
 819.976 14
 820.508 8
 821.041 4
 821.573 6
 822.105 5
 822.637 9
 823.170 10
 823.702 5
 824.235 7
 824.767 9
 825.299 7
 825.832 11
 826.364 6
 826.897 8
 827.430 7
 827.962 12
 828.495 8
 829.028 7
 829.560 5
 830.093 5
 830.626 4
 831.159 11
 831.692 9
 832.224 9
 832.757 10
 833.290 2
 833.823 7
 834.356 5
 834.889 7
 835.422 12
 835.955 9
 836.489 6
 837.022 9
 837.555 8
 838.088 7
 838.622 9
 839.155 5
 839.688 8
 840.222 5
 840.755 6
 841.288 10
 841.822 10
 842.355 7
 842.889 8
 843.422 4
 843.956 7
 844.490 4
 845.023 5
 845.557 10
 846.091 9
 846.624 10
 847.158 8
 847.692 12
 848.226 9
 848.760 8
 849.294 8
 849.828 7
 850.362 13
 850.896 10
 851.430 4
 851.964 6
 852.498 10
 853.032 8
 853.566 9
 854.100 6
 854.635 6
 855.169 11
 855.703 4
 856.238 13
 856.772 4
 857.306 6
 857.841 5
 858.375 8
 858.910 6
 859.444 8
 859.979 12
 860.513 10
 861.048 8
 861.583 5
 862.117 4
 862.652 7
 863.187 9
 863.722 10
 864.256 7
 864.791 6
 865.326 9
 865.861 3
 866.396 6
 866.931 9
 867.466 7
 868.001 5
 868.536 8
 869.071 11
 869.606 8
 870.141 8
 870.677 8
 871.212 5
 871.747 4
 872.282 9
 872.818 5
 873.353 2
 873.889 6
 874.424 4
 874.959 6
 875.495 5
 876.030 15
 876.566 10
 877.102 6
 877.637 7
 878.173 8
 878.709 7
 879.244 3
 879.780 5
 880.316 6
 880.852 8
 881.387 13
 881.923 4
 882.459 8
 882.995 9
 883.531 9
 884.067 7
 884.603 4
 885.139 10
 885.675 6
 886.212 9
 886.748 3
 887.284 10
 887.820 6
 888.356 8
 888.893 4
 889.429 8
 889.965 9
 890.502 7
 891.038 3
 891.575 9
 892.111 12
 892.648 6
 893.184 8
 893.721 6
 894.257 7
 894.794 10
 895.331 6
 895.868 9
 896.404 8
 896.941 8
 897.478 4
 898.015 7
 898.552 4
 899.088 7
 899.625 6
 900.162 9
 900.699 11
 901.236 13
 901.774 5
 902.311 6
 902.848 6
 903.385 4
 903.922 5
 904.459 5
 904.997 7
 905.534 7
 906.071 8
 906.609 9
 907.146 11
 907.683 3
 908.221 9
 908.758 13
 909.296 9
 909.833 8
 910.371 8
 910.909 8
 911.446 4
 911.984 7
 912.522 8
 913.059 4
 913.597 7
 914.135 4
 914.673 5
 915.211 9
 915.749 9
 916.287 3
 916.825 9
 917.363 6
 917.901 11
 918.439 7
 918.977 4
 919.515 8
 920.053 8
 920.591 11
 921.129 9
 921.668 15
 922.206 15
 922.744 7
 923.283 7
 923.821 5
 924.360 6
 924.898 10
 925.436 4
 925.975 11
 926.514 6
 927.052 4
 927.591 9
 928.129 3
 928.668 7
 929.207 4
 929.745 7
 930.284 6
 930.823 6
 931.362 5
 931.901 4
 932.440 5
 932.979 5
 933.518 6
 934.057 7
 934.596 9
 935.135 6
 935.674 7
 936.213 3
 936.752 11
 937.291 9
 937.831 5
 938.370 11
 938.909 8
 939.448 11
 939.988 4
 940.527 8
 941.067 8
 941.606 6
 942.145 11
 942.685 9
 943.225 8
 943.764 3
 944.304 13
 944.843 6
 945.383 4
 945.923 5
 946.463 3
 947.002 11
 947.542 2
 948.082 6
 948.622 8
 949.162 11
 949.702 8
 950.242 7
 950.782 11
 951.322 8
 951.862 8
 952.402 9
 952.942 7
 953.482 5
 954.022 10
 954.563 12
 955.103 10
 955.643 5
 956.183 7
 956.724 10
 957.264 6
 957.805 8
 958.345 5
 958.885 6
 959.426 3
 959.967 8
 960.507 8
 961.048 10
 961.588 7
 962.129 7
 962.670 8
 963.210 9
 963.751 5
 964.292 5
 964.833 14
 965.374 5
 965.915 3
 966.456 4
 966.997 10
 967.538 3
 968.079 7
 968.620 7
 969.161 7
 969.702 8
 970.243 8
 970.784 10
 971.325 5
 971.867 7
 972.408 7
 972.949 3
 973.491 3
 974.032 3
 974.573 3
 975.115 2
 975.656 8
 976.198 7
 976.739 4
 977.281 7
 977.823 7
 978.364 1
 978.906 5
 979.448 8
 979.989 5
 980.531 8
 981.073 8
 981.615 6
 982.157 7
 982.699 10
 983.240 5
 983.782 7
 984.324 6
 984.866 5
 985.409 11
 985.951 9
 986.493 4
 987.035 11
 987.577 4
 988.119 7
 988.662 5
 989.204 7
 989.746 3
 990.289 9
 990.831 9
 991.373 7
 991.916 4
 992.458 6
 993.001 12
 993.543 8
 994.086 10
 994.628 9
 995.171 4
 995.714 6
 996.256 8
 996.799 5
 997.342 6
 997.885 10
 998.428 5
 998.970 6
 999.513 11
1000.056 9
1000.599 4
1001.142 6
1001.685 9
1002.228 7
1002.771 6
1003.315 4
1003.858 8
1004.401 6
1004.944 5
1005.487 8
1006.031 2
1006.574 3
1007.117 12
1007.661 8
1008.204 5
1008.748 9
1009.291 3
1009.835 10
1010.378 3
1010.922 5
1011.465 2
1012.009 4
1012.553 8
1013.096 3
1013.640 6
1014.184 4
1014.728 5
1015.271 3
1015.815 6
1016.359 6
1016.903 6
1017.447 6
1017.991 4
1018.535 4
1019.079 10
1019.623 10
1020.167 11
1020.711 4
1021.256 4
1021.800 9
1022.344 7
1022.888 4
1023.433 6
1023.977 4
1024.521 6
1025.066 2
1025.610 3
1026.155 3
1026.699 9
1027.244 4
1027.788 5
1028.333 6
1028.878 4
1029.422 5
1029.967 7
1030.512 7
1031.056 8
1031.601 4
1032.146 2
1032.691 3
1033.236 9
1033.781 5
1034.326 3
1034.871 7
1035.416 7
1035.961 2
1036.506 7
1037.051 4
1037.596 6
1038.141 7
1038.687 5
1039.232 1
1039.777 4
1040.322 4
1040.868 8
1041.413 8
1041.959 11
1042.504 8
1043.049 4
1043.595 9
1044.140 10
1044.686 4
1045.232 10
1045.777 9
1046.323 6
1046.869 4
1047.414 7
1047.960 6
1048.506 6
1049.052 7
1049.598 8
1050.144 9
1050.689 4
1051.235 7
1051.781 6
1052.327 7
1052.873 9
1053.420 6
1053.966 9
1054.512 1
1055.058 5
1055.604 0
1056.150 8
1056.697 7
1057.243 4
1057.789 6
1058.336 1
1058.882 8
1059.429 2
1059.975 4
1060.522 3
1061.068 6
1061.615 3
1062.161 9
1062.708 8
1063.255 9
1063.801 2
1064.348 8
1064.895 2
1065.442 4
1065.988 2
1066.535 4
1067.082 5
1067.629 8
1068.176 10
1068.723 4
1069.270 9
1069.817 7
1070.364 2
1070.911 5
1071.458 6
1072.006 4
1072.553 4
1073.100 1
1073.647 8
1074.195 7
1074.742 2
1075.289 3
1075.837 1
1076.384 5
1076.932 6
1077.479 6
1078.027 4
1078.574 1
1079.122 4
1079.669 4
1080.217 4
1080.765 3
1081.312 1
1081.860 6
1082.408 9
1082.956 3
1083.504 7
1084.052 5
1084.600 6
1085.147 5
1085.695 8
1086.243 7
1086.792 8
1087.340 6
1087.888 4
1088.436 2
1088.984 2
1089.532 3
1090.080 7
1090.629 5
1091.177 7
1091.725 3
1092.274 3
1092.822 3
1093.371 8
1093.919 3
1094.468 6
1095.016 4
1095.565 6
1096.113 4
1096.662 7
1097.211 5
1097.759 6
1098.308 5
1098.857 6
1099.406 5
1099.954 6
1100.503 6
1101.052 4
1101.601 3
1102.150 1
1102.699 4
1103.248 5
1103.797 2
1104.346 5
1104.895 4
1105.444 4
1105.993 5
1106.543 6
1107.092 3
1107.641 5
1108.190 2
1108.740 7
1109.289 3
1109.839 4
1110.388 1
1110.937 3
1111.487 7
1112.037 5
1112.586 8
1113.136 2
1113.685 4
1114.235 6
1114.785 5
1115.334 3
1115.884 3
1116.434 4
1116.984 5
1117.534 3
1118.083 5
1118.633 2
1119.183 2
1119.733 6
1120.283 7
1120.833 6
1121.383 2
1121.934 8
1122.484 2
1123.034 5
1123.584 7
1124.134 4
1124.685 5
1125.235 3
1125.785 5
1126.336 5
1126.886 8
1127.436 3
1127.987 7
1128.537 4
1129.088 4
1129.638 2
1130.189 2
1130.740 2
1131.290 8
1131.841 4
1132.392 7
1132.942 5
1133.493 4
1134.044 4
1134.595 6
1135.146 5
1135.697 4
1136.248 1
1136.799 3
1137.350 2
1137.901 1
1138.452 1
1139.003 2
1139.554 4
1140.105 3
1140.656 1
1141.208 1
1141.759 7
1142.310 2
1142.862 5
1143.413 5
1143.964 9
1144.516 8
1145.067 9
1145.619 7
1146.170 4
1146.722 6
1147.273 1
1147.825 2
1148.377 4
1148.928 0
1149.480 7
1150.032 7
1150.584 6
1151.135 5
1151.687 7
1152.239 7
1152.791 2
1153.343 1
1153.895 9
1154.447 3
1154.999 0
1155.551 2
1156.103 6
1156.655 2
1157.207 3
1157.760 7
1158.312 4
1158.864 1
1159.416 7
1159.969 5
1160.521 4
1161.074 8
1161.626 5
1162.178 7
1162.731 5
1163.283 6
1163.836 3
1164.389 7
1164.941 4
1165.494 1
1166.047 5
1166.599 3
1167.152 7
1167.705 4
1168.258 5
1168.810 3
1169.363 5
1169.916 3
1170.469 2
1171.022 3
1171.575 5
1172.128 3
1172.681 2
1173.234 3
1173.787 4
1174.341 6
1174.894 2
1175.447 7
1176.000 6
1176.554 5
1177.107 6
1177.660 3
1178.214 1
1178.767 3
1179.321 7
1179.874 4
1180.428 7
1180.981 5
1181.535 2
1182.088 4
1182.642 7
1183.196 0
1183.749 2
1184.303 6
1184.857 4
1185.411 1
1185.965 3
1186.518 7
1187.072 6
1187.626 3
1188.180 2
1188.734 6
1189.288 3
1189.842 1
1190.396 4
1190.951 5
1191.505 4
1192.059 4
1192.613 5
1193.167 4
1193.722 3
1194.276 6
1194.830 3
1195.385 5
1195.939 2
1196.494 4
1197.048 5
1197.603 0
1198.157 2
1198.712 5
1199.266 7
1199.821 4
1200.376 6
1200.930 4
1201.485 5
1202.040 5
1202.595 5
1203.150 1
1203.705 4
1204.259 3
1204.814 7
1205.369 2
1205.924 5
1206.479 3
1207.034 2
1207.590 5
1208.145 3
1208.700 2
1209.255 3
1209.810 6
1210.366 4
1210.921 5
1211.476 1
1212.031 2
1212.587 2
1213.142 3
1213.698 2
1214.253 2
1214.809 1
1215.364 3
1215.920 4
1216.475 4
1217.031 5
1217.587 5
1218.143 2
1218.698 3
1219.254 2
1219.810 5
1220.366 6
1220.922 4
1221.477 4
1222.033 4
1222.589 1
1223.145 5
1223.701 4
1224.257 3
1224.814 4
1225.370 1
1225.926 7
1226.482 5
1227.038 3
1227.595 3
1228.151 2
1228.707 7
1229.263 1
1229.820 1
1230.376 4
1230.933 1
1231.489 5
1232.046 4
1232.602 3
1233.159 3
1233.715 2
1234.272 5
1234.829 3
1235.386 5
1235.942 5
1236.499 4
1237.056 4
1237.613 6
1238.170 2
1238.726 2
1239.283 3
1239.840 6
1240.397 3
1240.954 5
1241.511 2
1242.069 4
1242.626 5
1243.183 3
1243.740 3
1244.297 5
1244.854 3
1245.412 3
1245.969 3
1246.526 11
1247.084 4
1247.641 3
1248.199 4
1248.756 5
1249.314 6
1249.871 1
1250.429 7
1250.986 5
1251.544 4
1252.102 8
1252.659 9
1253.217 7
1253.775 2
1254.333 5
1254.891 4
1255.448 3
1256.006 0
1256.564 4
1257.122 5
1257.680 3
1258.238 4
1258.796 1
1259.354 3
1259.913 6
1260.471 4
1261.029 5
1261.587 6
1262.145 8
1262.704 9
1263.262 3
1263.820 5
1264.379 5
1264.937 3
1265.496 7
1266.054 5
1266.613 4
1267.171 4
1267.730 9
1268.288 7
1268.847 5
1269.406 5
1269.964 3
1270.523 5
1271.082 4
1271.641 3
1272.199 4
1272.758 7
1273.317 7
1273.876 6
1274.435 6
1274.994 4
1275.553 8
1276.112 7
1276.671 10
1277.230 9
1277.790 12
1278.349 4
1278.908 7
1279.467 9
1280.026 8
1280.586 5
1281.145 7
1281.705 10
1282.264 6
1282.823 6
1283.383 9
1283.942 4
1284.502 5
1285.061 7
1285.621 5
1286.181 10
1286.740 9
1287.300 9
1287.860 5
1288.420 3
1288.979 9
1289.539 7
1290.099 11
1290.659 9
1291.219 10
1291.779 10
1292.339 10
1292.899 9
1293.459 11
1294.019 9
1294.579 7
1295.139 7
1295.699 12
1296.260 8
1296.820 9
1297.380 8
1297.941 9
1298.501 9
1299.061 9
1299.622 4
1300.182 7
1300.743 13
1301.303 9
1301.864 12
1302.424 5
1302.985 8
1303.545 9
1304.106 14
1304.667 6
1305.228 7
1305.788 9
1306.349 7
1306.910 10
1307.471 14
1308.032 6
1308.593 8
1309.154 9
1309.715 4
1310.276 7
1310.837 9
1311.398 7
1311.959 11
1312.520 5
1313.081 11
1313.642 8
1314.204 5
1314.765 8
1315.326 8
1315.888 5
1316.449 11
1317.010 22
1317.572 6
1318.133 8
1318.695 7
1319.256 9
1319.818 10
1320.379 11
1320.941 9
1321.503 7
1322.064 12
1322.626 9
1323.188 8
1323.750 6
1324.312 9
1324.873 9
1325.435 3
1325.997 8
1326.559 3
1327.121 6
1327.683 5
1328.245 4
1328.807 7
1329.369 5
1329.932 9
1330.494 2
1331.056 8
1331.618 5
1332.181 6
1332.743 6
1333.305 5
1333.868 6
1334.430 5
1334.992 5
1335.555 4
1336.117 5
1336.680 2
1337.242 2
1337.805 5
1338.368 6
1338.930 9
1339.493 4
1340.056 1
1340.619 3
1341.181 2
1341.744 5
1342.307 3
1342.870 5
1343.433 6
1343.996 2
1344.559 4
1345.122 3
1345.685 8
1346.248 5
1346.811 4
1347.374 4
1347.937 3
1348.501 5
1349.064 2
1349.627 2
1350.190 1
1350.754 5
1351.317 2
1351.881 4
1352.444 2
1353.007 3
1353.571 0
1354.134 1
1354.698 4
1355.262 4
1355.825 1
1356.389 2
1356.953 2
1357.516 2
1358.080 1
1358.644 3
1359.208 2
1359.772 1
1360.335 4
1360.899 2
1361.463 3
1362.027 1
1362.591 3
1363.155 1
1363.719 1
1364.284 1
1364.848 0
1365.412 3
1365.976 2
1366.540 1
1367.105 1
1367.669 2
1368.233 4
1368.798 3
1369.362 1
1369.926 3
1370.491 3
1371.055 0
1371.620 4
1372.185 3
1372.749 2
1373.314 2
1373.878 1
1374.443 3
1375.008 2
1375.573 4
1376.137 1
1376.702 2
1377.267 1
1377.832 2
1378.397 2
1378.962 1
1379.527 2
1380.092 1
1380.657 0
1381.222 7
1381.787 4
1382.352 0
1382.917 3
1383.483 3
1384.048 3
1384.613 4
1385.178 1
1385.744 0
1386.309 1
1386.874 3
1387.440 3
1388.005 0
1388.571 4
1389.136 2
1389.702 1
1390.268 2
1390.833 2
1391.399 1
1391.965 2
1392.530 2
1393.096 0
1393.662 1
1394.228 1
1394.793 1
1395.359 2
1395.925 3
1396.491 1
1397.057 0
1397.623 3
1398.189 2
1398.755 1
1399.321 0
1399.888 3
1400.454 0
1401.020 3
1401.586 2
1402.152 0
1402.719 3
1403.285 1
1403.851 1
1404.418 4
1404.984 5
1405.551 2
1406.117 2
1406.684 2
1407.250 2
1407.817 1
1408.384 3
1408.950 2
1409.517 1
1410.084 1
1410.650 0
1411.217 1
1411.784 1
1412.351 3
1412.918 2
1413.485 0
1414.052 0
1414.619 0
1415.186 1
1415.753 2
1416.320 4
1416.887 2
1417.454 5
1418.021 0
1418.588 3
1419.156 2
1419.723 4
1420.290 3
1420.857 2
1421.425 2
1421.992 2
1422.560 1
1423.127 2
1423.695 3
1424.262 0
1424.830 4
1425.397 1
1425.965 5
1426.533 3
1427.100 0
1427.668 1
1428.236 0
1428.803 3
1429.371 0
1429.939 1
1430.507 2
1431.075 6
1431.643 3
1432.211 4
1432.779 4
1433.347 2
1433.915 3
1434.483 2
1435.051 0
1435.619 1
1436.188 4
1436.756 2
1437.324 2
1437.892 0
1438.461 1
1439.029 2
1439.597 2
1440.166 2
1440.734 4
1441.303 2
1441.871 7
1442.440 4
1443.008 4
1443.577 3
1444.146 5
1444.714 5
1445.283 3
1445.852 2
1446.421 2
1446.989 4
1447.558 2
1448.127 5
1448.696 6
1449.265 4
1449.834 5
1450.403 1
1450.972 2
1451.541 1
1452.110 3
1452.679 4
1453.249 3
1453.818 3
1454.387 5
1454.956 4
1455.526 3
1456.095 4
1456.664 1
1457.234 2
1457.803 3
1458.373 2
1458.942 1
1459.512 5
1460.081 3
1460.651 6
1461.220 1
1461.790 6
1462.360 2
1462.929 2
1463.499 7
1464.069 6
1464.639 4
1465.209 6
1465.778 1
1466.348 2
1466.918 6
1467.488 1
1468.058 4
1468.628 6
1469.198 6
1469.768 7
1470.339 5
1470.909 2
1471.479 9
1472.049 3
1472.619 6
1473.190 6
1473.760 3
1474.330 4
1474.901 4
1475.471 2
1476.042 5
1476.612 9
1477.183 6
1477.753 3
1478.324 6
1478.894 6
1479.465 9
1480.036 5
1480.606 5
1481.177 3
1481.748 8
1482.319 9
1482.890 4
1483.460 7
1484.031 3
1484.602 7
1485.173 5
1485.744 6
1486.315 8
1486.886 5
1487.458 3
1488.029 8
1488.600 7
1489.171 1
1489.742 6
1490.313 9
1490.885 11
1491.456 2
1492.027 1
1492.599 4
1493.170 2
1493.742 7
1494.313 6
1494.885 8
1495.456 6
1496.028 6
1496.599 4
1497.171 2
1497.743 9
1498.314 6
1498.886 4
1499.458 3
1500.030 6
1500.602 7
1501.174 4
1501.745 4
1502.317 3
1502.889 5
1503.461 2
1504.033 7
1504.605 4
1505.178 8
1505.750 8
1506.322 4
1506.894 5
1507.466 6
1508.038 2
1508.611 5
1509.183 4
1509.755 3
1510.328 7
1510.900 2
1511.473 6
1512.045 6
1512.618 8
1513.190 6
1513.763 5
1514.335 3
1514.908 4
1515.481 3
1516.053 3
1516.626 5
1517.199 6
1517.772 5
1518.345 1
1518.918 8
1519.490 5
1520.063 5
1520.636 1
1521.209 3
1521.782 4
1522.355 3
1522.929 3
1523.502 3
1524.075 4
1524.648 5
1525.221 3
1525.794 4
1526.368 3
1526.941 5
1527.514 2
1528.088 1
1528.661 2
1529.235 7
1529.808 2
1530.382 4
1530.955 5
1531.529 4
1532.102 4
1532.676 4
1533.250 2
1533.823 4
1534.397 5
1534.971 6
1535.545 1
1536.119 0
1536.692 3
1537.266 2
1537.840 2
1538.414 2
1538.988 3
1539.562 5
1540.136 2
1540.710 1
1541.285 3
1541.859 4
1542.433 5
1543.007 1
1543.581 0
1544.156 1
1544.730 2
1545.304 3
1545.879 2
1546.453 2
1547.028 6
1547.602 1
1548.177 2
1548.751 3
1549.326 2
1549.900 2
1550.475 0
1551.050 0
1551.624 0
1552.199 1
1552.774 4
1553.349 1
1553.923 1
1554.498 0
1555.073 0
1555.648 1
1556.223 3
1556.798 1
1557.373 0
1557.948 2
1558.523 0
1559.098 0
1559.674 2
1560.249 1
1560.824 0
1561.399 0
1561.974 1
1562.550 1
1563.125 1
1563.701 2
1564.276 2
1564.851 1
1565.427 0
1566.002 0
1566.578 1
1567.153 0
1567.729 0
1568.305 3
1568.880 3
1569.456 1
1570.032 1
1570.608 2
1571.183 1
1571.759 1
1572.335 1
1572.911 0
1573.487 3
1574.063 0
1574.639 1
1575.215 0
1575.791 0
1576.367 1
1576.943 1
1577.519 0
1578.095 1
1578.672 2
1579.248 1
1579.824 2
1580.401 2
1580.977 0
1581.553 1
1582.130 1
1582.706 1
1583.283 0
1583.859 0
1584.436 2
1585.012 1
1585.589 0
1586.165 1
1586.742 0
1587.319 0
1587.896 1
1588.472 0
1589.049 2
1589.626 0
1590.203 1
1590.780 1
1591.357 1
1591.934 1
1592.511 0
1593.088 0
1593.665 1
1594.242 1
1594.819 3
1595.396 1
1595.973 1
1596.550 1
1597.128 1
1597.705 4
1598.282 0
1598.860 0
1599.437 0
1600.014 0
1600.592 1
1601.169 2
1601.747 3
1602.324 0
1602.902 0
1603.480 1
1604.057 3
1604.635 0
1605.213 0
1605.790 0
1606.368 1
1606.946 1
1607.524 1
1608.101 2
1608.679 0
1609.257 2
1609.835 3
1610.413 0
1610.991 0
1611.569 1
1612.147 0
1612.726 2
1613.304 0
1613.882 0
1614.460 0
1615.038 2
1615.617 1
1616.195 0
1616.773 1
1617.352 2
1617.930 0
1618.508 0
1619.087 1
1619.665 1
1620.244 1
1620.823 2
1621.401 1
1621.980 1
1622.558 1
1623.137 1
1623.716 2
1624.295 2
1624.873 0
1625.452 1
1626.031 2
1626.610 0
1627.189 0
1627.768 0
1628.347 2
1628.926 0
1629.505 3
1630.084 1
1630.663 1
1631.242 1
1631.821 0
1632.401 2
1632.980 0
1633.559 1
1634.138 0
1634.718 0
1635.297 0
1635.877 0
1636.456 2
1637.036 2
1637.615 0
1638.195 0
1638.774 0
1639.354 2
1639.933 0
1640.513 0
1641.093 1
1641.672 0
1642.252 1
1642.832 0
1643.412 0
1643.992 0
1644.572 1
1645.151 1
1645.731 0
1646.311 1
1646.891 1
1647.471 2
1648.052 1
1648.632 1
1649.212 0
1649.792 1
1650.372 0
1650.952 1
1651.533 1
1652.113 0
1652.693 2
1653.274 1
1653.854 1
1654.435 1
1655.015 0
1655.596 1
1656.176 2
1656.757 1
1657.337 3
1657.918 1
1658.499 1
1659.079 1
1659.660 3
1660.241 1
1660.821 0
1661.402 0
1661.983 0
1662.564 2
1663.145 0
1663.726 1
1664.307 0
1664.888 1
1665.469 0
1666.050 2
1666.631 1
1667.212 0
1667.793 0
1668.375 0
1668.956 0
1669.537 1
1670.118 1
1670.700 2
1671.281 0
1671.863 2
1672.444 1
1673.025 1
1673.607 0
1674.189 0
1674.770 0
1675.352 1
1675.933 0
1676.515 0
1677.097 1
1677.678 1
1678.260 0
1678.842 0
1679.424 0
1680.006 0
1680.587 1
1681.169 1
1681.751 0
1682.333 2
1682.915 0
1683.497 1
1684.079 0
1684.662 1
1685.244 1
1685.826 0
1686.408 1
1686.990 0
1687.573 1
1688.155 0
1688.737 1
1689.320 0
1689.902 1
1690.484 1
1691.067 0
1691.649 0
1692.232 0
1692.814 1
1693.397 0
1693.980 1
1694.562 1
1695.145 0
1695.728 2
1696.310 1
1696.893 0
1697.476 1
1698.059 2
1698.642 1
1699.225 1
1699.808 0
1700.391 1
1700.974 1
1701.557 0
1702.140 1
1702.723 2
1703.306 0
1703.889 1
1704.472 1
1705.056 1
1705.639 1
1706.222 0
1706.806 0
1707.389 0
1707.972 3
1708.556 0
1709.139 0
1709.723 1
1710.306 1
1710.890 1
1711.473 2
1712.057 0
1712.641 0
1713.224 1
1713.808 0
1714.392 0
1714.976 0
1715.559 0
1716.143 1
1716.727 2
1717.311 0
1717.895 0
1718.479 0
1719.063 0
1719.647 0
1720.231 2
1720.815 0
1721.399 4
1721.983 0
1722.568 0
1723.152 1
1723.736 1
1724.320 0
1724.905 4
1725.489 1
1726.074 1
1726.658 1
1727.242 1
1727.827 1
1728.411 0
1728.996 0
1729.581 0
1730.165 0
1730.750 1
1731.335 0
1731.919 0
1732.504 0
1733.089 1
1733.674 0
1734.258 0
1734.843 0
1735.428 2
1736.013 0
1736.598 1
1737.183 0
1737.768 1
1738.353 1
1738.938 0
1739.524 1
1740.109 0
1740.694 0
1741.279 0
1741.864 2
1742.450 1
1743.035 0
1743.620 3
1744.206 0
1744.791 2
1745.377 1
1745.962 2
1746.548 1
1747.133 0
1747.719 0
1748.304 1
1748.890 1
1749.476 1
1750.061 0
1750.647 1
1751.233 1
1751.819 0
1752.405 1
1752.991 0
1753.576 0
1754.162 0
1754.748 0
1755.334 0
1755.920 1
1756.506 2
1757.093 1
1757.679 0
1758.265 1
1758.851 0
1759.437 1
1760.024 0
1760.610 0
1761.196 0
1761.783 1
1762.369 1
1762.955 1
1763.542 1
1764.128 1
1764.715 0
1765.301 0
1765.888 0
1766.475 2
1767.061 0
1767.648 1
1768.235 1
1768.821 0
1769.408 1
1769.995 3
1770.582 1
1771.169 1
1771.756 1
1772.342 0
1772.929 1
1773.516 1
1774.104 0
1774.691 1
1775.278 0
1775.865 0
1776.452 0
1777.039 0
1777.626 3
1778.214 5
1778.801 0
1779.388 3
1779.976 0
1780.563 0
1781.150 1
1781.738 0
1782.325 3
1782.913 2
1783.500 3
1784.088 0
1784.676 2
1785.263 1
1785.851 1
1786.439 2
1787.026 0
1787.614 0
1788.202 0
1788.790 0
1789.378 0
1789.966 0
1790.554 1
1791.142 2
1791.730 0
1792.318 0
1792.906 1
1793.494 1
1794.082 0
1794.670 1
1795.258 1
1795.846 1
1796.435 0
1797.023 1
1797.611 1
1798.200 1
1798.788 1
1799.376 0
1799.965 2
1800.553 2
1801.142 0
1801.730 0
1802.319 3
1802.908 0
1803.496 1
1804.085 0
1804.674 0
1805.262 0
1805.851 0
1806.440 1
1807.029 1
1807.618 2
1808.207 0
1808.796 1
1809.385 0
1809.974 0
1810.563 0
1811.152 0
1811.741 3
1812.330 1
1812.919 2
1813.508 1
1814.097 0
1814.687 0
1815.276 0
1815.865 1
1816.455 1
1817.044 1
1817.633 0
1818.223 0
1818.812 1
1819.402 2
1819.991 2
1820.581 0
1821.171 0
1821.760 0
1822.350 1
1822.940 1
1823.529 1
1824.119 1
1824.709 0
1825.299 1
1825.889 0
1826.479 2
1827.068 0
1827.658 3
1828.248 0
1828.838 1
1829.429 2
1830.019 0
1830.609 0
1831.199 1
1831.789 2
1832.379 0
1832.970 0
1833.560 1
1834.150 1
1834.741 0
1835.331 2
1835.921 0
1836.512 0
1837.102 1
1837.693 2
1838.283 0
1838.874 1
1839.464 2
1840.055 1
1840.646 0
1841.236 0
1841.827 1
1842.418 2
1843.009 0
1843.600 0
1844.191 1
1844.781 0
1845.372 0
1845.963 3
1846.554 0
1847.145 1
1847.736 1
1848.327 1
1848.919 0
1849.510 0
1850.101 0
1850.692 0
1851.283 0
1851.875 0
1852.466 0
1853.057 2
1853.649 0
1854.240 2
1854.832 0
1855.423 1
1856.015 0
1856.606 1
1857.198 1
1857.789 1
1858.381 0
1858.973 0
1859.564 2
1860.156 0
1860.748 0
1861.340 2
1861.931 0
1862.523 1
1863.115 1
1863.707 1
1864.299 0
1864.891 3
1865.483 0
1866.075 0
1866.667 1
1867.259 0
1867.852 0
1868.444 1
1869.036 1
1869.628 0
1870.220 0
1870.813 0
1871.405 1
1871.998 2
1872.590 0
1873.182 2
1873.775 1
1874.367 0
1874.960 0
1875.552 0
1876.145 1
1876.738 0
1877.330 0
1877.923 1
1878.516 0
1879.109 0
1879.701 0
1880.294 3
1880.887 0
1881.480 0
1882.073 2
1882.666 1
1883.259 0
1883.852 1
1884.445 0
1885.038 1
1885.631 0
1886.224 0
1886.817 1
1887.411 0
1888.004 3
1888.597 2
1889.191 1
1889.784 0
1890.377 0
1890.971 1
1891.564 0
1892.158 1
1892.751 0
1893.345 2
1893.938 1
1894.532 0
1895.125 0
1895.719 1
1896.313 0
1896.907 0
1897.500 1
1898.094 0
1898.688 0
1899.282 1
1899.876 0
1900.470 0
1901.064 0
1901.658 0
1902.252 1
1902.846 0
1903.440 1
1904.034 0
1904.628 0
1905.222 0
1905.816 0
1906.411 0
1907.005 0
1907.599 0
1908.194 0
1908.788 0
1909.382 2
1909.977 0
1910.571 1
1911.166 1
1911.760 1
1912.355 0
1912.949 0
1913.544 0
1914.139 1
1914.733 0
1915.328 0
1915.923 0
1916.518 0
1917.113 1
1917.707 1
1918.302 0
1918.897 1
1919.492 2
1920.087 0
1920.682 1
1921.277 1
1921.872 1
1922.467 0
1923.063 1
1923.658 3
1924.253 0
1924.848 1
1925.443 0
1926.039 1
1926.634 0
1927.229 1
1927.825 0
1928.420 1
1929.016 0
1929.611 0
1930.207 0
1930.802 0
1931.398 0
1931.994 0
1932.589 0
1933.185 0
1933.781 0
1934.376 1
1934.972 0
1935.568 0
1936.164 0
1936.760 1
1937.356 0
1937.952 1
1938.548 0
1939.144 1
1939.740 0
1940.336 0
1940.932 0
1941.528 0
1942.124 0
1942.720 2
1943.317 0
1943.913 0
1944.509 0
1945.106 0
1945.702 0
1946.298 0
1946.895 1
1947.491 0
1948.088 1
1948.684 0
1949.281 0
1949.878 0
1950.474 0
1951.071 0
1951.667 0
1952.264 1
1952.861 0
1953.458 0
1954.055 1
1954.651 0
1955.248 1
1955.845 0
1956.442 0
1957.039 0
1957.636 0
1958.233 0
1958.830 1
1959.427 0
1960.025 2
1960.622 0
1961.219 0
1961.816 0
1962.413 0
1963.011 0
1963.608 0
1964.205 1
1964.803 0
1965.400 1
1965.998 0
1966.595 2
1967.193 0
1967.790 0
1968.388 0
1968.986 0
1969.583 0
1970.181 2
1970.779 1
1971.376 0
1971.974 1
1972.572 2
1973.170 0
1973.768 0
1974.366 0
1974.964 0
1975.562 0
1976.160 0
1976.758 2
1977.356 0
1977.954 0
1978.552 0
1979.150 0
1979.748 0
1980.347 0
1980.945 0
1981.543 0
1982.142 1
1982.740 1
1983.338 0
1983.937 0
1984.535 1
1985.134 0
1985.732 1
1986.331 0
1986.929 1
1987.528 0
1988.127 1
1988.725 0
1989.324 0
1989.923 1
1990.522 0
1991.120 0
1991.719 1
1992.318 0
1992.917 0
1993.516 0
1994.115 1
1994.714 2
1995.313 1
1995.912 0
1996.511 0
1997.110 0
1997.710 1
1998.309 2
1998.908 0
1999.507 0
2000.107 0
2000.706 0
2001.305 0
2001.905 1
2002.504 1
2003.104 2
2003.703 2
2004.303 0
2004.902 1
2005.502 0
2006.101 0
2006.701 0
2007.301 1
2007.900 1
2008.500 0
2009.100 0
2009.700 0
2010.300 0
2010.899 0
2011.499 1
2012.099 0
2012.699 1
2013.299 0
2013.899 3
2014.499 0
2015.100 0
2015.700 0
2016.300 1
2016.900 0
2017.500 0
2018.101 0
2018.701 0
2019.301 0
2019.902 0
2020.502 1
2021.102 1
2021.703 0
2022.303 0
2022.904 1
2023.504 0
2024.105 0
2024.706 0
2025.306 0
2025.907 0
2026.508 0
2027.108 1
2027.709 0
2028.310 0
2028.911 0
2029.512 0
2030.113 1
2030.714 0
2031.315 0
2031.916 0
2032.517 1
2033.118 1
2033.719 0
2034.320 2
2034.921 0
2035.522 0
2036.123 0
2036.725 0
2037.326 0
2037.927 0
2038.529 0
2039.130 0
2039.732 1
2040.333 0
2040.935 1
2041.536 0
2042.138 0
2042.739 0
2043.341 0
2043.942 0
2044.544 0
2045.146 1
2045.748 0
2046.349 1
2046.951 1
2047.553 0
2048.155 0
2048.757 0
2049.359 1
2049.961 1
2050.563 0
2051.165 0
2051.767 0
2052.369 1
2052.971 1
2053.573 0
2054.175 0
2054.778 0
2055.380 0
2055.982 0
2056.585 0
2057.187 0
2057.789 0
2058.392 0
2058.994 0
2059.597 0
2060.199 0
2060.802 0
2061.404 2
2062.007 0
2062.610 0
2063.212 0
2063.815 2
2064.418 0
2065.020 0
2065.623 0
2066.226 0
2066.829 1
2067.432 1
2068.035 0
2068.638 0
2069.241 0
2069.844 0
2070.447 0
2071.050 0
2071.653 0
2072.256 1
2072.860 0
2073.463 1
2074.066 0
2074.669 0
2075.273 0
2075.876 0
2076.479 0
2077.083 1
2077.686 0
2078.290 0
2078.893 0
2079.497 1
2080.100 0
2080.704 0
2081.308 1
2081.911 4
2082.515 0
2083.119 0
2083.723 0
2084.326 0
2084.930 0
2085.534 1
2086.138 0
2086.742 1
2087.346 0
2087.950 2
2088.554 0
2089.158 0
2089.762 0
2090.366 0
2090.970 0
2091.575 0
2092.179 0
2092.783 1
2093.387 0
2093.992 0
2094.596 1
2095.200 0
2095.805 0
2096.409 0
2097.014 0
2097.618 1
2098.223 0
2098.827 0
2099.432 1
2100.037 0
2100.641 1
2101.246 1
2101.851 2
2102.456 1
2103.060 0
2103.665 0
2104.270 0
2104.875 0
2105.480 0
2106.085 0
2106.690 0
2107.295 1
2107.900 0
2108.505 0
2109.110 0
2109.715 0
2110.321 0
2110.926 1
2111.531 0
2112.136 0
2112.742 1
2113.347 0
2113.952 0
2114.558 0
2115.163 0
2115.769 2
2116.374 1
2116.980 0
2117.585 0
2118.191 0
2118.797 0
2119.402 0
2120.008 1
2120.614 0
2121.220 0
2121.825 1
2122.431 0
2123.037 0
2123.643 1
2124.249 1
2124.855 0
2125.461 0
2126.067 0
2126.673 0
2127.279 0
2127.885 1
2128.491 1
2129.097 2
2129.704 0
2130.310 0
2130.916 0
2131.523 1
2132.129 1
2132.735 1
2133.342 1
2133.948 1
2134.555 0
2135.161 0
2135.768 0
2136.374 2
2136.981 0
2137.588 1
2138.194 0
2138.801 0
2139.408 0
2140.014 0
2140.621 2
2141.228 0
2141.835 0
2142.442 0
2143.049 1
2143.656 0
2144.263 0
2144.870 2
2145.477 1
2146.084 0
2146.691 1
2147.298 0
2147.905 0
2148.513 0
2149.120 1
2149.727 2
2150.334 0
2150.942 1
2151.549 0
2152.157 1
2152.764 0
2153.372 1
2153.979 1
2154.587 0
2155.194 1
2155.802 0
2156.409 1
2157.017 0
2157.625 1
2158.232 0
2158.840 0
2159.448 0
2160.056 0
2160.664 0
2161.272 0
2161.880 0
2162.488 1
2163.096 1
2163.704 1
2164.312 0
2164.920 0
2165.528 0
2166.136 0
2166.744 0
2167.352 0
2167.961 0
2168.569 0
2169.177 0
2169.786 1
2170.394 0
2171.002 0
2171.611 2
2172.219 0
2172.828 1
2173.436 0
2174.045 2
2174.654 1
2175.262 0
2175.871 0
2176.480 0
2177.088 1
2177.697 1
2178.306 0
2178.915 0
2179.524 1
2180.132 2
2180.741 1
2181.350 0
2181.959 0
2182.568 0
2183.177 0
2183.786 0
2184.396 1
2185.005 0
2185.614 1
2186.223 0
2186.832 0
2187.442 0
2188.051 1
2188.660 0
2189.270 0
2189.879 0
2190.489 1
2191.098 0
2191.708 0
2192.317 0
2192.927 0
2193.536 0
2194.146 0
2194.756 0
2195.365 0
2195.975 0
2196.585 0
2197.195 0
2197.804 1
2198.414 1
2199.024 2
2199.634 0
2200.244 0
2200.854 0
2201.464 0
2202.074 1
2202.684 0
2203.294 0
2203.904 0
2204.515 0
2205.125 1
2205.735 0
2206.345 2
2206.956 0
2207.566 0
2208.176 1
2208.787 1
2209.397 1
2210.008 0
2210.618 2
2211.229 0
2211.839 0
2212.450 1
2213.061 1
2213.671 0
2214.282 0
2214.893 1
2215.503 0
2216.114 0
2216.725 0
2217.336 0
2217.947 0
2218.558 0
2219.169 0
2219.780 0
2220.391 0
2221.002 0
2221.613 1
2222.224 0
2222.835 1
2223.446 1
2224.057 1
2224.669 1
2225.280 0
2225.891 1
2226.503 1
2227.114 0
2227.725 2
2228.337 1
2228.948 0
2229.560 0
2230.171 1
2230.783 1
2231.394 1
2232.006 0
2232.618 0
2233.229 0
2233.841 0
2234.453 1
2235.065 1
2235.677 0
2236.288 0
2236.900 0
2237.512 0
2238.124 0
2238.736 0
2239.348 0
2239.960 1
2240.572 0
2241.184 1
2241.797 1
2242.409 0
2243.021 0
2243.633 1
2244.245 0
2244.858 0
2245.470 1
2246.082 1
2246.695 0
2247.307 0
2247.920 0
2248.532 0
2249.145 0
2249.757 0
2250.370 1
2250.983 0
2251.595 2
2252.208 0
2252.821 0
2253.433 1
2254.046 1
2254.659 3
2255.272 972
