2019_09_26_17_47_51_471 /home/raspion_user/data/Beacon_efficiency_137Cs_50cm.sp 327351 1800.000 1780.971 15.498519 0.481036  0.000016097
  15.499 0
  15.980 0
  16.461 0
  16.942 0
  17.423 0
  17.904 0
  18.385 0
  18.867 0
  19.348 0
  19.829 0
  20.310 0
  20.792 0
  21.273 0
  21.755 0
  22.236 0
  22.718 0
  23.199 0
  23.681 0
  24.162 1
  24.644 0
  25.126 1
  25.607 1
  26.089 5
  26.571 5
  27.053 7
  27.534 6
  28.016 13
  28.498 12
  28.980 16
  29.462 13
  29.944 23
  30.426 24
  30.908 27
  31.390 36
  31.872 35
  32.354 50
  32.837 51
  33.319 35
  33.801 48
  34.283 62
  34.766 73
  35.248 81
  35.730 97
  36.213 114
  36.695 101
  37.178 96
  37.660 134
  38.143 104
  38.625 127
  39.108 116
  39.591 141
  40.073 151
  40.556 156
  41.039 184
  41.521 174
  42.004 182
  42.487 203
  42.970 182
  43.453 236
  43.936 220
  44.419 234
  44.902 225
  45.385 246
  45.868 236
  46.351 279
  46.834 251
  47.317 289
  47.800 287
  48.283 302
  48.767 287
  49.250 309
  49.733 293
  50.217 302
  50.700 336
  51.183 315
  51.667 339
  52.150 352
  52.634 358
  53.117 369
  53.601 411
  54.084 365
  54.568 385
  55.052 393
  55.535 432
  56.019 387
  56.503 423
  56.987 399
  57.470 415
  57.954 353
  58.438 368
  58.922 347
  59.406 315
  59.890 348
  60.374 348
  60.858 332
  61.342 291
  61.826 314
  62.310 319
  62.795 269
  63.279 300
  63.763 268
  64.247 305
  64.732 282
  65.216 269
  65.700 272
  66.185 271
  66.669 216
  67.154 276
  67.638 238
  68.123 250
  68.607 231
  69.092 232
  69.576 267
  70.061 262
  70.546 259
  71.031 269
  71.515 251
  72.000 292
  72.485 257
  72.970 266
  73.455 248
  73.940 276
  74.424 280
  74.909 301
  75.394 277
  75.880 286
  76.365 272
  76.850 296
  77.335 331
  77.820 309
  78.305 323
  78.790 332
  79.276 324
  79.761 345
  80.246 370
  80.732 387
  81.217 361
  81.703 402
  82.188 400
  82.674 401
  83.159 425
  83.645 416
  84.130 385
  84.616 430
  85.101 421
  85.587 412
  86.073 451
  86.559 421
  87.044 418
  87.530 443
  88.016 408
  88.502 476
  88.988 425
  89.474 447
  89.960 510
  90.446 483
  90.932 458
  91.418 437
  91.904 461
  92.390 437
  92.876 462
  93.363 450
  93.849 462
  94.335 488
  94.821 443
  95.308 481
  95.794 444
  96.280 442
  96.767 441
  97.253 467
  97.740 503
  98.226 458
  98.713 466
  99.200 472
  99.686 434
 100.173 488
 100.659 475
 101.146 437
 101.633 475
 102.120 456
 102.607 469
 103.093 445
 103.580 431
 104.067 517
 104.554 520
 105.041 470
 105.528 456
 106.015 448
 106.502 446
 106.989 448
 107.476 452
 107.964 450
 108.451 460
 108.938 418
 109.425 475
 109.913 431
 110.400 455
 110.887 434
 111.375 445
 111.862 488
 112.350 441
 112.837 473
 113.325 499
 113.812 435
 114.300 498
 114.787 448
 115.275 479
 115.763 474
 116.250 441
 116.738 462
 117.226 428
 117.714 494
 118.202 443
 118.689 505
 119.177 522
 119.665 484
 120.153 454
 120.641 464
 121.129 471
 121.617 507
 122.106 459
 122.594 472
 123.082 486
 123.570 486
 124.058 504
 124.547 497
 125.035 484
 125.523 532
 126.012 544
 126.500 527
 126.988 536
 127.477 526
 127.965 517
 128.454 534
 128.942 511
 129.431 507
 129.920 532
 130.408 536
 130.897 548
 131.386 562
 131.874 515
 132.363 552
 132.852 534
 133.341 551
 133.830 517
 134.319 549
 134.808 569
 135.296 536
 135.785 540
 136.275 581
 136.764 543
 137.253 573
 137.742 557
 138.231 557
 138.720 534
 139.209 545
 139.699 513
 140.188 595
 140.677 537
 141.167 511
 141.656 572
 142.145 513
 142.635 544
 143.124 550
 143.614 540
 144.103 539
 144.593 544
 145.083 497
 145.572 528
 146.062 485
 146.552 501
 147.041 548
 147.531 492
 148.021 519
 148.511 522
 149.001 467
 149.491 498
 149.981 481
 150.471 481
 150.961 511
 151.451 418
 151.941 482
 152.431 490
 152.921 468
 153.411 482
 153.901 474
 154.391 450
 154.882 467
 155.372 487
 155.862 461
 156.353 423
 156.843 440
 157.334 477
 157.824 446
 158.314 444
 158.805 384
 159.296 423
 159.786 450
 160.277 509
 160.767 452
 161.258 422
 161.749 478
 162.240 422
 162.730 439
 163.221 426
 163.712 435
 164.203 427
 164.694 441
 165.185 381
 165.676 468
 166.167 423
 166.658 401
 167.149 399
 167.640 426
 168.131 403
 168.622 428
 169.113 399
 169.605 379
 170.096 400
 170.587 450
 171.078 406
 171.570 417
 172.061 385
 172.553 418
 173.044 399
 173.535 426
 174.027 387
 174.519 403
 175.010 416
 175.502 368
 175.993 392
 176.485 392
 176.977 400
 177.468 430
 177.960 442
 178.452 408
 178.944 446
 179.436 383
 179.928 403
 180.420 384
 180.912 419
 181.404 374
 181.896 382
 182.388 386
 182.880 391
 183.372 418
 183.864 372
 184.356 429
 184.848 364
 185.341 418
 185.833 389
 186.325 390
 186.818 414
 187.310 378
 187.802 414
 188.295 422
 188.787 465
 189.280 391
 189.772 432
 190.265 372
 190.758 408
 191.250 407
 191.743 405
 192.236 430
 192.728 431
 193.221 397
 193.714 395
 194.207 411
 194.700 391
 195.193 410
 195.686 414
 196.178 410
 196.671 398
 197.165 392
 197.658 405
 198.151 445
 198.644 394
 199.137 394
 199.630 361
 200.123 415
 200.617 444
 201.110 438
 201.603 422
 202.097 407
 202.590 430
 203.083 409
 203.577 441
 204.070 431
 204.564 423
 205.057 427
 205.551 413
 206.045 433
 206.538 398
 207.032 448
 207.526 420
 208.019 424
 208.513 389
 209.007 445
 209.501 428
 209.995 420
 210.488 387
 210.982 395
 211.476 420
 211.970 417
 212.464 419
 212.958 425
 213.453 444
 213.947 399
 214.441 420
 214.935 415
 215.429 385
 215.923 409
 216.418 373
 216.912 417
 217.406 416
 217.901 397
 218.395 364
 218.890 377
 219.384 385
 219.879 383
 220.373 381
 220.868 400
 221.362 377
 221.857 388
 222.352 340
 222.846 397
 223.341 372
 223.836 361
 224.331 370
 224.825 369
 225.320 377
 225.815 332
 226.310 360
 226.805 326
 227.300 360
 227.795 339
 228.290 333
 228.785 324
 229.280 354
 229.776 352
 230.271 320
 230.766 329
 231.261 314
 231.756 346
 232.252 293
 232.747 320
 233.243 328
 233.738 350
 234.233 351
 234.729 320
 235.224 311
 235.720 315
 236.215 319
 236.711 314
 237.207 314
 237.702 321
 238.198 305
 238.694 290
 239.190 311
 239.685 300
 240.181 302
 240.677 281
 241.173 306
 241.669 306
 242.165 303
 242.661 314
 243.157 302
 243.653 277
 244.149 307
 244.645 292
 245.141 304
 245.637 261
 246.134 262
 246.630 284
 247.126 287
 247.623 330
 248.119 277
 248.615 253
 249.112 261
 249.608 290
 250.105 307
 250.601 278
 251.098 266
 251.594 296
 252.091 266
 252.587 291
 253.084 263
 253.581 288
 254.077 280
 254.574 255
 255.071 267
 255.568 284
 256.065 281
 256.562 279
 257.059 286
 257.556 309
 258.052 278
 258.550 300
 259.047 240
 259.544 264
 260.041 249
 260.538 285
 261.035 252
 261.532 249
 262.030 264
 262.527 268
 263.024 248
 263.521 262
 264.019 268
 264.516 254
 265.014 267
 265.511 260
 266.009 257
 266.506 290
 267.004 264
 267.501 277
 267.999 260
 268.497 243
 268.994 221
 269.492 216
 269.990 255
 270.488 236
 270.985 266
 271.483 271
 271.981 242
 272.479 258
 272.977 243
 273.475 251
 273.973 215
 274.471 261
 274.969 250
 275.467 237
 275.966 258
 276.464 236
 276.962 242
 277.460 236
 277.958 223
 278.457 242
 278.955 273
 279.453 246
 279.952 216
 280.450 225
 280.949 228
 281.447 218
 281.946 223
 282.444 237
 282.943 229
 283.442 223
 283.940 234
 284.439 228
 284.938 223
 285.436 256
 285.935 203
 286.434 232
 286.933 208
 287.432 236
 287.931 196
 288.430 216
 288.929 222
 289.428 195
 289.927 204
 290.426 227
 290.925 217
 291.424 204
 291.923 220
 292.422 209
 292.922 217
 293.421 206
 293.920 177
 294.420 201
 294.919 233
 295.418 226
 295.918 191
 296.417 211
 296.917 224
 297.416 183
 297.916 210
 298.415 199
 298.915 203
 299.415 210
 299.914 174
 300.414 200
 300.914 195
 301.414 176
 301.914 197
 302.413 175
 302.913 193
 303.413 170
 303.913 199
 304.413 193
 304.913 205
 305.413 186
 305.913 194
 306.413 196
 306.914 190
 307.414 175
 307.914 180
 308.414 195
 308.914 184
 309.415 190
 309.915 195
 310.415 169
 310.916 191
 311.416 197
 311.917 179
 312.417 193
 312.918 163
 313.418 191
 313.919 170
 314.420 177
 314.920 188
 315.421 195
 315.922 198
 316.422 191
 316.923 176
 317.424 199
 317.925 168
 318.426 173
 318.927 157
 319.428 183
 319.929 171
 320.430 189
 320.931 193
 321.432 181
 321.933 173
 322.434 157
 322.935 199
 323.436 169
 323.938 178
 324.439 175
 324.940 194
 325.441 191
 325.943 164
 326.444 161
 326.946 178
 327.447 170
 327.949 168
 328.450 189
 328.952 184
 329.453 174
 329.955 174
 330.457 183
 330.958 166
 331.460 167
 331.962 158
 332.463 177
 332.965 160
 333.467 177
 333.969 155
 334.471 192
 334.973 166
 335.475 179
 335.977 180
 336.479 168
 336.981 149
 337.483 165
 337.985 175
 338.487 185
 338.990 134
 339.492 179
 339.994 147
 340.496 159
 340.999 140
 341.501 165
 342.004 148
 342.506 164
 343.008 162
 343.511 171
 344.013 156
 344.516 155
 345.019 175
 345.521 170
 346.024 140
 346.527 165
 347.029 161
 347.532 147
 348.035 154
 348.538 152
 349.040 155
 349.543 168
 350.046 140
 350.549 142
 351.052 146
 351.555 172
 352.058 170
 352.561 144
 353.064 162
 353.568 140
 354.071 134
 354.574 154
 355.077 164
 355.580 135
 356.084 157
 356.587 151
 357.090 134
 357.594 149
 358.097 157
 358.601 177
 359.104 130
 359.608 138
 360.111 177
 360.615 149
 361.118 153
 361.622 155
 362.126 151
 362.630 158
 363.133 151
 363.637 139
 364.141 168
 364.645 146
 365.149 145
 365.652 133
 366.156 153
 366.660 149
 367.164 143
 367.668 160
 368.173 160
 368.677 127
 369.181 150
 369.685 145
 370.189 135
 370.693 165
 371.198 146
 371.702 147
 372.206 130
 372.711 154
 373.215 134
 373.719 155
 374.224 143
 374.728 142
 375.233 153
 375.737 139
 376.242 162
 376.747 142
 377.251 139
 377.756 152
 378.261 146
 378.765 136
 379.270 146
 379.775 139
 380.280 151
 380.785 151
 381.290 141
 381.795 139
 382.300 124
 382.805 142
 383.310 140
 383.815 160
 384.320 135
 384.825 146
 385.330 145
 385.835 142
 386.341 134
 386.846 136
 387.351 129
 387.856 130
 388.362 127
 388.867 130
 389.373 139
 389.878 148
 390.384 138
 390.889 121
 391.395 142
 391.900 159
 392.406 125
 392.911 134
 393.417 137
 393.923 131
 394.429 134
 394.934 134
 395.440 112
 395.946 134
 396.452 121
 396.958 154
 397.464 126
 397.970 137
 398.476 124
 398.982 137
 399.488 137
 399.994 131
 400.500 132
 401.006 140
 401.512 118
 402.019 129
 402.525 143
 403.031 120
 403.537 139
 404.044 139
 404.550 125
 405.057 133
 405.563 154
 406.070 136
 406.576 109
 407.083 147
 407.589 126
 408.096 129
 408.602 122
 409.109 138
 409.616 146
 410.123 143
 410.629 127
 411.136 123
 411.643 137
 412.150 113
 412.657 135
 413.164 118
 413.671 125
 414.178 132
 414.685 106
 415.192 142
 415.699 149
 416.206 135
 416.713 136
 417.220 134
 417.728 134
 418.235 125
 418.742 102
 419.250 120
 419.757 129
 420.264 136
 420.772 124
 421.279 128
 421.787 133
 422.294 128
 422.802 114
 423.309 115
 423.817 129
 424.324 122
 424.832 116
 425.340 136
 425.848 140
 426.355 135
 426.863 151
 427.371 113
 427.879 144
 428.387 146
 428.895 129
 429.403 112
 429.911 134
 430.419 133
 430.927 132
 431.435 118
 431.943 117
 432.451 133
 432.959 127
 433.468 139
 433.976 125
 434.484 136
 434.992 113
 435.501 123
 436.009 106
 436.518 129
 437.026 103
 437.535 112
 438.043 127
 438.552 123
 439.060 122
 439.569 123
 440.077 128
 440.586 110
 441.095 146
 441.604 130
 442.112 131
 442.621 133
 443.130 133
 443.639 120
 444.148 152
 444.657 114
 445.166 130
 445.675 134
 446.184 113
 446.693 119
 447.202 104
 447.711 124
 448.220 126
 448.729 123
 449.239 117
 449.748 114
 450.257 129
 450.766 128
 451.276 123
 451.785 123
 452.295 128
 452.804 106
 453.313 116
 453.823 112
 454.332 136
 454.842 132
 455.352 123
 455.861 113
 456.371 104
 456.881 126
 457.390 112
 457.900 123
 458.410 122
 458.920 129
 459.430 136
 459.940 130
 460.450 98
 460.959 128
 461.469 122
 461.980 123
 462.490 122
 463.000 124
 463.510 151
 464.020 117
 464.530 123
 465.040 121
 465.551 107
 466.061 109
 466.571 131
 467.082 137
 467.592 129
 468.102 108
 468.613 114
 469.123 117
 469.634 128
 470.144 139
 470.655 87
 471.166 119
 471.676 141
 472.187 98
 472.698 100
 473.208 117
 473.719 104
 474.230 133
 474.741 123
 475.252 102
 475.762 104
 476.273 130
 476.784 117
 477.295 107
 477.806 104
 478.317 120
 478.828 97
 479.340 118
 479.851 118
 480.362 111
 480.873 131
 481.384 99
 481.896 105
 482.407 105
 482.918 115
 483.430 106
 483.941 114
 484.453 116
 484.964 117
 485.476 93
 485.987 95
 486.499 120
 487.010 106
 487.522 112
 488.034 102
 488.545 84
 489.057 108
 489.569 102
 490.081 73
 490.592 106
 491.104 87
 491.616 113
 492.128 90
 492.640 97
 493.152 95
 493.664 97
 494.176 84
 494.688 75
 495.200 83
 495.712 102
 496.225 91
 496.737 84
 497.249 88
 497.761 79
 498.274 82
 498.786 83
 499.298 76
 499.811 85
 500.323 74
 500.836 82
 501.348 82
 501.861 77
 502.373 68
 502.886 99
 503.399 79
 503.911 82
 504.424 102
 504.937 86
 505.449 101
 505.962 100
 506.475 61
 506.988 89
 507.501 76
 508.014 88
 508.527 85
 509.040 87
 509.553 72
 510.066 89
 510.579 82
 511.092 92
 511.605 98
 512.118 86
 512.632 77
 513.145 78
 513.658 94
 514.171 96
 514.685 86
 515.198 83
 515.711 81
 516.225 85
 516.738 83
 517.252 89
 517.765 83
 518.279 76
 518.793 92
 519.306 102
 519.820 95
 520.334 90
 520.847 97
 521.361 82
 521.875 88
 522.389 82
 522.903 84
 523.416 84
 523.930 89
 524.444 82
 524.958 85
 525.472 91
 525.986 109
 526.500 86
 527.015 89
 527.529 105
 528.043 95
 528.557 85
 529.071 93
 529.586 81
 530.100 103
 530.614 84
 531.129 96
 531.643 88
 532.158 66
 532.672 81
 533.186 76
 533.701 94
 534.216 88
 534.730 91
 535.245 102
 535.759 90
 536.274 90
 536.789 88
 537.304 87
 537.818 86
 538.333 80
 538.848 81
 539.363 75
 539.878 79
 540.393 87
 540.908 96
 541.423 91
 541.938 78
 542.453 89
 542.968 86
 543.483 84
 543.998 89
 544.514 78
 545.029 72
 545.544 85
 546.059 92
 546.575 76
 547.090 81
 547.606 69
 548.121 73
 548.636 73
 549.152 83
 549.668 77
 550.183 72
 550.699 66
 551.214 68
 551.730 71
 552.246 66
 552.761 73
 553.277 56
 553.793 77
 554.309 70
 554.825 62
 555.341 80
 555.856 70
 556.372 74
 556.888 66
 557.404 56
 557.920 62
 558.436 65
 558.953 66
 559.469 70
 559.985 53
 560.501 51
 561.017 83
 561.534 70
 562.050 57
 562.566 59
 563.083 53
 563.599 46
 564.115 52
 564.632 62
 565.148 51
 565.665 65
 566.182 60
 566.698 54
 567.215 48
 567.731 52
 568.248 48
 568.765 66
 569.282 57
 569.798 58
 570.315 58
 570.832 51
 571.349 60
 571.866 53
 572.383 52
 572.900 65
 573.417 63
 573.934 41
 574.451 52
 574.968 44
 575.485 51
 576.002 51
 576.520 51
 577.037 57
 577.554 42
 578.071 53
 578.589 51
 579.106 70
 579.623 50
 580.141 54
 580.658 45
 581.176 50
 581.693 45
 582.211 53
 582.729 60
 583.246 50
 583.764 50
 584.281 52
 584.799 45
 585.317 45
 585.835 40
 586.353 43
 586.870 59
 587.388 47
 587.906 53
 588.424 53
 588.942 47
 589.460 49
 589.978 46
 590.496 47
 591.014 39
 591.533 42
 592.051 38
 592.569 51
 593.087 41
 593.605 37
 594.124 63
 594.642 50
 595.160 49
 595.679 51
 596.197 47
 596.716 50
 597.234 43
 597.753 61
 598.271 51
 598.790 50
 599.308 46
 599.827 38
 600.346 49
 600.865 39
 601.383 48
 601.902 50
 602.421 49
 602.940 55
 603.459 44
 603.978 45
 604.496 40
 605.015 60
 605.534 50
 606.054 54
 606.573 41
 607.092 58
 607.611 45
 608.130 48
 608.649 59
 609.168 59
 609.688 45
 610.207 51
 610.726 55
 611.246 57
 611.765 36
 612.285 56
 612.804 43
 613.323 43
 613.843 41
 614.363 48
 614.882 51
 615.402 62
 615.921 37
 616.441 54
 616.961 44
 617.481 48
 618.000 44
 618.520 64
 619.040 54
 619.560 69
 620.080 51
 620.600 50
 621.120 54
 621.640 42
 622.160 58
 622.680 50
 623.200 56
 623.720 59
 624.240 57
 624.760 67
 625.281 50
 625.801 56
 626.321 64
 626.842 65
 627.362 56
 627.882 69
 628.403 67
 628.923 73
 629.444 58
 629.964 49
 630.485 60
 631.005 65
 631.526 54
 632.047 50
 632.567 58
 633.088 70
 633.609 53
 634.130 60
 634.650 66
 635.171 61
 635.692 81
 636.213 59
 636.734 72
 637.255 70
 637.776 78
 638.297 79
 638.818 89
 639.339 75
 639.860 82
 640.381 100
 640.903 81
 641.424 82
 641.945 83
 642.466 88
 642.988 83
 643.509 97
 644.030 85
 644.552 89
 645.073 94
 645.595 96
 646.116 116
 646.638 97
 647.159 107
 647.681 122
 648.203 118
 648.724 112
 649.246 131
 649.768 114
 650.290 137
 650.811 135
 651.333 129
 651.855 135
 652.377 150
 652.899 157
 653.421 141
 653.943 177
 654.465 156
 654.987 186
 655.509 158
 656.031 200
 656.553 171
 657.076 183
 657.598 191
 658.120 192
 658.642 231
 659.165 215
 659.687 189
 660.210 212
 660.732 233
 661.254 235
 661.777 245
 662.299 230
 662.822 283
 663.345 263
 663.867 264
 664.390 276
 664.912 298
 665.435 292
 665.958 271
 666.481 290
 667.004 317
 667.526 320
 668.049 309
 668.572 338
 669.095 338
 669.618 350
 670.141 287
 670.664 347
 671.187 350
 671.710 345
 672.233 346
 672.757 364
 673.280 382
 673.803 376
 674.326 386
 674.850 410
 675.373 442
 675.896 394
 676.420 388
 676.943 418
 677.466 430
 677.990 406
 678.513 419
 679.037 440
 679.561 449
 680.084 463
 680.608 438
 681.132 434
 681.655 480
 682.179 461
 682.703 442
 683.227 468
 683.750 454
 684.274 471
 684.798 437
 685.322 438
 685.846 488
 686.370 457
 686.894 418
 687.418 466
 687.942 418
 688.466 493
 688.991 447
 689.515 474
 690.039 426
 690.563 416
 691.087 442
 691.612 427
 692.136 401
 692.661 408
 693.185 459
 693.709 404
 694.234 399
 694.758 417
 695.283 370
 695.808 398
 696.332 387
 696.857 380
 697.381 369
 697.906 401
 698.431 398
 698.956 396
 699.480 361
 700.005 357
 700.530 336
 701.055 328
 701.580 341
 702.105 324
 702.630 336
 703.155 309
 703.680 310
 704.205 300
 704.730 285
 705.255 285
 705.781 230
 706.306 280
 706.831 249
 707.356 234
 707.882 253
 708.407 244
 708.932 213
 709.458 223
 709.983 237
 710.509 235
 711.034 208
 711.560 183
 712.085 185
 712.611 200
 713.137 158
 713.662 177
 714.188 153
 714.714 132
 715.240 146
 715.765 146
 716.291 121
 716.817 142
 717.343 129
 717.869 133
 718.395 125
 718.921 115
 719.447 113
 719.973 109
 720.499 94
 721.025 105
 721.551 98
 722.078 90
 722.604 99
 723.130 77
 723.656 93
 724.183 87
 724.709 76
 725.235 77
 725.762 73
 726.288 51
 726.815 64
 727.341 63
 727.868 65
 728.394 55
 728.921 60
 729.448 50
 729.974 63
 730.501 62
 731.028 48
 731.554 55
 732.081 44
 732.608 55
 733.135 41
 733.662 50
 734.189 40
 734.716 36
 735.243 39
 735.770 44
 736.297 40
 736.824 42
 737.351 41
 737.878 29
 738.405 36
 738.933 40
 739.460 28
 739.987 25
 740.514 25
 741.042 25
 741.569 30
 742.097 22
 742.624 17
 743.151 39
 743.679 34
 744.206 22
 744.734 22
 745.262 18
 745.789 17
 746.317 27
 746.845 22
 747.372 28
 747.900 19
 748.428 21
 748.956 9
 749.484 25
 750.012 23
 750.539 24
 751.067 18
 751.595 18
 752.123 10
 752.651 13
 753.180 20
 753.708 16
 754.236 15
 754.764 17
 755.292 8
 755.821 17
 756.349 14
 756.877 18
 757.405 16
 757.934 18
 758.462 14
 758.991 16
 759.519 25
 760.048 19
 760.576 11
 761.105 11
 761.633 13
 762.162 15
 762.691 13
 763.219 18
 763.748 11
 764.277 13
 764.806 13
 765.334 10
 765.863 17
 766.392 20
 766.921 17
 767.450 15
 767.979 13
 768.508 18
 769.037 15
 769.566 13
 770.095 14
 770.625 18
 771.154 8
 771.683 10
 772.212 9
 772.741 14
 773.271 13
 773.800 11
 774.329 14
 774.859 12
 775.388 11
 775.918 18
 776.447 14
 776.977 13
 777.506 15
 778.036 9
 778.566 14
 779.095 10
 779.625 8
 780.155 14
 780.685 14
 781.214 11
 781.744 16
 782.274 16
 782.804 11
 783.334 9
 783.864 14
 784.394 8
 784.924 11
 785.454 12
 785.984 10
 786.514 12
 787.044 12
 787.574 8
 788.105 16
 788.635 8
 789.165 13
 789.695 11
 790.226 12
 790.756 10
 791.286 10
 791.817 16
 792.347 17
 792.878 10
 793.408 15
 793.939 8
 794.470 11
 795.000 5
 795.531 14
 796.062 11
 796.592 13
 797.123 14
 797.654 11
 798.185 12
 798.716 9
 799.246 10
 799.777 11
 800.308 16
 800.839 6
 801.370 5
 801.901 14
 802.432 21
 802.964 15
 803.495 13
 804.026 5
 804.557 20
 805.088 6
 805.620 6
 806.151 4
 806.682 18
 807.214 6
 807.745 9
 808.276 8
 808.808 9
 809.339 12
 809.871 9
 810.403 10
 810.934 6
 811.466 10
 811.997 11
 812.529 10
 813.061 11
 813.593 6
 814.124 9
 814.656 5
 815.188 16
 815.720 7
 816.252 11
 816.784 9
 817.316 9
 817.848 14
 818.380 15
 818.912 9
 819.444 5
 819.976 6
 820.508 16
 821.041 10
 821.573 11
 822.105 4
 822.637 10
 823.170 8
 823.702 15
 824.235 9
 824.767 8
 825.299 8
 825.832 10
 826.364 7
 826.897 10
 827.430 7
 827.962 8
 828.495 11
 829.028 15
 829.560 13
 830.093 9
 830.626 7
 831.159 11
 831.692 5
 832.224 11
 832.757 9
 833.290 12
 833.823 9
 834.356 5
 834.889 10
 835.422 3
 835.955 8
 836.489 9
 837.022 8
 837.555 5
 838.088 11
 838.622 11
 839.155 7
 839.688 5
 840.222 9
 840.755 9
 841.288 1
 841.822 7
 842.355 7
 842.889 7
 843.422 8
 843.956 9
 844.490 9
 845.023 9
 845.557 7
 846.091 7
 846.624 10
 847.158 11
 847.692 11
 848.226 9
 848.760 10
 849.294 7
 849.828 6
 850.362 5
 850.896 6
 851.430 10
 851.964 13
 852.498 2
 853.032 8
 853.566 9
 854.100 12
 854.635 7
 855.169 11
 855.703 4
 856.238 6
 856.772 6
 857.306 10
 857.841 8
 858.375 6
 858.910 7
 859.444 8
 859.979 7
 860.513 6
 861.048 14
 861.583 9
 862.117 14
 862.652 8
 863.187 9
 863.722 8
 864.256 9
 864.791 2
 865.326 7
 865.861 11
 866.396 6
 866.931 7
 867.466 5
 868.001 12
 868.536 5
 869.071 9
 869.606 5
 870.141 7
 870.677 13
 871.212 5
 871.747 9
 872.282 5
 872.818 3
 873.353 4
 873.889 9
 874.424 8
 874.959 5
 875.495 4
 876.030 11
 876.566 11
 877.102 8
 877.637 3
 878.173 8
 878.709 6
 879.244 9
 879.780 9
 880.316 5
 880.852 6
 881.387 9
 881.923 5
 882.459 5
 882.995 12
 883.531 10
 884.067 9
 884.603 14
 885.139 12
 885.675 5
 886.212 8
 886.748 12
 887.284 8
 887.820 5
 888.356 7
 888.893 8
 889.429 9
 889.965 6
 890.502 7
 891.038 9
 891.575 13
 892.111 9
 892.648 8
 893.184 8
 893.721 12
 894.257 14
 894.794 8
 895.331 7
 895.868 12
 896.404 6
 896.941 4
 897.478 5
 898.015 6
 898.552 7
 899.088 6
 899.625 5
 900.162 8
 900.699 10
 901.236 8
 901.774 8
 902.311 11
 902.848 10
 903.385 9
 903.922 7
 904.459 8
 904.997 9
 905.534 4
 906.071 10
 906.609 10
 907.146 7
 907.683 6
 908.221 6
 908.758 10
 909.296 11
 909.833 6
 910.371 9
 910.909 7
 911.446 9
 911.984 9
 912.522 5
 913.059 7
 913.597 7
 914.135 7
 914.673 8
 915.211 9
 915.749 2
 916.287 4
 916.825 6
 917.363 8
 917.901 6
 918.439 5
 918.977 7
 919.515 6
 920.053 7
 920.591 8
 921.129 5
 921.668 6
 922.206 10
 922.744 8
 923.283 8
 923.821 7
 924.360 8
 924.898 3
 925.436 6
 925.975 9
 926.514 11
 927.052 10
 927.591 5
 928.129 8
 928.668 8
 929.207 3
 929.745 2
 930.284 7
 930.823 10
 931.362 9
 931.901 12
 932.440 10
 932.979 8
 933.518 15
 934.057 2
 934.596 10
 935.135 8
 935.674 7
 936.213 4
 936.752 10
 937.291 15
 937.831 8
 938.370 8
 938.909 7
 939.448 10
 939.988 10
 940.527 8
 941.067 12
 941.606 7
 942.145 7
 942.685 9
 943.225 13
 943.764 12
 944.304 7
 944.843 4
 945.383 10
 945.923 7
 946.463 7
 947.002 8
 947.542 6
 948.082 7
 948.622 9
 949.162 12
 949.702 5
 950.242 7
 950.782 6
 951.322 14
 951.862 5
 952.402 7
 952.942 3
 953.482 8
 954.022 7
 954.563 5
 955.103 6
 955.643 7
 956.183 8
 956.724 12
 957.264 4
 957.805 6
 958.345 6
 958.885 4
 959.426 6
 959.967 8
 960.507 15
 961.048 6
 961.588 7
 962.129 6
 962.670 7
 963.210 2
 963.751 10
 964.292 6
 964.833 10
 965.374 7
 965.915 8
 966.456 10
 966.997 3
 967.538 10
 968.079 6
 968.620 7
 969.161 11
 969.702 8
 970.243 9
 970.784 8
 971.325 6
 971.867 8
 972.408 6
 972.949 6
 973.491 7
 974.032 8
 974.573 7
 975.115 9
 975.656 7
 976.198 11
 976.739 7
 977.281 7
 977.823 5
 978.364 5
 978.906 11
 979.448 8
 979.989 5
 980.531 6
 981.073 7
 981.615 7
 982.157 8
 982.699 6
 983.240 8
 983.782 5
 984.324 5
 984.866 10
 985.409 5
 985.951 5
 986.493 8
 987.035 9
 987.577 5
 988.119 14
 988.662 6
 989.204 7
 989.746 7
 990.289 4
 990.831 5
 991.373 4
 991.916 7
 992.458 10
 993.001 9
 993.543 5
 994.086 7
 994.628 5
 995.171 6
 995.714 4
 996.256 8
 996.799 8
 997.342 5
 997.885 3
 998.428 4
 998.970 5
 999.513 4
1000.056 1
1000.599 6
1001.142 6
1001.685 5
1002.228 4
1002.771 4
1003.315 4
1003.858 7
1004.401 9
1004.944 7
1005.487 6
1006.031 8
1006.574 6
1007.117 5
1007.661 6
1008.204 8
1008.748 4
1009.291 6
1009.835 9
1010.378 9
1010.922 7
1011.465 8
1012.009 6
1012.553 10
1013.096 9
1013.640 5
1014.184 6
1014.728 6
1015.271 6
1015.815 6
1016.359 4
1016.903 13
1017.447 4
1017.991 3
1018.535 9
1019.079 8
1019.623 9
1020.167 8
1020.711 10
1021.256 5
1021.800 7
1022.344 8
1022.888 9
1023.433 6
1023.977 8
1024.521 9
1025.066 9
1025.610 4
1026.155 3
1026.699 2
1027.244 8
1027.788 9
1028.333 9
1028.878 5
1029.422 5
1029.967 9
1030.512 5
1031.056 10
1031.601 6
1032.146 5
1032.691 3
1033.236 8
1033.781 5
1034.326 7
1034.871 3
1035.416 7
1035.961 5
1036.506 4
1037.051 3
1037.596 7
1038.141 5
1038.687 6
1039.232 11
1039.777 4
1040.322 5
1040.868 7
1041.413 4
1041.959 3
1042.504 7
1043.049 6
1043.595 6
1044.140 4
1044.686 8
1045.232 4
1045.777 6
1046.323 6
1046.869 6
1047.414 7
1047.960 6
1048.506 8
1049.052 6
1049.598 6
1050.144 4
1050.689 5
1051.235 7
1051.781 2
1052.327 4
1052.873 7
1053.420 4
1053.966 3
1054.512 4
1055.058 6
1055.604 4
1056.150 8
1056.697 7
1057.243 11
1057.789 6
1058.336 2
1058.882 3
1059.429 8
1059.975 6
1060.522 7
1061.068 7
1061.615 6
1062.161 3
1062.708 6
1063.255 6
1063.801 4
1064.348 8
1064.895 3
1065.442 5
1065.988 10
1066.535 4
1067.082 9
1067.629 2
1068.176 9
1068.723 6
1069.270 8
1069.817 5
1070.364 8
1070.911 3
1071.458 6
1072.006 5
1072.553 3
1073.100 6
1073.647 5
1074.195 9
1074.742 5
1075.289 2
1075.837 0
1076.384 6
1076.932 3
1077.479 1
1078.027 6
1078.574 8
1079.122 6
1079.669 2
1080.217 8
1080.765 6
1081.312 3
1081.860 7
1082.408 4
1082.956 3
1083.504 5
1084.052 2
1084.600 1
1085.147 4
1085.695 7
1086.243 3
1086.792 1
1087.340 6
1087.888 0
1088.436 7
1088.984 2
1089.532 1
1090.080 8
1090.629 4
1091.177 4
1091.725 5
1092.274 3
1092.822 6
1093.371 4
1093.919 5
1094.468 4
1095.016 6
1095.565 11
1096.113 7
1096.662 6
1097.211 5
1097.759 8
1098.308 3
1098.857 2
1099.406 5
1099.954 6
1100.503 2
1101.052 4
1101.601 6
1102.150 5
1102.699 8
1103.248 5
1103.797 9
1104.346 5
1104.895 4
1105.444 5
1105.993 4
1106.543 6
1107.092 6
1107.641 5
1108.190 3
1108.740 2
1109.289 3
1109.839 5
1110.388 2
1110.937 2
1111.487 4
1112.037 7
1112.586 5
1113.136 7
1113.685 1
1114.235 4
1114.785 5
1115.334 6
1115.884 4
1116.434 3
1116.984 2
1117.534 4
1118.083 4
1118.633 2
1119.183 2
1119.733 2
1120.283 4
1120.833 6
1121.383 4
1121.934 9
1122.484 5
1123.034 5
1123.584 11
1124.134 4
1124.685 4
1125.235 3
1125.785 6
1126.336 5
1126.886 4
1127.436 5
1127.987 4
1128.537 6
1129.088 4
1129.638 2
1130.189 3
1130.740 3
1131.290 2
1131.841 2
1132.392 3
1132.942 5
1133.493 6
1134.044 4
1134.595 5
1135.146 3
1135.697 0
1136.248 2
1136.799 2
1137.350 5
1137.901 1
1138.452 6
1139.003 7
1139.554 6
1140.105 4
1140.656 5
1141.208 4
1141.759 6
1142.310 6
1142.862 1
1143.413 7
1143.964 3
1144.516 6
1145.067 4
1145.619 6
1146.170 6
1146.722 2
1147.273 8
1147.825 4
1148.377 5
1148.928 6
1149.480 5
1150.032 4
1150.584 4
1151.135 5
1151.687 3
1152.239 2
1152.791 4
1153.343 4
1153.895 5
1154.447 5
1154.999 4
1155.551 5
1156.103 1
1156.655 3
1157.207 0
1157.760 4
1158.312 4
1158.864 3
1159.416 9
1159.969 5
1160.521 4
1161.074 5
1161.626 3
1162.178 7
1162.731 3
1163.283 3
1163.836 7
1164.389 4
1164.941 3
1165.494 5
1166.047 4
1166.599 4
1167.152 5
1167.705 2
1168.258 3
1168.810 8
1169.363 2
1169.916 4
1170.469 7
1171.022 3
1171.575 4
1172.128 4
1172.681 2
1173.234 5
1173.787 3
1174.341 1
1174.894 2
1175.447 10
1176.000 8
1176.554 7
1177.107 6
1177.660 6
1178.214 5
1178.767 4
1179.321 4
1179.874 7
1180.428 2
1180.981 3
1181.535 6
1182.088 4
1182.642 8
1183.196 3
1183.749 3
1184.303 4
1184.857 6
1185.411 5
1185.965 4
1186.518 5
1187.072 7
1187.626 3
1188.180 8
1188.734 5
1189.288 4
1189.842 6
1190.396 2
1190.951 2
1191.505 6
1192.059 6
1192.613 5
1193.167 5
1193.722 2
1194.276 6
1194.830 2
1195.385 4
1195.939 4
1196.494 3
1197.048 5
1197.603 3
1198.157 3
1198.712 5
1199.266 2
1199.821 10
1200.376 3
1200.930 6
1201.485 5
1202.040 3
1202.595 4
1203.150 0
1203.705 3
1204.259 2
1204.814 5
1205.369 6
1205.924 5
1206.479 3
1207.034 4
1207.590 7
1208.145 8
1208.700 4
1209.255 3
1209.810 4
1210.366 5
1210.921 6
1211.476 3
1212.031 4
1212.587 4
1213.142 1
1213.698 6
1214.253 3
1214.809 2
1215.364 1
1215.920 3
1216.475 8
1217.031 3
1217.587 2
1218.143 3
1218.698 6
1219.254 3
1219.810 4
1220.366 2
1220.922 6
1221.477 5
1222.033 4
1222.589 5
1223.145 5
1223.701 4
1224.257 4
1224.814 7
1225.370 3
1225.926 3
1226.482 4
1227.038 4
1227.595 0
1228.151 6
1228.707 2
1229.263 5
1229.820 4
1230.376 3
1230.933 5
1231.489 4
1232.046 2
1232.602 2
1233.159 5
1233.715 7
1234.272 3
1234.829 5
1235.386 1
1235.942 3
1236.499 2
1237.056 4
1237.613 8
1238.170 2
1238.726 5
1239.283 2
1239.840 3
1240.397 4
1240.954 5
1241.511 3
1242.069 4
1242.626 3
1243.183 2
1243.740 3
1244.297 3
1244.854 2
1245.412 4
1245.969 3
1246.526 4
1247.084 4
1247.641 2
1248.199 4
1248.756 4
1249.314 4
1249.871 3
1250.429 4
1250.986 4
1251.544 1
1252.102 3
1252.659 6
1253.217 6
1253.775 5
1254.333 5
1254.891 6
1255.448 4
1256.006 5
1256.564 8
1257.122 4
1257.680 2
1258.238 3
1258.796 9
1259.354 2
1259.913 3
1260.471 6
1261.029 6
1261.587 6
1262.145 3
1262.704 6
1263.262 4
1263.820 5
1264.379 5
1264.937 5
1265.496 5
1266.054 4
1266.613 8
1267.171 5
1267.730 8
1268.288 4
1268.847 5
1269.406 7
1269.964 7
1270.523 5
1271.082 5
1271.641 5
1272.199 8
1272.758 6
1273.317 6
1273.876 4
1274.435 4
1274.994 11
1275.553 7
1276.112 5
1276.671 10
1277.230 6
1277.790 10
1278.349 8
1278.908 9
1279.467 4
1280.026 7
1280.586 8
1281.145 11
1281.705 5
1282.264 5
1282.823 6
1283.383 4
1283.942 16
1284.502 7
1285.061 5
1285.621 6
1286.181 10
1286.740 3
1287.300 5
1287.860 9
1288.420 2
1288.979 8
1289.539 12
1290.099 4
1290.659 9
1291.219 4
1291.779 10
1292.339 6
1292.899 13
1293.459 14
1294.019 10
1294.579 11
1295.139 5
1295.699 9
1296.260 9
1296.820 15
1297.380 6
1297.941 7
1298.501 11
1299.061 8
1299.622 5
1300.182 4
1300.743 9
1301.303 7
1301.864 7
1302.424 11
1302.985 9
1303.545 8
1304.106 5
1304.667 3
1305.228 7
1305.788 9
1306.349 7
1306.910 5
1307.471 7
1308.032 6
1308.593 5
1309.154 9
1309.715 13
1310.276 6
1310.837 14
1311.398 9
1311.959 12
1312.520 7
1313.081 9
1313.642 5
1314.204 6
1314.765 6
1315.326 9
1315.888 17
1316.449 5
1317.010 7
1317.572 8
1318.133 6
1318.695 12
1319.256 7
1319.818 12
1320.379 5
1320.941 9
1321.503 5
1322.064 2
1322.626 3
1323.188 8
1323.750 7
1324.312 5
1324.873 8
1325.435 7
1325.997 5
1326.559 8
1327.121 5
1327.683 3
1328.245 2
1328.807 3
1329.369 7
1329.932 5
1330.494 4
1331.056 4
1331.618 7
1332.181 5
1332.743 2
1333.305 1
1333.868 10
1334.430 3
1334.992 4
1335.555 4
1336.117 5
1336.680 5
1337.242 8
1337.805 4
1338.368 4
1338.930 5
1339.493 8
1340.056 3
1340.619 4
1341.181 1
1341.744 1
1342.307 2
1342.870 1
1343.433 3
1343.996 3
1344.559 3
1345.122 6
1345.685 4
1346.248 5
1346.811 4
1347.374 4
1347.937 6
1348.501 6
1349.064 9
1349.627 1
1350.190 2
1350.754 6
1351.317 4
1351.881 4
1352.444 4
1353.007 2
1353.571 7
1354.134 2
1354.698 6
1355.262 5
1355.825 7
1356.389 6
1356.953 5
1357.516 2
1358.080 4
1358.644 3
1359.208 4
1359.772 3
1360.335 4
1360.899 8
1361.463 1
1362.027 6
1362.591 2
1363.155 3
1363.719 4
1364.284 3
1364.848 4
1365.412 2
1365.976 3
1366.540 2
1367.105 4
1367.669 2
1368.233 2
1368.798 1
1369.362 4
1369.926 0
1370.491 2
1371.055 2
1371.620 1
1372.185 1
1372.749 3
1373.314 3
1373.878 3
1374.443 0
1375.008 3
1375.573 4
1376.137 1
1376.702 3
1377.267 2
1377.832 2
1378.397 0
1378.962 6
1379.527 4
1380.092 0
1380.657 1
1381.222 2
1381.787 1
1382.352 4
1382.917 1
1383.483 2
1384.048 1
1384.613 1
1385.178 1
1385.744 2
1386.309 2
1386.874 2
1387.440 5
1388.005 1
1388.571 2
1389.136 2
1389.702 2
1390.268 0
1390.833 3
1391.399 1
1391.965 0
1392.530 2
1393.096 2
1393.662 2
1394.228 0
1394.793 1
1395.359 2
1395.925 2
1396.491 2
1397.057 3
1397.623 4
1398.189 2
1398.755 1
1399.321 1
1399.888 4
1400.454 1
1401.020 2
1401.586 5
1402.152 0
1402.719 2
1403.285 1
1403.851 2
1404.418 1
1404.984 2
1405.551 3
1406.117 1
1406.684 3
1407.250 2
1407.817 1
1408.384 3
1408.950 1
1409.517 2
1410.084 5
1410.650 4
1411.217 1
1411.784 2
1412.351 2
1412.918 3
1413.485 1
1414.052 3
1414.619 0
1415.186 2
1415.753 3
1416.320 1
1416.887 3
1417.454 0
1418.021 4
1418.588 0
1419.156 1
1419.723 0
1420.290 1
1420.857 1
1421.425 1
1421.992 4
1422.560 2
1423.127 1
1423.695 4
1424.262 1
1424.830 4
1425.397 0
1425.965 3
1426.533 4
1427.100 1
1427.668 2
1428.236 4
1428.803 3
1429.371 2
1429.939 1
1430.507 3
1431.075 1
1431.643 1
1432.211 4
1432.779 3
1433.347 5
1433.915 2
1434.483 1
1435.051 1
1435.619 2
1436.188 1
1436.756 2
1437.324 2
1437.892 2
1438.461 2
1439.029 3
1439.597 4
1440.166 2
1440.734 4
1441.303 1
1441.871 2
1442.440 3
1443.008 4
1443.577 0
1444.146 3
1444.714 5
1445.283 3
1445.852 4
1446.421 8
1446.989 4
1447.558 4
1448.127 1
1448.696 1
1449.265 6
1449.834 2
1450.403 6
1450.972 0
1451.541 3
1452.110 3
1452.679 3
1453.249 1
1453.818 3
1454.387 5
1454.956 5
1455.526 5
1456.095 3
1456.664 3
1457.234 5
1457.803 4
1458.373 4
1458.942 5
1459.512 1
1460.081 5
1460.651 7
1461.220 4
1461.790 4
1462.360 4
1462.929 3
1463.499 1
1464.069 5
1464.639 5
1465.209 4
1465.778 2
1466.348 2
1466.918 5
1467.488 3
1468.058 5
1468.628 2
1469.198 3
1469.768 4
1470.339 3
1470.909 4
1471.479 7
1472.049 2
1472.619 2
1473.190 7
1473.760 6
1474.330 7
1474.901 3
1475.471 7
1476.042 4
1476.612 5
1477.183 9
1477.753 4
1478.324 4
1478.894 7
1479.465 7
1480.036 7
1480.606 6
1481.177 5
1481.748 7
1482.319 10
1482.890 5
1483.460 6
1484.031 7
1484.602 4
1485.173 3
1485.744 7
1486.315 5
1486.886 5
1487.458 5
1488.029 7
1488.600 9
1489.171 5
1489.742 3
1490.313 6
1490.885 4
1491.456 6
1492.027 5
1492.599 5
1493.170 6
1493.742 5
1494.313 8
1494.885 2
1495.456 5
1496.028 3
1496.599 4
1497.171 10
1497.743 5
1498.314 4
1498.886 5
1499.458 7
1500.030 4
1500.602 8
1501.174 2
1501.745 9
1502.317 6
1502.889 5
1503.461 6
1504.033 2
1504.605 8
1505.178 6
1505.750 4
1506.322 2
1506.894 3
1507.466 3
1508.038 3
1508.611 2
1509.183 5
1509.755 4
1510.328 9
1510.900 3
1511.473 4
1512.045 1
1512.618 6
1513.190 5
1513.763 4
1514.335 5
1514.908 5
1515.481 6
1516.053 6
1516.626 2
1517.199 5
1517.772 6
1518.345 5
1518.918 5
1519.490 4
1520.063 3
1520.636 3
1521.209 4
1521.782 6
1522.355 8
1522.929 3
1523.502 4
1524.075 2
1524.648 1
1525.221 3
1525.794 2
1526.368 7
1526.941 4
1527.514 7
1528.088 2
1528.661 1
1529.235 3
1529.808 4
1530.382 2
1530.955 5
1531.529 4
1532.102 2
1532.676 3
1533.250 2
1533.823 4
1534.397 2
1534.971 4
1535.545 2
1536.119 3
1536.692 1
1537.266 3
1537.840 2
1538.414 2
1538.988 1
1539.562 1
1540.136 5
1540.710 2
1541.285 2
1541.859 2
1542.433 1
1543.007 1
1543.581 2
1544.156 2
1544.730 3
1545.304 3
1545.879 4
1546.453 2
1547.028 3
1547.602 2
1548.177 1
1548.751 2
1549.326 0
1549.900 0
1550.475 6
1551.050 2
1551.624 2
1552.199 0
1552.774 1
1553.349 2
1553.923 1
1554.498 0
1555.073 1
1555.648 0
1556.223 2
1556.798 5
1557.373 1
1557.948 3
1558.523 1
1559.098 2
1559.674 2
1560.249 0
1560.824 1
1561.399 1
1561.974 2
1562.550 1
1563.125 2
1563.701 0
1564.276 1
1564.851 2
1565.427 0
1566.002 0
1566.578 3
1567.153 0
1567.729 0
1568.305 1
1568.880 3
1569.456 0
1570.032 0
1570.608 0
1571.183 2
1571.759 1
1572.335 0
1572.911 2
1573.487 3
1574.063 2
1574.639 0
1575.215 2
1575.791 0
1576.367 0
1576.943 1
1577.519 0
1578.095 1
1578.672 0
1579.248 2
1579.824 0
1580.401 1
1580.977 0
1581.553 1
1582.130 2
1582.706 0
1583.283 1
1583.859 1
1584.436 1
1585.012 0
1585.589 0
1586.165 1
1586.742 1
1587.319 2
1587.896 2
1588.472 1
1589.049 1
1589.626 1
1590.203 1
1590.780 3
1591.357 0
1591.934 2
1592.511 2
1593.088 2
1593.665 0
1594.242 2
1594.819 0
1595.396 1
1595.973 0
1596.550 0
1597.128 2
1597.705 3
1598.282 2
1598.860 1
1599.437 1
1600.014 0
1600.592 1
1601.169 1
1601.747 0
1602.324 0
1602.902 0
1603.480 2
1604.057 0
1604.635 0
1605.213 0
1605.790 0
1606.368 4
1606.946 1
1607.524 0
1608.101 3
1608.679 2
1609.257 2
1609.835 0
1610.413 1
1610.991 0
1611.569 0
1612.147 2
1612.726 1
1613.304 0
1613.882 0
1614.460 0
1615.038 2
1615.617 0
1616.195 2
1616.773 0
1617.352 1
1617.930 2
1618.508 1
1619.087 2
1619.665 1
1620.244 1
1620.823 2
1621.401 1
1621.980 0
1622.558 0
1623.137 1
1623.716 1
1624.295 0
1624.873 0
1625.452 3
1626.031 1
1626.610 3
1627.189 0
1627.768 2
1628.347 1
1628.926 0
1629.505 0
1630.084 2
1630.663 1
1631.242 0
1631.821 2
1632.401 0
1632.980 0
1633.559 0
1634.138 1
1634.718 0
1635.297 1
1635.877 2
1636.456 3
1637.036 1
1637.615 0
1638.195 2
1638.774 3
1639.354 0
1639.933 1
1640.513 0
1641.093 2
1641.672 2
1642.252 1
1642.832 1
1643.412 3
1643.992 2
1644.572 3
1645.151 3
1645.731 0
1646.311 0
1646.891 0
1647.471 1
1648.052 0
1648.632 3
1649.212 0
1649.792 1
1650.372 3
1650.952 0
1651.533 1
1652.113 1
1652.693 0
1653.274 0
1653.854 0
1654.435 1
1655.015 1
1655.596 1
1656.176 1
1656.757 1
1657.337 0
1657.918 1
1658.499 0
1659.079 1
1659.660 2
1660.241 1
1660.821 1
1661.402 2
1661.983 0
1662.564 1
1663.145 0
1663.726 0
1664.307 0
1664.888 2
1665.469 0
1666.050 0
1666.631 0
1667.212 1
1667.793 3
1668.375 3
1668.956 2
1669.537 1
1670.118 0
1670.700 0
1671.281 2
1671.863 0
1672.444 0
1673.025 0
1673.607 0
1674.189 0
1674.770 4
1675.352 1
1675.933 0
1676.515 1
1677.097 0
1677.678 0
1678.260 1
1678.842 0
1679.424 0
1680.006 1
1680.587 0
1681.169 0
1681.751 2
1682.333 0
1682.915 0
1683.497 2
1684.079 0
1684.662 0
1685.244 2
1685.826 0
1686.408 0
1686.990 1
1687.573 0
1688.155 1
1688.737 1
1689.320 2
1689.902 0
1690.484 1
1691.067 1
1691.649 0
1692.232 0
1692.814 2
1693.397 0
1693.980 1
1694.562 0
1695.145 0
1695.728 0
1696.310 0
1696.893 0
1697.476 1
1698.059 1
1698.642 1
1699.225 0
1699.808 1
1700.391 0
1700.974 0
1701.557 0
1702.140 2
1702.723 0
1703.306 2
1703.889 0
1704.472 1
1705.056 0
1705.639 1
1706.222 1
1706.806 0
1707.389 1
1707.972 1
1708.556 0
1709.139 0
1709.723 0
1710.306 0
1710.890 0
1711.473 0
1712.057 0
1712.641 0
1713.224 1
1713.808 2
1714.392 2
1714.976 1
1715.559 1
1716.143 0
1716.727 0
1717.311 0
1717.895 0
1718.479 1
1719.063 2
1719.647 0
1720.231 0
1720.815 0
1721.399 1
1721.983 1
1722.568 0
1723.152 0
1723.736 0
1724.320 0
1724.905 2
1725.489 0
1726.074 1
1726.658 1
1727.242 0
1727.827 0
1728.411 1
1728.996 0
1729.581 0
1730.165 0
1730.750 0
1731.335 0
1731.919 1
1732.504 1
1733.089 2
1733.674 0
1734.258 0
1734.843 0
1735.428 1
1736.013 0
1736.598 1
1737.183 0
1737.768 0
1738.353 1
1738.938 0
1739.524 1
1740.109 2
1740.694 0
1741.279 0
1741.864 1
1742.450 1
1743.035 1
1743.620 0
1744.206 1
1744.791 0
1745.377 2
1745.962 5
1746.548 1
1747.133 0
1747.719 3
1748.304 0
1748.890 0
1749.476 0
1750.061 2
1750.647 2
1751.233 0
1751.819 1
1752.405 0
1752.991 0
1753.576 1
1754.162 0
1754.748 0
1755.334 2
1755.920 2
1756.506 2
1757.093 0
1757.679 1
1758.265 1
1758.851 0
1759.437 0
1760.024 0
1760.610 1
1761.196 0
1761.783 2
1762.369 2
1762.955 1
1763.542 1
1764.128 2
1764.715 1
1765.301 0
1765.888 0
1766.475 1
1767.061 0
1767.648 0
1768.235 1
1768.821 0
1769.408 1
1769.995 1
1770.582 1
1771.169 1
1771.756 1
1772.342 2
1772.929 0
1773.516 2
1774.104 0
1774.691 1
1775.278 1
1775.865 1
1776.452 0
1777.039 0
1777.626 0
1778.214 1
1778.801 1
1779.388 1
1779.976 1
1780.563 0
1781.150 0
1781.738 1
1782.325 2
1782.913 2
1783.500 0
1784.088 1
1784.676 0
1785.263 2
1785.851 2
1786.439 1
1787.026 2
1787.614 1
1788.202 1
1788.790 2
1789.378 1
1789.966 0
1790.554 1
1791.142 0
1791.730 1
1792.318 0
1792.906 1
1793.494 1
1794.082 0
1794.670 2
1795.258 2
1795.846 0
1796.435 0
1797.023 0
1797.611 1
1798.200 1
1798.788 1
1799.376 0
1799.965 2
1800.553 1
1801.142 1
1801.730 1
1802.319 3
1802.908 1
1803.496 2
1804.085 2
1804.674 0
1805.262 1
1805.851 2
1806.440 0
1807.029 1
1807.618 1
1808.207 0
1808.796 0
1809.385 0
1809.974 1
1810.563 0
1811.152 2
1811.741 1
1812.330 2
1812.919 0
1813.508 3
1814.097 1
1814.687 0
1815.276 1
1815.865 1
1816.455 1
1817.044 2
1817.633 0
1818.223 0
1818.812 0
1819.402 0
1819.991 2
1820.581 0
1821.171 1
1821.760 0
1822.350 0
1822.940 4
1823.529 0
1824.119 0
1824.709 1
1825.299 0
1825.889 1
1826.479 0
1827.068 1
1827.658 0
1828.248 1
1828.838 0
1829.429 1
1830.019 0
1830.609 2
1831.199 0
1831.789 0
1832.379 2
1832.970 0
1833.560 0
1834.150 0
1834.741 1
1835.331 0
1835.921 1
1836.512 0
1837.102 2
1837.693 0
1838.283 1
1838.874 0
1839.464 2
1840.055 2
1840.646 0
1841.236 2
1841.827 3
1842.418 0
1843.009 0
1843.600 1
1844.191 0
1844.781 1
1845.372 0
1845.963 1
1846.554 2
1847.145 1
1847.736 0
1848.327 0
1848.919 0
1849.510 0
1850.101 0
1850.692 0
1851.283 0
1851.875 1
1852.466 0
1853.057 1
1853.649 0
1854.240 0
1854.832 0
1855.423 1
1856.015 0
1856.606 0
1857.198 0
1857.789 0
1858.381 0
1858.973 0
1859.564 0
1860.156 0
1860.748 0
1861.340 1
1861.931 3
1862.523 1
1863.115 2
1863.707 0
1864.299 0
1864.891 0
1865.483 1
1866.075 1
1866.667 2
1867.259 1
1867.852 0
1868.444 1
1869.036 1
1869.628 1
1870.220 1
1870.813 0
1871.405 1
1871.998 2
1872.590 0
1873.182 0
1873.775 0
1874.367 1
1874.960 0
1875.552 1
1876.145 0
1876.738 0
1877.330 1
1877.923 1
1878.516 0
1879.109 0
1879.701 1
1880.294 1
1880.887 2
1881.480 0
1882.073 0
1882.666 1
1883.259 0
1883.852 1
1884.445 1
1885.038 3
1885.631 0
1886.224 0
1886.817 1
1887.411 0
1888.004 0
1888.597 0
1889.191 0
1889.784 0
1890.377 1
1890.971 1
1891.564 0
1892.158 0
1892.751 0
1893.345 0
1893.938 1
1894.532 0
1895.125 0
1895.719 0
1896.313 0
1896.907 0
1897.500 0
1898.094 1
1898.688 0
1899.282 0
1899.876 0
1900.470 0
1901.064 2
1901.658 0
1902.252 0
1902.846 2
1903.440 0
1904.034 0
1904.628 0
1905.222 0
1905.816 0
1906.411 0
1907.005 0
1907.599 0
1908.194 1
1908.788 3
1909.382 0
1909.977 0
1910.571 1
1911.166 0
1911.760 0
1912.355 0
1912.949 0
1913.544 1
1914.139 1
1914.733 1
1915.328 0
1915.923 1
1916.518 0
1917.113 0
1917.707 2
1918.302 1
1918.897 0
1919.492 0
1920.087 0
1920.682 0
1921.277 0
1921.872 0
1922.467 1
1923.063 0
1923.658 0
1924.253 0
1924.848 0
1925.443 0
1926.039 0
1926.634 0
1927.229 0
1927.825 0
1928.420 0
1929.016 0
1929.611 0
1930.207 0
1930.802 0
1931.398 0
1931.994 0
1932.589 1
1933.185 2
1933.781 0
1934.376 1
1934.972 0
1935.568 0
1936.164 0
1936.760 1
1937.356 0
1937.952 0
1938.548 0
1939.144 0
1939.740 1
1940.336 0
1940.932 1
1941.528 0
1942.124 1
1942.720 1
1943.317 0
1943.913 0
1944.509 0
1945.106 0
1945.702 0
1946.298 0
1946.895 0
1947.491 1
1948.088 0
1948.684 2
1949.281 0
1949.878 0
1950.474 1
1951.071 3
1951.667 0
1952.264 0
1952.861 0
1953.458 2
1954.055 0
1954.651 1
1955.248 0
1955.845 0
1956.442 1
1957.039 0
1957.636 0
1958.233 0
1958.830 0
1959.427 0
1960.025 0
1960.622 0
1961.219 0
1961.816 0
1962.413 0
1963.011 1
1963.608 0
1964.205 1
1964.803 0
1965.400 0
1965.998 0
1966.595 0
1967.193 0
1967.790 0
1968.388 0
1968.986 0
1969.583 1
1970.181 0
1970.779 0
1971.376 0
1971.974 2
1972.572 0
1973.170 0
1973.768 0
1974.366 1
1974.964 0
1975.562 0
1976.160 0
1976.758 0
1977.356 0
1977.954 0
1978.552 0
1979.150 0
1979.748 0
1980.347 0
1980.945 0
1981.543 1
1982.142 0
1982.740 1
1983.338 0
1983.937 0
1984.535 0
1985.134 0
1985.732 2
1986.331 0
1986.929 0
1987.528 0
1988.127 0
1988.725 0
1989.324 0
1989.923 0
1990.522 0
1991.120 0
1991.719 0
1992.318 0
1992.917 0
1993.516 0
1994.115 0
1994.714 0
1995.313 0
1995.912 1
1996.511 1
1997.110 0
1997.710 1
1998.309 1
1998.908 1
1999.507 0
2000.107 0
2000.706 0
2001.305 0
2001.905 0
2002.504 1
2003.104 0
2003.703 0
2004.303 0
2004.902 1
2005.502 0
2006.101 0
2006.701 0
2007.301 0
2007.900 0
2008.500 0
2009.100 0
2009.700 0
2010.300 0
2010.899 0
2011.499 0
2012.099 1
2012.699 0
2013.299 1
2013.899 0
2014.499 1
2015.100 0
2015.700 0
2016.300 0
2016.900 0
2017.500 2
2018.101 0
2018.701 0
2019.301 0
2019.902 0
2020.502 0
2021.102 0
2021.703 1
2022.303 1
2022.904 0
2023.504 1
2024.105 0
2024.706 0
2025.306 0
2025.907 0
2026.508 1
2027.108 1
2027.709 0
2028.310 2
2028.911 0
2029.512 1
2030.113 0
2030.714 1
2031.315 0
2031.916 0
2032.517 0
2033.118 0
2033.719 0
2034.320 0
2034.921 3
2035.522 0
2036.123 0
2036.725 0
2037.326 1
2037.927 0
2038.529 0
2039.130 1
2039.732 1
2040.333 3
2040.935 0
2041.536 0
2042.138 0
2042.739 0
2043.341 0
2043.942 1
2044.544 1
2045.146 1
2045.748 0
2046.349 2
2046.951 0
2047.553 0
2048.155 0
2048.757 0
2049.359 1
2049.961 0
2050.563 1
2051.165 1
2051.767 0
2052.369 0
2052.971 0
2053.573 1
2054.175 0
2054.778 0
2055.380 0
2055.982 0
2056.585 0
2057.187 0
2057.789 2
2058.392 1
2058.994 0
2059.597 0
2060.199 0
2060.802 0
2061.404 0
2062.007 0
2062.610 0
2063.212 0
2063.815 0
2064.418 0
2065.020 0
2065.623 0
2066.226 0
2066.829 1
2067.432 1
2068.035 0
2068.638 1
2069.241 1
2069.844 0
2070.447 0
2071.050 0
2071.653 0
2072.256 0
2072.860 1
2073.463 0
2074.066 0
2074.669 1
2075.273 0
2075.876 0
2076.479 1
2077.083 0
2077.686 0
2078.290 0
2078.893 0
2079.497 0
2080.100 0
2080.704 0
2081.308 0
2081.911 1
2082.515 0
2083.119 0
2083.723 2
2084.326 0
2084.930 0
2085.534 0
2086.138 0
2086.742 0
2087.346 0
2087.950 0
2088.554 1
2089.158 0
2089.762 0
2090.366 0
2090.970 0
2091.575 0
2092.179 0
2092.783 1
2093.387 1
2093.992 0
2094.596 0
2095.200 1
2095.805 0
2096.409 1
2097.014 1
2097.618 0
2098.223 0
2098.827 0
2099.432 0
2100.037 0
2100.641 0
2101.246 2
2101.851 1
2102.456 1
2103.060 0
2103.665 2
2104.270 0
2104.875 0
2105.480 0
2106.085 0
2106.690 0
2107.295 0
2107.900 0
2108.505 0
2109.110 0
2109.715 0
2110.321 0
2110.926 1
2111.531 0
2112.136 0
2112.742 1
2113.347 1
2113.952 0
2114.558 1
2115.163 0
2115.769 0
2116.374 1
2116.980 1
2117.585 0
2118.191 0
2118.797 0
2119.402 1
2120.008 1
2120.614 0
2121.220 0
2121.825 0
2122.431 0
2123.037 0
2123.643 1
2124.249 0
2124.855 0
2125.461 0
2126.067 0
2126.673 1
2127.279 0
2127.885 0
2128.491 0
2129.097 1
2129.704 1
2130.310 0
2130.916 0
2131.523 0
2132.129 0
2132.735 0
2133.342 0
2133.948 0
2134.555 0
2135.161 0
2135.768 0
2136.374 1
2136.981 0
2137.588 0
2138.194 0
2138.801 1
2139.408 1
2140.014 1
2140.621 0
2141.228 1
2141.835 0
2142.442 1
2143.049 1
2143.656 0
2144.263 1
2144.870 0
2145.477 0
2146.084 0
2146.691 0
2147.298 0
2147.905 1
2148.513 1
2149.120 0
2149.727 1
2150.334 0
2150.942 0
2151.549 0
2152.157 0
2152.764 1
2153.372 3
2153.979 0
2154.587 2
2155.194 0
2155.802 0
2156.409 0
2157.017 0
2157.625 1
2158.232 0
2158.840 0
2159.448 1
2160.056 2
2160.664 0
2161.272 0
2161.880 2
2162.488 0
2163.096 1
2163.704 0
2164.312 0
2164.920 1
2165.528 0
2166.136 0
2166.744 0
2167.352 0
2167.961 0
2168.569 0
2169.177 0
2169.786 0
2170.394 1
2171.002 0
2171.611 0
2172.219 0
2172.828 0
2173.436 0
2174.045 0
2174.654 2
2175.262 0
2175.871 1
2176.480 0
2177.088 1
2177.697 0
2178.306 0
2178.915 1
2179.524 0
2180.132 0
2180.741 0
2181.350 0
2181.959 0
2182.568 0
2183.177 1
2183.786 1
2184.396 0
2185.005 0
2185.614 1
2186.223 0
2186.832 0
2187.442 1
2188.051 0
2188.660 0
2189.270 1
2189.879 0
2190.489 0
2191.098 0
2191.708 0
2192.317 0
2192.927 2
2193.536 0
2194.146 1
2194.756 0
2195.365 0
2195.975 0
2196.585 0
2197.195 1
2197.804 0
2198.414 0
2199.024 2
2199.634 0
2200.244 0
2200.854 0
2201.464 0
2202.074 0
2202.684 1
2203.294 0
2203.904 0
2204.515 0
2205.125 1
2205.735 0
2206.345 1
2206.956 0
2207.566 0
2208.176 0
2208.787 0
2209.397 0
2210.008 0
2210.618 0
2211.229 1
2211.839 0
2212.450 1
2213.061 0
2213.671 0
2214.282 0
2214.893 1
2215.503 0
2216.114 2
2216.725 0
2217.336 0
2217.947 0
2218.558 0
2219.169 1
2219.780 1
2220.391 0
2221.002 0
2221.613 0
2222.224 2
2222.835 0
2223.446 0
2224.057 0
2224.669 0
2225.280 0
2225.891 0
2226.503 2
2227.114 0
2227.725 0
2228.337 1
2228.948 1
2229.560 1
2230.171 1
2230.783 1
2231.394 0
2232.006 0
2232.618 1
2233.229 0
2233.841 0
2234.453 0
2235.065 0
2235.677 1
2236.288 0
2236.900 0
2237.512 0
2238.124 0
2238.736 0
2239.348 1
2239.960 1
2240.572 0
2241.184 0
2241.797 0
2242.409 1
2243.021 1
2243.633 1
2244.245 0
2244.858 0
2245.470 0
2246.082 0
2246.695 0
2247.307 1
2247.920 1
2248.532 1
2249.145 1
2249.757 0
2250.370 0
2250.983 0
2251.595 0
2252.208 0
2252.821 0
2253.433 0
2254.046 1
2254.659 0
2255.272 952
