2019_09_27_09_36_49_409 /home/raspion_user/data/Beacon_Calibration4.sp 1213659  600.000  529.450 2.734449 0.485724  0.0000147857
  15.499 293
  15.980 19
  16.461 28
  16.942 34
  17.423 32
  17.904 32
  18.385 43
  18.867 37
  19.348 37
  19.829 35
  20.310 58
  20.792 53
  21.273 65
  21.755 58
  22.236 68
  22.718 74
  23.199 72
  23.681 80
  24.162 80
  24.644 101
  25.126 110
  25.607 112
  26.089 121
  26.571 117
  27.053 145
  27.534 171
  28.016 165
  28.498 177
  28.980 207
  29.462 201
  29.944 233
  30.426 218
  30.908 253
  31.390 291
  31.872 311
  32.354 319
  32.837 329
  33.319 337
  33.801 401
  34.283 403
  34.766 428
  35.248 449
  35.730 521
  36.213 510
  36.695 555
  37.178 582
  37.660 584
  38.143 617
  38.625 621
  39.108 689
  39.591 753
  40.073 746
  40.556 812
  41.039 810
  41.521 845
  42.004 851
  42.487 842
  42.970 906
  43.453 895
  43.936 975
  44.419 980
  44.902 992
  45.385 954
  45.868 1017
  46.351 988
  46.834 1045
  47.317 1040
  47.800 1060
  48.283 1070
  48.767 1111
  49.250 1144
  49.733 1071
  50.217 1132
  50.700 1169
  51.183 1165
  51.667 1246
  52.150 1232
  52.634 1292
  53.117 1254
  53.601 1344
  54.084 1362
  54.568 1416
  55.052 1454
  55.535 1462
  56.019 1289
  56.503 1242
  56.987 1164
  57.470 1124
  57.954 1047
  58.438 1038
  58.922 983
  59.406 964
  59.890 930
  60.374 916
  60.858 832
  61.342 856
  61.826 818
  62.310 805
  62.795 796
  63.279 815
  63.763 738
  64.247 732
  64.732 720
  65.216 706
  65.700 748
  66.185 740
  66.669 736
  67.154 771
  67.638 703
  68.123 748
  68.607 709
  69.092 766
  69.576 681
  70.061 742
  70.546 712
  71.031 716
  71.515 726
  72.000 717
  72.485 755
  72.970 790
  73.455 797
  73.940 800
  74.424 856
  74.909 794
  75.394 797
  75.880 807
  76.365 844
  76.850 844
  77.335 843
  77.820 870
  78.305 844
  78.790 906
  79.276 907
  79.761 830
  80.246 872
  80.732 871
  81.217 879
  81.703 863
  82.188 918
  82.674 973
  83.159 988
  83.645 985
  84.130 974
  84.616 1021
  85.101 884
  85.587 994
  86.073 1072
  86.559 1007
  87.044 1069
  87.530 1034
  88.016 1065
  88.502 1042
  88.988 1085
  89.474 1119
  89.960 1147
  90.446 1224
  90.932 1106
  91.418 1195
  91.904 1172
  92.390 1251
  92.876 1253
  93.363 1325
  93.849 1328
  94.335 1451
  94.821 1328
  95.308 1408
  95.794 1418
  96.280 1473
  96.767 1399
  97.253 1513
  97.740 1503
  98.226 1593
  98.713 1506
  99.200 1612
  99.686 1647
 100.173 1699
 100.659 1581
 101.146 1694
 101.633 1743
 102.120 1790
 102.607 1807
 103.093 1857
 103.580 1914
 104.067 1959
 104.554 1768
 105.041 1996
 105.528 1991
 106.015 2020
 106.502 1974
 106.989 2046
 107.476 2128
 107.964 2177
 108.451 2208
 108.938 2266
 109.425 2187
 109.913 2297
 110.400 2373
 110.887 2261
 111.375 2349
 111.862 2481
 112.350 2376
 112.837 2455
 113.325 2423
 113.812 2538
 114.300 2632
 114.787 2590
 115.275 2704
 115.763 2636
 116.250 2715
 116.738 2807
 117.226 2757
 117.714 2993
 118.202 2935
 118.689 3022
 119.177 3145
 119.665 3191
 120.153 3211
 120.641 3201
 121.129 3337
 121.617 3272
 122.106 3356
 122.594 3534
 123.082 3654
 123.570 3703
 124.058 3806
 124.547 3865
 125.035 3899
 125.523 4131
 126.012 4036
 126.500 4381
 126.988 4295
 127.477 4392
 127.965 4218
 128.454 4524
 128.942 4745
 129.431 4907
 129.920 4720
 130.408 4966
 130.897 5057
 131.386 5152
 131.874 5087
 132.363 5319
 132.852 5380
 133.341 5525
 133.830 5417
 134.319 5627
 134.808 5664
 135.296 5615
 135.785 5535
 136.275 5786
 136.764 5608
 137.253 5796
 137.742 5594
 138.231 5794
 138.720 5492
 139.209 5618
 139.699 5570
 140.188 5474
 140.677 5398
 141.167 5338
 141.656 5110
 142.145 5077
 142.635 5036
 143.124 4910
 143.614 4558
 144.103 4471
 144.593 4380
 145.083 4299
 145.572 4007
 146.062 3940
 146.552 3794
 147.041 3676
 147.531 3400
 148.021 3469
 148.511 3155
 149.001 3076
 149.491 2979
 149.981 2825
 150.471 2768
 150.961 2699
 151.451 2442
 151.941 2388
 152.431 2348
 152.921 2188
 153.411 2123
 153.901 2067
 154.391 1970
 154.882 1875
 155.372 1819
 155.862 1781
 156.353 1587
 156.843 1572
 157.334 1503
 157.824 1497
 158.314 1412
 158.805 1402
 159.296 1302
 159.786 1335
 160.277 1289
 160.767 1282
 161.258 1204
 161.749 1196
 162.240 1156
 162.730 1104
 163.221 1032
 163.712 1055
 164.203 1021
 164.694 991
 165.185 949
 165.676 973
 166.167 955
 166.658 905
 167.149 853
 167.640 860
 168.131 850
 168.622 871
 169.113 819
 169.605 831
 170.096 850
 170.587 819
 171.078 748
 171.570 768
 172.061 747
 172.553 737
 173.044 752
 173.535 737
 174.027 745
 174.519 734
 175.010 662
 175.502 725
 175.993 651
 176.485 698
 176.977 689
 177.468 662
 177.960 652
 178.452 657
 178.944 660
 179.436 654
 179.928 663
 180.420 654
 180.912 622
 181.404 629
 181.896 623
 182.388 633
 182.880 610
 183.372 593
 183.864 647
 184.356 656
 184.848 598
 185.341 587
 185.833 628
 186.325 574
 186.818 577
 187.310 653
 187.802 609
 188.295 606
 188.787 610
 189.280 612
 189.772 635
 190.265 602
 190.758 623
 191.250 598
 191.743 651
 192.236 632
 192.728 637
 193.221 651
 193.714 619
 194.207 654
 194.700 548
 195.193 651
 195.686 596
 196.178 667
 196.671 628
 197.165 625
 197.658 689
 198.151 667
 198.644 658
 199.137 665
 199.630 670
 200.123 673
 200.617 608
 201.110 639
 201.603 671
 202.097 689
 202.590 623
 203.083 672
 203.577 647
 204.070 668
 204.564 695
 205.057 686
 205.551 638
 206.045 663
 206.538 685
 207.032 655
 207.526 658
 208.019 667
 208.513 641
 209.007 653
 209.501 683
 209.995 714
 210.488 687
 210.982 704
 211.476 655
 211.970 639
 212.464 641
 212.958 678
 213.453 670
 213.947 672
 214.441 656
 214.935 678
 215.429 655
 215.923 651
 216.418 634
 216.912 655
 217.406 658
 217.901 701
 218.395 603
 218.890 633
 219.384 612
 219.879 673
 220.373 629
 220.868 650
 221.362 660
 221.857 666
 222.352 629
 222.846 638
 223.341 677
 223.836 663
 224.331 626
 224.825 636
 225.320 624
 225.815 636
 226.310 579
 226.805 599
 227.300 622
 227.795 659
 228.290 623
 228.785 676
 229.280 635
 229.776 642
 230.271 627
 230.766 644
 231.261 619
 231.756 606
 232.252 554
 232.747 611
 233.243 561
 233.738 632
 234.233 630
 234.729 585
 235.224 600
 235.720 592
 236.215 630
 236.711 576
 237.207 605
 237.702 595
 238.198 554
 238.694 561
 239.190 595
 239.685 624
 240.181 595
 240.677 580
 241.173 579
 241.669 619
 242.165 580
 242.661 556
 243.157 600
 243.653 611
 244.149 580
 244.645 577
 245.141 595
 245.637 592
 246.134 581
 246.630 635
 247.126 625
 247.623 536
 248.119 596
 248.615 564
 249.112 584
 249.608 598
 250.105 543
 250.601 597
 251.098 584
 251.594 598
 252.091 520
 252.587 586
 253.084 573
 253.581 542
 254.077 506
 254.574 536
 255.071 553
 255.568 553
 256.065 550
 256.562 569
 257.059 541
 257.556 528
 258.052 503
 258.550 554
 259.047 521
 259.544 512
 260.041 554
 260.538 535
 261.035 588
 261.532 522
 262.030 466
 262.527 524
 263.024 523
 263.521 538
 264.019 521
 264.516 495
 265.014 539
 265.511 547
 266.009 540
 266.506 543
 267.004 477
 267.501 536
 267.999 469
 268.497 487
 268.994 493
 269.492 482
 269.990 485
 270.488 509
 270.985 528
 271.483 506
 271.981 481
 272.479 479
 272.977 512
 273.475 497
 273.973 458
 274.471 471
 274.969 494
 275.467 455
 275.966 518
 276.464 483
 276.962 474
 277.460 489
 277.958 464
 278.457 521
 278.955 460
 279.453 452
 279.952 489
 280.450 486
 280.949 499
 281.447 455
 281.946 509
 282.444 471
 282.943 459
 283.442 439
 283.940 469
 284.439 456
 284.938 497
 285.436 455
 285.935 454
 286.434 465
 286.933 483
 287.432 450
 287.931 444
 288.430 447
 288.929 431
 289.428 434
 289.927 442
 290.426 444
 290.925 423
 291.424 457
 291.923 426
 292.422 470
 292.922 431
 293.421 471
 293.920 469
 294.420 463
 294.919 478
 295.418 429
 295.918 426
 296.417 415
 296.917 448
 297.416 444
 297.916 447
 298.415 436
 298.915 461
 299.415 458
 299.914 410
 300.414 427
 300.914 427
 301.414 461
 301.914 425
 302.413 450
 302.913 472
 303.413 429
 303.913 461
 304.413 451
 304.913 429
 305.413 435
 305.913 452
 306.413 433
 306.914 466
 307.414 424
 307.914 439
 308.414 440
 308.914 453
 309.415 438
 309.915 432
 310.415 435
 310.916 418
 311.416 439
 311.917 427
 312.417 408
 312.918 402
 313.418 385
 313.919 420
 314.420 403
 314.920 455
 315.421 435
 315.922 430
 316.422 411
 316.923 437
 317.424 409
 317.925 405
 318.426 445
 318.927 403
 319.428 406
 319.929 382
 320.430 403
 320.931 427
 321.432 393
 321.933 387
 322.434 428
 322.935 409
 323.436 442
 323.938 361
 324.439 431
 324.940 422
 325.441 412
 325.943 390
 326.444 433
 326.946 415
 327.447 453
 327.949 379
 328.450 411
 328.952 412
 329.453 397
 329.955 418
 330.457 423
 330.958 413
 331.460 399
 331.962 386
 332.463 379
 332.965 409
 333.467 423
 333.969 405
 334.471 412
 334.973 413
 335.475 402
 335.977 382
 336.479 398
 336.981 421
 337.483 391
 337.985 384
 338.487 404
 338.990 420
 339.492 403
 339.994 413
 340.496 410
 340.999 409
 341.501 384
 342.004 381
 342.506 415
 343.008 406
 343.511 422
 344.013 367
 344.516 389
 345.019 418
 345.521 385
 346.024 395
 346.527 431
 347.029 421
 347.532 399
 348.035 420
 348.538 404
 349.040 443
 349.543 416
 350.046 378
 350.549 382
 351.052 415
 351.555 380
 352.058 366
 352.561 394
 353.064 374
 353.568 383
 354.071 342
 354.574 381
 355.077 379
 355.580 409
 356.084 369
 356.587 368
 357.090 421
 357.594 407
 358.097 362
 358.601 413
 359.104 407
 359.608 424
 360.111 355
 360.615 381
 361.118 415
 361.622 386
 362.126 379
 362.630 415
 363.133 411
 363.637 395
 364.141 398
 364.645 416
 365.149 426
 365.652 419
 366.156 405
 366.660 401
 367.164 373
 367.668 358
 368.173 373
 368.677 404
 369.181 413
 369.685 413
 370.189 388
 370.693 379
 371.198 418
 371.702 396
 372.206 384
 372.711 362
 373.215 382
 373.719 399
 374.224 394
 374.728 392
 375.233 390
 375.737 384
 376.242 333
 376.747 382
 377.251 397
 377.756 361
 378.261 389
 378.765 394
 379.270 392
 379.775 373
 380.280 370
 380.785 409
 381.290 415
 381.795 415
 382.300 352
 382.805 401
 383.310 378
 383.815 379
 384.320 394
 384.825 398
 385.330 395
 385.835 397
 386.341 342
 386.846 374
 387.351 389
 387.856 397
 388.362 352
 388.867 387
 389.373 351
 389.878 353
 390.384 343
 390.889 402
 391.395 363
 391.900 380
 392.406 404
 392.911 372
 393.417 430
 393.923 354
 394.429 389
 394.934 373
 395.440 361
 395.946 382
 396.452 371
 396.958 386
 397.464 424
 397.970 389
 398.476 392
 398.982 362
 399.488 385
 399.994 365
 400.500 353
 401.006 389
 401.512 389
 402.019 355
 402.525 378
 403.031 364
 403.537 379
 404.044 400
 404.550 351
 405.057 364
 405.563 379
 406.070 388
 406.576 391
 407.083 369
 407.589 369
 408.096 411
 408.602 436
 409.109 398
 409.616 421
 410.123 356
 410.629 361
 411.136 424
 411.643 381
 412.150 385
 412.657 367
 413.164 352
 413.671 378
 414.178 368
 414.685 391
 415.192 400
 415.699 409
 416.206 411
 416.713 401
 417.220 377
 417.728 381
 418.235 406
 418.742 406
 419.250 373
 419.757 408
 420.264 408
 420.772 383
 421.279 399
 421.787 371
 422.294 359
 422.802 351
 423.309 373
 423.817 333
 424.324 390
 424.832 378
 425.340 372
 425.848 386
 426.355 426
 426.863 385
 427.371 416
 427.879 397
 428.387 377
 428.895 391
 429.403 399
 429.911 391
 430.419 400
 430.927 377
 431.435 396
 431.943 413
 432.451 366
 432.959 369
 433.468 346
 433.976 353
 434.484 422
 434.992 376
 435.501 387
 436.009 398
 436.518 367
 437.026 379
 437.535 393
 438.043 367
 438.552 375
 439.060 401
 439.569 374
 440.077 390
 440.586 358
 441.095 365
 441.604 378
 442.112 389
 442.621 388
 443.130 388
 443.639 367
 444.148 378
 444.657 364
 445.166 394
 445.675 395
 446.184 353
 446.693 379
 447.202 357
 447.711 391
 448.220 340
 448.729 350
 449.239 355
 449.748 391
 450.257 390
 450.766 362
 451.276 363
 451.785 361
 452.295 399
 452.804 408
 453.313 372
 453.823 414
 454.332 368
 454.842 369
 455.352 312
 455.861 367
 456.371 365
 456.881 372
 457.390 347
 457.900 374
 458.410 365
 458.920 322
 459.430 345
 459.940 363
 460.450 340
 460.959 357
 461.469 384
 461.980 361
 462.490 356
 463.000 356
 463.510 355
 464.020 339
 464.530 341
 465.040 333
 465.551 317
 466.061 337
 466.571 333
 467.082 360
 467.592 316
 468.102 342
 468.613 335
 469.123 347
 469.634 321
 470.144 306
 470.655 322
 471.166 335
 471.676 291
 472.187 309
 472.698 320
 473.208 316
 473.719 303
 474.230 300
 474.741 311
 475.252 281
 475.762 318
 476.273 308
 476.784 302
 477.295 279
 477.806 288
 478.317 270
 478.828 301
 479.340 281
 479.851 289
 480.362 249
 480.873 274
 481.384 294
 481.896 271
 482.407 282
 482.918 258
 483.430 265
 483.941 239
 484.453 259
 484.964 270
 485.476 258
 485.987 243
 486.499 246
 487.010 237
 487.522 269
 488.034 243
 488.545 230
 489.057 247
 489.569 234
 490.081 235
 490.592 228
 491.104 247
 491.616 202
 492.128 205
 492.640 225
 493.152 221
 493.664 251
 494.176 230
 494.688 196
 495.200 254
 495.712 220
 496.225 229
 496.737 201
 497.249 210
 497.761 205
 498.274 205
 498.786 209
 499.298 198
 499.811 224
 500.323 198
 500.836 223
 501.348 227
 501.861 183
 502.373 210
 502.886 204
 503.399 178
 503.911 214
 504.424 202
 504.937 208
 505.449 199
 505.962 222
 506.475 209
 506.988 209
 507.501 185
 508.014 178
 508.527 188
 509.040 192
 509.553 193
 510.066 190
 510.579 183
 511.092 197
 511.605 202
 512.118 174
 512.632 174
 513.145 201
 513.658 201
 514.171 173
 514.685 158
 515.198 182
 515.711 171
 516.225 212
 516.738 185
 517.252 190
 517.765 184
 518.279 167
 518.793 166
 519.306 158
 519.820 156
 520.334 179
 520.847 187
 521.361 179
 521.875 169
 522.389 166
 522.903 176
 523.416 168
 523.930 190
 524.444 170
 524.958 153
 525.472 167
 525.986 159
 526.500 169
 527.015 166
 527.529 174
 528.043 187
 528.557 168
 529.071 151
 529.586 169
 530.100 186
 530.614 152
 531.129 147
 531.643 174
 532.158 142
 532.672 179
 533.186 171
 533.701 147
 534.216 165
 534.730 150
 535.245 155
 535.759 150
 536.274 175
 536.789 153
 537.304 160
 537.818 150
 538.333 147
 538.848 162
 539.363 158
 539.878 162
 540.393 156
 540.908 150
 541.423 138
 541.938 130
 542.453 162
 542.968 161
 543.483 155
 543.998 145
 544.514 125
 545.029 161
 545.544 138
 546.059 143
 546.575 157
 547.090 147
 547.606 143
 548.121 151
 548.636 139
 549.152 158
 549.668 137
 550.183 132
 550.699 157
 551.214 147
 551.730 122
 552.246 158
 552.761 141
 553.277 160
 553.793 135
 554.309 151
 554.825 161
 555.341 122
 555.856 131
 556.372 135
 556.888 141
 557.404 132
 557.920 132
 558.436 137
 558.953 134
 559.469 168
 559.985 148
 560.501 139
 561.017 148
 561.534 133
 562.050 151
 562.566 134
 563.083 126
 563.599 108
 564.115 153
 564.632 124
 565.148 140
 565.665 127
 566.182 151
 566.698 150
 567.215 145
 567.731 134
 568.248 128
 568.765 142
 569.282 138
 569.798 155
 570.315 136
 570.832 142
 571.349 143
 571.866 163
 572.383 127
 572.900 155
 573.417 128
 573.934 135
 574.451 150
 574.968 137
 575.485 141
 576.002 143
 576.520 118
 577.037 124
 577.554 137
 578.071 142
 578.589 126
 579.106 141
 579.623 138
 580.141 135
 580.658 124
 581.176 136
 581.693 150
 582.211 149
 582.729 124
 583.246 134
 583.764 144
 584.281 141
 584.799 130
 585.317 143
 585.835 134
 586.353 132
 586.870 134
 587.388 139
 587.906 155
 588.424 146
 588.942 133
 589.460 131
 589.978 149
 590.496 159
 591.014 144
 591.533 150
 592.051 149
 592.569 152
 593.087 147
 593.605 126
 594.124 114
 594.642 174
 595.160 152
 595.679 152
 596.197 160
 596.716 147
 597.234 154
 597.753 166
 598.271 146
 598.790 152
 599.308 153
 599.827 159
 600.346 146
 600.865 177
 601.383 166
 601.902 159
 602.421 150
 602.940 167
 603.459 158
 603.978 178
 604.496 156
 605.015 179
 605.534 184
 606.054 160
 606.573 162
 607.092 183
 607.611 174
 608.130 178
 608.649 200
 609.168 207
 609.688 181
 610.207 189
 610.726 222
 611.246 181
 611.765 201
 612.285 220
 612.804 218
 613.323 215
 613.843 219
 614.363 231
 614.882 221
 615.402 242
 615.921 244
 616.441 251
 616.961 259
 617.481 236
 618.000 263
 618.520 266
 619.040 271
 619.560 307
 620.080 268
 620.600 300
 621.120 269
 621.640 313
 622.160 306
 622.680 343
 623.200 344
 623.720 299
 624.240 329
 624.760 348
 625.281 350
 625.801 360
 626.321 368
 626.842 415
 627.362 377
 627.882 425
 628.403 395
 628.923 419
 629.444 458
 629.964 470
 630.485 468
 631.005 454
 631.526 506
 632.047 514
 632.567 565
 633.088 595
 633.609 555
 634.130 583
 634.650 597
 635.171 619
 635.692 614
 636.213 568
 636.734 578
 637.255 692
 637.776 647
 638.297 706
 638.818 691
 639.339 725
 639.860 793
 640.381 755
 640.903 808
 641.424 826
 641.945 854
 642.466 859
 642.988 838
 643.509 919
 644.030 944
 644.552 907
 645.073 919
 645.595 1017
 646.116 1031
 646.638 989
 647.159 1083
 647.681 1094
 648.203 1123
 648.724 1149
 649.246 1111
 649.768 1106
 650.290 1210
 650.811 1242
 651.333 1213
 651.855 1259
 652.377 1255
 652.899 1282
 653.421 1296
 653.943 1388
 654.465 1395
 654.987 1404
 655.509 1410
 656.031 1475
 656.553 1426
 657.076 1559
 657.598 1487
 658.120 1545
 658.642 1544
 659.165 1548
 659.687 1548
 660.210 1617
 660.732 1644
 661.254 1613
 661.777 1603
 662.299 1665
 662.822 1672
 663.345 1636
 663.867 1633
 664.390 1731
 664.912 1769
 665.435 1745
 665.958 1661
 666.481 1840
 667.004 1719
 667.526 1766
 668.049 1741
 668.572 1882
 669.095 1755
 669.618 1844
 670.141 1760
 670.664 1826
 671.187 1930
 671.710 1772
 672.233 1873
 672.757 1860
 673.280 1769
 673.803 1722
 674.326 1837
 674.850 1834
 675.373 1753
 675.896 1713
 676.420 1751
 676.943 1763
 677.466 1706
 677.990 1703
 678.513 1713
 679.037 1717
 679.561 1659
 680.084 1592
 680.608 1556
 681.132 1631
 681.655 1552
 682.179 1554
 682.703 1505
 683.227 1577
 683.750 1477
 684.274 1411
 684.798 1358
 685.322 1497
 685.846 1460
 686.370 1435
 686.894 1342
 687.418 1442
 687.942 1326
 688.466 1347
 688.991 1288
 689.515 1282
 690.039 1250
 690.563 1155
 691.087 1256
 691.612 1235
 692.136 1120
 692.661 1107
 693.185 1035
 693.709 1047
 694.234 994
 694.758 968
 695.283 964
 695.808 955
 696.332 947
 696.857 894
 697.381 888
 697.906 849
 698.431 904
 698.956 785
 699.480 771
 700.005 748
 700.530 756
 701.055 693
 701.580 728
 702.105 694
 702.630 664
 703.155 691
 703.680 599
 704.205 617
 704.730 629
 705.255 546
 705.781 577
 706.306 567
 706.831 546
 707.356 472
 707.882 506
 708.407 475
 708.932 464
 709.458 426
 709.983 439
 710.509 412
 711.034 430
 711.560 416
 712.085 364
 712.611 357
 713.137 381
 713.662 390
 714.188 297
 714.714 373
 715.240 337
 715.765 314
 716.291 300
 716.817 296
 717.343 295
 717.869 281
 718.395 262
 718.921 290
 719.447 270
 719.973 267
 720.499 236
 721.025 254
 721.551 252
 722.078 217
 722.604 237
 723.130 219
 723.656 213
 724.183 203
 724.709 219
 725.235 222
 725.762 199
 726.288 201
 726.815 185
 727.341 192
 727.868 183
 728.394 181
 728.921 177
 729.448 172
 729.974 170
 730.501 185
 731.028 138
 731.554 159
 732.081 159
 732.608 164
 733.135 144
 733.662 146
 734.189 150
 734.716 163
 735.243 170
 735.770 163
 736.297 149
 736.824 151
 737.351 148
 737.878 152
 738.405 148
 738.933 128
 739.460 150
 739.987 148
 740.514 142
 741.042 138
 741.569 120
 742.097 128
 742.624 162
 743.151 138
 743.679 136
 744.206 129
 744.734 128
 745.262 122
 745.789 132
 746.317 119
 746.845 129
 747.372 113
 747.900 131
 748.428 120
 748.956 147
 749.484 118
 750.012 138
 750.539 129
 751.067 129
 751.595 134
 752.123 113
 752.651 137
 753.180 123
 753.708 137
 754.236 116
 754.764 122
 755.292 106
 755.821 121
 756.349 110
 756.877 110
 757.405 111
 757.934 109
 758.462 119
 758.991 124
 759.519 110
 760.048 112
 760.576 119
 761.105 129
 761.633 110
 762.162 87
 762.691 108
 763.219 105
 763.748 108
 764.277 119
 764.806 127
 765.334 94
 765.863 110
 766.392 112
 766.921 114
 767.450 110
 767.979 114
 768.508 116
 769.037 105
 769.566 105
 770.095 105
 770.625 120
 771.154 96
 771.683 89
 772.212 101
 772.741 111
 773.271 111
 773.800 96
 774.329 106
 774.859 143
 775.388 87
 775.918 108
 776.447 105
 776.977 100
 777.506 106
 778.036 102
 778.566 86
 779.095 115
 779.625 100
 780.155 122
 780.685 108
 781.214 114
 781.744 99
 782.274 98
 782.804 98
 783.334 97
 783.864 99
 784.394 105
 784.924 111
 785.454 113
 785.984 112
 786.514 110
 787.044 96
 787.574 118
 788.105 109
 788.635 117
 789.165 112
 789.695 94
 790.226 99
 790.756 107
 791.286 95
 791.817 72
 792.347 93
 792.878 112
 793.408 101
 793.939 113
 794.470 87
 795.000 117
 795.531 99
 796.062 109
 796.592 104
 797.123 97
 797.654 94
 798.185 99
 798.716 104
 799.246 105
 799.777 101
 800.308 120
 800.839 101
 801.370 115
 801.901 94
 802.432 90
 802.964 103
 803.495 117
 804.026 92
 804.557 103
 805.088 97
 805.620 104
 806.151 98
 806.682 92
 807.214 86
 807.745 94
 808.276 104
 808.808 107
 809.339 86
 809.871 102
 810.403 103
 810.934 100
 811.466 93
 811.997 93
 812.529 118
 813.061 90
 813.593 97
 814.124 96
 814.656 89
 815.188 91
 815.720 105
 816.252 89
 816.784 101
 817.316 88
 817.848 93
 818.380 92
 818.912 103
 819.444 113
 819.976 83
 820.508 95
 821.041 95
 821.573 98
 822.105 101
 822.637 91
 823.170 108
 823.702 85
 824.235 83
 824.767 94
 825.299 97
 825.832 94
 826.364 104
 826.897 95
 827.430 101
 827.962 125
 828.495 81
 829.028 97
 829.560 91
 830.093 91
 830.626 92
 831.159 101
 831.692 86
 832.224 74
 832.757 82
 833.290 100
 833.823 96
 834.356 84
 834.889 94
 835.422 95
 835.955 83
 836.489 102
 837.022 85
 837.555 101
 838.088 107
 838.622 96
 839.155 99
 839.688 97
 840.222 94
 840.755 96
 841.288 77
 841.822 92
 842.355 83
 842.889 89
 843.422 87
 843.956 95
 844.490 92
 845.023 82
 845.557 93
 846.091 71
 846.624 96
 847.158 92
 847.692 90
 848.226 72
 848.760 98
 849.294 98
 849.828 86
 850.362 73
 850.896 82
 851.430 97
 851.964 84
 852.498 126
 853.032 98
 853.566 77
 854.100 87
 854.635 78
 855.169 107
 855.703 89
 856.238 69
 856.772 102
 857.306 90
 857.841 74
 858.375 84
 858.910 87
 859.444 80
 859.979 81
 860.513 105
 861.048 90
 861.583 88
 862.117 102
 862.652 87
 863.187 101
 863.722 78
 864.256 88
 864.791 82
 865.326 71
 865.861 77
 866.396 89
 866.931 86
 867.466 94
 868.001 106
 868.536 77
 869.071 75
 869.606 93
 870.141 97
 870.677 89
 871.212 79
 871.747 105
 872.282 87
 872.818 81
 873.353 78
 873.889 98
 874.424 73
 874.959 92
 875.495 96
 876.030 100
 876.566 94
 877.102 104
 877.637 82
 878.173 103
 878.709 112
 879.244 93
 879.780 95
 880.316 101
 880.852 75
 881.387 85
 881.923 82
 882.459 91
 882.995 77
 883.531 115
 884.067 97
 884.603 85
 885.139 77
 885.675 77
 886.212 89
 886.748 83
 887.284 103
 887.820 93
 888.356 87
 888.893 72
 889.429 88
 889.965 86
 890.502 96
 891.038 86
 891.575 94
 892.111 88
 892.648 87
 893.184 107
 893.721 75
 894.257 83
 894.794 89
 895.331 95
 895.868 76
 896.404 104
 896.941 91
 897.478 89
 898.015 93
 898.552 87
 899.088 96
 899.625 94
 900.162 89
 900.699 82
 901.236 80
 901.774 90
 902.311 104
 902.848 70
 903.385 90
 903.922 89
 904.459 89
 904.997 96
 905.534 89
 906.071 95
 906.609 93
 907.146 84
 907.683 92
 908.221 83
 908.758 95
 909.296 86
 909.833 84
 910.371 86
 910.909 93
 911.446 98
 911.984 83
 912.522 79
 913.059 86
 913.597 86
 914.135 97
 914.673 74
 915.211 79
 915.749 92
 916.287 85
 916.825 81
 917.363 90
 917.901 86
 918.439 78
 918.977 78
 919.515 84
 920.053 101
 920.591 76
 921.129 95
 921.668 88
 922.206 81
 922.744 78
 923.283 81
 923.821 77
 924.360 103
 924.898 96
 925.436 89
 925.975 84
 926.514 76
 927.052 79
 927.591 93
 928.129 95
 928.668 70
 929.207 85
 929.745 75
 930.284 65
 930.823 77
 931.362 76
 931.901 80
 932.440 62
 932.979 78
 933.518 78
 934.057 83
 934.596 96
 935.135 78
 935.674 68
 936.213 61
 936.752 76
 937.291 85
 937.831 66
 938.370 81
 938.909 86
 939.448 79
 939.988 71
 940.527 101
 941.067 78
 941.606 83
 942.145 68
 942.685 88
 943.225 62
 943.764 66
 944.304 65
 944.843 77
 945.383 91
 945.923 82
 946.463 79
 947.002 59
 947.542 80
 948.082 68
 948.622 68
 949.162 63
 949.702 59
 950.242 75
 950.782 69
 951.322 76
 951.862 73
 952.402 92
 952.942 72
 953.482 58
 954.022 84
 954.563 77
 955.103 81
 955.643 74
 956.183 76
 956.724 61
 957.264 57
 957.805 76
 958.345 71
 958.885 93
 959.426 73
 959.967 78
 960.507 66
 961.048 76
 961.588 73
 962.129 77
 962.670 71
 963.210 72
 963.751 78
 964.292 66
 964.833 66
 965.374 51
 965.915 73
 966.456 68
 966.997 73
 967.538 72
 968.079 61
 968.620 63
 969.161 77
 969.702 62
 970.243 69
 970.784 69
 971.325 58
 971.867 64
 972.408 68
 972.949 59
 973.491 57
 974.032 61
 974.573 62
 975.115 89
 975.656 61
 976.198 74
 976.739 64
 977.281 69
 977.823 75
 978.364 71
 978.906 63
 979.448 70
 979.989 59
 980.531 76
 981.073 72
 981.615 73
 982.157 69
 982.699 74
 983.240 68
 983.782 64
 984.324 59
 984.866 63
 985.409 57
 985.951 80
 986.493 68
 987.035 67
 987.577 58
 988.119 64
 988.662 66
 989.204 75
 989.746 61
 990.289 65
 990.831 63
 991.373 65
 991.916 69
 992.458 66
 993.001 68
 993.543 54
 994.086 57
 994.628 58
 995.171 55
 995.714 64
 996.256 58
 996.799 56
 997.342 50
 997.885 63
 998.428 58
 998.970 59
 999.513 83
1000.056 71
1000.599 68
1001.142 79
1001.685 60
1002.228 62
1002.771 49
1003.315 64
1003.858 67
1004.401 62
1004.944 56
1005.487 62
1006.031 67
1006.574 55
1007.117 76
1007.661 61
1008.204 59
1008.748 72
1009.291 47
1009.835 63
1010.378 56
1010.922 50
1011.465 61
1012.009 63
1012.553 65
1013.096 56
1013.640 65
1014.184 57
1014.728 49
1015.271 58
1015.815 64
1016.359 55
1016.903 75
1017.447 74
1017.991 54
1018.535 74
1019.079 62
1019.623 67
1020.167 60
1020.711 59
1021.256 51
1021.800 59
1022.344 62
1022.888 60
1023.433 71
1023.977 61
1024.521 65
1025.066 59
1025.610 53
1026.155 54
1026.699 60
1027.244 70
1027.788 62
1028.333 54
1028.878 55
1029.422 59
1029.967 67
1030.512 58
1031.056 50
1031.601 74
1032.146 56
1032.691 37
1033.236 72
1033.781 56
1034.326 54
1034.871 61
1035.416 38
1035.961 40
1036.506 57
1037.051 60
1037.596 50
1038.141 47
1038.687 48
1039.232 56
1039.777 69
1040.322 79
1040.868 57
1041.413 54
1041.959 60
1042.504 68
1043.049 55
1043.595 56
1044.140 53
1044.686 55
1045.232 57
1045.777 55
1046.323 45
1046.869 63
1047.414 67
1047.960 61
1048.506 68
1049.052 63
1049.598 50
1050.144 43
1050.689 55
1051.235 64
1051.781 44
1052.327 46
1052.873 53
1053.420 41
1053.966 61
1054.512 58
1055.058 57
1055.604 64
1056.150 69
1056.697 51
1057.243 61
1057.789 49
1058.336 61
1058.882 51
1059.429 41
1059.975 62
1060.522 58
1061.068 58
1061.615 47
1062.161 62
1062.708 43
1063.255 56
1063.801 55
1064.348 44
1064.895 52
1065.442 62
1065.988 38
1066.535 67
1067.082 60
1067.629 47
1068.176 64
1068.723 52
1069.270 56
1069.817 69
1070.364 59
1070.911 48
1071.458 47
1072.006 44
1072.553 51
1073.100 49
1073.647 50
1074.195 60
1074.742 48
1075.289 54
1075.837 50
1076.384 39
1076.932 54
1077.479 55
1078.027 42
1078.574 51
1079.122 38
1079.669 57
1080.217 44
1080.765 60
1081.312 42
1081.860 44
1082.408 54
1082.956 34
1083.504 43
1084.052 48
1084.600 41
1085.147 52
1085.695 47
1086.243 44
1086.792 54
1087.340 54
1087.888 45
1088.436 41
1088.984 44
1089.532 53
1090.080 57
1090.629 37
1091.177 40
1091.725 44
1092.274 37
1092.822 57
1093.371 39
1093.919 51
1094.468 38
1095.016 35
1095.565 39
1096.113 49
1096.662 41
1097.211 52
1097.759 32
1098.308 45
1098.857 36
1099.406 43
1099.954 42
1100.503 48
1101.052 44
1101.601 42
1102.150 50
1102.699 47
1103.248 47
1103.797 40
1104.346 49
1104.895 52
1105.444 43
1105.993 58
1106.543 57
1107.092 44
1107.641 50
1108.190 48
1108.740 54
1109.289 45
1109.839 42
1110.388 49
1110.937 54
1111.487 59
1112.037 55
1112.586 50
1113.136 51
1113.685 53
1114.235 44
1114.785 38
1115.334 56
1115.884 52
1116.434 53
1116.984 51
1117.534 50
1118.083 60
1118.633 45
1119.183 55
1119.733 64
1120.283 56
1120.833 54
1121.383 52
1121.934 63
1122.484 49
1123.034 61
1123.584 56
1124.134 57
1124.685 60
1125.235 59
1125.785 53
1126.336 53
1126.886 61
1127.436 57
1127.987 55
1128.537 49
1129.088 74
1129.638 64
1130.189 74
1130.740 62
1131.290 71
1131.841 77
1132.392 75
1132.942 72
1133.493 76
1134.044 63
1134.595 88
1135.146 76
1135.697 92
1136.248 72
1136.799 84
1137.350 77
1137.901 78
1138.452 69
1139.003 89
1139.554 90
1140.105 91
1140.656 74
1141.208 91
1141.759 84
1142.310 65
1142.862 83
1143.413 99
1143.964 98
1144.516 89
1145.067 93
1145.619 94
1146.170 94
1146.722 108
1147.273 98
1147.825 109
1148.377 114
1148.928 91
1149.480 111
1150.032 116
1150.584 106
1151.135 113
1151.687 121
1152.239 106
1152.791 128
1153.343 112
1153.895 98
1154.447 127
1154.999 122
1155.551 112
1156.103 124
1156.655 141
1157.207 134
1157.760 126
1158.312 125
1158.864 113
1159.416 127
1159.969 115
1160.521 128
1161.074 126
1161.626 142
1162.178 120
1162.731 127
1163.283 137
1163.836 125
1164.389 148
1164.941 121
1165.494 151
1166.047 127
1166.599 138
1167.152 136
1167.705 171
1168.258 152
1168.810 151
1169.363 140
1169.916 144
1170.469 144
1171.022 159
1171.575 171
1172.128 119
1172.681 158
1173.234 154
1173.787 157
1174.341 161
1174.894 155
1175.447 179
1176.000 160
1176.554 161
1177.107 147
1177.660 165
1178.214 155
1178.767 148
1179.321 168
1179.874 145
1180.428 173
1180.981 162
1181.535 156
1182.088 137
1182.642 160
1183.196 163
1183.749 142
1184.303 149
1184.857 147
1185.411 135
1185.965 154
1186.518 158
1187.072 117
1187.626 146
1188.180 153
1188.734 176
1189.288 154
1189.842 129
1190.396 130
1190.951 143
1191.505 144
1192.059 158
1192.613 159
1193.167 139
1193.722 132
1194.276 148
1194.830 145
1195.385 123
1195.939 130
1196.494 154
1197.048 136
1197.603 135
1198.157 123
1198.712 124
1199.266 143
1199.821 123
1200.376 118
1200.930 118
1201.485 124
1202.040 120
1202.595 104
1203.150 123
1203.705 106
1204.259 128
1204.814 126
1205.369 110
1205.924 99
1206.479 96
1207.034 106
1207.590 103
1208.145 103
1208.700 95
1209.255 95
1209.810 101
1210.366 98
1210.921 93
1211.476 92
1212.031 91
1212.587 102
1213.142 98
1213.698 69
1214.253 102
1214.809 85
1215.364 78
1215.920 85
1216.475 82
1217.031 71
1217.587 74
1218.143 65
1218.698 63
1219.254 79
1219.810 68
1220.366 68
1220.922 71
1221.477 64
1222.033 55
1222.589 72
1223.145 60
1223.701 73
1224.257 74
1224.814 59
1225.370 57
1225.926 67
1226.482 61
1227.038 63
1227.595 54
1228.151 49
1228.707 53
1229.263 43
1229.820 45
1230.376 43
1230.933 44
1231.489 51
1232.046 50
1232.602 42
1233.159 49
1233.715 54
1234.272 50
1234.829 47
1235.386 50
1235.942 52
1236.499 38
1237.056 39
1237.613 37
1238.170 42
1238.726 41
1239.283 33
1239.840 35
1240.397 42
1240.954 32
1241.511 36
1242.069 50
1242.626 30
1243.183 54
1243.740 32
1244.297 42
1244.854 38
1245.412 35
1245.969 36
1246.526 24
1247.084 36
1247.641 33
1248.199 37
1248.756 34
1249.314 27
1249.871 27
1250.429 33
1250.986 23
1251.544 26
1252.102 25
1252.659 38
1253.217 29
1253.775 23
1254.333 33
1254.891 28
1255.448 28
1256.006 34
1256.564 25
1257.122 20
1257.680 35
1258.238 31
1258.796 40
1259.354 35
1259.913 35
1260.471 30
1261.029 36
1261.587 28
1262.145 34
1262.704 32
1263.262 35
1263.820 26
1264.379 33
1264.937 24
1265.496 33
1266.054 32
1266.613 33
1267.171 32
1267.730 32
1268.288 23
1268.847 38
1269.406 40
1269.964 25
1270.523 26
1271.082 28
1271.641 27
1272.199 42
1272.758 27
1273.317 32
1273.876 34
1274.435 37
1274.994 30
1275.553 49
1276.112 38
1276.671 30
1277.230 39
1277.790 39
1278.349 44
1278.908 37
1279.467 32
1280.026 39
1280.586 32
1281.145 43
1281.705 33
1282.264 45
1282.823 44
1283.383 45
1283.942 43
1284.502 50
1285.061 49
1285.621 45
1286.181 43
1286.740 52
1287.300 47
1287.860 40
1288.420 48
1288.979 55
1289.539 58
1290.099 63
1290.659 68
1291.219 58
1291.779 56
1292.339 45
1292.899 56
1293.459 50
1294.019 53
1294.579 65
1295.139 71
1295.699 70
1296.260 60
1296.820 55
1297.380 58
1297.941 46
1298.501 65
1299.061 67
1299.622 56
1300.182 83
1300.743 60
1301.303 83
1301.864 68
1302.424 65
1302.985 68
1303.545 70
1304.106 67
1304.667 90
1305.228 64
1305.788 65
1306.349 79
1306.910 73
1307.471 94
1308.032 62
1308.593 103
1309.154 95
1309.715 83
1310.276 82
1310.837 87
1311.398 88
1311.959 86
1312.520 86
1313.081 86
1313.642 87
1314.204 82
1314.765 84
1315.326 93
1315.888 119
1316.449 85
1317.010 83
1317.572 112
1318.133 108
1318.695 108
1319.256 95
1319.818 120
1320.379 79
1320.941 92
1321.503 106
1322.064 108
1322.626 111
1323.188 99
1323.750 94
1324.312 106
1324.873 118
1325.435 98
1325.997 105
1326.559 108
1327.121 102
1327.683 111
1328.245 122
1328.807 101
1329.369 101
1329.932 110
1330.494 115
1331.056 136
1331.618 125
1332.181 130
1332.743 118
1333.305 106
1333.868 133
1334.430 125
1334.992 112
1335.555 97
1336.117 131
1336.680 142
1337.242 118
1337.805 126
1338.368 116
1338.930 92
1339.493 127
1340.056 109
1340.619 135
1341.181 136
1341.744 122
1342.307 113
1342.870 125
1343.433 113
1343.996 131
1344.559 123
1345.122 113
1345.685 114
1346.248 132
1346.811 114
1347.374 122
1347.937 128
1348.501 124
1349.064 125
1349.627 129
1350.190 116
1350.754 130
1351.317 109
1351.881 91
1352.444 121
1353.007 94
1353.571 103
1354.134 108
1354.698 91
1355.262 117
1355.825 109
1356.389 108
1356.953 110
1357.516 109
1358.080 107
1358.644 94
1359.208 104
1359.772 108
1360.335 100
1360.899 95
1361.463 101
1362.027 110
1362.591 110
1363.155 103
1363.719 95
1364.284 106
1364.848 85
1365.412 95
1365.976 72
1366.540 92
1367.105 74
1367.669 77
1368.233 78
1368.798 78
1369.362 80
1369.926 81
1370.491 69
1371.055 82
1371.620 67
1372.185 81
1372.749 90
1373.314 62
1373.878 91
1374.443 74
1375.008 69
1375.573 83
1376.137 71
1376.702 59
1377.267 63
1377.832 65
1378.397 62
1378.962 72
1379.527 60
1380.092 59
1380.657 57
1381.222 62
1381.787 52
1382.352 59
1382.917 43
1383.483 56
1384.048 54
1384.613 37
1385.178 46
1385.744 61
1386.309 48
1386.874 57
1387.440 43
1388.005 46
1388.571 39
1389.136 42
1389.702 39
1390.268 40
1390.833 45
1391.399 43
1391.965 40
1392.530 41
1393.096 40
1393.662 27
1394.228 36
1394.793 34
1395.359 31
1395.925 50
1396.491 36
1397.057 31
1397.623 24
1398.189 28
1398.755 37
1399.321 36
1399.888 27
1400.454 33
1401.020 32
1401.586 25
1402.152 31
1402.719 22
1403.285 20
1403.851 30
1404.418 26
1404.984 26
1405.551 28
1406.117 20
1406.684 15
1407.250 25
1407.817 23
1408.384 19
1408.950 18
1409.517 30
1410.084 19
1410.650 19
1411.217 21
1411.784 18
1412.351 20
1412.918 17
1413.485 21
1414.052 17
1414.619 28
1415.186 17
1415.753 17
1416.320 23
1416.887 24
1417.454 21
1418.021 16
1418.588 18
1419.156 17
1419.723 19
1420.290 16
1420.857 13
1421.425 13
1421.992 19
1422.560 11
1423.127 15
1423.695 13
1424.262 17
1424.830 16
1425.397 13
1425.965 7
1426.533 16
1427.100 7
1427.668 17
1428.236 9
1428.803 14
1429.371 9
1429.939 16
1430.507 13
1431.075 16
1431.643 10
1432.211 12
1432.779 12
1433.347 17
1433.915 6
1434.483 11
1435.051 8
1435.619 11
1436.188 16
1436.756 11
1437.324 12
1437.892 6
1438.461 10
1439.029 8
1439.597 12
1440.166 20
1440.734 13
1441.303 7
1441.871 12
1442.440 11
1443.008 17
1443.577 13
1444.146 9
1444.714 9
1445.283 11
1445.852 10
1446.421 12
1446.989 10
1447.558 12
1448.127 10
1448.696 7
1449.265 14
1449.834 13
1450.403 6
1450.972 8
1451.541 14
1452.110 12
1452.679 9
1453.249 5
1453.818 15
1454.387 9
1454.956 10
1455.526 21
1456.095 9
1456.664 11
1457.234 12
1457.803 9
1458.373 10
1458.942 13
1459.512 8
1460.081 8
1460.651 3
1461.220 15
1461.790 5
1462.360 6
1462.929 11
1463.499 5
1464.069 4
1464.639 7
1465.209 11
1465.778 8
1466.348 4
1466.918 13
1467.488 9
1468.058 11
1468.628 8
1469.198 7
1469.768 8
1470.339 5
1470.909 10
1471.479 6
1472.049 11
1472.619 9
1473.190 9
1473.760 7
1474.330 4
1474.901 4
1475.471 7
1476.042 9
1476.612 4
1477.183 8
1477.753 9
1478.324 9
1478.894 6
1479.465 10
1480.036 9
1480.606 5
1481.177 14
1481.748 10
1482.319 10
1482.890 10
1483.460 8
1484.031 11
1484.602 10
1485.173 10
1485.744 3
1486.315 5
1486.886 9
1487.458 5
1488.029 9
1488.600 8
1489.171 7
1489.742 4
1490.313 4
1490.885 6
1491.456 3
1492.027 6
1492.599 4
1493.170 7
1493.742 8
1494.313 7
1494.885 5
1495.456 9
1496.028 4
1496.599 10
1497.171 10
1497.743 3
1498.314 7
1498.886 6
1499.458 6
1500.030 5
1500.602 4
1501.174 4
1501.745 4
1502.317 7
1502.889 3
1503.461 3
1504.033 3
1504.605 5
1505.178 1
1505.750 6
1506.322 10
1506.894 9
1507.466 4
1508.038 7
1508.611 1
1509.183 8
1509.755 5
1510.328 6
1510.900 5
1511.473 5
1512.045 5
1512.618 2
1513.190 5
1513.763 2
1514.335 4
1514.908 2
1515.481 5
1516.053 7
1516.626 3
1517.199 2
1517.772 3
1518.345 3
1518.918 2
1519.490 6
1520.063 2
1520.636 5
1521.209 4
1521.782 4
1522.355 6
1522.929 3
1523.502 6
1524.075 5
1524.648 5
1525.221 2
1525.794 3
1526.368 2
1526.941 2
1527.514 3
1528.088 6
1528.661 4
1529.235 5
1529.808 2
1530.382 1
1530.955 2
1531.529 3
1532.102 2
1532.676 6
1533.250 6
1533.823 5
1534.397 2
1534.971 2
1535.545 2
1536.119 3
1536.692 1
1537.266 4
1537.840 4
1538.414 2
1538.988 1
1539.562 7
1540.136 5
1540.710 2
1541.285 6
1541.859 3
1542.433 3
1543.007 2
1543.581 3
1544.156 6
1544.730 1
1545.304 2
1545.879 2
1546.453 5
1547.028 3
1547.602 5
1548.177 6
1548.751 2
1549.326 4
1549.900 7
1550.475 0
1551.050 2
1551.624 2
1552.199 4
1552.774 2
1553.349 3
1553.923 3
1554.498 2
1555.073 5
1555.648 2
1556.223 6
1556.798 3
1557.373 1
1557.948 3
1558.523 4
1559.098 2
1559.674 5
1560.249 3
1560.824 5
1561.399 2
1561.974 2
1562.550 1
1563.125 3
1563.701 3
1564.276 0
1564.851 4
1565.427 3
1566.002 3
1566.578 1
1567.153 2
1567.729 4
1568.305 0
1568.880 5
1569.456 0
1570.032 2
1570.608 3
1571.183 3
1571.759 5
1572.335 1
1572.911 2
1573.487 6
1574.063 7
1574.639 6
1575.215 2
1575.791 2
1576.367 2
1576.943 5
1577.519 3
1578.095 2
1578.672 3
1579.248 4
1579.824 4
1580.401 1
1580.977 5
1581.553 1
1582.130 3
1582.706 2
1583.283 1
1583.859 1
1584.436 2
1585.012 1
1585.589 4
1586.165 1
1586.742 2
1587.319 0
1587.896 1
1588.472 4
1589.049 0
1589.626 3
1590.203 4
1590.780 5
1591.357 1
1591.934 4
1592.511 3
1593.088 4
1593.665 0
1594.242 1
1594.819 1
1595.396 2
1595.973 1
1596.550 3
1597.128 2
1597.705 2
1598.282 1
1598.860 2
1599.437 2
1600.014 4
1600.592 5
1601.169 1
1601.747 3
1602.324 3
1602.902 2
1603.480 2
1604.057 1
1604.635 2
1605.213 5
1605.790 0
1606.368 3
1606.946 5
1607.524 0
1608.101 3
1608.679 1
1609.257 4
1609.835 4
1610.413 1
1610.991 4
1611.569 1
1612.147 4
1612.726 1
1613.304 1
1613.882 3
1614.460 1
1615.038 2
1615.617 1
1616.195 1
1616.773 1
1617.352 3
1617.930 0
1618.508 0
1619.087 1
1619.665 2
1620.244 2
1620.823 2
1621.401 0
1621.980 2
1622.558 1
1623.137 6
1623.716 3
1624.295 1
1624.873 1
1625.452 2
1626.031 3
1626.610 4
1627.189 3
1627.768 1
1628.347 2
1628.926 1
1629.505 4
1630.084 2
1630.663 1
1631.242 0
1631.821 1
1632.401 0
1632.980 2
1633.559 3
1634.138 1
1634.718 1
1635.297 4
1635.877 3
1636.456 2
1637.036 1
1637.615 2
1638.195 5
1638.774 1
1639.354 1
1639.933 2
1640.513 3
1641.093 2
1641.672 3
1642.252 2
1642.832 4
1643.412 4
1643.992 0
1644.572 1
1645.151 1
1645.731 1
1646.311 3
1646.891 1
1647.471 1
1648.052 1
1648.632 2
1649.212 1
1649.792 1
1650.372 3
1650.952 1
1651.533 1
1652.113 3
1652.693 5
1653.274 0
1653.854 2
1654.435 2
1655.015 1
1655.596 1
1656.176 2
1656.757 1
1657.337 2
1657.918 3
1658.499 1
1659.079 0
1659.660 0
1660.241 1
1660.821 4
1661.402 3
1661.983 3
1662.564 1
1663.145 1
1663.726 1
1664.307 4
1664.888 0
1665.469 4
1666.050 1
1666.631 3
1667.212 1
1667.793 1
1668.375 0
1668.956 1
1669.537 2
1670.118 2
1670.700 1
1671.281 1
1671.863 1
1672.444 1
1673.025 1
1673.607 2
1674.189 3
1674.770 0
1675.352 4
1675.933 0
1676.515 0
1677.097 0
1677.678 0
1678.260 1
1678.842 3
1679.424 1
1680.006 1
1680.587 2
1681.169 1
1681.751 1
1682.333 3
1682.915 1
1683.497 1
1684.079 1
1684.662 0
1685.244 0
1685.826 2
1686.408 1
1686.990 1
1687.573 1
1688.155 0
1688.737 2
1689.320 0
1689.902 2
1690.484 1
1691.067 0
1691.649 0
1692.232 1
1692.814 1
1693.397 3
1693.980 2
1694.562 2
1695.145 0
1695.728 1
1696.310 1
1696.893 0
1697.476 2
1698.059 2
1698.642 1
1699.225 4
1699.808 1
1700.391 2
1700.974 1
1701.557 0
1702.140 3
1702.723 0
1703.306 1
1703.889 2
1704.472 1
1705.056 2
1705.639 0
1706.222 1
1706.806 2
1707.389 2
1707.972 0
1708.556 5
1709.139 3
1709.723 4
1710.306 3
1710.890 1
1711.473 1
1712.057 0
1712.641 0
1713.224 1
1713.808 2
1714.392 2
1714.976 1
1715.559 2
1716.143 3
1716.727 4
1717.311 1
1717.895 2
1718.479 1
1719.063 1
1719.647 2
1720.231 2
1720.815 1
1721.399 1
1721.983 3
1722.568 2
1723.152 1
1723.736 1
1724.320 1
1724.905 0
1725.489 4
1726.074 0
1726.658 0
1727.242 1
1727.827 0
1728.411 2
1728.996 0
1729.581 1
1730.165 3
1730.750 2
1731.335 0
1731.919 2
1732.504 2
1733.089 2
1733.674 2
1734.258 2
1734.843 2
1735.428 0
1736.013 1
1736.598 1
1737.183 0
1737.768 0
1738.353 0
1738.938 0
1739.524 1
1740.109 0
1740.694 0
1741.279 0
1741.864 1
1742.450 1
1743.035 0
1743.620 0
1744.206 2
1744.791 0
1745.377 0
1745.962 3
1746.548 1
1747.133 3
1747.719 1
1748.304 1
1748.890 1
1749.476 1
1750.061 1
1750.647 0
1751.233 3
1751.819 0
1752.405 0
1752.991 1
1753.576 0
1754.162 1
1754.748 2
1755.334 1
1755.920 2
1756.506 1
1757.093 1
1757.679 2
1758.265 2
1758.851 0
1759.437 1
1760.024 0
1760.610 1
1761.196 2
1761.783 0
1762.369 3
1762.955 1
1763.542 3
1764.128 0
1764.715 0
1765.301 2
1765.888 1
1766.475 0
1767.061 0
1767.648 1
1768.235 2
1768.821 0
1769.408 1
1769.995 2
1770.582 0
1771.169 1
1771.756 0
1772.342 1
1772.929 2
1773.516 0
1774.104 0
1774.691 1
1775.278 1
1775.865 1
1776.452 1
1777.039 3
1777.626 3
1778.214 3
1778.801 1
1779.388 1
1779.976 1
1780.563 2
1781.150 1
1781.738 2
1782.325 3
1782.913 0
1783.500 2
1784.088 2
1784.676 1
1785.263 0
1785.851 3
1786.439 0
1787.026 1
1787.614 0
1788.202 1
1788.790 0
1789.378 1
1789.966 3
1790.554 0
1791.142 1
1791.730 4
1792.318 0
1792.906 0
1793.494 3
1794.082 2
1794.670 1
1795.258 1
1795.846 3
1796.435 0
1797.023 3
1797.611 2
1798.200 1
1798.788 3
1799.376 0
1799.965 1
1800.553 2
1801.142 3
1801.730 3
1802.319 2
1802.908 0
1803.496 0
1804.085 2
1804.674 1
1805.262 0
1805.851 1
1806.440 1
1807.029 2
1807.618 1
1808.207 2
1808.796 1
1809.385 1
1809.974 2
1810.563 0
1811.152 1
1811.741 0
1812.330 1
1812.919 3
1813.508 2
1814.097 2
1814.687 3
1815.276 2
1815.865 1
1816.455 1
1817.044 1
1817.633 2
1818.223 1
1818.812 0
1819.402 1
1819.991 1
1820.581 1
1821.171 2
1821.760 2
1822.350 1
1822.940 3
1823.529 1
1824.119 2
1824.709 1
1825.299 2
1825.889 0
1826.479 0
1827.068 0
1827.658 1
1828.248 4
1828.838 0
1829.429 0
1830.019 2
1830.609 1
1831.199 0
1831.789 2
1832.379 1
1832.970 1
1833.560 1
1834.150 2
1834.741 1
1835.331 0
1835.921 1
1836.512 0
1837.102 2
1837.693 1
1838.283 0
1838.874 0
1839.464 1
1840.055 0
1840.646 0
1841.236 1
1841.827 1
1842.418 6
1843.009 2
1843.600 0
1844.191 0
1844.781 1
1845.372 2
1845.963 0
1846.554 0
1847.145 1
1847.736 0
1848.327 0
1848.919 2
1849.510 0
1850.101 1
1850.692 1
1851.283 1
1851.875 1
1852.466 0
1853.057 1
1853.649 2
1854.240 1
1854.832 1
1855.423 1
1856.015 2
1856.606 1
1857.198 1
1857.789 1
1858.381 2
1858.973 0
1859.564 0
1860.156 1
1860.748 0
1861.340 1
1861.931 1
1862.523 1
1863.115 3
1863.707 1
1864.299 2
1864.891 1
1865.483 3
1866.075 1
1866.667 5
1867.259 0
1867.852 1
1868.444 3
1869.036 4
1869.628 0
1870.220 1
1870.813 2
1871.405 0
1871.998 2
1872.590 1
1873.182 1
1873.775 0
1874.367 0
1874.960 0
1875.552 1
1876.145 2
1876.738 1
1877.330 2
1877.923 0
1878.516 2
1879.109 0
1879.701 2
1880.294 0
1880.887 0
1881.480 1
1882.073 1
1882.666 1
1883.259 2
1883.852 1
1884.445 2
1885.038 1
1885.631 2
1886.224 0
1886.817 2
1887.411 1
1888.004 1
1888.597 1
1889.191 1
1889.784 1
1890.377 1
1890.971 1
1891.564 1
1892.158 0
1892.751 1
1893.345 0
1893.938 0
1894.532 2
1895.125 0
1895.719 0
1896.313 2
1896.907 0
1897.500 0
1898.094 1
1898.688 1
1899.282 0
1899.876 0
1900.470 0
1901.064 2
1901.658 1
1902.252 0
1902.846 1
1903.440 1
1904.034 0
1904.628 2
1905.222 2
1905.816 0
1906.411 1
1907.005 0
1907.599 0
1908.194 3
1908.788 1
1909.382 1
1909.977 0
1910.571 1
1911.166 1
1911.760 0
1912.355 1
1912.949 0
1913.544 1
1914.139 1
1914.733 1
1915.328 0
1915.923 1
1916.518 1
1917.113 1
1917.707 3
1918.302 1
1918.897 0
1919.492 0
1920.087 1
1920.682 3
1921.277 0
1921.872 5
1922.467 1
1923.063 1
1923.658 0
1924.253 0
1924.848 2
1925.443 2
1926.039 2
1926.634 0
1927.229 0
1927.825 0
1928.420 1
1929.016 0
1929.611 0
1930.207 2
1930.802 0
1931.398 2
1931.994 1
1932.589 1
1933.185 1
1933.781 1
1934.376 2
1934.972 0
1935.568 1
1936.164 1
1936.760 0
1937.356 3
1937.952 1
1938.548 0
1939.144 0
1939.740 0
1940.336 2
1940.932 2
1941.528 1
1942.124 0
1942.720 0
1943.317 0
1943.913 1
1944.509 1
1945.106 0
1945.702 0
1946.298 0
1946.895 0
1947.491 0
1948.088 0
1948.684 0
1949.281 0
1949.878 1
1950.474 0
1951.071 1
1951.667 0
1952.264 0
1952.861 0
1953.458 1
1954.055 0
1954.651 1
1955.248 2
1955.845 0
1956.442 1
1957.039 1
1957.636 1
1958.233 1
1958.830 0
1959.427 0
1960.025 0
1960.622 0
1961.219 0
1961.816 0
1962.413 0
1963.011 0
1963.608 1
1964.205 0
1964.803 2
1965.400 0
1965.998 1
1966.595 0
1967.193 1
1967.790 0
1968.388 0
1968.986 0
1969.583 1
1970.181 1
1970.779 1
1971.376 0
1971.974 2
1972.572 0
1973.170 0
1973.768 0
1974.366 1
1974.964 2
1975.562 0
1976.160 0
1976.758 0
1977.356 1
1977.954 0
1978.552 0
1979.150 0
1979.748 1
1980.347 1
1980.945 2
1981.543 1
1982.142 1
1982.740 3
1983.338 2
1983.937 0
1984.535 0
1985.134 0
1985.732 2
1986.331 1
1986.929 0
1987.528 0
1988.127 0
1988.725 0
1989.324 1
1989.923 1
1990.522 1
1991.120 2
1991.719 2
1992.318 0
1992.917 1
1993.516 0
1994.115 0
1994.714 0
1995.313 0
1995.912 0
1996.511 0
1997.110 2
1997.710 1
1998.309 0
1998.908 3
1999.507 0
2000.107 0
2000.706 0
2001.305 0
2001.905 0
2002.504 0
2003.104 0
2003.703 0
2004.303 0
2004.902 0
2005.502 1
2006.101 1
2006.701 0
2007.301 1
2007.900 1
2008.500 1
2009.100 0
2009.700 1
2010.300 0
2010.899 5
2011.499 1
2012.099 2
2012.699 0
2013.299 1
2013.899 1
2014.499 1
2015.100 2
2015.700 0
2016.300 2
2016.900 0
2017.500 1
2018.101 0
2018.701 0
2019.301 0
2019.902 1
2020.502 1
2021.102 0
2021.703 2
2022.303 0
2022.904 0
2023.504 0
2024.105 1
2024.706 0
2025.306 0
2025.907 1
2026.508 0
2027.108 0
2027.709 0
2028.310 1
2028.911 1
2029.512 0
2030.113 0
2030.714 0
2031.315 0
2031.916 0
2032.517 0
2033.118 0
2033.719 1
2034.320 0
2034.921 0
2035.522 1
2036.123 0
2036.725 0
2037.326 0
2037.927 0
2038.529 1
2039.130 0
2039.732 1
2040.333 1
2040.935 2
2041.536 0
2042.138 0
2042.739 5
2043.341 0
2043.942 1
2044.544 0
2045.146 0
2045.748 1
2046.349 0
2046.951 1
2047.553 0
2048.155 0
2048.757 1
2049.359 1
2049.961 0
2050.563 5
2051.165 1
2051.767 0
2052.369 1
2052.971 1
2053.573 0
2054.175 0
2054.778 0
2055.380 0
2055.982 0
2056.585 1
2057.187 1
2057.789 0
2058.392 0
2058.994 1
2059.597 1
2060.199 0
2060.802 0
2061.404 0
2062.007 0
2062.610 1
2063.212 0
2063.815 0
2064.418 0
2065.020 1
2065.623 0
2066.226 1
2066.829 0
2067.432 0
2068.035 0
2068.638 1
2069.241 0
2069.844 3
2070.447 1
2071.050 0
2071.653 0
2072.256 0
2072.860 1
2073.463 0
2074.066 2
2074.669 1
2075.273 1
2075.876 1
2076.479 0
2077.083 0
2077.686 0
2078.290 0
2078.893 0
2079.497 0
2080.100 1
2080.704 2
2081.308 0
2081.911 0
2082.515 0
2083.119 0
2083.723 1
2084.326 1
2084.930 1
2085.534 1
2086.138 3
2086.742 1
2087.346 0
2087.950 2
2088.554 0
2089.158 1
2089.762 0
2090.366 3
2090.970 4
2091.575 3
2092.179 0
2092.783 0
2093.387 0
2093.992 1
2094.596 1
2095.200 0
2095.805 0
2096.409 0
2097.014 0
2097.618 0
2098.223 0
2098.827 0
2099.432 1
2100.037 1
2100.641 2
2101.246 0
2101.851 0
2102.456 0
2103.060 0
2103.665 0
2104.270 1
2104.875 1
2105.480 2
2106.085 0
2106.690 0
2107.295 1
2107.900 0
2108.505 1
2109.110 0
2109.715 0
2110.321 1
2110.926 0
2111.531 0
2112.136 3
2112.742 1
2113.347 1
2113.952 0
2114.558 0
2115.163 0
2115.769 0
2116.374 0
2116.980 1
2117.585 1
2118.191 1
2118.797 0
2119.402 2
2120.008 0
2120.614 2
2121.220 3
2121.825 1
2122.431 0
2123.037 0
2123.643 0
2124.249 0
2124.855 0
2125.461 0
2126.067 2
2126.673 1
2127.279 0
2127.885 0
2128.491 1
2129.097 0
2129.704 0
2130.310 1
2130.916 1
2131.523 0
2132.129 1
2132.735 1
2133.342 0
2133.948 1
2134.555 0
2135.161 0
2135.768 0
2136.374 0
2136.981 1
2137.588 0
2138.194 1
2138.801 1
2139.408 1
2140.014 0
2140.621 1
2141.228 0
2141.835 0
2142.442 0
2143.049 0
2143.656 1
2144.263 0
2144.870 1
2145.477 0
2146.084 0
2146.691 0
2147.298 0
2147.905 2
2148.513 1
2149.120 0
2149.727 1
2150.334 1
2150.942 0
2151.549 1
2152.157 2
2152.764 1
2153.372 0
2153.979 1
2154.587 0
2155.194 0
2155.802 0
2156.409 0
2157.017 0
2157.625 0
2158.232 0
2158.840 2
2159.448 1
2160.056 1
2160.664 0
2161.272 0
2161.880 1
2162.488 0
2163.096 2
2163.704 0
2164.312 0
2164.920 2
2165.528 0
2166.136 1
2166.744 1
2167.352 1
2167.961 0
2168.569 2
2169.177 0
2169.786 0
2170.394 1
2171.002 3
2171.611 0
2172.219 1
2172.828 1
2173.436 1
2174.045 1
2174.654 0
2175.262 1
2175.871 0
2176.480 0
2177.088 0
2177.697 1
2178.306 0
2178.915 0
2179.524 0
2180.132 0
2180.741 0
2181.350 0
2181.959 0
2182.568 1
2183.177 2
2183.786 0
2184.396 0
2185.005 0
2185.614 2
2186.223 0
2186.832 1
2187.442 0
2188.051 1
2188.660 1
2189.270 0
2189.879 0
2190.489 1
2191.098 0
2191.708 1
2192.317 0
2192.927 1
2193.536 2
2194.146 0
2194.756 0
2195.365 0
2195.975 0
2196.585 0
2197.195 0
2197.804 0
2198.414 3
2199.024 1
2199.634 0
2200.244 0
2200.854 1
2201.464 2
2202.074 1
2202.684 0
2203.294 0
2203.904 1
2204.515 0
2205.125 1
2205.735 0
2206.345 0
2206.956 0
2207.566 0
2208.176 0
2208.787 0
2209.397 0
2210.008 0
2210.618 0
2211.229 0
2211.839 0
2212.450 1
2213.061 0
2213.671 0
2214.282 1
2214.893 0
2215.503 0
2216.114 1
2216.725 0
2217.336 0
2217.947 1
2218.558 1
2219.169 0
2219.780 1
2220.391 0
2221.002 1
2221.613 2
2222.224 1
2222.835 0
2223.446 1
2224.057 0
2224.669 0
2225.280 1
2225.891 1
2226.503 0
2227.114 1
2227.725 0
2228.337 0
2228.948 0
2229.560 0
2230.171 0
2230.783 1
2231.394 0
2232.006 1
2232.618 0
2233.229 0
2233.841 0
2234.453 0
2235.065 0
2235.677 1
2236.288 0
2236.900 1
2237.512 1
2238.124 0
2238.736 0
2239.348 0
2239.960 0
2240.572 1
2241.184 0
2241.797 1
2242.409 0
2243.021 1
2243.633 3
2244.245 1
2244.858 1
2245.470 0
2246.082 0
2246.695 0
2247.307 2
2247.920 0
2248.532 0
2249.145 1
2249.757 0
2250.370 1
2250.983 1
2251.595 1
2252.208 1
2252.821 4
2253.433 1
2254.046 2
2254.659 0
2255.272 456
