2019_09_26_17_26_23_183 /home/raspion_user/data/Beacon_efficiency_57Co.sp 22105   60.004   58.719 15.498519 0.481036  0.000016097
  15.499 0
  15.980 0
  16.461 0
  16.942 0
  17.423 0
  17.904 0
  18.385 0
  18.867 0
  19.348 0
  19.829 0
  20.310 0
  20.792 0
  21.273 0
  21.755 0
  22.236 0
  22.718 0
  23.199 0
  23.681 0
  24.162 0
  24.644 0
  25.126 0
  25.607 0
  26.089 0
  26.571 0
  27.053 0
  27.534 0
  28.016 1
  28.498 0
  28.980 1
  29.462 0
  29.944 1
  30.426 0
  30.908 1
  31.390 1
  31.872 1
  32.354 4
  32.837 1
  33.319 0
  33.801 3
  34.283 2
  34.766 3
  35.248 2
  35.730 4
  36.213 2
  36.695 5
  37.178 11
  37.660 5
  38.143 8
  38.625 7
  39.108 11
  39.591 5
  40.073 11
  40.556 9
  41.039 5
  41.521 4
  42.004 9
  42.487 9
  42.970 8
  43.453 6
  43.936 14
  44.419 7
  44.902 3
  45.385 10
  45.868 4
  46.351 10
  46.834 5
  47.317 3
  47.800 3
  48.283 4
  48.767 4
  49.250 2
  49.733 4
  50.217 4
  50.700 4
  51.183 9
  51.667 4
  52.150 7
  52.634 4
  53.117 4
  53.601 6
  54.084 6
  54.568 7
  55.052 6
  55.535 8
  56.019 2
  56.503 5
  56.987 5
  57.470 9
  57.954 6
  58.438 5
  58.922 3
  59.406 2
  59.890 3
  60.374 10
  60.858 5
  61.342 7
  61.826 8
  62.310 9
  62.795 5
  63.279 11
  63.763 14
  64.247 6
  64.732 4
  65.216 15
  65.700 7
  66.185 9
  66.669 11
  67.154 16
  67.638 9
  68.123 12
  68.607 9
  69.092 13
  69.576 17
  70.061 14
  70.546 9
  71.031 13
  71.515 14
  72.000 9
  72.485 18
  72.970 10
  73.455 17
  73.940 18
  74.424 18
  74.909 15
  75.394 16
  75.880 24
  76.365 19
  76.850 16
  77.335 18
  77.820 26
  78.305 23
  78.790 14
  79.276 21
  79.761 34
  80.246 30
  80.732 30
  81.217 24
  81.703 28
  82.188 35
  82.674 28
  83.159 30
  83.645 46
  84.130 30
  84.616 35
  85.101 26
  85.587 40
  86.073 24
  86.559 41
  87.044 39
  87.530 19
  88.016 34
  88.502 36
  88.988 25
  89.474 35
  89.960 27
  90.446 27
  90.932 34
  91.418 40
  91.904 32
  92.390 36
  92.876 44
  93.363 35
  93.849 32
  94.335 33
  94.821 27
  95.308 31
  95.794 31
  96.280 34
  96.767 31
  97.253 28
  97.740 27
  98.226 26
  98.713 38
  99.200 19
  99.686 25
 100.173 40
 100.659 29
 101.146 27
 101.633 34
 102.120 30
 102.607 43
 103.093 34
 103.580 35
 104.067 39
 104.554 31
 105.041 40
 105.528 46
 106.015 32
 106.502 37
 106.989 48
 107.476 45
 107.964 35
 108.451 62
 108.938 42
 109.425 55
 109.913 48
 110.400 45
 110.887 47
 111.375 49
 111.862 44
 112.350 68
 112.837 61
 113.325 76
 113.812 49
 114.300 71
 114.787 52
 115.275 66
 115.763 47
 116.250 65
 116.738 71
 117.226 67
 117.714 56
 118.202 75
 118.689 72
 119.177 66
 119.665 75
 120.153 67
 120.641 57
 121.129 55
 121.617 68
 122.106 47
 122.594 65
 123.082 74
 123.570 69
 124.058 67
 124.547 55
 125.035 72
 125.523 70
 126.012 87
 126.500 72
 126.988 68
 127.477 64
 127.965 74
 128.454 82
 128.942 76
 129.431 86
 129.920 69
 130.408 87
 130.897 96
 131.386 112
 131.874 86
 132.363 113
 132.852 112
 133.341 106
 133.830 134
 134.319 141
 134.808 143
 135.296 178
 135.785 168
 136.275 193
 136.764 212
 137.253 233
 137.742 237
 138.231 259
 138.720 228
 139.209 247
 139.699 268
 140.188 250
 140.677 257
 141.167 282
 141.656 278
 142.145 321
 142.635 308
 143.124 294
 143.614 309
 144.103 340
 144.593 339
 145.083 335
 145.572 286
 146.062 295
 146.552 300
 147.041 282
 147.531 273
 148.021 254
 148.511 265
 149.001 261
 149.491 250
 149.981 232
 150.471 197
 150.961 189
 151.451 196
 151.941 190
 152.431 184
 152.921 180
 153.411 155
 153.901 125
 154.391 165
 154.882 129
 155.372 115
 155.862 145
 156.353 114
 156.843 104
 157.334 104
 157.824 94
 158.314 83
 158.805 94
 159.296 79
 159.786 66
 160.277 64
 160.767 70
 161.258 71
 161.749 64
 162.240 57
 162.730 64
 163.221 53
 163.712 42
 164.203 41
 164.694 42
 165.185 45
 165.676 43
 166.167 44
 166.658 44
 167.149 39
 167.640 29
 168.131 32
 168.622 27
 169.113 33
 169.605 33
 170.096 18
 170.587 25
 171.078 17
 171.570 22
 172.061 19
 172.553 27
 173.044 25
 173.535 16
 174.027 20
 174.519 20
 175.010 19
 175.502 14
 175.993 17
 176.485 14
 176.977 13
 177.468 8
 177.960 8
 178.452 8
 178.944 14
 179.436 17
 179.928 5
 180.420 12
 180.912 13
 181.404 12
 181.896 12
 182.388 10
 182.880 10
 183.372 13
 183.864 5
 184.356 14
 184.848 9
 185.341 9
 185.833 11
 186.325 11
 186.818 6
 187.310 14
 187.802 10
 188.295 11
 188.787 7
 189.280 12
 189.772 6
 190.265 8
 190.758 11
 191.250 8
 191.743 11
 192.236 8
 192.728 10
 193.221 11
 193.714 11
 194.207 8
 194.700 6
 195.193 10
 195.686 6
 196.178 13
 196.671 6
 197.165 8
 197.658 18
 198.151 8
 198.644 7
 199.137 12
 199.630 10
 200.123 14
 200.617 8
 201.110 8
 201.603 6
 202.097 2
 202.590 12
 203.083 7
 203.577 7
 204.070 6
 204.564 4
 205.057 6
 205.551 12
 206.045 12
 206.538 9
 207.032 4
 207.526 3
 208.019 8
 208.513 5
 209.007 4
 209.501 9
 209.995 5
 210.488 10
 210.982 12
 211.476 2
 211.970 5
 212.464 8
 212.958 7
 213.453 9
 213.947 6
 214.441 8
 214.935 3
 215.429 8
 215.923 9
 216.418 8
 216.912 4
 217.406 4
 217.901 6
 218.395 16
 218.890 9
 219.384 7
 219.879 7
 220.373 3
 220.868 7
 221.362 10
 221.857 11
 222.352 7
 222.846 6
 223.341 9
 223.836 6
 224.331 6
 224.825 10
 225.320 5
 225.815 6
 226.310 2
 226.805 9
 227.300 8
 227.795 7
 228.290 7
 228.785 7
 229.280 12
 229.776 2
 230.271 3
 230.766 7
 231.261 10
 231.756 6
 232.252 3
 232.747 11
 233.243 7
 233.738 7
 234.233 3
 234.729 9
 235.224 7
 235.720 5
 236.215 5
 236.711 5
 237.207 7
 237.702 3
 238.198 4
 238.694 7
 239.190 7
 239.685 4
 240.181 5
 240.677 8
 241.173 7
 241.669 7
 242.165 10
 242.661 6
 243.157 2
 243.653 5
 244.149 2
 244.645 10
 245.141 4
 245.637 8
 246.134 5
 246.630 4
 247.126 4
 247.623 5
 248.119 5
 248.615 9
 249.112 10
 249.608 6
 250.105 13
 250.601 6
 251.098 5
 251.594 5
 252.091 5
 252.587 10
 253.084 4
 253.581 7
 254.077 5
 254.574 6
 255.071 5
 255.568 5
 256.065 5
 256.562 7
 257.059 3
 257.556 7
 258.052 9
 258.550 4
 259.047 5
 259.544 6
 260.041 7
 260.538 8
 261.035 9
 261.532 4
 262.030 10
 262.527 7
 263.024 6
 263.521 3
 264.019 6
 264.516 3
 265.014 4
 265.511 8
 266.009 1
 266.506 5
 267.004 1
 267.501 2
 267.999 4
 268.497 6
 268.994 4
 269.492 6
 269.990 2
 270.488 6
 270.985 4
 271.483 5
 271.981 6
 272.479 5
 272.977 4
 273.475 5
 273.973 2
 274.471 3
 274.969 2
 275.467 6
 275.966 2
 276.464 4
 276.962 11
 277.460 5
 277.958 3
 278.457 4
 278.955 7
 279.453 1
 279.952 5
 280.450 4
 280.949 8
 281.447 9
 281.946 2
 282.444 7
 282.943 5
 283.442 7
 283.940 2
 284.439 5
 284.938 3
 285.436 5
 285.935 4
 286.434 2
 286.933 2
 287.432 3
 287.931 1
 288.430 6
 288.929 6
 289.428 7
 289.927 4
 290.426 6
 290.925 2
 291.424 4
 291.923 4
 292.422 5
 292.922 4
 293.421 3
 293.920 5
 294.420 1
 294.919 4
 295.418 2
 295.918 3
 296.417 3
 296.917 4
 297.416 6
 297.916 7
 298.415 8
 298.915 2
 299.415 3
 299.914 4
 300.414 4
 300.914 6
 301.414 3
 301.914 3
 302.413 3
 302.913 3
 303.413 3
 303.913 2
 304.413 1
 304.913 5
 305.413 4
 305.913 3
 306.413 2
 306.914 4
 307.414 1
 307.914 2
 308.414 2
 308.914 4
 309.415 7
 309.915 3
 310.415 1
 310.916 2
 311.416 4
 311.917 6
 312.417 2
 312.918 4
 313.418 3
 313.919 6
 314.420 3
 314.920 1
 315.421 3
 315.922 4
 316.422 2
 316.923 3
 317.424 0
 317.925 3
 318.426 2
 318.927 3
 319.428 3
 319.929 4
 320.430 2
 320.931 2
 321.432 0
 321.933 4
 322.434 3
 322.935 3
 323.436 5
 323.938 0
 324.439 2
 324.940 1
 325.441 5
 325.943 3
 326.444 2
 326.946 0
 327.447 1
 327.949 1
 328.450 0
 328.952 3
 329.453 1
 329.955 2
 330.457 0
 330.958 0
 331.460 3
 331.962 1
 332.463 3
 332.965 1
 333.467 3
 333.969 6
 334.471 2
 334.973 6
 335.475 3
 335.977 1
 336.479 4
 336.981 5
 337.483 5
 337.985 3
 338.487 2
 338.990 3
 339.492 5
 339.994 2
 340.496 3
 340.999 2
 341.501 5
 342.004 0
 342.506 0
 343.008 4
 343.511 0
 344.013 3
 344.516 6
 345.019 3
 345.521 3
 346.024 2
 346.527 3
 347.029 4
 347.532 1
 348.035 2
 348.538 0
 349.040 2
 349.543 3
 350.046 2
 350.549 1
 351.052 3
 351.555 3
 352.058 2
 352.561 1
 353.064 3
 353.568 4
 354.071 1
 354.574 6
 355.077 2
 355.580 0
 356.084 1
 356.587 1
 357.090 3
 357.594 0
 358.097 0
 358.601 2
 359.104 1
 359.608 2
 360.111 3
 360.615 8
 361.118 0
 361.622 2
 362.126 1
 362.630 3
 363.133 0
 363.637 1
 364.141 1
 364.645 2
 365.149 3
 365.652 0
 366.156 3
 366.660 2
 367.164 2
 367.668 0
 368.173 3
 368.677 2
 369.181 4
 369.685 3
 370.189 5
 370.693 0
 371.198 2
 371.702 1
 372.206 1
 372.711 4
 373.215 2
 373.719 2
 374.224 1
 374.728 6
 375.233 2
 375.737 2
 376.242 2
 376.747 3
 377.251 3
 377.756 2
 378.261 1
 378.765 1
 379.270 3
 379.775 2
 380.280 2
 380.785 1
 381.290 3
 381.795 1
 382.300 2
 382.805 1
 383.310 1
 383.815 2
 384.320 1
 384.825 1
 385.330 0
 385.835 2
 386.341 0
 386.846 1
 387.351 3
 387.856 0
 388.362 2
 388.867 1
 389.373 3
 389.878 1
 390.384 2
 390.889 1
 391.395 3
 391.900 2
 392.406 0
 392.911 3
 393.417 3
 393.923 3
 394.429 2
 394.934 2
 395.440 2
 395.946 1
 396.452 2
 396.958 2
 397.464 2
 397.970 0
 398.476 0
 398.982 1
 399.488 1
 399.994 1
 400.500 2
 401.006 0
 401.512 2
 402.019 2
 402.525 3
 403.031 2
 403.537 0
 404.044 2
 404.550 0
 405.057 1
 405.563 2
 406.070 1
 406.576 1
 407.083 1
 407.589 0
 408.096 0
 408.602 1
 409.109 1
 409.616 1
 410.123 2
 410.629 2
 411.136 0
 411.643 0
 412.150 4
 412.657 2
 413.164 1
 413.671 1
 414.178 2
 414.685 1
 415.192 0
 415.699 1
 416.206 1
 416.713 2
 417.220 2
 417.728 2
 418.235 0
 418.742 3
 419.250 0
 419.757 4
 420.264 0
 420.772 1
 421.279 0
 421.787 1
 422.294 1
 422.802 0
 423.309 6
 423.817 1
 424.324 1
 424.832 2
 425.340 0
 425.848 2
 426.355 1
 426.863 2
 427.371 3
 427.879 3
 428.387 1
 428.895 4
 429.403 1
 429.911 1
 430.419 4
 430.927 1
 431.435 2
 431.943 1
 432.451 1
 432.959 4
 433.468 3
 433.976 1
 434.484 0
 434.992 1
 435.501 0
 436.009 1
 436.518 1
 437.026 2
 437.535 4
 438.043 2
 438.552 2
 439.060 3
 439.569 1
 440.077 0
 440.586 1
 441.095 1
 441.604 2
 442.112 2
 442.621 1
 443.130 1
 443.639 0
 444.148 0
 444.657 2
 445.166 2
 445.675 1
 446.184 0
 446.693 0
 447.202 1
 447.711 1
 448.220 2
 448.729 1
 449.239 2
 449.748 4
 450.257 1
 450.766 3
 451.276 1
 451.785 2
 452.295 1
 452.804 0
 453.313 2
 453.823 2
 454.332 0
 454.842 2
 455.352 2
 455.861 2
 456.371 1
 456.881 1
 457.390 2
 457.900 2
 458.410 0
 458.920 2
 459.430 3
 459.940 4
 460.450 2
 460.959 0
 461.469 0
 461.980 0
 462.490 2
 463.000 1
 463.510 3
 464.020 2
 464.530 2
 465.040 2
 465.551 1
 466.061 2
 466.571 1
 467.082 1
 467.592 1
 468.102 1
 468.613 0
 469.123 4
 469.634 0
 470.144 0
 470.655 5
 471.166 0
 471.676 0
 472.187 1
 472.698 0
 473.208 0
 473.719 2
 474.230 1
 474.741 1
 475.252 3
 475.762 1
 476.273 3
 476.784 2
 477.295 1
 477.806 1
 478.317 1
 478.828 2
 479.340 0
 479.851 1
 480.362 2
 480.873 0
 481.384 1
 481.896 0
 482.407 0
 482.918 4
 483.430 0
 483.941 0
 484.453 0
 484.964 0
 485.476 3
 485.987 3
 486.499 1
 487.010 0
 487.522 1
 488.034 2
 488.545 1
 489.057 0
 489.569 1
 490.081 1
 490.592 2
 491.104 1
 491.616 0
 492.128 0
 492.640 1
 493.152 1
 493.664 1
 494.176 1
 494.688 0
 495.200 2
 495.712 1
 496.225 1
 496.737 0
 497.249 4
 497.761 1
 498.274 1
 498.786 0
 499.298 1
 499.811 1
 500.323 0
 500.836 0
 501.348 0
 501.861 2
 502.373 1
 502.886 2
 503.399 0
 503.911 2
 504.424 0
 504.937 1
 505.449 2
 505.962 1
 506.475 2
 506.988 2
 507.501 0
 508.014 0
 508.527 2
 509.040 1
 509.553 0
 510.066 0
 510.579 2
 511.092 4
 511.605 1
 512.118 0
 512.632 0
 513.145 0
 513.658 0
 514.171 2
 514.685 3
 515.198 5
 515.711 1
 516.225 1
 516.738 2
 517.252 0
 517.765 3
 518.279 1
 518.793 3
 519.306 2
 519.820 1
 520.334 2
 520.847 4
 521.361 0
 521.875 1
 522.389 2
 522.903 0
 523.416 4
 523.930 3
 524.444 3
 524.958 0
 525.472 1
 525.986 1
 526.500 1
 527.015 5
 527.529 4
 528.043 1
 528.557 1
 529.071 0
 529.586 4
 530.100 2
 530.614 1
 531.129 5
 531.643 1
 532.158 4
 532.672 0
 533.186 2
 533.701 2
 534.216 3
 534.730 1
 535.245 1
 535.759 1
 536.274 4
 536.789 0
 537.304 2
 537.818 3
 538.333 1
 538.848 1
 539.363 0
 539.878 0
 540.393 0
 540.908 2
 541.423 2
 541.938 2
 542.453 1
 542.968 3
 543.483 2
 543.998 2
 544.514 3
 545.029 2
 545.544 3
 546.059 2
 546.575 0
 547.090 3
 547.606 3
 548.121 3
 548.636 2
 549.152 2
 549.668 1
 550.183 1
 550.699 3
 551.214 1
 551.730 0
 552.246 3
 552.761 1
 553.277 0
 553.793 2
 554.309 0
 554.825 0
 555.341 1
 555.856 2
 556.372 1
 556.888 1
 557.404 0
 557.920 0
 558.436 1
 558.953 1
 559.469 0
 559.985 1
 560.501 2
 561.017 1
 561.534 0
 562.050 1
 562.566 0
 563.083 1
 563.599 0
 564.115 2
 564.632 0
 565.148 1
 565.665 1
 566.182 1
 566.698 1
 567.215 2
 567.731 0
 568.248 1
 568.765 0
 569.282 0
 569.798 1
 570.315 1
 570.832 1
 571.349 0
 571.866 1
 572.383 1
 572.900 0
 573.417 0
 573.934 0
 574.451 1
 574.968 1
 575.485 0
 576.002 2
 576.520 0
 577.037 3
 577.554 0
 578.071 1
 578.589 1
 579.106 1
 579.623 1
 580.141 1
 580.658 0
 581.176 2
 581.693 0
 582.211 2
 582.729 1
 583.246 2
 583.764 0
 584.281 1
 584.799 0
 585.317 0
 585.835 0
 586.353 0
 586.870 1
 587.388 0
 587.906 1
 588.424 2
 588.942 1
 589.460 1
 589.978 1
 590.496 0
 591.014 0
 591.533 0
 592.051 0
 592.569 0
 593.087 0
 593.605 1
 594.124 0
 594.642 1
 595.160 0
 595.679 0
 596.197 0
 596.716 1
 597.234 1
 597.753 0
 598.271 0
 598.790 0
 599.308 1
 599.827 0
 600.346 0
 600.865 0
 601.383 0
 601.902 0
 602.421 0
 602.940 0
 603.459 3
 603.978 0
 604.496 0
 605.015 0
 605.534 1
 606.054 0
 606.573 0
 607.092 0
 607.611 1
 608.130 0
 608.649 0
 609.168 1
 609.688 1
 610.207 0
 610.726 1
 611.246 2
 611.765 0
 612.285 0
 612.804 1
 613.323 2
 613.843 0
 614.363 2
 614.882 1
 615.402 0
 615.921 2
 616.441 1
 616.961 0
 617.481 0
 618.000 3
 618.520 3
 619.040 1
 619.560 1
 620.080 1
 620.600 2
 621.120 1
 621.640 5
 622.160 0
 622.680 0
 623.200 1
 623.720 0
 624.240 0
 624.760 0
 625.281 0
 625.801 1
 626.321 2
 626.842 0
 627.362 0
 627.882 2
 628.403 1
 628.923 1
 629.444 1
 629.964 0
 630.485 0
 631.005 0
 631.526 0
 632.047 2
 632.567 0
 633.088 2
 633.609 1
 634.130 0
 634.650 0
 635.171 1
 635.692 0
 636.213 0
 636.734 1
 637.255 1
 637.776 2
 638.297 1
 638.818 0
 639.339 0
 639.860 0
 640.381 2
 640.903 0
 641.424 2
 641.945 0
 642.466 2
 642.988 2
 643.509 0
 644.030 2
 644.552 1
 645.073 3
 645.595 0
 646.116 0
 646.638 0
 647.159 3
 647.681 1
 648.203 0
 648.724 0
 649.246 2
 649.768 1
 650.290 0
 650.811 0
 651.333 2
 651.855 1
 652.377 0
 652.899 0
 653.421 0
 653.943 2
 654.465 1
 654.987 1
 655.509 0
 656.031 0
 656.553 0
 657.076 0
 657.598 1
 658.120 2
 658.642 0
 659.165 1
 659.687 0
 660.210 1
 660.732 2
 661.254 0
 661.777 1
 662.299 2
 662.822 0
 663.345 2
 663.867 1
 664.390 0
 664.912 3
 665.435 1
 665.958 0
 666.481 2
 667.004 2
 667.526 3
 668.049 0
 668.572 1
 669.095 1
 669.618 0
 670.141 1
 670.664 1
 671.187 1
 671.710 0
 672.233 2
 672.757 2
 673.280 1
 673.803 1
 674.326 0
 674.850 0
 675.373 0
 675.896 0
 676.420 0
 676.943 1
 677.466 1
 677.990 1
 678.513 1
 679.037 1
 679.561 2
 680.084 4
 680.608 1
 681.132 0
 681.655 0
 682.179 2
 682.703 0
 683.227 0
 683.750 0
 684.274 1
 684.798 0
 685.322 0
 685.846 0
 686.370 3
 686.894 2
 687.418 1
 687.942 1
 688.466 3
 688.991 2
 689.515 1
 690.039 2
 690.563 2
 691.087 2
 691.612 3
 692.136 4
 692.661 0
 693.185 2
 693.709 1
 694.234 0
 694.758 1
 695.283 0
 695.808 0
 696.332 2
 696.857 1
 697.381 3
 697.906 0
 698.431 2
 698.956 2
 699.480 1
 700.005 1
 700.530 0
 701.055 5
 701.580 0
 702.105 0
 702.630 1
 703.155 0
 703.680 1
 704.205 1
 704.730 0
 705.255 1
 705.781 0
 706.306 0
 706.831 0
 707.356 1
 707.882 0
 708.407 0
 708.932 0
 709.458 0
 709.983 0
 710.509 0
 711.034 0
 711.560 0
 712.085 0
 712.611 1
 713.137 1
 713.662 1
 714.188 1
 714.714 0
 715.240 0
 715.765 2
 716.291 0
 716.817 1
 717.343 1
 717.869 1
 718.395 0
 718.921 3
 719.447 0
 719.973 0
 720.499 0
 721.025 0
 721.551 0
 722.078 0
 722.604 0
 723.130 2
 723.656 1
 724.183 0
 724.709 1
 725.235 0
 725.762 0
 726.288 1
 726.815 0
 727.341 0
 727.868 1
 728.394 1
 728.921 0
 729.448 1
 729.974 0
 730.501 0
 731.028 1
 731.554 0
 732.081 0
 732.608 0
 733.135 0
 733.662 0
 734.189 0
 734.716 0
 735.243 0
 735.770 0
 736.297 0
 736.824 0
 737.351 1
 737.878 0
 738.405 0
 738.933 0
 739.460 0
 739.987 0
 740.514 1
 741.042 1
 741.569 1
 742.097 1
 742.624 0
 743.151 1
 743.679 0
 744.206 0
 744.734 1
 745.262 0
 745.789 0
 746.317 0
 746.845 0
 747.372 0
 747.900 0
 748.428 0
 748.956 0
 749.484 0
 750.012 0
 750.539 0
 751.067 1
 751.595 1
 752.123 1
 752.651 0
 753.180 1
 753.708 0
 754.236 0
 754.764 1
 755.292 0
 755.821 0
 756.349 0
 756.877 1
 757.405 0
 757.934 3
 758.462 0
 758.991 1
 759.519 0
 760.048 0
 760.576 1
 761.105 0
 761.633 0
 762.162 0
 762.691 0
 763.219 0
 763.748 0
 764.277 0
 764.806 0
 765.334 1
 765.863 0
 766.392 1
 766.921 2
 767.450 0
 767.979 0
 768.508 0
 769.037 0
 769.566 0
 770.095 0
 770.625 0
 771.154 0
 771.683 1
 772.212 1
 772.741 0
 773.271 2
 773.800 2
 774.329 0
 774.859 0
 775.388 1
 775.918 0
 776.447 0
 776.977 0
 777.506 0
 778.036 0
 778.566 1
 779.095 0
 779.625 0
 780.155 1
 780.685 0
 781.214 1
 781.744 1
 782.274 0
 782.804 0
 783.334 1
 783.864 0
 784.394 0
 784.924 1
 785.454 0
 785.984 0
 786.514 1
 787.044 0
 787.574 0
 788.105 1
 788.635 0
 789.165 0
 789.695 1
 790.226 0
 790.756 1
 791.286 0
 791.817 0
 792.347 0
 792.878 1
 793.408 1
 793.939 0
 794.470 0
 795.000 0
 795.531 0
 796.062 0
 796.592 0
 797.123 0
 797.654 1
 798.185 1
 798.716 0
 799.246 0
 799.777 0
 800.308 0
 800.839 0
 801.370 0
 801.901 1
 802.432 1
 802.964 1
 803.495 1
 804.026 0
 804.557 0
 805.088 0
 805.620 0
 806.151 1
 806.682 0
 807.214 1
 807.745 0
 808.276 0
 808.808 0
 809.339 0
 809.871 0
 810.403 0
 810.934 0
 811.466 0
 811.997 1
 812.529 1
 813.061 0
 813.593 0
 814.124 0
 814.656 1
 815.188 0
 815.720 0
 816.252 0
 816.784 1
 817.316 0
 817.848 0
 818.380 0
 818.912 0
 819.444 0
 819.976 0
 820.508 0
 821.041 0
 821.573 1
 822.105 0
 822.637 0
 823.170 0
 823.702 1
 824.235 0
 824.767 0
 825.299 1
 825.832 0
 826.364 1
 826.897 0
 827.430 0
 827.962 0
 828.495 0
 829.028 0
 829.560 1
 830.093 0
 830.626 1
 831.159 0
 831.692 0
 832.224 0
 832.757 0
 833.290 0
 833.823 0
 834.356 0
 834.889 0
 835.422 0
 835.955 0
 836.489 2
 837.022 0
 837.555 0
 838.088 0
 838.622 0
 839.155 0
 839.688 0
 840.222 0
 840.755 1
 841.288 0
 841.822 0
 842.355 1
 842.889 0
 843.422 0
 843.956 0
 844.490 0
 845.023 0
 845.557 0
 846.091 0
 846.624 0
 847.158 0
 847.692 0
 848.226 0
 848.760 0
 849.294 1
 849.828 0
 850.362 0
 850.896 1
 851.430 0
 851.964 1
 852.498 0
 853.032 0
 853.566 0
 854.100 0
 854.635 0
 855.169 1
 855.703 1
 856.238 0
 856.772 2
 857.306 0
 857.841 1
 858.375 0
 858.910 0
 859.444 0
 859.979 0
 860.513 0
 861.048 0
 861.583 0
 862.117 0
 862.652 0
 863.187 0
 863.722 0
 864.256 0
 864.791 0
 865.326 0
 865.861 1
 866.396 0
 866.931 0
 867.466 0
 868.001 0
 868.536 0
 869.071 0
 869.606 0
 870.141 0
 870.677 0
 871.212 0
 871.747 0
 872.282 0
 872.818 0
 873.353 0
 873.889 0
 874.424 0
 874.959 0
 875.495 0
 876.030 0
 876.566 1
 877.102 0
 877.637 0
 878.173 0
 878.709 1
 879.244 0
 879.780 0
 880.316 0
 880.852 0
 881.387 0
 881.923 1
 882.459 3
 882.995 0
 883.531 0
 884.067 1
 884.603 1
 885.139 0
 885.675 0
 886.212 0
 886.748 0
 887.284 0
 887.820 0
 888.356 0
 888.893 0
 889.429 0
 889.965 0
 890.502 1
 891.038 0
 891.575 0
 892.111 1
 892.648 0
 893.184 0
 893.721 1
 894.257 0
 894.794 0
 895.331 0
 895.868 0
 896.404 0
 896.941 1
 897.478 2
 898.015 1
 898.552 0
 899.088 0
 899.625 0
 900.162 0
 900.699 0
 901.236 0
 901.774 0
 902.311 1
 902.848 1
 903.385 0
 903.922 0
 904.459 0
 904.997 1
 905.534 0
 906.071 0
 906.609 0
 907.146 0
 907.683 0
 908.221 0
 908.758 0
 909.296 0
 909.833 1
 910.371 0
 910.909 3
 911.446 0
 911.984 0
 912.522 0
 913.059 1
 913.597 0
 914.135 0
 914.673 0
 915.211 0
 915.749 0
 916.287 0
 916.825 0
 917.363 0
 917.901 0
 918.439 0
 918.977 0
 919.515 0
 920.053 0
 920.591 0
 921.129 0
 921.668 0
 922.206 0
 922.744 0
 923.283 0
 923.821 0
 924.360 0
 924.898 0
 925.436 0
 925.975 0
 926.514 0
 927.052 1
 927.591 0
 928.129 0
 928.668 0
 929.207 0
 929.745 0
 930.284 0
 930.823 0
 931.362 0
 931.901 0
 932.440 0
 932.979 0
 933.518 1
 934.057 0
 934.596 0
 935.135 0
 935.674 0
 936.213 1
 936.752 0
 937.291 0
 937.831 0
 938.370 0
 938.909 0
 939.448 0
 939.988 0
 940.527 1
 941.067 2
 941.606 0
 942.145 0
 942.685 1
 943.225 0
 943.764 0
 944.304 0
 944.843 0
 945.383 0
 945.923 1
 946.463 0
 947.002 0
 947.542 0
 948.082 0
 948.622 0
 949.162 0
 949.702 0
 950.242 2
 950.782 0
 951.322 0
 951.862 0
 952.402 0
 952.942 0
 953.482 0
 954.022 0
 954.563 1
 955.103 1
 955.643 0
 956.183 0
 956.724 1
 957.264 0
 957.805 0
 958.345 1
 958.885 0
 959.426 0
 959.967 0
 960.507 1
 961.048 1
 961.588 0
 962.129 0
 962.670 0
 963.210 0
 963.751 1
 964.292 0
 964.833 0
 965.374 1
 965.915 0
 966.456 0
 966.997 0
 967.538 0
 968.079 0
 968.620 0
 969.161 0
 969.702 0
 970.243 0
 970.784 0
 971.325 0
 971.867 0
 972.408 0
 972.949 2
 973.491 1
 974.032 0
 974.573 1
 975.115 0
 975.656 0
 976.198 0
 976.739 0
 977.281 0
 977.823 0
 978.364 0
 978.906 0
 979.448 0
 979.989 0
 980.531 2
 981.073 0
 981.615 0
 982.157 0
 982.699 0
 983.240 0
 983.782 0
 984.324 0
 984.866 0
 985.409 0
 985.951 0
 986.493 2
 987.035 1
 987.577 0
 988.119 0
 988.662 1
 989.204 0
 989.746 1
 990.289 1
 990.831 0
 991.373 0
 991.916 0
 992.458 1
 993.001 1
 993.543 1
 994.086 0
 994.628 0
 995.171 1
 995.714 0
 996.256 0
 996.799 1
 997.342 0
 997.885 0
 998.428 0
 998.970 0
 999.513 0
1000.056 0
1000.599 0
1001.142 0
1001.685 0
1002.228 0
1002.771 0
1003.315 0
1003.858 0
1004.401 0
1004.944 0
1005.487 2
1006.031 0
1006.574 1
1007.117 0
1007.661 0
1008.204 0
1008.748 1
1009.291 1
1009.835 0
1010.378 0
1010.922 1
1011.465 0
1012.009 0
1012.553 0
1013.096 0
1013.640 0
1014.184 0
1014.728 1
1015.271 0
1015.815 2
1016.359 0
1016.903 0
1017.447 0
1017.991 0
1018.535 0
1019.079 0
1019.623 0
1020.167 1
1020.711 1
1021.256 1
1021.800 0
1022.344 1
1022.888 0
1023.433 0
1023.977 1
1024.521 0
1025.066 0
1025.610 0
1026.155 0
1026.699 0
1027.244 0
1027.788 1
1028.333 0
1028.878 0
1029.422 0
1029.967 2
1030.512 0
1031.056 0
1031.601 0
1032.146 0
1032.691 0
1033.236 0
1033.781 0
1034.326 0
1034.871 0
1035.416 0
1035.961 0
1036.506 1
1037.051 0
1037.596 1
1038.141 1
1038.687 0
1039.232 0
1039.777 0
1040.322 0
1040.868 0
1041.413 0
1041.959 0
1042.504 1
1043.049 0
1043.595 0
1044.140 0
1044.686 0
1045.232 2
1045.777 1
1046.323 1
1046.869 0
1047.414 0
1047.960 0
1048.506 0
1049.052 1
1049.598 0
1050.144 1
1050.689 0
1051.235 0
1051.781 1
1052.327 0
1052.873 0
1053.420 0
1053.966 0
1054.512 0
1055.058 0
1055.604 0
1056.150 1
1056.697 0
1057.243 0
1057.789 0
1058.336 0
1058.882 0
1059.429 0
1059.975 1
1060.522 0
1061.068 1
1061.615 0
1062.161 0
1062.708 0
1063.255 0
1063.801 0
1064.348 0
1064.895 0
1065.442 0
1065.988 0
1066.535 0
1067.082 0
1067.629 0
1068.176 0
1068.723 0
1069.270 1
1069.817 0
1070.364 0
1070.911 0
1071.458 0
1072.006 0
1072.553 0
1073.100 1
1073.647 0
1074.195 0
1074.742 1
1075.289 0
1075.837 0
1076.384 1
1076.932 0
1077.479 0
1078.027 0
1078.574 1
1079.122 0
1079.669 0
1080.217 0
1080.765 0
1081.312 0
1081.860 0
1082.408 0
1082.956 0
1083.504 0
1084.052 1
1084.600 0
1085.147 0
1085.695 0
1086.243 0
1086.792 0
1087.340 0
1087.888 1
1088.436 1
1088.984 0
1089.532 0
1090.080 0
1090.629 0
1091.177 0
1091.725 0
1092.274 0
1092.822 0
1093.371 0
1093.919 0
1094.468 0
1095.016 1
1095.565 0
1096.113 0
1096.662 1
1097.211 0
1097.759 0
1098.308 0
1098.857 0
1099.406 1
1099.954 0
1100.503 0
1101.052 0
1101.601 0
1102.150 0
1102.699 0
1103.248 1
1103.797 0
1104.346 0
1104.895 0
1105.444 0
1105.993 0
1106.543 0
1107.092 0
1107.641 0
1108.190 0
1108.740 0
1109.289 0
1109.839 0
1110.388 1
1110.937 0
1111.487 0
1112.037 0
1112.586 0
1113.136 0
1113.685 1
1114.235 0
1114.785 0
1115.334 0
1115.884 0
1116.434 0
1116.984 1
1117.534 0
1118.083 1
1118.633 0
1119.183 0
1119.733 0
1120.283 0
1120.833 0
1121.383 0
1121.934 1
1122.484 0
1123.034 0
1123.584 0
1124.134 0
1124.685 0
1125.235 1
1125.785 0
1126.336 0
1126.886 0
1127.436 0
1127.987 1
1128.537 0
1129.088 1
1129.638 0
1130.189 1
1130.740 0
1131.290 0
1131.841 1
1132.392 0
1132.942 1
1133.493 0
1134.044 0
1134.595 0
1135.146 0
1135.697 0
1136.248 0
1136.799 0
1137.350 0
1137.901 0
1138.452 0
1139.003 0
1139.554 1
1140.105 0
1140.656 0
1141.208 0
1141.759 0
1142.310 0
1142.862 1
1143.413 0
1143.964 0
1144.516 0
1145.067 1
1145.619 0
1146.170 0
1146.722 0
1147.273 0
1147.825 0
1148.377 0
1148.928 0
1149.480 0
1150.032 1
1150.584 1
1151.135 0
1151.687 0
1152.239 1
1152.791 0
1153.343 0
1153.895 0
1154.447 0
1154.999 0
1155.551 1
1156.103 1
1156.655 0
1157.207 0
1157.760 0
1158.312 0
1158.864 0
1159.416 0
1159.969 0
1160.521 1
1161.074 0
1161.626 0
1162.178 0
1162.731 0
1163.283 0
1163.836 0
1164.389 1
1164.941 0
1165.494 0
1166.047 0
1166.599 0
1167.152 0
1167.705 0
1168.258 1
1168.810 0
1169.363 0
1169.916 0
1170.469 0
1171.022 0
1171.575 0
1172.128 0
1172.681 1
1173.234 0
1173.787 0
1174.341 0
1174.894 0
1175.447 0
1176.000 0
1176.554 0
1177.107 0
1177.660 0
1178.214 0
1178.767 0
1179.321 0
1179.874 0
1180.428 0
1180.981 0
1181.535 0
1182.088 0
1182.642 0
1183.196 0
1183.749 0
1184.303 0
1184.857 0
1185.411 1
1185.965 0
1186.518 1
1187.072 0
1187.626 0
1188.180 0
1188.734 0
1189.288 0
1189.842 0
1190.396 0
1190.951 0
1191.505 0
1192.059 0
1192.613 0
1193.167 0
1193.722 0
1194.276 0
1194.830 0
1195.385 0
1195.939 1
1196.494 0
1197.048 0
1197.603 1
1198.157 0
1198.712 0
1199.266 0
1199.821 0
1200.376 1
1200.930 0
1201.485 0
1202.040 0
1202.595 0
1203.150 0
1203.705 1
1204.259 0
1204.814 1
1205.369 1
1205.924 0
1206.479 0
1207.034 0
1207.590 1
1208.145 0
1208.700 0
1209.255 0
1209.810 0
1210.366 0
1210.921 0
1211.476 0
1212.031 0
1212.587 0
1213.142 0
1213.698 1
1214.253 0
1214.809 0
1215.364 0
1215.920 0
1216.475 1
1217.031 0
1217.587 0
1218.143 0
1218.698 0
1219.254 0
1219.810 0
1220.366 0
1220.922 0
1221.477 0
1222.033 0
1222.589 0
1223.145 0
1223.701 0
1224.257 1
1224.814 0
1225.370 0
1225.926 0
1226.482 1
1227.038 0
1227.595 0
1228.151 0
1228.707 0
1229.263 0
1229.820 0
1230.376 0
1230.933 0
1231.489 0
1232.046 0
1232.602 0
1233.159 0
1233.715 0
1234.272 0
1234.829 0
1235.386 0
1235.942 0
1236.499 0
1237.056 0
1237.613 0
1238.170 0
1238.726 0
1239.283 0
1239.840 0
1240.397 0
1240.954 0
1241.511 0
1242.069 0
1242.626 0
1243.183 0
1243.740 0
1244.297 0
1244.854 0
1245.412 0
1245.969 0
1246.526 0
1247.084 0
1247.641 0
1248.199 0
1248.756 0
1249.314 1
1249.871 0
1250.429 0
1250.986 0
1251.544 0
1252.102 0
1252.659 0
1253.217 0
1253.775 0
1254.333 0
1254.891 0
1255.448 0
1256.006 1
1256.564 0
1257.122 0
1257.680 0
1258.238 0
1258.796 0
1259.354 0
1259.913 0
1260.471 0
1261.029 0
1261.587 0
1262.145 0
1262.704 0
1263.262 0
1263.820 0
1264.379 0
1264.937 0
1265.496 0
1266.054 0
1266.613 0
1267.171 0
1267.730 0
1268.288 0
1268.847 0
1269.406 1
1269.964 2
1270.523 0
1271.082 0
1271.641 0
1272.199 0
1272.758 0
1273.317 0
1273.876 0
1274.435 1
1274.994 1
1275.553 1
1276.112 0
1276.671 0
1277.230 0
1277.790 0
1278.349 0
1278.908 0
1279.467 1
1280.026 1
1280.586 0
1281.145 0
1281.705 0
1282.264 1
1282.823 0
1283.383 0
1283.942 0
1284.502 0
1285.061 0
1285.621 0
1286.181 0
1286.740 2
1287.300 1
1287.860 0
1288.420 1
1288.979 0
1289.539 0
1290.099 0
1290.659 0
1291.219 1
1291.779 0
1292.339 0
1292.899 0
1293.459 2
1294.019 0
1294.579 1
1295.139 0
1295.699 1
1296.260 1
1296.820 0
1297.380 1
1297.941 1
1298.501 0
1299.061 0
1299.622 0
1300.182 0
1300.743 0
1301.303 0
1301.864 1
1302.424 0
1302.985 0
1303.545 1
1304.106 0
1304.667 0
1305.228 0
1305.788 0
1306.349 0
1306.910 0
1307.471 0
1308.032 0
1308.593 0
1309.154 1
1309.715 1
1310.276 0
1310.837 0
1311.398 1
1311.959 0
1312.520 0
1313.081 0
1313.642 0
1314.204 0
1314.765 0
1315.326 0
1315.888 0
1316.449 1
1317.010 1
1317.572 0
1318.133 0
1318.695 0
1319.256 0
1319.818 1
1320.379 0
1320.941 0
1321.503 0
1322.064 0
1322.626 1
1323.188 0
1323.750 0
1324.312 1
1324.873 0
1325.435 0
1325.997 0
1326.559 3
1327.121 0
1327.683 1
1328.245 0
1328.807 1
1329.369 0
1329.932 0
1330.494 1
1331.056 0
1331.618 1
1332.181 1
1332.743 0
1333.305 0
1333.868 0
1334.430 0
1334.992 0
1335.555 0
1336.117 0
1336.680 0
1337.242 2
1337.805 1
1338.368 0
1338.930 0
1339.493 0
1340.056 0
1340.619 0
1341.181 0
1341.744 0
1342.307 0
1342.870 0
1343.433 0
1343.996 0
1344.559 0
1345.122 0
1345.685 0
1346.248 0
1346.811 0
1347.374 0
1347.937 0
1348.501 0
1349.064 0
1349.627 0
1350.190 0
1350.754 0
1351.317 0
1351.881 0
1352.444 1
1353.007 0
1353.571 1
1354.134 1
1354.698 0
1355.262 0
1355.825 0
1356.389 1
1356.953 0
1357.516 0
1358.080 0
1358.644 0
1359.208 0
1359.772 0
1360.335 0
1360.899 0
1361.463 0
1362.027 0
1362.591 0
1363.155 0
1363.719 0
1364.284 0
1364.848 0
1365.412 0
1365.976 0
1366.540 1
1367.105 0
1367.669 1
1368.233 0
1368.798 1
1369.362 0
1369.926 0
1370.491 0
1371.055 0
1371.620 0
1372.185 0
1372.749 0
1373.314 0
1373.878 0
1374.443 0
1375.008 0
1375.573 0
1376.137 1
1376.702 1
1377.267 0
1377.832 0
1378.397 0
1378.962 0
1379.527 0
1380.092 0
1380.657 0
1381.222 0
1381.787 0
1382.352 0
1382.917 0
1383.483 0
1384.048 0
1384.613 0
1385.178 0
1385.744 0
1386.309 0
1386.874 0
1387.440 0
1388.005 0
1388.571 0
1389.136 0
1389.702 0
1390.268 0
1390.833 0
1391.399 0
1391.965 0
1392.530 0
1393.096 0
1393.662 0
1394.228 0
1394.793 0
1395.359 0
1395.925 0
1396.491 0
1397.057 0
1397.623 0
1398.189 0
1398.755 0
1399.321 0
1399.888 0
1400.454 0
1401.020 0
1401.586 0
1402.152 0
1402.719 0
1403.285 0
1403.851 0
1404.418 0
1404.984 0
1405.551 0
1406.117 0
1406.684 1
1407.250 0
1407.817 0
1408.384 0
1408.950 0
1409.517 0
1410.084 0
1410.650 0
1411.217 0
1411.784 0
1412.351 0
1412.918 0
1413.485 0
1414.052 1
1414.619 0
1415.186 0
1415.753 0
1416.320 0
1416.887 0
1417.454 0
1418.021 0
1418.588 0
1419.156 0
1419.723 0
1420.290 0
1420.857 0
1421.425 0
1421.992 0
1422.560 0
1423.127 0
1423.695 0
1424.262 0
1424.830 0
1425.397 0
1425.965 0
1426.533 0
1427.100 0
1427.668 0
1428.236 0
1428.803 1
1429.371 0
1429.939 0
1430.507 0
1431.075 0
1431.643 0
1432.211 0
1432.779 0
1433.347 0
1433.915 0
1434.483 0
1435.051 0
1435.619 1
1436.188 0
1436.756 0
1437.324 0
1437.892 0
1438.461 0
1439.029 0
1439.597 0
1440.166 0
1440.734 0
1441.303 0
1441.871 1
1442.440 0
1443.008 0
1443.577 0
1444.146 0
1444.714 0
1445.283 0
1445.852 0
1446.421 0
1446.989 0
1447.558 1
1448.127 0
1448.696 0
1449.265 0
1449.834 0
1450.403 0
1450.972 0
1451.541 0
1452.110 0
1452.679 0
1453.249 0
1453.818 1
1454.387 0
1454.956 0
1455.526 0
1456.095 0
1456.664 0
1457.234 0
1457.803 0
1458.373 0
1458.942 0
1459.512 0
1460.081 0
1460.651 0
1461.220 0
1461.790 0
1462.360 0
1462.929 0
1463.499 0
1464.069 0
1464.639 1
1465.209 0
1465.778 0
1466.348 0
1466.918 0
1467.488 0
1468.058 0
1468.628 1
1469.198 0
1469.768 0
1470.339 0
1470.909 0
1471.479 1
1472.049 0
1472.619 0
1473.190 0
1473.760 0
1474.330 0
1474.901 0
1475.471 0
1476.042 1
1476.612 0
1477.183 0
1477.753 0
1478.324 0
1478.894 2
1479.465 0
1480.036 0
1480.606 0
1481.177 0
1481.748 0
1482.319 0
1482.890 0
1483.460 1
1484.031 0
1484.602 0
1485.173 0
1485.744 1
1486.315 0
1486.886 0
1487.458 0
1488.029 0
1488.600 0
1489.171 0
1489.742 0
1490.313 0
1490.885 0
1491.456 1
1492.027 0
1492.599 0
1493.170 0
1493.742 0
1494.313 0
1494.885 0
1495.456 0
1496.028 1
1496.599 0
1497.171 0
1497.743 0
1498.314 1
1498.886 0
1499.458 0
1500.030 1
1500.602 0
1501.174 0
1501.745 0
1502.317 0
1502.889 0
1503.461 0
1504.033 0
1504.605 0
1505.178 0
1505.750 0
1506.322 0
1506.894 0
1507.466 0
1508.038 0
1508.611 0
1509.183 0
1509.755 0
1510.328 0
1510.900 1
1511.473 0
1512.045 0
1512.618 0
1513.190 0
1513.763 0
1514.335 0
1514.908 0
1515.481 0
1516.053 0
1516.626 0
1517.199 0
1517.772 2
1518.345 0
1518.918 0
1519.490 0
1520.063 0
1520.636 0
1521.209 1
1521.782 0
1522.355 0
1522.929 0
1523.502 0
1524.075 0
1524.648 0
1525.221 0
1525.794 0
1526.368 0
1526.941 0
1527.514 0
1528.088 1
1528.661 0
1529.235 0
1529.808 0
1530.382 0
1530.955 0
1531.529 0
1532.102 0
1532.676 0
1533.250 0
1533.823 1
1534.397 0
1534.971 0
1535.545 0
1536.119 0
1536.692 0
1537.266 0
1537.840 0
1538.414 0
1538.988 0
1539.562 0
1540.136 0
1540.710 0
1541.285 0
1541.859 1
1542.433 0
1543.007 0
1543.581 0
1544.156 0
1544.730 0
1545.304 0
1545.879 0
1546.453 0
1547.028 0
1547.602 0
1548.177 0
1548.751 0
1549.326 0
1549.900 0
1550.475 0
1551.050 0
1551.624 0
1552.199 0
1552.774 1
1553.349 0
1553.923 0
1554.498 0
1555.073 0
1555.648 0
1556.223 1
1556.798 0
1557.373 0
1557.948 0
1558.523 0
1559.098 0
1559.674 0
1560.249 0
1560.824 0
1561.399 1
1561.974 0
1562.550 0
1563.125 0
1563.701 0
1564.276 0
1564.851 0
1565.427 0
1566.002 0
1566.578 0
1567.153 0
1567.729 1
1568.305 1
1568.880 0
1569.456 0
1570.032 0
1570.608 0
1571.183 0
1571.759 0
1572.335 0
1572.911 0
1573.487 0
1574.063 0
1574.639 0
1575.215 0
1575.791 0
1576.367 0
1576.943 0
1577.519 0
1578.095 0
1578.672 1
1579.248 0
1579.824 0
1580.401 0
1580.977 0
1581.553 0
1582.130 0
1582.706 0
1583.283 0
1583.859 0
1584.436 0
1585.012 0
1585.589 0
1586.165 0
1586.742 0
1587.319 0
1587.896 0
1588.472 0
1589.049 0
1589.626 1
1590.203 0
1590.780 0
1591.357 0
1591.934 0
1592.511 0
1593.088 0
1593.665 0
1594.242 0
1594.819 0
1595.396 0
1595.973 0
1596.550 0
1597.128 0
1597.705 0
1598.282 0
1598.860 0
1599.437 0
1600.014 0
1600.592 0
1601.169 0
1601.747 0
1602.324 0
1602.902 0
1603.480 0
1604.057 0
1604.635 0
1605.213 0
1605.790 0
1606.368 0
1606.946 0
1607.524 0
1608.101 0
1608.679 0
1609.257 0
1609.835 0
1610.413 0
1610.991 0
1611.569 0
1612.147 0
1612.726 0
1613.304 0
1613.882 0
1614.460 0
1615.038 0
1615.617 0
1616.195 0
1616.773 0
1617.352 0
1617.930 0
1618.508 0
1619.087 0
1619.665 0
1620.244 0
1620.823 0
1621.401 0
1621.980 0
1622.558 0
1623.137 0
1623.716 0
1624.295 0
1624.873 0
1625.452 0
1626.031 0
1626.610 0
1627.189 0
1627.768 0
1628.347 0
1628.926 0
1629.505 0
1630.084 0
1630.663 0
1631.242 0
1631.821 0
1632.401 0
1632.980 0
1633.559 0
1634.138 0
1634.718 0
1635.297 0
1635.877 0
1636.456 0
1637.036 0
1637.615 0
1638.195 0
1638.774 0
1639.354 0
1639.933 0
1640.513 0
1641.093 0
1641.672 0
1642.252 0
1642.832 0
1643.412 0
1643.992 0
1644.572 0
1645.151 0
1645.731 0
1646.311 0
1646.891 0
1647.471 0
1648.052 0
1648.632 0
1649.212 0
1649.792 0
1650.372 0
1650.952 0
1651.533 0
1652.113 0
1652.693 0
1653.274 0
1653.854 0
1654.435 0
1655.015 0
1655.596 0
1656.176 0
1656.757 0
1657.337 0
1657.918 0
1658.499 0
1659.079 0
1659.660 0
1660.241 0
1660.821 0
1661.402 0
1661.983 0
1662.564 0
1663.145 0
1663.726 0
1664.307 0
1664.888 0
1665.469 0
1666.050 0
1666.631 0
1667.212 0
1667.793 0
1668.375 0
1668.956 0
1669.537 0
1670.118 0
1670.700 0
1671.281 0
1671.863 0
1672.444 0
1673.025 0
1673.607 0
1674.189 0
1674.770 0
1675.352 0
1675.933 0
1676.515 0
1677.097 0
1677.678 0
1678.260 0
1678.842 0
1679.424 0
1680.006 0
1680.587 0
1681.169 0
1681.751 0
1682.333 0
1682.915 0
1683.497 0
1684.079 0
1684.662 1
1685.244 0
1685.826 0
1686.408 0
1686.990 0
1687.573 1
1688.155 0
1688.737 0
1689.320 0
1689.902 0
1690.484 0
1691.067 1
1691.649 0
1692.232 0
1692.814 0
1693.397 0
1693.980 0
1694.562 0
1695.145 0
1695.728 0
1696.310 0
1696.893 1
1697.476 0
1698.059 0
1698.642 0
1699.225 0
1699.808 0
1700.391 0
1700.974 0
1701.557 0
1702.140 0
1702.723 0
1703.306 0
1703.889 0
1704.472 0
1705.056 0
1705.639 0
1706.222 0
1706.806 0
1707.389 0
1707.972 0
1708.556 0
1709.139 0
1709.723 0
1710.306 0
1710.890 0
1711.473 0
1712.057 0
1712.641 0
1713.224 0
1713.808 0
1714.392 0
1714.976 0
1715.559 0
1716.143 0
1716.727 0
1717.311 0
1717.895 0
1718.479 0
1719.063 0
1719.647 0
1720.231 0
1720.815 0
1721.399 0
1721.983 0
1722.568 0
1723.152 0
1723.736 0
1724.320 0
1724.905 0
1725.489 0
1726.074 0
1726.658 0
1727.242 0
1727.827 0
1728.411 0
1728.996 0
1729.581 0
1730.165 0
1730.750 0
1731.335 0
1731.919 0
1732.504 0
1733.089 0
1733.674 0
1734.258 0
1734.843 0
1735.428 0
1736.013 0
1736.598 0
1737.183 0
1737.768 0
1738.353 0
1738.938 0
1739.524 0
1740.109 0
1740.694 0
1741.279 0
1741.864 0
1742.450 0
1743.035 0
1743.620 0
1744.206 0
1744.791 0
1745.377 0
1745.962 0
1746.548 0
1747.133 0
1747.719 0
1748.304 0
1748.890 0
1749.476 0
1750.061 0
1750.647 0
1751.233 0
1751.819 0
1752.405 0
1752.991 0
1753.576 0
1754.162 0
1754.748 0
1755.334 0
1755.920 0
1756.506 0
1757.093 0
1757.679 0
1758.265 0
1758.851 0
1759.437 0
1760.024 0
1760.610 0
1761.196 0
1761.783 0
1762.369 0
1762.955 0
1763.542 0
1764.128 0
1764.715 0
1765.301 0
1765.888 0
1766.475 0
1767.061 0
1767.648 0
1768.235 0
1768.821 0
1769.408 0
1769.995 0
1770.582 0
1771.169 0
1771.756 0
1772.342 0
1772.929 0
1773.516 0
1774.104 0
1774.691 0
1775.278 0
1775.865 0
1776.452 0
1777.039 0
1777.626 0
1778.214 0
1778.801 0
1779.388 0
1779.976 0
1780.563 0
1781.150 0
1781.738 0
1782.325 0
1782.913 0
1783.500 0
1784.088 0
1784.676 0
1785.263 0
1785.851 0
1786.439 0
1787.026 0
1787.614 0
1788.202 0
1788.790 0
1789.378 0
1789.966 0
1790.554 1
1791.142 0
1791.730 0
1792.318 0
1792.906 1
1793.494 0
1794.082 0
1794.670 0
1795.258 0
1795.846 0
1796.435 0
1797.023 1
1797.611 0
1798.200 0
1798.788 0
1799.376 0
1799.965 0
1800.553 0
1801.142 0
1801.730 0
1802.319 0
1802.908 0
1803.496 0
1804.085 0
1804.674 0
1805.262 0
1805.851 0
1806.440 0
1807.029 0
1807.618 0
1808.207 0
1808.796 0
1809.385 0
1809.974 0
1810.563 0
1811.152 0
1811.741 0
1812.330 0
1812.919 0
1813.508 0
1814.097 0
1814.687 0
1815.276 0
1815.865 0
1816.455 0
1817.044 0
1817.633 0
1818.223 0
1818.812 0
1819.402 0
1819.991 0
1820.581 0
1821.171 0
1821.760 0
1822.350 0
1822.940 0
1823.529 0
1824.119 0
1824.709 0
1825.299 0
1825.889 0
1826.479 0
1827.068 0
1827.658 0
1828.248 0
1828.838 0
1829.429 0
1830.019 0
1830.609 0
1831.199 0
1831.789 0
1832.379 0
1832.970 0
1833.560 0
1834.150 0
1834.741 0
1835.331 0
1835.921 0
1836.512 0
1837.102 0
1837.693 1
1838.283 0
1838.874 0
1839.464 0
1840.055 0
1840.646 0
1841.236 0
1841.827 0
1842.418 0
1843.009 0
1843.600 0
1844.191 0
1844.781 0
1845.372 0
1845.963 0
1846.554 0
1847.145 0
1847.736 0
1848.327 0
1848.919 0
1849.510 0
1850.101 0
1850.692 0
1851.283 0
1851.875 0
1852.466 0
1853.057 0
1853.649 0
1854.240 0
1854.832 0
1855.423 0
1856.015 0
1856.606 0
1857.198 0
1857.789 0
1858.381 0
1858.973 0
1859.564 0
1860.156 0
1860.748 0
1861.340 0
1861.931 0
1862.523 0
1863.115 0
1863.707 0
1864.299 0
1864.891 1
1865.483 0
1866.075 0
1866.667 0
1867.259 0
1867.852 0
1868.444 0
1869.036 0
1869.628 0
1870.220 0
1870.813 0
1871.405 0
1871.998 0
1872.590 0
1873.182 0
1873.775 0
1874.367 0
1874.960 0
1875.552 0
1876.145 0
1876.738 0
1877.330 0
1877.923 0
1878.516 1
1879.109 0
1879.701 0
1880.294 0
1880.887 0
1881.480 0
1882.073 0
1882.666 0
1883.259 0
1883.852 0
1884.445 0
1885.038 0
1885.631 0
1886.224 0
1886.817 0
1887.411 0
1888.004 0
1888.597 0
1889.191 0
1889.784 0
1890.377 0
1890.971 0
1891.564 0
1892.158 0
1892.751 0
1893.345 0
1893.938 0
1894.532 0
1895.125 0
1895.719 0
1896.313 0
1896.907 0
1897.500 0
1898.094 0
1898.688 0
1899.282 0
1899.876 0
1900.470 0
1901.064 0
1901.658 0
1902.252 0
1902.846 0
1903.440 0
1904.034 0
1904.628 0
1905.222 0
1905.816 0
1906.411 0
1907.005 0
1907.599 0
1908.194 0
1908.788 0
1909.382 0
1909.977 0
1910.571 0
1911.166 1
1911.760 0
1912.355 0
1912.949 0
1913.544 0
1914.139 0
1914.733 0
1915.328 0
1915.923 0
1916.518 0
1917.113 0
1917.707 0
1918.302 0
1918.897 0
1919.492 0
1920.087 0
1920.682 0
1921.277 0
1921.872 0
1922.467 0
1923.063 0
1923.658 0
1924.253 0
1924.848 0
1925.443 0
1926.039 0
1926.634 0
1927.229 0
1927.825 0
1928.420 0
1929.016 0
1929.611 0
1930.207 0
1930.802 0
1931.398 0
1931.994 0
1932.589 0
1933.185 0
1933.781 0
1934.376 0
1934.972 0
1935.568 0
1936.164 0
1936.760 0
1937.356 0
1937.952 0
1938.548 0
1939.144 0
1939.740 0
1940.336 0
1940.932 0
1941.528 0
1942.124 0
1942.720 0
1943.317 0
1943.913 0
1944.509 0
1945.106 0
1945.702 0
1946.298 0
1946.895 0
1947.491 0
1948.088 0
1948.684 0
1949.281 0
1949.878 0
1950.474 0
1951.071 0
1951.667 0
1952.264 0
1952.861 0
1953.458 0
1954.055 0
1954.651 0
1955.248 0
1955.845 0
1956.442 0
1957.039 0
1957.636 1
1958.233 0
1958.830 0
1959.427 0
1960.025 0
1960.622 0
1961.219 0
1961.816 0
1962.413 0
1963.011 0
1963.608 0
1964.205 0
1964.803 0
1965.400 0
1965.998 0
1966.595 0
1967.193 0
1967.790 0
1968.388 0
1968.986 0
1969.583 0
1970.181 0
1970.779 0
1971.376 0
1971.974 0
1972.572 0
1973.170 0
1973.768 0
1974.366 0
1974.964 0
1975.562 0
1976.160 0
1976.758 0
1977.356 0
1977.954 0
1978.552 0
1979.150 0
1979.748 0
1980.347 0
1980.945 0
1981.543 0
1982.142 0
1982.740 0
1983.338 0
1983.937 0
1984.535 0
1985.134 0
1985.732 0
1986.331 0
1986.929 0
1987.528 1
1988.127 0
1988.725 0
1989.324 0
1989.923 0
1990.522 0
1991.120 0
1991.719 0
1992.318 0
1992.917 0
1993.516 0
1994.115 0
1994.714 0
1995.313 0
1995.912 1
1996.511 0
1997.110 0
1997.710 0
1998.309 0
1998.908 0
1999.507 0
2000.107 0
2000.706 0
2001.305 0
2001.905 0
2002.504 0
2003.104 0
2003.703 0
2004.303 0
2004.902 0
2005.502 0
2006.101 0
2006.701 0
2007.301 0
2007.900 0
2008.500 0
2009.100 0
2009.700 0
2010.300 0
2010.899 0
2011.499 0
2012.099 0
2012.699 0
2013.299 0
2013.899 0
2014.499 0
2015.100 0
2015.700 0
2016.300 0
2016.900 0
2017.500 0
2018.101 0
2018.701 0
2019.301 0
2019.902 0
2020.502 0
2021.102 0
2021.703 0
2022.303 0
2022.904 0
2023.504 0
2024.105 0
2024.706 0
2025.306 0
2025.907 0
2026.508 0
2027.108 0
2027.709 0
2028.310 0
2028.911 0
2029.512 0
2030.113 0
2030.714 0
2031.315 0
2031.916 0
2032.517 0
2033.118 1
2033.719 0
2034.320 0
2034.921 0
2035.522 0
2036.123 0
2036.725 0
2037.326 0
2037.927 0
2038.529 0
2039.130 0
2039.732 0
2040.333 0
2040.935 0
2041.536 0
2042.138 0
2042.739 0
2043.341 0
2043.942 0
2044.544 0
2045.146 0
2045.748 0
2046.349 0
2046.951 0
2047.553 0
2048.155 0
2048.757 0
2049.359 0
2049.961 0
2050.563 0
2051.165 0
2051.767 0
2052.369 0
2052.971 0
2053.573 0
2054.175 0
2054.778 0
2055.380 0
2055.982 0
2056.585 0
2057.187 0
2057.789 0
2058.392 0
2058.994 0
2059.597 0
2060.199 0
2060.802 0
2061.404 0
2062.007 0
2062.610 0
2063.212 0
2063.815 0
2064.418 0
2065.020 0
2065.623 0
2066.226 0
2066.829 0
2067.432 0
2068.035 0
2068.638 0
2069.241 0
2069.844 0
2070.447 0
2071.050 0
2071.653 0
2072.256 0
2072.860 0
2073.463 0
2074.066 0
2074.669 0
2075.273 0
2075.876 0
2076.479 0
2077.083 0
2077.686 0
2078.290 0
2078.893 0
2079.497 1
2080.100 0
2080.704 0
2081.308 0
2081.911 0
2082.515 0
2083.119 0
2083.723 0
2084.326 0
2084.930 0
2085.534 0
2086.138 0
2086.742 0
2087.346 1
2087.950 0
2088.554 0
2089.158 0
2089.762 0
2090.366 0
2090.970 0
2091.575 0
2092.179 0
2092.783 0
2093.387 0
2093.992 0
2094.596 0
2095.200 0
2095.805 0
2096.409 0
2097.014 0
2097.618 0
2098.223 0
2098.827 0
2099.432 0
2100.037 0
2100.641 0
2101.246 0
2101.851 0
2102.456 0
2103.060 0
2103.665 0
2104.270 0
2104.875 0
2105.480 0
2106.085 0
2106.690 0
2107.295 0
2107.900 0
2108.505 0
2109.110 0
2109.715 0
2110.321 0
2110.926 0
2111.531 0
2112.136 0
2112.742 0
2113.347 0
2113.952 0
2114.558 0
2115.163 0
2115.769 0
2116.374 1
2116.980 0
2117.585 0
2118.191 0
2118.797 0
2119.402 0
2120.008 1
2120.614 0
2121.220 0
2121.825 0
2122.431 0
2123.037 0
2123.643 0
2124.249 0
2124.855 0
2125.461 0
2126.067 0
2126.673 0
2127.279 0
2127.885 0
2128.491 0
2129.097 0
2129.704 0
2130.310 0
2130.916 0
2131.523 0
2132.129 0
2132.735 0
2133.342 0
2133.948 0
2134.555 0
2135.161 0
2135.768 0
2136.374 0
2136.981 0
2137.588 0
2138.194 0
2138.801 0
2139.408 0
2140.014 0
2140.621 0
2141.228 0
2141.835 0
2142.442 0
2143.049 0
2143.656 0
2144.263 0
2144.870 0
2145.477 0
2146.084 0
2146.691 0
2147.298 0
2147.905 0
2148.513 0
2149.120 0
2149.727 0
2150.334 0
2150.942 0
2151.549 0
2152.157 0
2152.764 0
2153.372 1
2153.979 0
2154.587 0
2155.194 0
2155.802 0
2156.409 0
2157.017 0
2157.625 0
2158.232 0
2158.840 0
2159.448 0
2160.056 0
2160.664 0
2161.272 0
2161.880 0
2162.488 0
2163.096 0
2163.704 0
2164.312 0
2164.920 0
2165.528 0
2166.136 0
2166.744 0
2167.352 0
2167.961 0
2168.569 0
2169.177 0
2169.786 0
2170.394 0
2171.002 0
2171.611 0
2172.219 0
2172.828 0
2173.436 0
2174.045 0
2174.654 0
2175.262 0
2175.871 0
2176.480 0
2177.088 0
2177.697 0
2178.306 0
2178.915 0
2179.524 1
2180.132 0
2180.741 0
2181.350 0
2181.959 0
2182.568 0
2183.177 0
2183.786 0
2184.396 0
2185.005 0
2185.614 0
2186.223 0
2186.832 0
2187.442 0
2188.051 0
2188.660 0
2189.270 0
2189.879 0
2190.489 0
2191.098 0
2191.708 0
2192.317 0
2192.927 0
2193.536 0
2194.146 0
2194.756 0
2195.365 0
2195.975 0
2196.585 0
2197.195 0
2197.804 0
2198.414 0
2199.024 0
2199.634 0
2200.244 0
2200.854 0
2201.464 0
2202.074 0
2202.684 0
2203.294 0
2203.904 0
2204.515 0
2205.125 0
2205.735 0
2206.345 0
2206.956 0
2207.566 0
2208.176 0
2208.787 0
2209.397 0
2210.008 0
2210.618 0
2211.229 0
2211.839 0
2212.450 0
2213.061 0
2213.671 0
2214.282 0
2214.893 0
2215.503 0
2216.114 0
2216.725 0
2217.336 0
2217.947 0
2218.558 0
2219.169 0
2219.780 0
2220.391 0
2221.002 0
2221.613 0
2222.224 0
2222.835 0
2223.446 1
2224.057 0
2224.669 0
2225.280 0
2225.891 0
2226.503 0
2227.114 0
2227.725 0
2228.337 0
2228.948 0
2229.560 0
2230.171 0
2230.783 0
2231.394 0
2232.006 0
2232.618 0
2233.229 0
2233.841 0
2234.453 0
2235.065 0
2235.677 0
2236.288 0
2236.900 0
2237.512 0
2238.124 0
2238.736 0
2239.348 1
2239.960 0
2240.572 0
2241.184 0
2241.797 0
2242.409 0
2243.021 0
2243.633 0
2244.245 0
2244.858 0
2245.470 0
2246.082 0
2246.695 0
2247.307 0
2247.920 0
2248.532 0
2249.145 0
2249.757 0
2250.370 0
2250.983 0
2251.595 0
2252.208 0
2252.821 0
2253.433 0
2254.046 0
2254.659 0
2255.272 36
