2019_09_26_18_25_32_732 /home/raspion_user/data/Beacon_efficiency_22Na_50cm.sp 637885 1800.002 1762.921 15.498519 0.481036  0.000016097
  15.499 3
  15.980 0
  16.461 0
  16.942 1
  17.423 0
  17.904 0
  18.385 2
  18.867 1
  19.348 0
  19.829 2
  20.310 0
  20.792 0
  21.273 1
  21.755 1
  22.236 1
  22.718 1
  23.199 0
  23.681 2
  24.162 1
  24.644 3
  25.126 1
  25.607 3
  26.089 3
  26.571 6
  27.053 4
  27.534 7
  28.016 14
  28.498 12
  28.980 14
  29.462 16
  29.944 33
  30.426 33
  30.908 28
  31.390 38
  31.872 47
  32.354 66
  32.837 56
  33.319 60
  33.801 95
  34.283 75
  34.766 87
  35.248 125
  35.730 103
  36.213 143
  36.695 146
  37.178 138
  37.660 157
  38.143 187
  38.625 192
  39.108 213
  39.591 246
  40.073 240
  40.556 242
  41.039 254
  41.521 260
  42.004 287
  42.487 253
  42.970 294
  43.453 304
  43.936 322
  44.419 323
  44.902 349
  45.385 355
  45.868 357
  46.351 345
  46.834 386
  47.317 368
  47.800 398
  48.283 420
  48.767 408
  49.250 416
  49.733 390
  50.217 393
  50.700 483
  51.183 490
  51.667 475
  52.150 492
  52.634 580
  53.117 536
  53.601 571
  54.084 550
  54.568 548
  55.052 490
  55.535 454
  56.019 433
  56.503 363
  56.987 330
  57.470 279
  57.954 292
  58.438 259
  58.922 272
  59.406 265
  59.890 268
  60.374 281
  60.858 283
  61.342 247
  61.826 295
  62.310 263
  62.795 279
  63.279 346
  63.763 305
  64.247 298
  64.732 323
  65.216 342
  65.700 365
  66.185 390
  66.669 349
  67.154 398
  67.638 361
  68.123 377
  68.607 422
  69.092 382
  69.576 403
  70.061 406
  70.546 444
  71.031 472
  71.515 460
  72.000 490
  72.485 480
  72.970 488
  73.455 479
  73.940 512
  74.424 499
  74.909 558
  75.394 506
  75.880 544
  76.365 566
  76.850 594
  77.335 573
  77.820 578
  78.305 617
  78.790 618
  79.276 633
  79.761 665
  80.246 627
  80.732 677
  81.217 628
  81.703 730
  82.188 652
  82.674 666
  83.159 661
  83.645 708
  84.130 680
  84.616 711
  85.101 679
  85.587 695
  86.073 690
  86.559 741
  87.044 764
  87.530 728
  88.016 767
  88.502 729
  88.988 740
  89.474 717
  89.960 673
  90.446 693
  90.932 751
  91.418 710
  91.904 734
  92.390 732
  92.876 732
  93.363 758
  93.849 732
  94.335 803
  94.821 707
  95.308 697
  95.794 726
  96.280 764
  96.767 736
  97.253 758
  97.740 740
  98.226 734
  98.713 706
  99.200 685
  99.686 709
 100.173 725
 100.659 684
 101.146 721
 101.633 742
 102.120 734
 102.607 728
 103.093 776
 103.580 716
 104.067 695
 104.554 652
 105.041 697
 105.528 696
 106.015 704
 106.502 677
 106.989 625
 107.476 619
 107.964 668
 108.451 623
 108.938 623
 109.425 678
 109.913 618
 110.400 635
 110.887 628
 111.375 615
 111.862 614
 112.350 604
 112.837 643
 113.325 620
 113.812 592
 114.300 615
 114.787 625
 115.275 634
 115.763 607
 116.250 641
 116.738 631
 117.226 643
 117.714 660
 118.202 659
 118.689 691
 119.177 653
 119.665 677
 120.153 643
 120.641 667
 121.129 668
 121.617 719
 122.106 696
 122.594 737
 123.082 704
 123.570 715
 124.058 768
 124.547 746
 125.035 784
 125.523 774
 126.012 770
 126.500 767
 126.988 777
 127.477 772
 127.965 764
 128.454 745
 128.942 769
 129.431 799
 129.920 796
 130.408 826
 130.897 774
 131.386 854
 131.874 847
 132.363 846
 132.852 817
 133.341 865
 133.830 781
 134.319 850
 134.808 898
 135.296 852
 135.785 836
 136.275 840
 136.764 841
 137.253 835
 137.742 829
 138.231 845
 138.720 811
 139.209 847
 139.699 837
 140.188 829
 140.677 818
 141.167 846
 141.656 839
 142.145 857
 142.635 785
 143.124 829
 143.614 814
 144.103 845
 144.593 792
 145.083 815
 145.572 794
 146.062 863
 146.552 775
 147.041 783
 147.531 815
 148.021 833
 148.511 792
 149.001 767
 149.491 776
 149.981 826
 150.471 773
 150.961 788
 151.451 674
 151.941 742
 152.431 792
 152.921 720
 153.411 772
 153.901 729
 154.391 732
 154.882 738
 155.372 713
 155.862 792
 156.353 729
 156.843 727
 157.334 717
 157.824 722
 158.314 696
 158.805 722
 159.296 702
 159.786 724
 160.277 700
 160.767 697
 161.258 735
 161.749 673
 162.240 685
 162.730 715
 163.221 658
 163.712 718
 164.203 647
 164.694 661
 165.185 649
 165.676 660
 166.167 689
 166.658 681
 167.149 619
 167.640 693
 168.131 640
 168.622 675
 169.113 645
 169.605 698
 170.096 682
 170.587 619
 171.078 659
 171.570 663
 172.061 652
 172.553 641
 173.044 634
 173.535 640
 174.027 631
 174.519 600
 175.010 617
 175.502 630
 175.993 701
 176.485 642
 176.977 656
 177.468 668
 177.960 656
 178.452 680
 178.944 685
 179.436 644
 179.928 701
 180.420 673
 180.912 709
 181.404 645
 181.896 701
 182.388 673
 182.880 657
 183.372 705
 183.864 687
 184.356 748
 184.848 751
 185.341 739
 185.833 721
 186.325 718
 186.818 742
 187.310 725
 187.802 772
 188.295 732
 188.787 734
 189.280 715
 189.772 792
 190.265 762
 190.758 740
 191.250 765
 191.743 790
 192.236 724
 192.728 724
 193.221 786
 193.714 774
 194.207 812
 194.700 801
 195.193 773
 195.686 854
 196.178 835
 196.671 801
 197.165 855
 197.658 819
 198.151 825
 198.644 768
 199.137 791
 199.630 788
 200.123 733
 200.617 773
 201.110 784
 201.603 781
 202.097 794
 202.590 794
 203.083 749
 203.577 794
 204.070 810
 204.564 756
 205.057 810
 205.551 803
 206.045 792
 206.538 712
 207.032 758
 207.526 701
 208.019 808
 208.513 750
 209.007 748
 209.501 699
 209.995 706
 210.488 703
 210.982 687
 211.476 729
 211.970 732
 212.464 749
 212.958 665
 213.453 673
 213.947 675
 214.441 657
 214.935 702
 215.429 645
 215.923 675
 216.418 623
 216.912 672
 217.406 653
 217.901 638
 218.395 611
 218.890 677
 219.384 664
 219.879 635
 220.373 624
 220.868 661
 221.362 613
 221.857 652
 222.352 662
 222.846 665
 223.341 627
 223.836 645
 224.331 625
 224.825 590
 225.320 593
 225.815 635
 226.310 550
 226.805 594
 227.300 647
 227.795 593
 228.290 566
 228.785 615
 229.280 600
 229.776 621
 230.271 560
 230.766 592
 231.261 581
 231.756 616
 232.252 510
 232.747 596
 233.243 619
 233.738 615
 234.233 543
 234.729 605
 235.224 526
 235.720 593
 236.215 579
 236.711 553
 237.207 591
 237.702 568
 238.198 549
 238.694 560
 239.190 577
 239.685 545
 240.181 582
 240.677 583
 241.173 562
 241.669 570
 242.165 549
 242.661 649
 243.157 589
 243.653 506
 244.149 519
 244.645 554
 245.141 561
 245.637 503
 246.134 567
 246.630 548
 247.126 523
 247.623 531
 248.119 520
 248.615 554
 249.112 562
 249.608 509
 250.105 527
 250.601 562
 251.098 529
 251.594 521
 252.091 476
 252.587 514
 253.084 505
 253.581 554
 254.077 462
 254.574 533
 255.071 546
 255.568 499
 256.065 484
 256.562 524
 257.059 520
 257.556 558
 258.052 470
 258.550 506
 259.047 502
 259.544 489
 260.041 496
 260.538 495
 261.035 473
 261.532 510
 262.030 468
 262.527 508
 263.024 456
 263.521 518
 264.019 487
 264.516 499
 265.014 507
 265.511 496
 266.009 477
 266.506 491
 267.004 491
 267.501 456
 267.999 440
 268.497 473
 268.994 528
 269.492 473
 269.990 439
 270.488 465
 270.985 475
 271.483 429
 271.981 446
 272.479 464
 272.977 462
 273.475 460
 273.973 409
 274.471 433
 274.969 421
 275.467 440
 275.966 484
 276.464 417
 276.962 441
 277.460 435
 277.958 461
 278.457 451
 278.955 462
 279.453 444
 279.952 430
 280.450 429
 280.949 452
 281.447 424
 281.946 426
 282.444 462
 282.943 443
 283.442 418
 283.940 404
 284.439 432
 284.938 446
 285.436 501
 285.935 432
 286.434 433
 286.933 436
 287.432 439
 287.931 467
 288.430 464
 288.929 423
 289.428 467
 289.927 385
 290.426 380
 290.925 430
 291.424 388
 291.923 383
 292.422 422
 292.922 442
 293.421 417
 293.920 439
 294.420 425
 294.919 379
 295.418 426
 295.918 398
 296.417 404
 296.917 379
 297.416 415
 297.916 397
 298.415 404
 298.915 395
 299.415 397
 299.914 395
 300.414 402
 300.914 385
 301.414 416
 301.914 376
 302.413 408
 302.913 385
 303.413 415
 303.913 409
 304.413 402
 304.913 390
 305.413 407
 305.913 403
 306.413 393
 306.914 382
 307.414 397
 307.914 405
 308.414 396
 308.914 398
 309.415 408
 309.915 399
 310.415 406
 310.916 386
 311.416 364
 311.917 403
 312.417 387
 312.918 385
 313.418 423
 313.919 420
 314.420 397
 314.920 378
 315.421 415
 315.922 396
 316.422 405
 316.923 350
 317.424 410
 317.925 354
 318.426 385
 318.927 390
 319.428 360
 319.929 318
 320.430 397
 320.931 409
 321.432 380
 321.933 381
 322.434 383
 322.935 404
 323.436 378
 323.938 381
 324.439 402
 324.940 368
 325.441 402
 325.943 391
 326.444 388
 326.946 387
 327.447 369
 327.949 422
 328.450 382
 328.952 394
 329.453 329
 329.955 368
 330.457 365
 330.958 384
 331.460 373
 331.962 332
 332.463 370
 332.965 353
 333.467 375
 333.969 348
 334.471 369
 334.973 364
 335.475 365
 335.977 365
 336.479 345
 336.981 369
 337.483 341
 337.985 332
 338.487 322
 338.990 354
 339.492 371
 339.994 389
 340.496 330
 340.999 366
 341.501 352
 342.004 327
 342.506 340
 343.008 382
 343.511 335
 344.013 338
 344.516 314
 345.019 338
 345.521 341
 346.024 325
 346.527 321
 347.029 322
 347.532 345
 348.035 316
 348.538 328
 349.040 285
 349.543 308
 350.046 302
 350.549 313
 351.052 362
 351.555 296
 352.058 292
 352.561 311
 353.064 302
 353.568 312
 354.071 282
 354.574 284
 355.077 300
 355.580 279
 356.084 291
 356.587 293
 357.090 281
 357.594 266
 358.097 306
 358.601 275
 359.104 284
 359.608 272
 360.111 277
 360.615 322
 361.118 248
 361.622 296
 362.126 240
 362.630 292
 363.133 265
 363.637 266
 364.141 298
 364.645 254
 365.149 279
 365.652 280
 366.156 250
 366.660 286
 367.164 264
 367.668 263
 368.173 253
 368.677 255
 369.181 283
 369.685 269
 370.189 258
 370.693 260
 371.198 269
 371.702 229
 372.206 228
 372.711 222
 373.215 265
 373.719 276
 374.224 244
 374.728 231
 375.233 228
 375.737 235
 376.242 216
 376.747 227
 377.251 228
 377.756 232
 378.261 245
 378.765 268
 379.270 223
 379.775 264
 380.280 230
 380.785 216
 381.290 244
 381.795 242
 382.300 217
 382.805 205
 383.310 256
 383.815 204
 384.320 222
 384.825 219
 385.330 199
 385.835 214
 386.341 194
 386.846 214
 387.351 234
 387.856 205
 388.362 215
 388.867 234
 389.373 233
 389.878 228
 390.384 236
 390.889 225
 391.395 200
 391.900 206
 392.406 202
 392.911 234
 393.417 217
 393.923 210
 394.429 214
 394.934 200
 395.440 232
 395.946 202
 396.452 211
 396.958 228
 397.464 230
 397.970 199
 398.476 207
 398.982 222
 399.488 213
 399.994 214
 400.500 197
 401.006 200
 401.512 222
 402.019 212
 402.525 188
 403.031 205
 403.537 191
 404.044 208
 404.550 179
 405.057 232
 405.563 201
 406.070 204
 406.576 229
 407.083 197
 407.589 176
 408.096 207
 408.602 177
 409.109 213
 409.616 224
 410.123 232
 410.629 212
 411.136 217
 411.643 203
 412.150 213
 412.657 176
 413.164 210
 413.671 206
 414.178 195
 414.685 194
 415.192 200
 415.699 186
 416.206 217
 416.713 217
 417.220 203
 417.728 228
 418.235 169
 418.742 171
 419.250 237
 419.757 197
 420.264 170
 420.772 174
 421.279 203
 421.787 218
 422.294 195
 422.802 188
 423.309 219
 423.817 210
 424.324 189
 424.832 191
 425.340 196
 425.848 230
 426.355 196
 426.863 178
 427.371 190
 427.879 209
 428.387 197
 428.895 193
 429.403 218
 429.911 181
 430.419 215
 430.927 192
 431.435 216
 431.943 205
 432.451 202
 432.959 190
 433.468 210
 433.976 176
 434.484 201
 434.992 196
 435.501 192
 436.009 192
 436.518 226
 437.026 175
 437.535 207
 438.043 188
 438.552 200
 439.060 186
 439.569 191
 440.077 191
 440.586 197
 441.095 204
 441.604 187
 442.112 184
 442.621 188
 443.130 198
 443.639 182
 444.148 212
 444.657 196
 445.166 177
 445.675 193
 446.184 189
 446.693 192
 447.202 184
 447.711 184
 448.220 200
 448.729 203
 449.239 212
 449.748 211
 450.257 197
 450.766 222
 451.276 186
 451.785 188
 452.295 209
 452.804 204
 453.313 191
 453.823 201
 454.332 198
 454.842 171
 455.352 181
 455.861 193
 456.371 197
 456.881 216
 457.390 170
 457.900 197
 458.410 197
 458.920 161
 459.430 180
 459.940 192
 460.450 190
 460.959 191
 461.469 191
 461.980 173
 462.490 183
 463.000 178
 463.510 203
 464.020 202
 464.530 166
 465.040 180
 465.551 198
 466.061 217
 466.571 188
 467.082 196
 467.592 184
 468.102 177
 468.613 199
 469.123 195
 469.634 179
 470.144 190
 470.655 191
 471.166 196
 471.676 194
 472.187 222
 472.698 210
 473.208 191
 473.719 168
 474.230 192
 474.741 167
 475.252 195
 475.762 179
 476.273 210
 476.784 213
 477.295 197
 477.806 198
 478.317 209
 478.828 221
 479.340 176
 479.851 209
 480.362 227
 480.873 193
 481.384 227
 481.896 213
 482.407 215
 482.918 166
 483.430 201
 483.941 189
 484.453 212
 484.964 206
 485.476 200
 485.987 250
 486.499 203
 487.010 232
 487.522 224
 488.034 228
 488.545 216
 489.057 256
 489.569 238
 490.081 230
 490.592 250
 491.104 272
 491.616 272
 492.128 270
 492.640 265
 493.152 243
 493.664 269
 494.176 276
 494.688 292
 495.200 307
 495.712 332
 496.225 281
 496.737 319
 497.249 299
 497.761 314
 498.274 330
 498.786 352
 499.298 380
 499.811 347
 500.323 346
 500.836 387
 501.348 355
 501.861 441
 502.373 405
 502.886 426
 503.399 427
 503.911 425
 504.424 472
 504.937 476
 505.449 485
 505.962 539
 506.475 518
 506.988 568
 507.501 553
 508.014 555
 508.527 584
 509.040 626
 509.553 639
 510.066 607
 510.579 647
 511.092 706
 511.605 669
 512.118 790
 512.632 742
 513.145 733
 513.658 776
 514.171 810
 514.685 791
 515.198 841
 515.711 861
 516.225 910
 516.738 859
 517.252 1003
 517.765 912
 518.279 1006
 518.793 1014
 519.306 979
 519.820 1035
 520.334 1042
 520.847 1077
 521.361 1164
 521.875 1093
 522.389 1189
 522.903 1146
 523.416 1133
 523.930 1235
 524.444 1287
 524.958 1247
 525.472 1296
 525.986 1288
 526.500 1283
 527.015 1204
 527.529 1291
 528.043 1310
 528.557 1325
 529.071 1282
 529.586 1396
 530.100 1401
 530.614 1346
 531.129 1368
 531.643 1375
 532.158 1385
 532.672 1434
 533.186 1365
 533.701 1439
 534.216 1362
 534.730 1354
 535.245 1308
 535.759 1369
 536.274 1429
 536.789 1406
 537.304 1370
 537.818 1358
 538.333 1378
 538.848 1366
 539.363 1334
 539.878 1295
 540.393 1312
 540.908 1343
 541.423 1249
 541.938 1235
 542.453 1310
 542.968 1310
 543.483 1162
 543.998 1230
 544.514 1192
 545.029 1145
 545.544 1061
 546.059 1151
 546.575 1140
 547.090 1139
 547.606 1023
 548.121 1043
 548.636 1025
 549.152 1033
 549.668 957
 550.183 953
 550.699 908
 551.214 947
 551.730 832
 552.246 857
 552.761 844
 553.277 800
 553.793 738
 554.309 731
 554.825 698
 555.341 733
 555.856 649
 556.372 644
 556.888 620
 557.404 571
 557.920 589
 558.436 594
 558.953 601
 559.469 530
 559.985 525
 560.501 530
 561.017 427
 561.534 445
 562.050 415
 562.566 437
 563.083 427
 563.599 404
 564.115 352
 564.632 358
 565.148 308
 565.665 317
 566.182 291
 566.698 298
 567.215 291
 567.731 279
 568.248 286
 568.765 292
 569.282 227
 569.798 251
 570.315 214
 570.832 253
 571.349 217
 571.866 215
 572.383 209
 572.900 198
 573.417 186
 573.934 192
 574.451 188
 574.968 177
 575.485 173
 576.002 187
 576.520 192
 577.037 157
 577.554 173
 578.071 151
 578.589 140
 579.106 147
 579.623 151
 580.141 110
 580.658 123
 581.176 126
 581.693 124
 582.211 117
 582.729 122
 583.246 138
 583.764 126
 584.281 127
 584.799 110
 585.317 109
 585.835 124
 586.353 112
 586.870 109
 587.388 109
 587.906 112
 588.424 115
 588.942 107
 589.460 96
 589.978 86
 590.496 89
 591.014 107
 591.533 96
 592.051 97
 592.569 96
 593.087 80
 593.605 87
 594.124 94
 594.642 98
 595.160 103
 595.679 87
 596.197 84
 596.716 89
 597.234 92
 597.753 84
 598.271 80
 598.790 94
 599.308 75
 599.827 70
 600.346 83
 600.865 82
 601.383 83
 601.902 82
 602.421 86
 602.940 84
 603.459 80
 603.978 83
 604.496 79
 605.015 79
 605.534 71
 606.054 85
 606.573 63
 607.092 84
 607.611 86
 608.130 93
 608.649 75
 609.168 88
 609.688 72
 610.207 96
 610.726 88
 611.246 74
 611.765 78
 612.285 85
 612.804 82
 613.323 80
 613.843 78
 614.363 89
 614.882 84
 615.402 80
 615.921 73
 616.441 69
 616.961 68
 617.481 61
 618.000 70
 618.520 57
 619.040 76
 619.560 94
 620.080 80
 620.600 80
 621.120 71
 621.640 82
 622.160 70
 622.680 71
 623.200 74
 623.720 63
 624.240 88
 624.760 61
 625.281 76
 625.801 74
 626.321 74
 626.842 71
 627.362 84
 627.882 82
 628.403 79
 628.923 78
 629.444 74
 629.964 69
 630.485 75
 631.005 71
 631.526 65
 632.047 85
 632.567 64
 633.088 93
 633.609 59
 634.130 82
 634.650 73
 635.171 74
 635.692 79
 636.213 85
 636.734 76
 637.255 62
 637.776 86
 638.297 71
 638.818 82
 639.339 61
 639.860 75
 640.381 69
 640.903 64
 641.424 68
 641.945 75
 642.466 67
 642.988 75
 643.509 67
 644.030 79
 644.552 67
 645.073 86
 645.595 64
 646.116 79
 646.638 71
 647.159 86
 647.681 65
 648.203 72
 648.724 78
 649.246 72
 649.768 76
 650.290 74
 650.811 72
 651.333 74
 651.855 71
 652.377 72
 652.899 71
 653.421 49
 653.943 80
 654.465 63
 654.987 61
 655.509 81
 656.031 75
 656.553 73
 657.076 65
 657.598 78
 658.120 72
 658.642 78
 659.165 71
 659.687 73
 660.210 68
 660.732 66
 661.254 64
 661.777 78
 662.299 81
 662.822 85
 663.345 80
 663.867 62
 664.390 63
 664.912 80
 665.435 74
 665.958 75
 666.481 79
 667.004 75
 667.526 80
 668.049 88
 668.572 84
 669.095 71
 669.618 72
 670.141 88
 670.664 81
 671.187 89
 671.710 84
 672.233 81
 672.757 96
 673.280 81
 673.803 77
 674.326 66
 674.850 82
 675.373 55
 675.896 90
 676.420 77
 676.943 89
 677.466 87
 677.990 79
 678.513 61
 679.037 89
 679.561 80
 680.084 86
 680.608 64
 681.132 96
 681.655 76
 682.179 85
 682.703 84
 683.227 80
 683.750 81
 684.274 73
 684.798 82
 685.322 80
 685.846 81
 686.370 86
 686.894 79
 687.418 90
 687.942 89
 688.466 77
 688.991 84
 689.515 83
 690.039 76
 690.563 77
 691.087 83
 691.612 74
 692.136 76
 692.661 63
 693.185 81
 693.709 92
 694.234 92
 694.758 89
 695.283 83
 695.808 90
 696.332 90
 696.857 66
 697.381 78
 697.906 61
 698.431 87
 698.956 74
 699.480 77
 700.005 66
 700.530 72
 701.055 65
 701.580 62
 702.105 59
 702.630 71
 703.155 65
 703.680 70
 704.205 55
 704.730 59
 705.255 74
 705.781 68
 706.306 78
 706.831 61
 707.356 64
 707.882 65
 708.407 53
 708.932 69
 709.458 56
 709.983 71
 710.509 84
 711.034 67
 711.560 67
 712.085 66
 712.611 74
 713.137 70
 713.662 63
 714.188 50
 714.714 60
 715.240 58
 715.765 50
 716.291 59
 716.817 64
 717.343 55
 717.869 58
 718.395 54
 718.921 66
 719.447 52
 719.973 63
 720.499 51
 721.025 59
 721.551 59
 722.078 56
 722.604 59
 723.130 64
 723.656 49
 724.183 62
 724.709 57
 725.235 38
 725.762 60
 726.288 50
 726.815 68
 727.341 65
 727.868 60
 728.394 51
 728.921 56
 729.448 55
 729.974 62
 730.501 48
 731.028 51
 731.554 54
 732.081 56
 732.608 50
 733.135 47
 733.662 51
 734.189 60
 734.716 50
 735.243 59
 735.770 57
 736.297 57
 736.824 68
 737.351 53
 737.878 61
 738.405 51
 738.933 49
 739.460 55
 739.987 44
 740.514 57
 741.042 47
 741.569 38
 742.097 62
 742.624 48
 743.151 47
 743.679 51
 744.206 58
 744.734 47
 745.262 44
 745.789 62
 746.317 45
 746.845 67
 747.372 51
 747.900 47
 748.428 53
 748.956 51
 749.484 34
 750.012 45
 750.539 57
 751.067 55
 751.595 38
 752.123 45
 752.651 61
 753.180 43
 753.708 42
 754.236 50
 754.764 65
 755.292 53
 755.821 66
 756.349 51
 756.877 58
 757.405 42
 757.934 59
 758.462 56
 758.991 55
 759.519 66
 760.048 49
 760.576 71
 761.105 57
 761.633 39
 762.162 54
 762.691 46
 763.219 44
 763.748 57
 764.277 49
 764.806 61
 765.334 46
 765.863 66
 766.392 54
 766.921 64
 767.450 46
 767.979 62
 768.508 54
 769.037 51
 769.566 61
 770.095 48
 770.625 44
 771.154 53
 771.683 47
 772.212 59
 772.741 45
 773.271 52
 773.800 50
 774.329 57
 774.859 42
 775.388 58
 775.918 52
 776.447 47
 776.977 50
 777.506 48
 778.036 51
 778.566 51
 779.095 65
 779.625 53
 780.155 47
 780.685 60
 781.214 57
 781.744 52
 782.274 49
 782.804 56
 783.334 53
 783.864 46
 784.394 48
 784.924 60
 785.454 44
 785.984 54
 786.514 50
 787.044 55
 787.574 49
 788.105 51
 788.635 53
 789.165 48
 789.695 58
 790.226 49
 790.756 40
 791.286 46
 791.817 45
 792.347 41
 792.878 50
 793.408 56
 793.939 59
 794.470 55
 795.000 48
 795.531 46
 796.062 56
 796.592 40
 797.123 55
 797.654 49
 798.185 65
 798.716 51
 799.246 56
 799.777 57
 800.308 58
 800.839 42
 801.370 52
 801.901 48
 802.432 56
 802.964 54
 803.495 56
 804.026 43
 804.557 56
 805.088 44
 805.620 72
 806.151 52
 806.682 49
 807.214 57
 807.745 49
 808.276 54
 808.808 51
 809.339 51
 809.871 57
 810.403 48
 810.934 53
 811.466 50
 811.997 63
 812.529 59
 813.061 50
 813.593 53
 814.124 49
 814.656 55
 815.188 64
 815.720 53
 816.252 50
 816.784 55
 817.316 49
 817.848 59
 818.380 49
 818.912 55
 819.444 51
 819.976 53
 820.508 54
 821.041 56
 821.573 57
 822.105 50
 822.637 67
 823.170 63
 823.702 46
 824.235 45
 824.767 45
 825.299 61
 825.832 62
 826.364 47
 826.897 51
 827.430 38
 827.962 52
 828.495 55
 829.028 43
 829.560 44
 830.093 50
 830.626 46
 831.159 46
 831.692 54
 832.224 48
 832.757 43
 833.290 50
 833.823 45
 834.356 43
 834.889 61
 835.422 46
 835.955 51
 836.489 53
 837.022 43
 837.555 47
 838.088 43
 838.622 41
 839.155 54
 839.688 56
 840.222 49
 840.755 59
 841.288 40
 841.822 58
 842.355 57
 842.889 50
 843.422 47
 843.956 62
 844.490 55
 845.023 44
 845.557 62
 846.091 53
 846.624 56
 847.158 44
 847.692 51
 848.226 63
 848.760 45
 849.294 54
 849.828 62
 850.362 57
 850.896 55
 851.430 55
 851.964 53
 852.498 51
 853.032 45
 853.566 48
 854.100 49
 854.635 46
 855.169 46
 855.703 65
 856.238 44
 856.772 66
 857.306 53
 857.841 52
 858.375 44
 858.910 46
 859.444 46
 859.979 49
 860.513 53
 861.048 47
 861.583 58
 862.117 49
 862.652 46
 863.187 41
 863.722 45
 864.256 43
 864.791 59
 865.326 45
 865.861 52
 866.396 46
 866.931 47
 867.466 51
 868.001 57
 868.536 52
 869.071 42
 869.606 52
 870.141 46
 870.677 68
 871.212 51
 871.747 52
 872.282 44
 872.818 56
 873.353 50
 873.889 55
 874.424 44
 874.959 56
 875.495 58
 876.030 47
 876.566 57
 877.102 54
 877.637 47
 878.173 60
 878.709 59
 879.244 59
 879.780 51
 880.316 44
 880.852 56
 881.387 53
 881.923 56
 882.459 55
 882.995 52
 883.531 46
 884.067 55
 884.603 42
 885.139 47
 885.675 52
 886.212 58
 886.748 54
 887.284 35
 887.820 41
 888.356 49
 888.893 48
 889.429 51
 889.965 56
 890.502 61
 891.038 65
 891.575 55
 892.111 57
 892.648 53
 893.184 49
 893.721 43
 894.257 54
 894.794 60
 895.331 48
 895.868 50
 896.404 70
 896.941 63
 897.478 61
 898.015 50
 898.552 55
 899.088 55
 899.625 56
 900.162 56
 900.699 39
 901.236 37
 901.774 52
 902.311 47
 902.848 58
 903.385 57
 903.922 48
 904.459 66
 904.997 59
 905.534 53
 906.071 59
 906.609 42
 907.146 46
 907.683 55
 908.221 49
 908.758 55
 909.296 53
 909.833 54
 910.371 55
 910.909 44
 911.446 44
 911.984 61
 912.522 47
 913.059 55
 913.597 55
 914.135 49
 914.673 59
 915.211 43
 915.749 57
 916.287 47
 916.825 59
 917.363 47
 917.901 53
 918.439 57
 918.977 51
 919.515 44
 920.053 42
 920.591 44
 921.129 53
 921.668 54
 922.206 50
 922.744 49
 923.283 56
 923.821 58
 924.360 47
 924.898 46
 925.436 58
 925.975 69
 926.514 55
 927.052 48
 927.591 50
 928.129 41
 928.668 54
 929.207 59
 929.745 56
 930.284 67
 930.823 51
 931.362 54
 931.901 57
 932.440 50
 932.979 68
 933.518 63
 934.057 50
 934.596 42
 935.135 31
 935.674 58
 936.213 54
 936.752 53
 937.291 41
 937.831 51
 938.370 47
 938.909 68
 939.448 62
 939.988 51
 940.527 47
 941.067 52
 941.606 53
 942.145 63
 942.685 44
 943.225 39
 943.764 38
 944.304 55
 944.843 43
 945.383 52
 945.923 62
 946.463 54
 947.002 46
 947.542 61
 948.082 51
 948.622 65
 949.162 43
 949.702 50
 950.242 59
 950.782 57
 951.322 50
 951.862 56
 952.402 56
 952.942 68
 953.482 45
 954.022 43
 954.563 38
 955.103 57
 955.643 44
 956.183 56
 956.724 56
 957.264 46
 957.805 50
 958.345 46
 958.885 51
 959.426 36
 959.967 50
 960.507 57
 961.048 39
 961.588 58
 962.129 47
 962.670 60
 963.210 58
 963.751 71
 964.292 58
 964.833 52
 965.374 42
 965.915 50
 966.456 65
 966.997 66
 967.538 58
 968.079 59
 968.620 51
 969.161 49
 969.702 50
 970.243 62
 970.784 58
 971.325 52
 971.867 56
 972.408 38
 972.949 57
 973.491 58
 974.032 50
 974.573 54
 975.115 53
 975.656 72
 976.198 55
 976.739 43
 977.281 53
 977.823 61
 978.364 57
 978.906 67
 979.448 61
 979.989 66
 980.531 64
 981.073 47
 981.615 52
 982.157 62
 982.699 63
 983.240 54
 983.782 49
 984.324 63
 984.866 61
 985.409 56
 985.951 63
 986.493 54
 987.035 61
 987.577 54
 988.119 72
 988.662 54
 989.204 50
 989.746 56
 990.289 59
 990.831 55
 991.373 61
 991.916 61
 992.458 44
 993.001 57
 993.543 65
 994.086 65
 994.628 72
 995.171 56
 995.714 48
 996.256 52
 996.799 61
 997.342 37
 997.885 64
 998.428 52
 998.970 44
 999.513 48
1000.056 58
1000.599 55
1001.142 48
1001.685 48
1002.228 50
1002.771 69
1003.315 56
1003.858 52
1004.401 60
1004.944 46
1005.487 51
1006.031 59
1006.574 67
1007.117 58
1007.661 66
1008.204 54
1008.748 55
1009.291 48
1009.835 66
1010.378 60
1010.922 59
1011.465 65
1012.009 55
1012.553 50
1013.096 55
1013.640 51
1014.184 56
1014.728 57
1015.271 62
1015.815 57
1016.359 63
1016.903 51
1017.447 54
1017.991 47
1018.535 61
1019.079 50
1019.623 59
1020.167 49
1020.711 75
1021.256 61
1021.800 65
1022.344 62
1022.888 52
1023.433 60
1023.977 64
1024.521 52
1025.066 54
1025.610 60
1026.155 54
1026.699 59
1027.244 65
1027.788 56
1028.333 48
1028.878 59
1029.422 64
1029.967 55
1030.512 56
1031.056 58
1031.601 63
1032.146 65
1032.691 58
1033.236 53
1033.781 50
1034.326 50
1034.871 56
1035.416 62
1035.961 54
1036.506 41
1037.051 47
1037.596 55
1038.141 59
1038.687 57
1039.232 43
1039.777 47
1040.322 51
1040.868 71
1041.413 63
1041.959 67
1042.504 47
1043.049 43
1043.595 54
1044.140 50
1044.686 60
1045.232 58
1045.777 41
1046.323 50
1046.869 46
1047.414 55
1047.960 69
1048.506 41
1049.052 48
1049.598 61
1050.144 51
1050.689 48
1051.235 69
1051.781 79
1052.327 56
1052.873 43
1053.420 49
1053.966 37
1054.512 43
1055.058 40
1055.604 42
1056.150 51
1056.697 45
1057.243 39
1057.789 41
1058.336 50
1058.882 50
1059.429 46
1059.975 45
1060.522 49
1061.068 55
1061.615 41
1062.161 46
1062.708 54
1063.255 46
1063.801 36
1064.348 58
1064.895 41
1065.442 46
1065.988 37
1066.535 49
1067.082 41
1067.629 42
1068.176 37
1068.723 35
1069.270 48
1069.817 46
1070.364 42
1070.911 22
1071.458 43
1072.006 48
1072.553 37
1073.100 43
1073.647 38
1074.195 38
1074.742 29
1075.289 41
1075.837 51
1076.384 37
1076.932 37
1077.479 30
1078.027 39
1078.574 39
1079.122 46
1079.669 37
1080.217 33
1080.765 34
1081.312 33
1081.860 42
1082.408 33
1082.956 42
1083.504 33
1084.052 48
1084.600 31
1085.147 38
1085.695 29
1086.243 28
1086.792 26
1087.340 26
1087.888 37
1088.436 22
1088.984 22
1089.532 28
1090.080 32
1090.629 35
1091.177 23
1091.725 31
1092.274 32
1092.822 19
1093.371 35
1093.919 32
1094.468 23
1095.016 29
1095.565 28
1096.113 25
1096.662 33
1097.211 22
1097.759 20
1098.308 29
1098.857 25
1099.406 26
1099.954 29
1100.503 24
1101.052 25
1101.601 23
1102.150 27
1102.699 33
1103.248 27
1103.797 33
1104.346 36
1104.895 17
1105.444 22
1105.993 25
1106.543 22
1107.092 26
1107.641 21
1108.190 20
1108.740 21
1109.289 26
1109.839 21
1110.388 21
1110.937 15
1111.487 19
1112.037 24
1112.586 18
1113.136 20
1113.685 22
1114.235 25
1114.785 28
1115.334 26
1115.884 19
1116.434 19
1116.984 21
1117.534 30
1118.083 32
1118.633 21
1119.183 16
1119.733 26
1120.283 27
1120.833 18
1121.383 20
1121.934 21
1122.484 19
1123.034 15
1123.584 22
1124.134 12
1124.685 20
1125.235 16
1125.785 23
1126.336 22
1126.886 25
1127.436 21
1127.987 16
1128.537 23
1129.088 27
1129.638 17
1130.189 21
1130.740 16
1131.290 20
1131.841 14
1132.392 15
1132.942 20
1133.493 26
1134.044 15
1134.595 17
1135.146 13
1135.697 21
1136.248 17
1136.799 16
1137.350 23
1137.901 20
1138.452 19
1139.003 19
1139.554 23
1140.105 13
1140.656 15
1141.208 22
1141.759 13
1142.310 20
1142.862 19
1143.413 14
1143.964 23
1144.516 8
1145.067 24
1145.619 15
1146.170 20
1146.722 15
1147.273 16
1147.825 16
1148.377 7
1148.928 12
1149.480 13
1150.032 18
1150.584 15
1151.135 21
1151.687 11
1152.239 22
1152.791 15
1153.343 16
1153.895 10
1154.447 16
1154.999 14
1155.551 19
1156.103 18
1156.655 10
1157.207 17
1157.760 16
1158.312 11
1158.864 15
1159.416 20
1159.969 15
1160.521 13
1161.074 17
1161.626 8
1162.178 23
1162.731 10
1163.283 15
1163.836 14
1164.389 24
1164.941 17
1165.494 20
1166.047 10
1166.599 13
1167.152 21
1167.705 14
1168.258 15
1168.810 9
1169.363 14
1169.916 16
1170.469 12
1171.022 10
1171.575 12
1172.128 12
1172.681 12
1173.234 17
1173.787 14
1174.341 13
1174.894 6
1175.447 19
1176.000 16
1176.554 17
1177.107 15
1177.660 21
1178.214 13
1178.767 11
1179.321 16
1179.874 12
1180.428 13
1180.981 9
1181.535 21
1182.088 16
1182.642 9
1183.196 11
1183.749 10
1184.303 18
1184.857 17
1185.411 11
1185.965 14
1186.518 12
1187.072 19
1187.626 15
1188.180 14
1188.734 9
1189.288 9
1189.842 10
1190.396 19
1190.951 11
1191.505 15
1192.059 20
1192.613 15
1193.167 15
1193.722 8
1194.276 13
1194.830 12
1195.385 7
1195.939 6
1196.494 14
1197.048 14
1197.603 9
1198.157 14
1198.712 16
1199.266 21
1199.821 24
1200.376 14
1200.930 14
1201.485 17
1202.040 18
1202.595 13
1203.150 11
1203.705 13
1204.259 11
1204.814 12
1205.369 17
1205.924 12
1206.479 19
1207.034 12
1207.590 18
1208.145 9
1208.700 14
1209.255 7
1209.810 15
1210.366 11
1210.921 13
1211.476 20
1212.031 11
1212.587 19
1213.142 19
1213.698 16
1214.253 12
1214.809 12
1215.364 14
1215.920 13
1216.475 20
1217.031 21
1217.587 14
1218.143 16
1218.698 11
1219.254 19
1219.810 21
1220.366 25
1220.922 16
1221.477 23
1222.033 20
1222.589 19
1223.145 16
1223.701 15
1224.257 21
1224.814 14
1225.370 11
1225.926 18
1226.482 12
1227.038 20
1227.595 19
1228.151 21
1228.707 18
1229.263 17
1229.820 20
1230.376 19
1230.933 18
1231.489 15
1232.046 23
1232.602 31
1233.159 22
1233.715 19
1234.272 38
1234.829 23
1235.386 17
1235.942 28
1236.499 25
1237.056 16
1237.613 15
1238.170 27
1238.726 23
1239.283 34
1239.840 34
1240.397 32
1240.954 38
1241.511 25
1242.069 32
1242.626 27
1243.183 35
1243.740 37
1244.297 28
1244.854 29
1245.412 32
1245.969 25
1246.526 37
1247.084 40
1247.641 34
1248.199 38
1248.756 44
1249.314 39
1249.871 48
1250.429 38
1250.986 42
1251.544 41
1252.102 55
1252.659 42
1253.217 54
1253.775 55
1254.333 47
1254.891 39
1255.448 45
1256.006 57
1256.564 66
1257.122 47
1257.680 58
1258.238 64
1258.796 66
1259.354 59
1259.913 57
1260.471 67
1261.029 70
1261.587 67
1262.145 63
1262.704 79
1263.262 66
1263.820 71
1264.379 81
1264.937 75
1265.496 83
1266.054 73
1266.613 75
1267.171 82
1267.730 80
1268.288 88
1268.847 100
1269.406 95
1269.964 110
1270.523 93
1271.082 87
1271.641 93
1272.199 115
1272.758 123
1273.317 111
1273.876 91
1274.435 99
1274.994 121
1275.553 113
1276.112 118
1276.671 120
1277.230 122
1277.790 120
1278.349 110
1278.908 143
1279.467 128
1280.026 129
1280.586 120
1281.145 138
1281.705 123
1282.264 130
1282.823 136
1283.383 135
1283.942 138
1284.502 127
1285.061 167
1285.621 160
1286.181 152
1286.740 163
1287.300 147
1287.860 160
1288.420 154
1288.979 164
1289.539 131
1290.099 163
1290.659 142
1291.219 155
1291.779 156
1292.339 183
1292.899 167
1293.459 164
1294.019 169
1294.579 189
1295.139 158
1295.699 157
1296.260 168
1296.820 156
1297.380 162
1297.941 179
1298.501 166
1299.061 180
1299.622 194
1300.182 194
1300.743 168
1301.303 182
1301.864 152
1302.424 173
1302.985 165
1303.545 155
1304.106 172
1304.667 191
1305.228 172
1305.788 171
1306.349 175
1306.910 161
1307.471 177
1308.032 154
1308.593 163
1309.154 149
1309.715 170
1310.276 137
1310.837 193
1311.398 163
1311.959 135
1312.520 165
1313.081 157
1313.642 162
1314.204 158
1314.765 163
1315.326 157
1315.888 153
1316.449 153
1317.010 145
1317.572 155
1318.133 129
1318.695 151
1319.256 143
1319.818 138
1320.379 140
1320.941 153
1321.503 131
1322.064 141
1322.626 122
1323.188 101
1323.750 135
1324.312 111
1324.873 160
1325.435 117
1325.997 113
1326.559 127
1327.121 114
1327.683 117
1328.245 117
1328.807 115
1329.369 120
1329.932 94
1330.494 104
1331.056 93
1331.618 98
1332.181 93
1332.743 101
1333.305 99
1333.868 85
1334.430 86
1334.992 73
1335.555 95
1336.117 79
1336.680 101
1337.242 78
1337.805 81
1338.368 85
1338.930 80
1339.493 75
1340.056 58
1340.619 67
1341.181 67
1341.744 83
1342.307 59
1342.870 59
1343.433 58
1343.996 46
1344.559 56
1345.122 50
1345.685 55
1346.248 66
1346.811 48
1347.374 55
1347.937 47
1348.501 39
1349.064 41
1349.627 46
1350.190 47
1350.754 41
1351.317 55
1351.881 30
1352.444 36
1353.007 36
1353.571 27
1354.134 32
1354.698 31
1355.262 31
1355.825 34
1356.389 29
1356.953 29
1357.516 30
1358.080 32
1358.644 30
1359.208 25
1359.772 31
1360.335 21
1360.899 17
1361.463 21
1362.027 24
1362.591 25
1363.155 24
1363.719 16
1364.284 18
1364.848 25
1365.412 24
1365.976 22
1366.540 19
1367.105 15
1367.669 18
1368.233 13
1368.798 13
1369.362 17
1369.926 13
1370.491 13
1371.055 17
1371.620 20
1372.185 18
1372.749 13
1373.314 18
1373.878 6
1374.443 14
1375.008 10
1375.573 14
1376.137 9
1376.702 8
1377.267 13
1377.832 17
1378.397 16
1378.962 17
1379.527 13
1380.092 8
1380.657 7
1381.222 7
1381.787 9
1382.352 9
1382.917 9
1383.483 7
1384.048 11
1384.613 9
1385.178 8
1385.744 10
1386.309 8
1386.874 4
1387.440 10
1388.005 10
1388.571 13
1389.136 7
1389.702 2
1390.268 10
1390.833 5
1391.399 10
1391.965 12
1392.530 8
1393.096 9
1393.662 5
1394.228 7
1394.793 11
1395.359 4
1395.925 7
1396.491 9
1397.057 8
1397.623 9
1398.189 5
1398.755 7
1399.321 5
1399.888 6
1400.454 5
1401.020 11
1401.586 7
1402.152 8
1402.719 6
1403.285 5
1403.851 4
1404.418 8
1404.984 5
1405.551 11
1406.117 7
1406.684 6
1407.250 8
1407.817 7
1408.384 6
1408.950 5
1409.517 8
1410.084 4
1410.650 4
1411.217 5
1411.784 4
1412.351 5
1412.918 3
1413.485 8
1414.052 4
1414.619 10
1415.186 4
1415.753 5
1416.320 2
1416.887 7
1417.454 9
1418.021 6
1418.588 3
1419.156 7
1419.723 5
1420.290 4
1420.857 7
1421.425 7
1421.992 2
1422.560 6
1423.127 3
1423.695 6
1424.262 7
1424.830 2
1425.397 1
1425.965 5
1426.533 2
1427.100 2
1427.668 3
1428.236 4
1428.803 4
1429.371 5
1429.939 3
1430.507 2
1431.075 4
1431.643 4
1432.211 4
1432.779 2
1433.347 8
1433.915 6
1434.483 3
1435.051 0
1435.619 4
1436.188 5
1436.756 8
1437.324 4
1437.892 4
1438.461 2
1439.029 5
1439.597 6
1440.166 2
1440.734 2
1441.303 5
1441.871 4
1442.440 5
1443.008 3
1443.577 4
1444.146 7
1444.714 2
1445.283 6
1445.852 4
1446.421 5
1446.989 4
1447.558 5
1448.127 3
1448.696 6
1449.265 1
1449.834 4
1450.403 4
1450.972 5
1451.541 2
1452.110 5
1452.679 4
1453.249 6
1453.818 4
1454.387 5
1454.956 1
1455.526 3
1456.095 5
1456.664 5
1457.234 7
1457.803 5
1458.373 4
1458.942 5
1459.512 6
1460.081 6
1460.651 2
1461.220 6
1461.790 7
1462.360 5
1462.929 5
1463.499 3
1464.069 9
1464.639 2
1465.209 6
1465.778 4
1466.348 4
1466.918 7
1467.488 8
1468.058 7
1468.628 5
1469.198 5
1469.768 8
1470.339 3
1470.909 12
1471.479 5
1472.049 0
1472.619 5
1473.190 7
1473.760 5
1474.330 10
1474.901 10
1475.471 7
1476.042 4
1476.612 5
1477.183 7
1477.753 4
1478.324 5
1478.894 3
1479.465 8
1480.036 8
1480.606 9
1481.177 5
1481.748 5
1482.319 4
1482.890 5
1483.460 9
1484.031 11
1484.602 6
1485.173 5
1485.744 11
1486.315 8
1486.886 3
1487.458 3
1488.029 8
1488.600 5
1489.171 6
1489.742 10
1490.313 10
1490.885 10
1491.456 9
1492.027 6
1492.599 4
1493.170 4
1493.742 7
1494.313 4
1494.885 6
1495.456 5
1496.028 9
1496.599 5
1497.171 8
1497.743 9
1498.314 5
1498.886 8
1499.458 4
1500.030 7
1500.602 8
1501.174 4
1501.745 7
1502.317 6
1502.889 6
1503.461 5
1504.033 9
1504.605 7
1505.178 6
1505.750 12
1506.322 3
1506.894 5
1507.466 9
1508.038 9
1508.611 9
1509.183 4
1509.755 11
1510.328 6
1510.900 6
1511.473 3
1512.045 7
1512.618 6
1513.190 5
1513.763 3
1514.335 2
1514.908 6
1515.481 8
1516.053 1
1516.626 3
1517.199 7
1517.772 6
1518.345 4
1518.918 4
1519.490 4
1520.063 7
1520.636 9
1521.209 0
1521.782 5
1522.355 7
1522.929 2
1523.502 5
1524.075 3
1524.648 3
1525.221 5
1525.794 2
1526.368 3
1526.941 2
1527.514 1
1528.088 4
1528.661 4
1529.235 4
1529.808 2
1530.382 11
1530.955 2
1531.529 0
1532.102 2
1532.676 4
1533.250 1
1533.823 3
1534.397 2
1534.971 4
1535.545 0
1536.119 5
1536.692 1
1537.266 2
1537.840 2
1538.414 2
1538.988 4
1539.562 2
1540.136 1
1540.710 1
1541.285 2
1541.859 4
1542.433 4
1543.007 2
1543.581 3
1544.156 2
1544.730 2
1545.304 2
1545.879 5
1546.453 3
1547.028 0
1547.602 3
1548.177 0
1548.751 1
1549.326 2
1549.900 3
1550.475 1
1551.050 2
1551.624 1
1552.199 2
1552.774 1
1553.349 1
1553.923 0
1554.498 2
1555.073 4
1555.648 2
1556.223 1
1556.798 3
1557.373 2
1557.948 0
1558.523 2
1559.098 2
1559.674 4
1560.249 2
1560.824 0
1561.399 1
1561.974 0
1562.550 0
1563.125 2
1563.701 2
1564.276 0
1564.851 3
1565.427 0
1566.002 2
1566.578 2
1567.153 2
1567.729 2
1568.305 0
1568.880 2
1569.456 4
1570.032 2
1570.608 1
1571.183 2
1571.759 2
1572.335 0
1572.911 2
1573.487 1
1574.063 2
1574.639 2
1575.215 1
1575.791 2
1576.367 2
1576.943 1
1577.519 2
1578.095 0
1578.672 0
1579.248 2
1579.824 1
1580.401 0
1580.977 1
1581.553 4
1582.130 2
1582.706 0
1583.283 2
1583.859 2
1584.436 3
1585.012 4
1585.589 1
1586.165 1
1586.742 2
1587.319 1
1587.896 0
1588.472 0
1589.049 3
1589.626 1
1590.203 2
1590.780 1
1591.357 1
1591.934 0
1592.511 0
1593.088 0
1593.665 1
1594.242 3
1594.819 2
1595.396 3
1595.973 0
1596.550 1
1597.128 1
1597.705 2
1598.282 2
1598.860 2
1599.437 1
1600.014 0
1600.592 0
1601.169 2
1601.747 0
1602.324 0
1602.902 0
1603.480 0
1604.057 1
1604.635 1
1605.213 3
1605.790 0
1606.368 1
1606.946 1
1607.524 0
1608.101 1
1608.679 0
1609.257 1
1609.835 1
1610.413 1
1610.991 1
1611.569 3
1612.147 0
1612.726 2
1613.304 1
1613.882 1
1614.460 1
1615.038 2
1615.617 1
1616.195 1
1616.773 0
1617.352 0
1617.930 1
1618.508 1
1619.087 1
1619.665 0
1620.244 1
1620.823 0
1621.401 2
1621.980 0
1622.558 1
1623.137 1
1623.716 0
1624.295 0
1624.873 0
1625.452 1
1626.031 2
1626.610 2
1627.189 0
1627.768 4
1628.347 0
1628.926 2
1629.505 1
1630.084 2
1630.663 0
1631.242 1
1631.821 2
1632.401 1
1632.980 2
1633.559 4
1634.138 1
1634.718 5
1635.297 0
1635.877 3
1636.456 0
1637.036 1
1637.615 0
1638.195 4
1638.774 3
1639.354 0
1639.933 1
1640.513 2
1641.093 0
1641.672 1
1642.252 0
1642.832 0
1643.412 3
1643.992 0
1644.572 0
1645.151 2
1645.731 1
1646.311 1
1646.891 0
1647.471 0
1648.052 0
1648.632 1
1649.212 1
1649.792 1
1650.372 1
1650.952 1
1651.533 1
1652.113 1
1652.693 0
1653.274 1
1653.854 0
1654.435 0
1655.015 0
1655.596 1
1656.176 0
1656.757 1
1657.337 1
1657.918 0
1658.499 0
1659.079 1
1659.660 1
1660.241 0
1660.821 0
1661.402 0
1661.983 1
1662.564 1
1663.145 0
1663.726 0
1664.307 0
1664.888 0
1665.469 2
1666.050 1
1666.631 1
1667.212 1
1667.793 1
1668.375 0
1668.956 2
1669.537 1
1670.118 1
1670.700 1
1671.281 1
1671.863 0
1672.444 0
1673.025 1
1673.607 0
1674.189 1
1674.770 1
1675.352 1
1675.933 3
1676.515 1
1677.097 1
1677.678 1
1678.260 2
1678.842 0
1679.424 0
1680.006 2
1680.587 1
1681.169 2
1681.751 0
1682.333 0
1682.915 1
1683.497 1
1684.079 0
1684.662 2
1685.244 2
1685.826 1
1686.408 2
1686.990 0
1687.573 0
1688.155 0
1688.737 1
1689.320 0
1689.902 1
1690.484 1
1691.067 1
1691.649 1
1692.232 2
1692.814 0
1693.397 0
1693.980 0
1694.562 1
1695.145 1
1695.728 1
1696.310 0
1696.893 3
1697.476 0
1698.059 1
1698.642 3
1699.225 1
1699.808 2
1700.391 2
1700.974 0
1701.557 0
1702.140 0
1702.723 2
1703.306 0
1703.889 0
1704.472 0
1705.056 0
1705.639 1
1706.222 2
1706.806 0
1707.389 1
1707.972 1
1708.556 0
1709.139 0
1709.723 0
1710.306 0
1710.890 0
1711.473 0
1712.057 0
1712.641 2
1713.224 1
1713.808 0
1714.392 1
1714.976 1
1715.559 0
1716.143 0
1716.727 3
1717.311 0
1717.895 2
1718.479 1
1719.063 1
1719.647 0
1720.231 0
1720.815 0
1721.399 1
1721.983 0
1722.568 0
1723.152 3
1723.736 2
1724.320 1
1724.905 2
1725.489 0
1726.074 1
1726.658 1
1727.242 1
1727.827 2
1728.411 2
1728.996 0
1729.581 0
1730.165 0
1730.750 0
1731.335 0
1731.919 0
1732.504 1
1733.089 0
1733.674 0
1734.258 0
1734.843 1
1735.428 0
1736.013 1
1736.598 1
1737.183 2
1737.768 1
1738.353 0
1738.938 0
1739.524 1
1740.109 0
1740.694 0
1741.279 1
1741.864 0
1742.450 0
1743.035 0
1743.620 0
1744.206 0
1744.791 1
1745.377 1
1745.962 3
1746.548 0
1747.133 1
1747.719 0
1748.304 0
1748.890 4
1749.476 1
1750.061 1
1750.647 1
1751.233 3
1751.819 1
1752.405 0
1752.991 0
1753.576 0
1754.162 2
1754.748 1
1755.334 1
1755.920 1
1756.506 0
1757.093 0
1757.679 1
1758.265 0
1758.851 0
1759.437 1
1760.024 1
1760.610 0
1761.196 0
1761.783 0
1762.369 0
1762.955 0
1763.542 0
1764.128 0
1764.715 1
1765.301 1
1765.888 0
1766.475 1
1767.061 1
1767.648 0
1768.235 0
1768.821 2
1769.408 2
1769.995 1
1770.582 3
1771.169 0
1771.756 0
1772.342 3
1772.929 1
1773.516 0
1774.104 1
1774.691 1
1775.278 1
1775.865 0
1776.452 0
1777.039 0
1777.626 1
1778.214 0
1778.801 1
1779.388 0
1779.976 0
1780.563 0
1781.150 0
1781.738 0
1782.325 2
1782.913 1
1783.500 0
1784.088 1
1784.676 0
1785.263 2
1785.851 0
1786.439 1
1787.026 1
1787.614 2
1788.202 1
1788.790 1
1789.378 1
1789.966 0
1790.554 1
1791.142 0
1791.730 1
1792.318 0
1792.906 0
1793.494 1
1794.082 1
1794.670 1
1795.258 0
1795.846 0
1796.435 0
1797.023 2
1797.611 0
1798.200 1
1798.788 1
1799.376 2
1799.965 0
1800.553 1
1801.142 1
1801.730 2
1802.319 0
1802.908 0
1803.496 0
1804.085 2
1804.674 0
1805.262 1
1805.851 0
1806.440 1
1807.029 1
1807.618 1
1808.207 0
1808.796 3
1809.385 0
1809.974 1
1810.563 2
1811.152 0
1811.741 1
1812.330 0
1812.919 1
1813.508 1
1814.097 0
1814.687 1
1815.276 0
1815.865 1
1816.455 1
1817.044 2
1817.633 2
1818.223 1
1818.812 1
1819.402 1
1819.991 1
1820.581 1
1821.171 0
1821.760 0
1822.350 0
1822.940 2
1823.529 0
1824.119 1
1824.709 3
1825.299 0
1825.889 1
1826.479 1
1827.068 2
1827.658 0
1828.248 1
1828.838 0
1829.429 1
1830.019 1
1830.609 0
1831.199 0
1831.789 0
1832.379 1
1832.970 0
1833.560 1
1834.150 0
1834.741 1
1835.331 1
1835.921 0
1836.512 0
1837.102 0
1837.693 1
1838.283 0
1838.874 2
1839.464 1
1840.055 1
1840.646 2
1841.236 0
1841.827 1
1842.418 0
1843.009 1
1843.600 0
1844.191 0
1844.781 1
1845.372 0
1845.963 0
1846.554 2
1847.145 0
1847.736 1
1848.327 1
1848.919 0
1849.510 1
1850.101 2
1850.692 0
1851.283 0
1851.875 2
1852.466 1
1853.057 1
1853.649 1
1854.240 0
1854.832 0
1855.423 0
1856.015 3
1856.606 0
1857.198 0
1857.789 1
1858.381 0
1858.973 2
1859.564 1
1860.156 0
1860.748 0
1861.340 1
1861.931 0
1862.523 1
1863.115 0
1863.707 0
1864.299 0
1864.891 0
1865.483 0
1866.075 0
1866.667 0
1867.259 0
1867.852 0
1868.444 0
1869.036 0
1869.628 0
1870.220 0
1870.813 0
1871.405 1
1871.998 0
1872.590 0
1873.182 2
1873.775 1
1874.367 0
1874.960 2
1875.552 1
1876.145 0
1876.738 0
1877.330 1
1877.923 1
1878.516 0
1879.109 0
1879.701 0
1880.294 0
1880.887 0
1881.480 1
1882.073 0
1882.666 2
1883.259 0
1883.852 0
1884.445 0
1885.038 1
1885.631 1
1886.224 0
1886.817 0
1887.411 3
1888.004 0
1888.597 0
1889.191 1
1889.784 1
1890.377 0
1890.971 0
1891.564 1
1892.158 0
1892.751 1
1893.345 1
1893.938 1
1894.532 0
1895.125 1
1895.719 0
1896.313 1
1896.907 0
1897.500 0
1898.094 0
1898.688 0
1899.282 0
1899.876 1
1900.470 0
1901.064 1
1901.658 0
1902.252 1
1902.846 1
1903.440 0
1904.034 0
1904.628 0
1905.222 1
1905.816 0
1906.411 2
1907.005 0
1907.599 1
1908.194 2
1908.788 0
1909.382 0
1909.977 0
1910.571 0
1911.166 0
1911.760 0
1912.355 1
1912.949 1
1913.544 1
1914.139 0
1914.733 0
1915.328 1
1915.923 0
1916.518 0
1917.113 0
1917.707 1
1918.302 1
1918.897 0
1919.492 0
1920.087 2
1920.682 2
1921.277 0
1921.872 0
1922.467 0
1923.063 0
1923.658 0
1924.253 0
1924.848 1
1925.443 1
1926.039 0
1926.634 0
1927.229 1
1927.825 0
1928.420 0
1929.016 1
1929.611 1
1930.207 0
1930.802 0
1931.398 0
1931.994 1
1932.589 1
1933.185 1
1933.781 0
1934.376 0
1934.972 0
1935.568 0
1936.164 0
1936.760 0
1937.356 0
1937.952 1
1938.548 0
1939.144 0
1939.740 1
1940.336 0
1940.932 0
1941.528 0
1942.124 0
1942.720 1
1943.317 0
1943.913 2
1944.509 0
1945.106 0
1945.702 0
1946.298 0
1946.895 0
1947.491 0
1948.088 1
1948.684 0
1949.281 0
1949.878 0
1950.474 1
1951.071 1
1951.667 0
1952.264 0
1952.861 2
1953.458 0
1954.055 0
1954.651 2
1955.248 0
1955.845 0
1956.442 1
1957.039 0
1957.636 0
1958.233 0
1958.830 0
1959.427 1
1960.025 1
1960.622 0
1961.219 0
1961.816 0
1962.413 1
1963.011 0
1963.608 0
1964.205 1
1964.803 0
1965.400 1
1965.998 0
1966.595 0
1967.193 0
1967.790 0
1968.388 0
1968.986 0
1969.583 0
1970.181 0
1970.779 0
1971.376 0
1971.974 0
1972.572 1
1973.170 1
1973.768 0
1974.366 1
1974.964 0
1975.562 0
1976.160 0
1976.758 0
1977.356 0
1977.954 1
1978.552 0
1979.150 1
1979.748 0
1980.347 1
1980.945 1
1981.543 2
1982.142 1
1982.740 0
1983.338 0
1983.937 0
1984.535 1
1985.134 0
1985.732 0
1986.331 3
1986.929 0
1987.528 0
1988.127 0
1988.725 0
1989.324 0
1989.923 0
1990.522 0
1991.120 0
1991.719 2
1992.318 1
1992.917 0
1993.516 0
1994.115 1
1994.714 1
1995.313 0
1995.912 1
1996.511 0
1997.110 1
1997.710 0
1998.309 0
1998.908 1
1999.507 0
2000.107 1
2000.706 0
2001.305 0
2001.905 0
2002.504 0
2003.104 0
2003.703 1
2004.303 2
2004.902 0
2005.502 0
2006.101 0
2006.701 0
2007.301 1
2007.900 0
2008.500 0
2009.100 1
2009.700 1
2010.300 2
2010.899 0
2011.499 0
2012.099 0
2012.699 0
2013.299 0
2013.899 1
2014.499 1
2015.100 0
2015.700 0
2016.300 0
2016.900 4
2017.500 0
2018.101 0
2018.701 0
2019.301 0
2019.902 2
2020.502 1
2021.102 1
2021.703 1
2022.303 0
2022.904 0
2023.504 0
2024.105 0
2024.706 0
2025.306 0
2025.907 1
2026.508 0
2027.108 1
2027.709 0
2028.310 0
2028.911 0
2029.512 0
2030.113 1
2030.714 0
2031.315 1
2031.916 0
2032.517 0
2033.118 0
2033.719 0
2034.320 1
2034.921 1
2035.522 0
2036.123 0
2036.725 0
2037.326 1
2037.927 0
2038.529 2
2039.130 0
2039.732 1
2040.333 0
2040.935 0
2041.536 0
2042.138 0
2042.739 0
2043.341 0
2043.942 0
2044.544 0
2045.146 0
2045.748 2
2046.349 0
2046.951 0
2047.553 0
2048.155 1
2048.757 0
2049.359 0
2049.961 0
2050.563 1
2051.165 0
2051.767 0
2052.369 0
2052.971 0
2053.573 0
2054.175 1
2054.778 1
2055.380 0
2055.982 0
2056.585 0
2057.187 0
2057.789 0
2058.392 0
2058.994 1
2059.597 2
2060.199 0
2060.802 0
2061.404 1
2062.007 0
2062.610 0
2063.212 1
2063.815 1
2064.418 0
2065.020 1
2065.623 0
2066.226 1
2066.829 0
2067.432 1
2068.035 0
2068.638 0
2069.241 0
2069.844 0
2070.447 1
2071.050 0
2071.653 0
2072.256 0
2072.860 0
2073.463 0
2074.066 0
2074.669 0
2075.273 0
2075.876 1
2076.479 0
2077.083 0
2077.686 0
2078.290 2
2078.893 0
2079.497 0
2080.100 2
2080.704 0
2081.308 1
2081.911 0
2082.515 0
2083.119 0
2083.723 2
2084.326 0
2084.930 1
2085.534 0
2086.138 2
2086.742 0
2087.346 0
2087.950 0
2088.554 0
2089.158 0
2089.762 0
2090.366 0
2090.970 1
2091.575 0
2092.179 0
2092.783 0
2093.387 0
2093.992 0
2094.596 0
2095.200 0
2095.805 0
2096.409 1
2097.014 0
2097.618 1
2098.223 0
2098.827 0
2099.432 0
2100.037 0
2100.641 0
2101.246 0
2101.851 1
2102.456 0
2103.060 0
2103.665 0
2104.270 0
2104.875 0
2105.480 1
2106.085 2
2106.690 1
2107.295 1
2107.900 0
2108.505 0
2109.110 0
2109.715 0
2110.321 0
2110.926 0
2111.531 0
2112.136 1
2112.742 1
2113.347 0
2113.952 0
2114.558 1
2115.163 1
2115.769 0
2116.374 0
2116.980 0
2117.585 0
2118.191 0
2118.797 0
2119.402 1
2120.008 1
2120.614 1
2121.220 0
2121.825 1
2122.431 0
2123.037 0
2123.643 0
2124.249 2
2124.855 0
2125.461 1
2126.067 1
2126.673 0
2127.279 0
2127.885 0
2128.491 0
2129.097 0
2129.704 0
2130.310 1
2130.916 0
2131.523 1
2132.129 0
2132.735 0
2133.342 1
2133.948 0
2134.555 0
2135.161 0
2135.768 0
2136.374 0
2136.981 1
2137.588 1
2138.194 0
2138.801 0
2139.408 1
2140.014 1
2140.621 1
2141.228 0
2141.835 0
2142.442 0
2143.049 0
2143.656 0
2144.263 0
2144.870 0
2145.477 0
2146.084 1
2146.691 1
2147.298 1
2147.905 1
2148.513 0
2149.120 0
2149.727 0
2150.334 0
2150.942 1
2151.549 1
2152.157 1
2152.764 0
2153.372 0
2153.979 1
2154.587 0
2155.194 0
2155.802 1
2156.409 1
2157.017 1
2157.625 2
2158.232 1
2158.840 0
2159.448 0
2160.056 0
2160.664 0
2161.272 0
2161.880 0
2162.488 0
2163.096 0
2163.704 1
2164.312 1
2164.920 0
2165.528 0
2166.136 1
2166.744 0
2167.352 0
2167.961 1
2168.569 0
2169.177 0
2169.786 0
2170.394 0
2171.002 0
2171.611 1
2172.219 0
2172.828 0
2173.436 1
2174.045 0
2174.654 0
2175.262 0
2175.871 3
2176.480 0
2177.088 1
2177.697 0
2178.306 0
2178.915 1
2179.524 0
2180.132 0
2180.741 1
2181.350 0
2181.959 1
2182.568 1
2183.177 0
2183.786 0
2184.396 1
2185.005 0
2185.614 1
2186.223 1
2186.832 1
2187.442 2
2188.051 1
2188.660 0
2189.270 1
2189.879 0
2190.489 0
2191.098 0
2191.708 0
2192.317 2
2192.927 0
2193.536 0
2194.146 0
2194.756 0
2195.365 0
2195.975 0
2196.585 0
2197.195 0
2197.804 0
2198.414 0
2199.024 0
2199.634 0
2200.244 0
2200.854 0
2201.464 0
2202.074 0
2202.684 0
2203.294 0
2203.904 1
2204.515 0
2205.125 2
2205.735 0
2206.345 1
2206.956 1
2207.566 1
2208.176 1
2208.787 0
2209.397 0
2210.008 0
2210.618 1
2211.229 0
2211.839 0
2212.450 0
2213.061 1
2213.671 1
2214.282 0
2214.893 1
2215.503 0
2216.114 0
2216.725 0
2217.336 0
2217.947 0
2218.558 0
2219.169 0
2219.780 0
2220.391 1
2221.002 0
2221.613 0
2222.224 0
2222.835 1
2223.446 0
2224.057 1
2224.669 0
2225.280 0
2225.891 2
2226.503 0
2227.114 0
2227.725 1
2228.337 1
2228.948 1
2229.560 0
2230.171 2
2230.783 0
2231.394 1
2232.006 0
2232.618 0
2233.229 0
2233.841 0
2234.453 0
2235.065 1
2235.677 3
2236.288 2
2236.900 1
2237.512 1
2238.124 0
2238.736 0
2239.348 1
2239.960 1
2240.572 0
2241.184 1
2241.797 0
2242.409 3
2243.021 0
2243.633 1
2244.245 0
2244.858 0
2245.470 0
2246.082 1
2246.695 1
2247.307 0
2247.920 0
2248.532 0
2249.145 0
2249.757 0
2250.370 0
2250.983 0
2251.595 0
2252.208 1
2252.821 0
2253.433 1
2254.046 0
2254.659 0
2255.272 944
