2019_09_26_18_56_23_583 /home/raspion_user/data/Beacon_efficiency_57Co_50cm.sp 464639 1800.002 1772.992 2.734449 0.446433  0.0000147857
  2.734449   1.000000
  3.627577   0.000105
  4.520853   0.000015
  5.414236   0.000002
  6.307736   0.000000
  7.201353  -0.000000
  8.095089  -0.000000
  8.988943  -0.000004
  9.882916  -0.000071
 10.777006  -0.001119
 11.671216   0.997393
 12.565543   3.010597
 13.459989   6.990406
 14.354553   9.036930
 15.249236  12.017297
 16.144037   8.018034
 17.038956  23.026346
 17.933994  26.022630
 18.829150  36.116193
 19.724424  53.892555
 20.619817  74.233664
 21.515328  91.042201
 22.410957 110.106614
 23.306705 139.942233
 24.202571 140.177229
 25.098555 138.290394
 25.994658 169.929929
 26.890879 151.841716
 27.787218 162.051380
 28.683676 171.417313
 29.580252 130.845229
 30.476946 143.780703
 31.373759 144.784318
 32.270690 131.641109
 33.167740 107.059336
 34.064908 122.186464
 34.962194  95.198301
 35.859598 117.002468
 36.757121 135.746499
 37.654762 115.229941
 38.552522 126.930124
 39.450399 126.115449
 40.348396 149.323495
 41.246510 132.093484
 42.144743 136.871512
 43.043094 150.574552
 43.941564 152.120108
 44.840152 150.128085
 45.738858 178.421574
 46.637683 185.728668
 47.536626 184.700439
 48.435687 211.906754
 49.334867 217.585919
 50.234165 258.517561
 51.133581 206.077624
 52.033116 240.731158
 52.932769 259.487552
 53.832540 286.025642
 54.732430 280.327161
 55.632438 303.991527
 56.532564 324.503667
 57.432809 375.235416
 58.333172 401.055944
 59.233653 437.333103
 60.134253 482.731560
 61.034971 475.828116
 61.935807 501.070616
 62.836762 616.257854
 63.737835 572.054673
 64.639027 652.255619
 65.540337 646.708531
 66.441765 706.425122
 67.343311 686.316449
 68.244976 717.842371
 69.146759 770.900075
 70.048661 802.169670
 70.950681 702.126698
 71.852819 704.402378
 72.755076 683.697653
 73.657450 691.467656
 74.559944 691.304214
 75.462555 706.064388
 76.365285 705.295062
 77.268134 674.551211
 78.171100 671.628763
 79.074185 690.458256
 79.977388 675.482928
 80.880710 707.476781
 81.784150 686.726505
 82.687708 750.016491
 83.591385 730.221670
 84.495180 854.856433
 85.399093 770.331066
 86.303125 887.853331
 87.207275 836.043949
 88.111544 952.206081
 89.015930 1012.729657
 89.920435 1046.870686
 90.825059 1089.203007
 91.729801 1068.990828
 92.634661 1096.491769
 93.539639 1225.324972
 94.444736 1280.336758
 95.349951 1296.321828
 96.255285 1234.570090
 97.160737 1335.990504
 98.066307 1305.432343
 98.971995 1376.956493
 99.877802 1339.778026
100.783727 1337.375183
101.689771 1364.297193
102.595933 1303.363561
103.502213 1344.423441
104.408612 1382.028230
105.315128 1374.736316
106.221764 1453.863067
107.128517 1444.320231
108.035389 1545.940358
108.942380 1658.036829
109.849488 1731.088706
110.756715 1853.831579
111.664061 2079.318592
112.571524 2210.357970
113.479106 2657.167626
114.386807 2874.462921
115.294625 3422.788451
116.202562 3730.479533
117.110618 4312.350556
118.018791 4458.874117
118.927084 4981.159215
119.835494 5273.071243
120.744023 5521.374602
121.652670 5559.197482
122.561435 5718.325077
123.470319 5526.321291
124.379321 5406.925388
125.288442 4891.026022
126.197680 4857.664086
127.107038 4498.409128
128.016513 4221.881906
128.926107 3773.142687
129.835819 3562.281340
130.745650 3189.677192
131.655599 2777.108379
132.565666 2551.427235
133.475851 2286.634853
134.386155 2049.636458
135.296578 1808.767879
136.207118 1675.378910
137.117777 1464.096986
138.028554 1366.830869
138.939450 1277.118944
139.850464 1089.564264
140.761596 1006.557915
141.672847 938.180622
142.584216 872.901113
143.495703 746.801353
144.407309 705.457875
145.319033 686.596753
146.230875 617.740578
147.142836 594.251657
148.054915 506.323043
148.967113 533.608209
149.879428 440.118113
150.791862 404.522462
151.704415 423.872956
152.617086 356.434796
153.529875 359.621467
154.442782 311.132981
155.355808 360.908805
156.268952 309.980778
157.182215 304.396309
158.095596 270.631587
159.009095 287.920195
159.922712 296.746045
160.836448 291.027351
161.750302 290.492142
162.664275 295.603775
163.578366 289.140110
164.492575 284.212925
165.406903 263.301658
166.321349 277.876464
167.235913 297.752429
168.150595 282.140388
169.065396 263.379548
169.980316 260.101537
170.895353 277.790118
171.810509 274.883977
172.725784 273.294980
173.641176 252.577291
174.556687 264.447521
175.472317 278.968409
176.388064 263.364746
177.303931 253.080159
178.219915 268.822687
179.136018 255.740655
180.052239 261.583436
180.968578 241.340297
181.885036 235.978851
182.801612 232.623851
183.718306 210.284062
184.635119 225.101333
185.552050 230.082521
186.469100 239.887647
187.386268 212.822205
188.303554 232.949998
189.220958 209.187403
190.138481 220.457330
191.056122 215.070618
191.973882 220.985608
192.891760 183.324907
193.809756 224.986231
194.727871 183.073387
195.646104 188.275336
196.564455 196.807742
197.482925 200.878740
198.401512 185.916264
199.320219 171.191734
200.239043 164.575446
201.157986 212.012385
202.077048 184.375072
202.996227 162.463260
203.915525 193.948788
204.834942 183.269879
205.754476 181.523216
206.674129 178.973853
207.593901 171.128256
208.513791 179.122351
209.433799 165.800597
210.353925 188.674566
211.274170 175.571174
212.194533 181.900318
213.115014 168.813817
214.035614 166.656837
214.956332 185.930670
215.877169 166.925901
216.798124 171.660593
217.719197 166.564415
218.640388 157.969841
219.561698 184.244717
220.483126 180.690737
221.404673 167.901530
222.326338 161.445939
223.248121 150.878018
224.170022 146.700352
225.092042 163.757097
226.014181 166.968996
226.936437 178.826573
227.858812 169.106351
228.781305 160.350315
229.703917 154.706118
230.626647 162.025345
231.549495 135.870539
232.472462 158.921361
233.395547 134.163817
234.318750 148.667712
235.242072 155.186505
236.165512 136.752413
237.089070 161.733491
238.012747 151.987298
238.936542 139.026949
239.860456 136.014811
240.784487 147.062424
241.708637 141.318685
242.632906 121.721563
243.557293 147.554562
244.481798 139.774654
245.406421 125.409139
246.331163 129.711176
247.256023 119.863044
248.181002 130.095719
249.106098 125.352313
250.031314 132.782348
250.956647 118.796499
251.882099 113.233973
252.807669 116.818319
253.733358 110.089272
254.659165 102.721116
255.585090 106.750377
256.511134 123.673808
257.437295 106.829324
258.363576 116.351420
259.289974  94.698102
260.216491 127.566672
261.143127 108.648746
262.069880 117.498128
262.996752 111.250549
263.923743 109.169431
264.850851 100.836851
265.778078 108.337477
266.705424  93.179236
267.632887 114.569712
268.560469  96.416613
269.488170 120.393950
270.415988  94.436899
271.343926  91.066774
272.271981  85.852388
273.200155  81.415202
274.128447  91.924233
275.056857 107.700634
275.985386  99.932945
276.914033  97.711503
277.842799  71.918727
278.771683 106.863952
279.700685 101.806474
280.629805  87.178281
281.559044  95.913566
282.488401 100.695025
283.417877  94.935647
284.347471  90.731440
285.277183  87.520536
286.207014  84.150280
287.136962  66.242604
288.067030  90.678059
288.997215  81.256189
289.927519  92.149151
290.857942  69.830209
291.788482  73.959789
292.719141  94.792746
293.649918  71.457979
294.580814  84.473785
295.511828  95.698436
296.442960  80.796095
297.374211  78.264251
298.305580  79.647856
299.237068  67.619491
300.168673  91.619594
301.100397  70.964152
302.032240  71.091823
302.964201  71.268914
303.896280  67.707998
304.828477  67.059137
305.760793  75.879332
306.693227  81.388738
307.625779  79.708504
308.558450  50.970956
309.491239  79.796914
310.424147  72.423889
311.357173  70.352579
312.290317  68.048647
313.223579  70.053428
314.156960  71.017583
315.090460  64.281906
316.024077  76.878603
316.957813  60.417117
317.891667  68.500646
318.825640  74.475593
319.759731  78.023265
320.693940  71.815713
321.628268  59.803559
322.562714  59.897046
323.497278  67.337769
324.431961  66.924108
325.366762  61.401143
326.301681  73.555977
327.236719  69.880173
328.171875  62.499143
329.107149  65.829512
330.042542  65.788320
330.978053  59.974881
331.913682  56.965383
332.849430  56.143459
333.785296  64.339642
334.721280  61.800930
335.657383  60.715041
336.593604  65.522649
337.529944  62.422613
338.466402  73.842958
339.402978  55.476210
340.339672  63.594871
341.276485  67.697176
342.213416  58.488128
343.150466  59.228728
344.087634  54.461557
345.024920  60.574481
345.962324  61.005220
346.899847  54.343908
347.837488  51.708741
348.775248  49.714615
349.713126  61.619163
350.651122  57.650550
351.589237  54.848734
352.527470  50.703174
353.465821  61.222644
354.404291  58.171309
355.342879  53.449149
356.281585  59.632327
357.220410  45.756575
358.159353  39.108595
359.098414  57.196987
360.037594  44.236739
360.976892  59.669695
361.916308  56.812285
362.855843  42.334139
363.795496  37.201959
364.735267  58.694765
365.675157  51.160912
366.615165  55.567097
367.555292  44.980943
368.495537  48.562282
369.435900  42.275810
370.376381  53.119890
371.316981  47.766850
372.257699  56.076690
373.198536  45.282225
374.139490  43.740343
375.080564  50.075671
376.021755  53.901864
376.963065  45.317649
377.904493  39.862088
378.846040  38.303786
379.787705  49.086346
380.729488  42.253185
381.671390  48.564125
382.613410  43.314719
383.555548  46.598903
384.497804  46.249148
385.440179  35.402020
386.382673  30.371703
387.325284  44.596669
388.268014  51.646999
389.210863  45.117029
390.153829  39.042931
391.096914  42.420274
392.040118  43.748832
392.983440  40.573406
393.926880  36.315897
394.870438  40.683589
395.814115  44.924518
396.757910  44.402729
397.701823  35.334195
398.645855  54.286118
399.590005  37.400866
400.534274  47.721084
401.478660  41.137648
402.423166  49.396776
403.367789  42.899121
404.312531  46.406632
405.257391  39.376500
406.202370  33.042843
407.147467  35.863151
408.092682  45.221216
409.038015  38.302427
409.983467  35.825286
410.929037  51.194282
411.874726  40.565944
412.820533  35.271579
413.766458  41.735353
414.712502  42.770219
415.658664  38.041242
416.604944  30.840449
417.551343  36.416409
418.497860  43.482085
419.444495  32.797394
420.391249  46.111689
421.338121  33.107682
422.285111  32.241387
423.232220  29.617977
424.179447  43.624642
425.126792  41.045423
426.074256  33.027589
427.021838  41.637283
427.969539  37.876808
428.917357  42.157816
429.865294  42.260631
430.813350  41.324907
431.761524  43.654664
432.709816  28.328434
433.658226  33.830662
434.606755  33.881859
435.555402  30.866370
436.504168  30.205602
437.453052  35.648625
438.402054  30.200972
439.351174  46.407496
440.300413  33.896035
441.249771  26.982420
442.199246  36.043434
443.148840  39.382426
444.098552  29.609629
445.048383  32.045671
445.998332  36.050623
446.948399  39.777765
447.898585  30.587787
448.848889  26.543405
449.799311  47.826729
450.749852  32.523975
451.700511  30.370945
452.651288  34.313697
453.602184  35.030434
454.553198  35.928297
455.504330  37.600196
456.455581  34.886745
457.406950  44.447805
458.358437  38.774982
459.310043  30.528935
460.261767  42.900761
461.213610  39.650900
462.165571  46.763965
463.117650  44.698983
464.069847  31.317225
465.022163  38.880448
465.974597  42.346186
466.927150  44.280371
467.879820  26.139112
468.832610  43.685637
469.785517  47.488799
470.738543  40.837104
471.691687  48.528261
472.644950  39.501601
473.598331  47.764957
474.551830  43.113315
475.505448  43.584895
476.459184  50.582823
477.413038  51.213820
478.367010  51.621350
479.321101  46.349059
480.275311  51.272593
481.229638  50.520623
482.184084  48.377577
483.138649  50.492537
484.093331  52.422641
485.048132  53.767542
486.003052  54.185771
486.958089  43.877477
487.913246  49.920692
488.868520  52.924900
489.823913  58.333744
490.779424  44.924930
491.735053  55.677073
492.690801  45.504440
493.646667  46.641429
494.602652  44.780990
495.558754  36.675788
496.514975  47.537351
497.471315  40.622455
498.427773  31.252554
499.384349  34.259440
500.341044  44.646007
501.297856  44.866244
502.254788  39.326544
503.211837  41.888182
504.169005  33.412735
505.126291  38.251862
506.083696  26.683124
507.041219  29.783618
507.998860  32.198441
508.956620  23.943415
509.914498  28.292557
510.872494  26.598509
511.830609  22.206094
512.788842  26.945115
513.747193  25.171597
514.705663  26.497505
515.664251  29.478492
516.622957  27.195556
517.581782  12.180110
518.540725  19.301981
519.499786  17.410247
520.458966  24.694127
521.418264  14.941064
522.377680  23.214220
523.337215  24.837541
524.296868  19.007512
525.256640  24.270124
526.216529  18.094024
527.176538  26.250562
528.136664  26.249504
529.096909   9.815726
530.057272  17.331024
531.017754  22.054288
531.978353  21.855912
532.939072  17.133157
533.899908  28.157353
534.860863  25.881835
535.821936  23.320798
536.783128  17.893132
537.744438  23.555293
538.705866  19.089525
539.667413  20.317133
540.629077  15.626297
541.590861  20.415544
542.552762  22.406466
543.514782  13.813814
544.476921  17.109247
545.439177  29.292365
546.401552  13.074163
547.364046  21.514772
548.326657  10.765362
549.289387  28.815564
550.252236  15.174611
551.215203  20.808748
552.178288  23.538906
553.141491  18.848971
554.104813  10.485987
555.068253  18.188848
556.031811  20.727967
556.995488  23.400715
557.959283  12.880033
558.923197  27.373742
559.887228  17.920331
560.851379  29.910391
561.815647  12.637362
562.780034  27.881734
563.744539  12.729814
564.709163  15.930695
565.673905  30.674821
566.638765  22.557595
567.603743  18.632726
568.568840  20.903253
569.534055  26.227300
570.499389  27.383308
571.464841  17.205730
572.430411  18.306318
573.396100  16.578817
574.361907  24.796877
575.327832  19.540213
576.293876  21.082096
577.260038  19.214018
578.226318  18.603628
579.192717  23.947331
580.159234  24.274137
581.125869  25.108498
582.092623  20.884989
583.059495  25.526154
584.026485  18.777148
584.993594  23.308709
585.960821  26.483580
586.928167  24.117543
587.895630  13.974311
588.863213  20.501091
589.830913  21.194665
590.798732  24.638241
591.766669  19.243915
592.734724  22.961563
593.702898  33.654510
594.671190  20.301371
595.639601  28.200400
596.608130  26.211712
597.576777  11.748068
598.545543  24.831455
599.514426  24.231776
600.483429  27.056015
601.452549  31.916875
602.421788  23.995778
603.391145  26.061798
604.360621  28.382840
605.330215  28.844666
606.299927  28.782668
607.269758  24.606702
608.239707  35.072002
609.209774  32.190964
610.179960  29.294536
611.150264  29.206050
612.120686  28.385624
613.091227  37.204117
614.061886  37.948753
615.032663  32.438187
616.003559  25.580078
616.974573  31.139230
617.945706  29.196110
618.916956  48.008252
619.888325  37.142391
620.859813  30.352466
621.831419  44.409019
622.803143  34.025590
623.774985  42.853886
624.746946  39.384910
625.719025  40.075576
626.691223  38.685094
627.663539  28.290840
628.635973  33.295313
629.608525  37.450581
630.581196  33.387112
631.553985  40.334367
632.526893  37.127621
633.499919  31.204249
634.473063  42.356728
635.446326  27.141676
636.419707  34.314287
637.393206  28.950649
638.366824  28.066009
639.340560  24.249018
640.314414  32.396113
641.288387  25.948120
642.262478  21.608133
643.236687  27.521998
644.211015  26.192947
645.185461  20.059562
646.160025  17.520881
647.134708  16.263898
648.109509  26.292301
649.084428  19.414933
650.059466  17.210817
651.034622  15.824447
652.009896  12.639997
652.985289  20.726661
653.960800  13.839990
654.936430  21.676921
655.912178  15.431069
656.888044  16.712050
657.864028   8.987140
658.840131  17.686503
659.816352  13.430575
660.792692  13.482665
661.769150   8.583802
662.745726  12.675347
663.722420  13.124988
664.699233  12.283844
665.676165  15.385806
666.653214   7.182463
667.630382  12.004851
668.607668  17.565915
669.585073  10.938012
670.562596  13.269438
671.540237  10.990047
672.517997   8.227102
673.495875   6.216175
674.473871   6.758255
675.451986  13.373410
676.430219  12.204492
677.408570  10.737061
678.387040   8.789161
679.365628   5.088523
680.344334  15.261827
681.323159  10.882834
682.302102  10.729964
683.281164  10.522499
684.260343   8.353871
685.239642   7.112736
686.219058  10.922782
687.198593  11.672235
688.178246   7.724489
689.158017   5.147582
690.137907   6.737196
691.117915   8.041484
692.098042   8.736078
693.078287   9.248760
694.058650   2.981944
695.039132  10.613635
696.019731   2.774247
697.000450  12.992452
697.981286   9.231384
698.962241   6.724196
699.943314   6.906685
700.924506   9.080130
701.905816   7.245657
702.887244   5.997160
703.868791   8.354169
704.850456  12.651012
705.832239   7.839003
706.814141  12.557769
707.796161   3.921348
708.778299  12.179747
709.760556   7.744024
710.742931  13.247866
711.725424   5.886069
712.708036  12.814704
713.690766   7.696992
714.673614  14.360845
715.656581   8.110899
716.639666  12.687992
717.622870   6.703618
718.606192   7.706706
719.589632   8.787551
720.573190   6.018910
721.556867   7.296481
722.540662  11.831703
723.524576  14.310776
724.508607   8.119894
725.492758   5.764010
726.477026  15.042534
727.461413  10.550200
728.445918   4.700563
729.430542   5.950281
730.415284  10.921598
731.400144   3.805759
732.385123   9.242849
733.370220   7.377982
734.355435   9.186512
735.340768   8.225832
736.326220   3.845361
737.311791  10.729573
738.297479   9.113760
739.283286   6.953835
740.269212   9.489015
741.255255   8.070475
742.241417  10.311029
743.227698   8.873942
744.214096   6.555944
745.200614  13.609487
746.187249   4.581799
747.174003  10.283772
748.160875   6.614023
749.147865  12.784773
750.134974   4.681479
751.122201   6.095134
752.109547   8.027624
753.097010   8.390340
754.084593   8.715495
755.072293   6.290569
756.060112   8.973774
757.048049   7.222099
758.036105   5.022771
759.024278   6.640778
760.012571   8.275633
761.000981   6.606564
761.989510   6.979753
762.978157   9.376592
763.966923   7.161154
764.955807   9.160609
765.944809   8.129061
766.933930   5.897751
767.923169   4.617176
768.912526  10.677782
769.902002   7.509731
770.891596   4.906915
771.881308   3.477445
772.871139   9.935550
773.861088   9.002960
774.851155  11.452939
775.841341   8.246037
776.831645   9.313542
777.822067   7.123389
778.812608   8.103003
779.803267   8.290997
780.794044   4.964148
781.784940   7.803560
782.775954  10.499241
783.767087   5.862579
784.758337   7.543952
785.749707  10.000318
786.741194   9.131958
787.732800   4.099129
788.724524   7.970372
789.716366   9.096026
790.708327   7.730742
791.700407   3.155129
792.692604   8.616833
793.684920   5.707466
794.677354  10.056426
795.669907   8.304738
796.662578   3.786274
797.655367   8.331518
798.648275   3.666002
799.641300   4.799951
800.634445   9.129578
801.627707   7.503822
802.621088   7.543813
803.614588   5.125348
804.608205   5.725487
805.601941  11.093835
806.595796   4.428748
807.589768   8.972304
808.583859   4.914270
809.578069   8.640008
810.572397   6.329387
811.566843   9.043635
812.561407   6.450971
813.556090   9.028705
814.550891   4.755652
815.545810  11.555059
816.540848   6.314312
817.536004   5.703674
818.531279   8.336058
819.526671   8.923902
820.522183   6.061737
821.517812   5.899451
822.513560   6.779531
823.509426   9.825543
824.505411   9.815925
825.501514   6.555847
826.497735   4.274396
827.494074   5.809926
828.490532   7.371720
829.487108  10.736143
830.483803   4.134094
831.480616  11.609819
832.477547   7.909040
833.474597   6.120027
834.471765   8.305535
835.469051   5.104269
836.466456   3.672144
837.463979  10.086070
838.461620   5.318809
839.459380   7.829662
840.457258   4.741974
841.455254   8.109590
842.453369  10.014698
843.451602  16.461627
844.449953   6.368550
845.448423   4.588454
846.447011   7.094018
847.445718  10.170825
848.444542   6.797832
849.443485   4.280809
850.442547   4.887952
851.441727   5.833998
852.441025   4.351930
853.440441   5.038395
854.439976   6.267872
855.439629   7.658861
856.439401   4.736542
857.439291  11.660602
858.439299   7.694695
859.439425   9.526840
860.439670   4.780355
861.440034   6.438453
862.440515  10.596289
863.441115   4.737485
864.441833  11.398283
865.442670   4.959839
866.443625   7.181588
867.444698   2.457152
868.445890   9.545435
869.447200   6.716716
870.448628  10.139874
871.450175   8.660601
872.451840   5.477749
873.453623  11.501814
874.455525   7.492534
875.457545   9.106971
876.459683   6.737712
877.461940   5.448072
878.464315   4.910554
879.466808   8.997442
880.469420   6.569212
881.472150   8.822126
882.474999   3.493500
883.477966  11.062173
884.481051   2.784404
885.484254   7.107027
886.487576   7.691227
887.491016   7.582878
888.494575   9.388825
889.498252   5.214505
890.502047   5.099465
891.505960   3.038788
892.509992   1.986699
893.514142   8.553768
894.518411   4.944026
895.522798   3.906212
896.527303   7.295979
897.531927   5.955280
898.536669   7.001752
899.541529   9.046943
900.546507   5.345031
901.551604   4.767700
902.556820  11.438607
903.562153   7.547146
904.567605   4.699977
905.573176   6.091522
906.578864   5.223934
907.584671   8.168392
908.590597   3.956470
909.596641  10.525263
910.602803  10.410930
911.609083   4.190578
912.615482   6.772814
913.621999   8.518932
914.628634   4.350182
915.635388  11.028634
916.642260   4.157850
917.649251   8.308640
918.656359   4.613123
919.663587   7.747986
920.670932   6.925589
921.678396   0.818811
922.685978  11.433829
923.693679   7.555012
924.701498   6.297949
925.709435   3.275156
926.717490   1.961056
927.725664   5.615260
928.733956   5.357174
929.742367   3.956249
930.750896   6.388694
931.759543   6.178940
932.768309   3.190520
933.777193  10.330974
934.786195   7.959994
935.795316   6.678028
936.804555   4.972824
937.813912   4.999058
938.823388   4.220264
939.832982   2.507866
940.842694   7.182836
941.852525   5.971674
942.862474   4.057337
943.872541   6.970682
944.882727   6.366162
945.893031   1.718498
946.903453   7.942616
947.913994   4.702141
948.924653   3.887098
949.935431   6.021838
950.946327   6.884133
951.957341   2.527025
952.968473   3.979573
953.979724   8.095638
954.991093  10.384779
956.002581   5.832013
957.014187   6.412411
958.025911  10.502243
959.037753   4.477393
960.049714   6.878044
961.061793   6.510844
962.073991   9.153418
963.086307   5.048244
964.098741   5.951811
965.111294   7.127779
966.123965   4.864281
967.136754   2.386755
968.149662   8.902510
969.162688   5.519242
970.175832   4.560966
971.189095   2.370080
972.202476   4.748940
973.215975   5.774498
974.229593   9.117119
975.243329   4.908675
976.257183   2.428582
977.271156   2.636086
978.285247   6.123877
979.299456   6.604783
980.313784   9.242303
981.328230   2.940724
982.342795   4.856325
983.357477   1.852792
984.372278   8.835013
985.387198   2.389447
986.402236   2.666683
987.417392   6.073376
988.432666   1.978403
989.448059   4.360016
990.463570   3.821418
991.479200   2.865299
992.494948   5.636314
993.510814   6.400051
994.526799   5.343294
995.542902   7.684493
996.559123   7.278204
997.575462   2.836399
998.591920   2.071575
999.608497   6.034386
1000.625191   5.180491
1001.642004   2.454171
1002.658935   5.556398
1003.675985   5.152930
1004.693153   4.884804
1005.710439   6.200573
1006.727844   5.526895
1007.745367   5.533657
1008.763009   6.331349
1009.780768   3.566124
1010.798646   2.162153
1011.816643   3.116614
1012.834757   4.868116
1013.852991   4.364773
1014.871342   4.181648
1015.889812   3.082251
1016.908400   5.313623
1017.927106   2.607834
1018.945931   5.718554
1019.964874   6.945081
1020.983936   2.142922
1022.003116   5.770990
1023.022414   2.782218
1024.041830   4.892663
1025.061365   4.117829
1026.081018   1.250595
1027.100790   6.827073
1028.120680   2.990463
1029.140688   5.282206
1030.160815   6.912327
1031.181059   4.492210
1032.201423   3.947580
1033.221904   7.173395
1034.242504   4.883005
1035.263223   3.785235
1036.284059   1.977538
1037.305014   5.693088
1038.326088   5.240825
1039.347279   4.218048
1040.368589   5.176019
1041.390018   4.688096
1042.411564   1.874419
1043.433229   1.307079
1044.455013   1.326650
1045.476914   3.781160
1046.498935   0.058613
1047.521073   4.527331
1048.543330   5.005170
1049.565705   8.746538
1050.588198   8.475346
1051.610810   5.378333
1052.633540   0.623215
1053.656389   1.232746
1054.679355   7.845418
1055.702441   5.238806
1056.725644   7.637028
1057.748966   0.014852
1058.772406   6.815150
1059.795965   0.485446
1060.819642   4.159193
1061.843437   5.590457
1062.867350   1.320086
1063.891382   6.768484
1064.915533   6.584517
1065.939801   5.980841
1066.964188   5.721448
1067.988693   5.066039
1069.013317   1.425334
1070.038059   3.806057
1071.062919   5.623501
1072.087898   3.840271
1073.112995   4.261908
1074.138210   2.271891
1075.163544   4.184906
1076.188996   2.514826
1077.214566   5.743362
1078.240255   4.423798
1079.266062   5.019750
1080.291988   4.657426
1081.318031   1.480851
1082.344193   5.293763
1083.370474   6.595751
1084.396873   2.396284
1085.423390   3.204716
1086.450025   4.740503
1087.476779   1.960695
1088.503651   5.528757
1089.530642   4.372051
1090.557751   4.461483
1091.584978   1.209864
1092.612323   4.963008
1093.639787   3.785635
1094.667369   4.739640
1095.695070   5.035348
1096.722889   4.131145
1097.750826   2.523110
1098.778882   2.029611
1099.807056   3.698852
1100.835348   5.149463
1101.863758   5.013521
1102.892287   5.019647
1103.920935   2.340516
1104.949700   3.213308
1105.978584   4.200913
1107.007587   4.488830
1108.036707   3.890474
1109.065946   2.167041
1110.095304   5.093270
1111.124779   4.780152
1112.154374   1.203333
1113.184086   2.639248
1114.213917   2.035278
1115.243866   1.941996
1116.273933   3.954800
1117.304119   5.453901
1118.334423   2.492285
1119.364845   3.442162
1120.395386   4.879958
1121.426045   4.486762
1122.456823   3.115673
1123.487719   2.970571
1124.518733   1.674733
1125.549865   6.691759
1126.581116   3.205092
1127.612485   5.430255
1128.643973  -0.106976
1129.675579   2.021539
1130.707303   4.985172
1131.739146   3.177928
1132.771107   3.936545
1133.803186   3.893603
1134.835384   4.433360
1135.867699   5.623543
1136.900134   1.602860
1137.932686   5.232949
1138.965357   4.210471
1139.998147   2.682474
1141.031054   3.908564
1142.064080   4.466542
1143.097225   3.057738
1144.130487   8.440372
1145.163868   2.492045
1146.197368   4.349069
1147.230986   2.411619
1148.264722   6.678695
1149.298576   6.270044
1150.332549   8.430254
1151.366640   3.504309
1152.400849   3.637793
1153.435177   1.958834
1154.469623   3.576852
1155.504188   2.224767
1156.538871   5.293830
1157.573672   4.301394
1158.608591   6.956768
1159.643629   5.245232
1160.678785   5.663045
1161.714060   5.455221
1162.749453   4.271541
1163.784964   7.174142
1164.820593   5.425347
1165.856341   3.580758
1166.892208   4.731063
1167.928192   3.245805
1168.964295   7.366412
1170.000516   6.274929
1171.036856   6.464884
1172.073314   8.893034
1173.109890  11.586594
1174.146585   4.835537
1175.183398   8.786963
1176.220329   5.560149
1177.257379   7.876576
1178.294547   8.485483
1179.331833   3.806366
1180.369238   5.315432
1181.406761   9.784957
1182.444403   7.014434
1183.482162   6.960147
1184.520040   9.391003
1185.558037   9.342960
1186.596152  10.134057
1187.634385  10.315520
1188.672736   7.720165
1189.711206  10.589098
1190.749794   8.305353
1191.788501   8.519548
1192.827325   9.534396
1193.866269   4.633297
1194.905330  10.376622
1195.944510   7.674847
1196.983808   8.289969
1198.023225   9.419323
1199.062760   8.796362
1200.102413   8.006461
1201.142185   9.118138
1202.182074   9.594093
1203.222083   5.139380
1204.262209   7.164023
1205.302454   6.922404
1206.342818  10.186577
1207.383299   6.645816
1208.423899   5.838204
1209.464618  20.272807
1210.505454   5.878467
1211.546409   7.950529
1212.587483  10.765052
1213.628674   6.927554
1214.669984  10.582788
1215.711413   6.488092
1216.752959  10.130540
1217.794625   6.319857
1218.836408   4.391141
1219.878310   3.746044
1220.920330   5.299563
1221.962468   4.202913
1223.004725   6.670840
1224.047100   6.342122
1225.089594   5.688384
1226.132206   5.049322
1227.174936   4.848621
1228.217784   1.399924
1229.260751   5.425745
1230.303836   6.435563
1231.347040   2.375799
1232.390362   4.045775
1233.433802   3.801572
1234.477360   3.162647
1235.521037   2.991072
1236.564833   6.636473
1237.608746   4.206145
1238.652778   4.550849
1239.696928   1.960572
1240.741197   3.881494
1241.785584   3.225073
1242.830089   2.749348
1243.874713   0.070057
1244.919455   4.552624
1245.964315   1.434158
1247.009294   2.131452
1248.054391   2.267013
1249.099607   0.826718
1250.144940   2.765287
1251.190392   1.565786
1252.235963   1.922834
1253.281651   1.257957
1254.327459   1.963327
1255.373384   1.210550
1256.419428   1.439344
1257.465590   3.747934
1258.511870   2.064303
1259.558269   0.530232
1260.604786   3.839633
1261.651422   2.148368
1262.698176   2.425293
1263.745048   3.550922
1264.792038   1.505691
1265.839147   1.502127
1266.886374   1.197425
1267.933720   1.759630
1268.981184   4.759843
1270.028766   0.651284
1271.076467   3.339436
1272.124286   3.972987
1273.172223   0.025825
1274.220279   2.286656
1275.268453   0.493547
1276.316745   3.173935
1277.365156   1.620555
1278.413685   1.222791
1279.462332   2.339775
1280.511098   0.514894
1281.559982   0.901715
1282.608984   2.903812
1283.658105  -0.185043
1284.707344   2.616888
1285.756701  -0.140858
1286.806177   0.907940
1287.855771   2.952520
1288.905483   2.099439
1289.955314   0.508440
1291.005263   5.207684
1292.055331   1.779230
1293.105517   2.153571
1294.155821   2.347141
1295.206243   1.165983
1296.256784   0.212669
1297.307443   0.868802
1298.358221   2.697687
1299.409117  -0.092102
1300.460131   0.644009
1301.511263   3.756365
1302.562514   4.483617
1303.613883   1.759763
1304.665371   3.271397
1305.716977   2.201721
1306.768701   2.129974
1307.820544   1.375244
1308.872505   0.456403
1309.924584   1.853765
1310.976782   4.381369
1312.029098   0.746686
1313.081532   2.299167
1314.134085   0.428663
1315.186756   5.118604
1316.239545   3.322394
1317.292453   2.466369
1318.345479   2.637857
1319.398623   0.186062
1320.451886   2.752710
1321.505267   0.596191
1322.558766   1.782324
1323.612384   1.673486
1324.666120   2.142326
1325.719975   5.297979
1326.773947   3.197148
1327.828039   5.360966
1328.882248   2.252760
1329.936576   3.681411
1330.991022   3.717651
1332.045587   4.381891
1333.100269   2.184832
1334.155071   1.283906
1335.209990   3.959557
1336.265028   2.691755
1337.320184   4.600030
1338.375459   3.993833
1339.430852   1.344354
1340.486363   2.582055
1341.541993   4.094194
1342.597740   5.577510
1343.653607   4.458315
1344.709591   1.053872
1345.765694   6.929527
1346.821916   5.820950
1347.878255   0.719736
1348.934713   2.461926
1349.991290   5.761193
1351.047984   6.748992
1352.104797   1.794179
1353.161729   5.012400
1354.218779   6.701308
1355.275947   3.452127
1356.333233   2.366046
1357.390638   8.279243
1358.448161   3.263234
1359.505802   5.808215
1360.563562   6.301472
1361.621440   3.218965
1362.679437   9.750835
1363.737551   6.346554
1364.795785   5.708439
1365.854136   5.203901
1366.912606   6.311088
1367.971194   6.389688
1369.029901   2.082073
1370.088725   8.131329
1371.147669   4.902088
1372.206730   3.612357
1373.265910   5.569928
1374.325208   7.476637
1375.384625   5.911580
1376.444160   1.609616
1377.503813   7.509553
1378.563585   2.973952
1379.623475   7.264256
1380.683483   3.991688
1381.743610   4.842327
1382.803855   5.775837
1383.864218   6.459276
1384.924700   4.981381
1385.985300   6.358528
1387.046018   3.925960
1388.106855   2.547679
1389.167810   3.219942
1390.228883   6.111434
1391.290075   6.749664
1392.351385   3.402117
1393.412813   3.424234
1394.474360   4.390287
1395.536025   5.943311
1396.597809   6.192574
1397.659711   5.126059
1398.721731   2.037992
1399.783869   3.276982
1400.846126   2.959892
1401.908501   5.044951
1402.970995   3.768010
1404.033607   4.658369
1405.096337   1.108814
1406.159185   6.289699
1407.222152   2.929876
1408.285237   4.286633
1409.348441   4.277091
1410.411763   3.298364
1411.475203   6.220838
1412.538762  -0.409268
1413.602439   2.447168
1414.666234   2.001647
1415.730148   4.807628
1416.794180   0.849035
1417.858330   3.661122
1418.922599   2.228235
1419.986986   0.676380
1421.051491   2.849390
1422.116115   1.368554
1423.180857   2.477410
1424.245717   3.023276
1425.310696   2.137905
1426.375793  -0.130763
1427.441008   0.340490
1428.506342   1.913857
1429.571794   0.328362
1430.637365   0.517428
1431.703053   1.790746
1432.768861   1.658091
1433.834786  -0.383736
1434.900830   1.461033
1435.966992  -0.137493
1437.033272   1.084770
1438.099671   1.731352
1439.166189   1.328740
1440.232824  -0.169707
1441.299578   0.386624
1442.366450   2.218090
1443.433441   1.485963
1444.500550   1.877918
1445.567777   0.869498
1446.635122  -0.153229
1447.702586   0.812394
1448.770169   0.394764
1449.837869   0.746662
1450.905688   0.166231
1451.973626   1.953761
1453.041681   1.622970
1454.109855   0.364661
1455.178148   1.067236
1456.246558   0.308546
1457.315087   1.595901
1458.383735   0.027078
1459.452500   0.349647
1460.521384   0.950867
1461.590387   1.673817
1462.659508   0.603553
1463.728747   0.948502
1464.798104   0.268979
1465.867580   0.845138
1466.937174   2.708149
1468.006886   0.821723
1469.076717   0.581126
1470.146666   1.121023
1471.216734   0.097701
1472.286920   0.718103
1473.357224   3.106002
1474.427646  -0.210088
1475.498187   2.877990
1476.568846  -0.174027
1477.639624   0.741082
1478.710520   0.819702
1479.781534   0.367726
1480.852667   3.205394
1481.923918  -0.319479
1482.995287   0.021379
1484.066775   0.575495
1485.138380  -0.176985
1486.210105   1.459268
1487.281947   0.588643
1488.353908   0.519927
1489.425988   0.796732
1490.498185   0.862168
1491.570501   1.282658
1492.642936   1.041224
1493.715488   1.719329
1494.788160   0.376697
1495.860949   2.062200
1496.933857  -0.045925
1498.006883   1.834892
1499.080027   2.385424
1500.153290   0.790995
1501.226671  -0.047838
1502.300170   0.441257
1503.373788   0.316676
1504.447524   0.069814
1505.521379   1.509102
1506.595352   0.391179
1507.669443  -0.217864
1508.743652   0.581317
1509.817980   0.950060
1510.892426   0.816514
1511.966991  -0.049219
1513.041674   0.745318
1514.116475   0.094518
1515.191395   0.941185
1516.266433   1.237133
1517.341589   0.103299
1518.416863   0.196313
1519.492256   1.227256
1520.567768   1.622209
1521.643397   0.885511
1522.719145   0.146276
1523.795012   2.017457
1524.870996   2.714822
1525.947099   0.926351
1527.023321   2.736798
1528.099660   0.057823
1529.176118  -0.248052
1530.252695   0.388123
1531.329389   0.157677
1532.406202   0.068399
1533.483134   1.423000
1534.560184  -0.036565
1535.637352  -0.108996
1536.714638   0.889150
1537.792043   0.245381
1538.869566   1.310629
1539.947208   0.217753
1541.024967  -0.103304
1542.102845   0.277370
1543.180842   0.790372
1544.258957   0.190443
1545.337190   0.034798
1546.415542   0.757687
1547.494011  -0.061810
1548.572600   0.384942
1549.651306   0.198279
1550.730131   1.197430
1551.809074   0.885965
1552.888136   0.864313
1553.967316   0.853056
1555.046614   0.710940
1556.126031   0.168673
1557.205566  -0.112513
1558.285219   0.161661
1559.364991   1.213138
1560.444881   1.632609
1561.524889   0.054562
1562.605016   1.964463
1563.685261   1.058317
1564.765624   0.727455
1565.846106   0.121751
1566.926706   2.078673
1568.007424   0.703674
1569.088261   0.953202
1570.169216   0.162611
1571.250289  -0.335885
1572.331481   0.731473
1573.412791   0.850692
1574.494220   0.852112
1575.575767   0.450819
1576.657432   0.933631
1577.739215  -0.061235
1578.821117  -0.057832
1579.903137   2.044511
1580.985276  -0.097102
1582.067533   0.063381
1583.149908   1.938096
1584.232401   3.509876
1585.315013  -0.317828
1586.397744   1.235796
1587.480592   3.502677
1588.563559   0.808951
1589.646644   0.962416
1590.729848   0.180975
1591.813170   0.042840
1592.896610   0.914253
1593.980169  -0.026357
1595.063846   0.912371
1596.147641   0.005907
1597.231555   1.853213
1598.315587   0.821030
1599.399737   0.727390
1600.484006   0.044787
1601.568393   0.216363
1602.652898  -0.172659
1603.737522   1.446593
1604.822264   2.776000
1605.907124   1.602397
1606.992103   1.814716
1608.077200   0.135082
1609.162416   0.843732
1610.247750   1.098308
1611.333202   0.753808
1612.418772   0.043813
1613.504461   0.222803
1614.590268   0.011044
1615.676194  -0.058971
1616.762237   1.930253
1617.848400  -0.002089
1618.934680   0.106436
1620.021079   0.217751
1621.107596  -0.071575
1622.194232   1.041566
1623.280986   0.978719
1624.367858   0.148724
1625.454849  -0.213619
1626.541958   0.332177
1627.629185   1.163607
1628.716530   0.583089
1629.803994   1.401322
1630.891577   1.133657
1631.979277   0.768702
1633.067096   0.038787
1634.155034   0.214645
1635.243089   0.061045
1636.331263   2.215353
1637.419556   0.522261
1638.507967   0.689040
1639.596496   1.049576
1640.685143   2.608919
1641.773909   3.071369
1642.862793   1.625670
1643.951795   0.799461
1645.040916   0.345978
1646.130155   0.024733
1647.219513   0.015033
1648.308988   0.718802
1649.398583   0.356563
1650.488295   0.841390
1651.578126   0.058520
1652.668075   1.020647
1653.758143   0.072850
1654.848329   1.058420
1655.938633   1.128000
1657.029055   1.622795
1658.119596   0.362591
1659.210255   2.845795
1660.301033   0.788683
1661.391929  -0.065267
1662.482943  -0.095784
1663.574076   0.904448
1664.665327   0.231437
1665.756696   0.213085
1666.848184   0.093468
1667.939790   2.752674
1669.031514   1.809139
1670.123357   0.084108
1671.215318  -0.076340
1672.307397   1.017003
1673.399595   0.162673
1674.491911   0.798362
1675.584345   2.189783
1676.676898  -0.049819
1677.769569   0.851284
1678.862358   0.960052
1679.955266   0.022571
1681.048292  -0.038101
1682.141437   0.058431
1683.234700   0.503508
1684.328081   2.090384
1685.421580  -0.122462
1686.515198   2.045208
1687.608934  -0.147499
1688.702789   1.161531
1689.796762   1.847852
1690.890853  -0.136452
1691.985062   2.063561
1693.079390   0.694365
1694.173836   1.229027
1695.268401  -0.070162
1696.363084   2.047730
1697.457885  -0.168142
1698.552805   0.241883
1699.647843   2.866979
1700.742999   0.744862
1701.838274   1.058525
1702.933667  -0.034893
1704.029178   0.001494
1705.124808   0.055585
1706.220556   1.947203
1707.316422   1.836636
1708.412407   0.877458
1709.508510   0.827765
1710.604731   1.049775
1711.701071  -0.221418
1712.797529   0.369509
1713.894105   1.940663
1714.990800   0.803783
1716.087613   1.136097
1717.184545   2.809011
1718.281594  -0.218442
1719.378762   0.165759
1720.476049   0.866571
1721.573454   0.112408
1722.670977  -0.032383
1723.768618   2.100884
1724.866378   1.740354
1725.964256   0.061399
1727.062253  -0.086461
1728.160368   0.177289
1729.258601   0.968829
1730.356953   0.034696
1731.455423   2.846429
1732.554011  -0.274785
1733.652717   1.269846
1734.751542   0.959665
1735.850486   0.906854
1736.949547  -0.149013
1738.048727  -0.086385
1739.148026   2.270802
1740.247442   0.126877
1741.346977   0.990188
1742.446630   0.960825
1743.546402   1.784727
1744.646292   0.088870
1745.746301   0.955307
1746.846427  -0.124395
1747.946672   0.162875
1749.047036   0.967211
1750.147517  -0.043000
1751.248118  -0.097185
1752.348836   0.051297
1753.449673   0.148729
1754.550628   0.010366
1755.651701  -0.000181
1756.752893  -0.012826
1757.854203  -0.178929
1758.955632   0.202700
1760.057179   1.028468
1761.158844   0.104325
1762.260627  -0.078278
1763.362529   0.135783
1764.464549   0.026037
1765.566688   0.874484
1766.668945   0.059432
1767.771320   2.081956
1768.873814   0.841698
1769.976426   1.059121
1771.079156   0.676046
1772.182004   0.262370
1773.284971   0.063566
1774.388057   0.049808
1775.491260   0.054466
1776.594582   0.137194
1777.698023   0.009615
1778.801581   0.000261
1779.905258  -0.005904
1781.009054  -0.082691
1782.112967   0.118462
1783.216999  -0.079301
1784.321150   0.036949
1785.425419   0.050554
1786.529806   0.131095
1787.634311  -0.002325
1788.738935  -0.160549
1789.843677   0.242243
1790.948537   0.018675
1792.053516   0.024164
1793.158613   0.989664
1794.263829   0.937103
1795.369163  -0.033849
1796.474615  -0.007943
1797.580185  -0.077266
1798.685874   0.139289
1799.791681   0.998845
1800.897607   0.940078
1802.003651  -0.030817
1803.109813   0.021428
1804.216094   1.011834
1805.322492   1.911623
1806.429010  -0.062256
1807.535645  -0.010366
1808.642399  -0.082882
1809.749272   0.024455
1810.856262  -0.032891
1811.963371   0.228509
1813.070598   0.006835
1814.177944  -0.128203
1815.285408   1.199901
1816.392990   0.810676
1817.500691   0.186320
1818.608510   0.015938
1819.716448   0.040499
1820.824503   1.948007
1821.932677  -0.055897
1823.040970  -0.004270
1824.149380  -0.004142
1825.257910  -0.053548
1826.366557   1.073050
1827.475323  -0.097594
1828.584207   0.023795
1829.693209   0.032567
1830.802330   0.039264
1831.911569   0.127371
1833.020927   0.978908
1834.130403  -0.096633
1835.239997   0.094881
1836.349709  -0.030645
1837.459540   1.983294
1838.569489   0.050708
1839.679557  -0.028419
1840.789743   2.052747
1841.900047  -0.043081
1843.010470   0.012173
1844.121011   0.936365
1845.231670   1.886084
1846.342448   0.075589
1847.453344   0.100335
1848.564358  -0.041790
1849.675491   1.072751
1850.786741  -0.016472
1851.898111   0.018049
1853.009599   1.001388
1854.121205   1.009069
1855.232929   2.916648
1856.344772  -0.055722
1857.456733   0.975481
1858.568812  -0.024146
1859.681010  -0.005118
1860.793326  -0.047434
1861.905760   1.064048
1863.018313  -0.080465
1864.130984   0.085040
1865.243774   0.007218
1866.356681   0.017236
1867.469708   0.982109
1868.582852  -0.026825
1869.696115  -0.063803
1870.809496   0.079951
1871.922996  -0.036736
1873.036613   1.098631
1874.150350   1.951113
1875.264204  -0.044265
1876.378177  -0.003490
1877.492268  -0.004845
1878.606478  -0.064065
1879.720806   0.019671
1880.835252   0.084334
1881.949817   0.007159
1883.064500   0.016960
1884.179301   0.996495
1885.294221   0.906542
1886.409259   0.051430
1887.524415  -0.038186
1888.639690   1.061966
1889.755083  -0.003358
1890.870594   0.928364
1891.986224   0.054025
1893.101972   0.003815
1894.217838   0.000269
1895.333823  -0.000022
1896.449926  -0.000571
1897.566147  -0.007923
1898.682487  -0.109775
1899.798945   0.132761
1900.915522  -0.098033
1902.032216   0.140074
1903.149029   0.020350
1904.265961   0.935489
1905.383011   0.049810
1906.500179   0.003232
1907.617465  -0.003770
1908.734870  -0.055671
1909.852393   0.014232
1910.970035   0.069831
1912.087795   0.001283
1913.205673  -0.050672
1914.323670   0.060379
1915.441785  -0.045698
1916.560018   0.062384
1917.678369   0.795914
1918.796839   0.231759
1919.915428   0.012633
1921.034134  -0.051477
1922.152959   0.005422
1923.271903  -0.031634
1924.390964   0.123907
1925.510144   0.008545
1926.629442  -0.002693
1927.748859  -0.045876
1928.868394   0.070227
1929.988048   0.995051
1931.107819  -0.018094
1932.227709  -0.045713
1933.347718   0.068690
1934.467845   1.005979
1935.588090   0.953525
1936.708453   1.978492
1937.828935   0.027924
1938.949535   0.001747
1940.070253  -0.002977
1941.191090  -0.043093
1942.312045   0.051918
1943.433119   0.000705
1944.554311  -0.041069
1945.675621   0.061934
1946.797049   0.996275
1947.918596  -0.018163
1949.040261  -0.071713
1950.162045   1.091142
1951.283947  -0.005245
1952.405967   0.010064
1953.528106   0.990900
1954.650363  -0.051277
1955.772738   0.053316
1956.895232   0.958665
1958.017843   0.033515
1959.140574  -0.000004
1960.263422  -0.032809
1961.386389   0.963978
1962.509475   0.076973
1963.632678  -0.023363
1964.756000   1.008861
1965.879441   0.992675
1967.003000   0.027887
1968.126677  -0.070897
1969.250472   0.047417
1970.374386   0.047808
1971.498418   0.021755
1972.622568   1.991836
1973.746837  -0.012252
1974.871224   0.990080
1975.995729  -0.066949
1977.120353   1.079768
1978.245095   0.991520
1979.369956  -0.006430
1980.494935   0.929562
1981.620032   0.028841
1982.745247   0.007516
1983.870581   0.016262
1984.996033   1.042724
1986.121604   0.998634
1987.247293   0.995050
1988.373100   0.987091
1989.499026  -0.009484
1990.625070  -0.000231
1991.751232   0.006048
1992.877512   0.976566
1994.003911   1.020009
1995.130429  -0.006626
1996.257064  -0.000433
1997.383818   0.000458
1998.510691   0.006745
1999.637681   0.993613
2000.764790  -0.060796
2001.892018   0.027531
2003.019363  -0.011295
2004.146827   1.054992
2005.274410   0.001571
2006.402110   0.974121
2007.529930   0.022408
2008.657867   0.959377
2009.785923   1.041794
2010.914097  -0.003079
2012.042389   0.006078
2013.170800   1.004084
2014.299329   0.992460
2015.427977  -0.000957
2016.556742   0.998369
2017.685627  -0.000538
2018.814629   0.998129
2019.943750  -0.005732
2021.072989  -0.000402
2022.202347  -0.000006
2023.331823   0.000309
2024.461417   0.004244
2025.591129   0.990622
2026.720960   2.011451
2027.850909  -0.010074
2028.980977  -0.017236
2030.111163   0.017803
2031.241467   0.006093
2032.371890   1.007480
2033.502431   1.993112
2034.633090  -0.020833
2035.763868   0.997526
2036.894764  -0.015959
2038.025778   0.032668
2039.156911   0.988369
2040.288162   0.013673
2041.419531   1.000144
2042.551019  -0.003407
2043.682625  -0.000241
2044.814349  -0.000079
2045.946192  -0.000844
2047.078153  -0.011341
2048.210233   0.002722
2049.342430   1.003653
2050.474747   1.009583
2051.607181   0.987297
2052.739734  -0.008777
2053.872405   1.017309
2055.005194  -0.007524
2056.138102   0.999994
2057.271128   0.006192
2058.404273   0.001779
2059.537536   0.993297
2060.670917   0.004661
2061.804417   0.000282
2062.938034  -0.000390
2064.071771  -0.005315
2065.205625   0.001322
2066.339598   1.004307
2067.473689  -0.004595
2068.607899   0.004200
2069.742227   0.997071
2070.876673   0.002043
2072.011238   0.000177
2073.145921   0.000606
2074.280722   1.000823
2075.415642   1.999595
2076.550683  -0.001176
2077.685856   0.999226
2078.821111   1.000000
