2019_10_23_16_35_49_549 /home/raspion_user/data/Beacon_Calibration1.sp 300575  300.001  282.528 2.734449 0.478300  0.000014786
   2.734 8
   3.213 1
   3.691 0
   4.169 0
   4.648 0
   5.126 1
   5.605 1
   6.083 0
   6.562 0
   7.040 1
   7.519 0
   7.998 3
   8.476 0
   8.955 1
   9.434 2
   9.912 1
  10.391 1
  10.870 2
  11.349 2
  11.827 6
  12.306 2
  12.785 2
  13.264 2
  13.743 5
  14.222 4
  14.701 1
  15.180 7
  15.659 6
  16.138 7
  16.618 5
  17.097 4
  17.576 5
  18.055 4
  18.534 7
  19.014 14
  19.493 5
  19.972 8
  20.452 13
  20.931 13
  21.411 11
  21.890 14
  22.370 29
  22.849 18
  23.329 26
  23.808 31
  24.288 25
  24.768 36
  25.247 38
  25.727 34
  26.207 42
  26.686 60
  27.166 54
  27.646 57
  28.126 67
  28.606 77
  29.086 76
  29.566 94
  30.046 92
  30.526 82
  31.006 117
  31.486 115
  31.966 137
  32.446 111
  32.926 125
  33.406 138
  33.886 140
  34.367 132
  34.847 129
  35.327 138
  35.808 119
  36.288 142
  36.768 153
  37.249 161
  37.729 160
  38.210 184
  38.690 169
  39.171 171
  39.651 234
  40.132 205
  40.612 207
  41.093 255
  41.574 240
  42.054 265
  42.535 271
  43.016 276
  43.497 280
  43.978 247
  44.458 248
  44.939 232
  45.420 216
  45.901 233
  46.382 228
  46.863 215
  47.344 180
  47.825 201
  48.306 205
  48.788 187
  49.269 194
  49.750 209
  50.231 189
  50.712 174
  51.194 193
  51.675 176
  52.156 187
  52.638 182
  53.119 178
  53.600 183
  54.082 181
  54.563 186
  55.045 164
  55.526 180
  56.008 206
  56.490 198
  56.971 209
  57.453 215
  57.934 218
  58.416 221
  58.898 205
  59.380 190
  59.862 224
  60.343 195
  60.825 217
  61.307 220
  61.789 226
  62.271 213
  62.753 245
  63.235 254
  63.717 249
  64.199 271
  64.681 262
  65.163 268
  65.645 259
  66.128 248
  66.610 252
  67.092 309
  67.574 287
  68.057 281
  68.539 316
  69.021 319
  69.504 280
  69.986 297
  70.469 290
  70.951 283
  71.434 314
  71.916 300
  72.399 311
  72.881 282
  73.364 309
  73.847 311
  74.329 303
  74.812 273
  75.295 316
  75.778 305
  76.260 317
  76.743 316
  77.226 330
  77.709 316
  78.192 330
  78.675 302
  79.158 332
  79.641 355
  80.124 344
  80.607 337
  81.090 345
  81.573 311
  82.056 347
  82.540 327
  83.023 354
  83.506 328
  83.989 338
  84.473 323
  84.956 317
  85.439 393
  85.923 327
  86.406 353
  86.890 362
  87.373 362
  87.857 367
  88.340 355
  88.824 377
  89.308 387
  89.791 368
  90.275 380
  90.759 388
  91.242 376
  91.726 395
  92.210 429
  92.694 383
  93.177 392
  93.661 409
  94.145 426
  94.629 423
  95.113 419
  95.597 372
  96.081 417
  96.565 437
  97.049 367
  97.533 452
  98.018 394
  98.502 404
  98.986 388
  99.470 402
  99.954 432
 100.439 415
 100.923 383
 101.407 437
 101.892 432
 102.376 411
 102.861 410
 103.345 432
 103.829 433
 104.314 448
 104.799 463
 105.283 451
 105.768 433
 106.252 458
 106.737 488
 107.222 435
 107.707 453
 108.191 466
 108.676 492
 109.161 469
 109.646 481
 110.131 480
 110.616 526
 111.100 520
 111.585 545
 112.070 538
 112.555 530
 113.041 511
 113.526 523
 114.011 577
 114.496 532
 114.981 615
 115.466 604
 115.951 622
 116.437 606
 116.922 627
 117.407 650
 117.893 666
 118.378 650
 118.864 638
 119.349 698
 119.834 681
 120.320 723
 120.805 739
 121.291 748
 121.777 818
 122.262 745
 122.748 781
 123.234 881
 123.719 887
 124.205 827
 124.691 898
 125.177 918
 125.662 898
 126.148 896
 126.634 911
 127.120 949
 127.606 915
 128.092 931
 128.578 969
 129.064 958
 129.550 993
 130.036 955
 130.522 988
 131.008 875
 131.495 977
 131.981 876
 132.467 906
 132.953 902
 133.440 901
 133.926 833
 134.412 829
 134.899 792
 135.385 790
 135.872 681
 136.358 760
 136.845 697
 137.331 689
 137.818 672
 138.304 626
 138.791 608
 139.278 620
 139.764 556
 140.251 551
 140.738 538
 141.224 517
 141.711 512
 142.198 471
 142.685 507
 143.172 449
 143.659 465
 144.146 439
 144.633 434
 145.120 381
 145.607 391
 146.094 408
 146.581 369
 147.068 370
 147.555 347
 148.042 355
 148.530 346
 149.017 381
 149.504 293
 149.991 350
 150.479 323
 150.966 317
 151.453 311
 151.941 315
 152.428 272
 152.916 293
 153.403 313
 153.891 301
 154.378 267
 154.866 291
 155.354 267
 155.841 301
 156.329 315
 156.817 285
 157.305 267
 157.792 281
 158.280 277
 158.768 255
 159.256 272
 159.744 273
 160.232 285
 160.720 280
 161.208 219
 161.696 261
 162.184 260
 162.672 274
 163.160 230
 163.648 257
 164.136 260
 164.624 284
 165.112 261
 165.601 279
 166.089 298
 166.577 252
 167.066 236
 167.554 245
 168.042 258
 168.531 273
 169.019 251
 169.508 241
 169.996 256
 170.485 261
 170.973 232
 171.462 248
 171.951 240
 172.439 258
 172.928 256
 173.417 280
 173.906 254
 174.394 276
 174.883 244
 175.372 226
 175.861 265
 176.350 259
 176.839 266
 177.328 265
 177.817 252
 178.306 254
 178.795 279
 179.284 270
 179.773 258
 180.262 255
 180.751 263
 181.240 245
 181.730 252
 182.219 260
 182.708 288
 183.197 279
 183.687 246
 184.176 274
 184.666 229
 185.155 271
 185.644 283
 186.134 272
 186.624 276
 187.113 273
 187.603 285
 188.092 247
 188.582 250
 189.072 272
 189.561 268
 190.051 267
 190.541 287
 191.031 247
 191.520 273
 192.010 273
 192.500 258
 192.990 272
 193.480 263
 193.970 242
 194.460 246
 194.950 262
 195.440 259
 195.930 284
 196.420 237
 196.910 278
 197.400 255
 197.891 263
 198.381 264
 198.871 268
 199.361 259
 199.852 248
 200.342 283
 200.833 302
 201.323 242
 201.813 249
 202.304 274
 202.794 272
 203.285 259
 203.775 265
 204.266 261
 204.757 271
 205.247 263
 205.738 246
 206.229 261
 206.719 267
 207.210 274
 207.701 239
 208.192 246
 208.683 287
 209.173 273
 209.664 243
 210.155 248
 210.646 249
 211.137 267
 211.628 269
 212.119 240
 212.611 265
 213.102 262
 213.593 223
 214.084 248
 214.575 257
 215.066 268
 215.558 241
 216.049 247
 216.540 235
 217.032 256
 217.523 258
 218.014 256
 218.506 251
 218.997 230
 219.489 251
 219.980 252
 220.472 269
 220.964 262
 221.455 263
 221.947 258
 222.439 224
 222.930 236
 223.422 247
 223.914 235
 224.406 251
 224.897 280
 225.389 251
 225.881 237
 226.373 257
 226.865 221
 227.357 237
 227.849 222
 228.341 239
 228.833 258
 229.325 227
 229.817 240
 230.309 233
 230.802 224
 231.294 244
 231.786 225
 232.278 242
 232.771 263
 233.263 247
 233.755 200
 234.248 215
 234.740 247
 235.233 224
 235.725 216
 236.218 238
 236.710 248
 237.203 229
 237.695 254
 238.188 206
 238.681 216
 239.173 250
 239.666 187
 240.159 224
 240.651 210
 241.144 217
 241.637 228
 242.130 239
 242.623 208
 243.116 224
 243.609 186
 244.102 203
 244.595 209
 245.088 205
 245.581 212
 246.074 190
 246.567 235
 247.060 221
 247.553 201
 248.047 203
 248.540 203
 249.033 204
 249.527 195
 250.020 209
 250.513 207
 251.007 224
 251.500 209
 251.993 194
 252.487 241
 252.980 201
 253.474 218
 253.968 206
 254.461 204
 254.955 199
 255.449 178
 255.942 191
 256.436 206
 256.930 193
 257.423 177
 257.917 195
 258.411 206
 258.905 181
 259.399 200
 259.893 181
 260.387 207
 260.881 225
 261.375 164
 261.869 190
 262.363 181
 262.857 176
 263.351 227
 263.845 188
 264.339 199
 264.834 192
 265.328 159
 265.822 195
 266.317 196
 266.811 209
 267.305 216
 267.800 173
 268.294 204
 268.789 174
 269.283 189
 269.778 177
 270.272 185
 270.767 209
 271.261 181
 271.756 206
 272.251 196
 272.745 196
 273.240 176
 273.735 166
 274.230 158
 274.724 193
 275.219 165
 275.714 178
 276.209 179
 276.704 156
 277.199 173
 277.694 179
 278.189 178
 278.684 165
 279.179 171
 279.674 193
 280.169 175
 280.664 168
 281.160 155
 281.655 155
 282.150 174
 282.645 170
 283.141 164
 283.636 163
 284.132 170
 284.627 153
 285.122 162
 285.618 154
 286.113 151
 286.609 167
 287.104 166
 287.600 170
 288.096 167
 288.591 175
 289.087 162
 289.583 156
 290.078 139
 290.574 173
 291.070 148
 291.566 160
 292.062 159
 292.557 156
 293.053 147
 293.549 156
 294.045 151
 294.541 148
 295.037 164
 295.533 164
 296.029 138
 296.526 171
 297.022 175
 297.518 128
 298.014 153
 298.510 163
 299.007 156
 299.503 178
 299.999 154
 300.496 156
 300.992 158
 301.488 139
 301.985 139
 302.481 145
 302.978 139
 303.474 135
 303.971 157
 304.467 129
 304.964 136
 305.461 133
 305.957 131
 306.454 126
 306.951 117
 307.448 164
 307.944 148
 308.441 143
 308.938 151
 309.435 142
 309.932 139
 310.429 137
 310.926 141
 311.423 138
 311.920 158
 312.417 139
 312.914 128
 313.411 152
 313.908 139
 314.405 132
 314.903 138
 315.400 140
 315.897 153
 316.394 154
 316.892 132
 317.389 122
 317.887 128
 318.384 123
 318.881 145
 319.379 132
 319.876 126
 320.374 148
 320.872 153
 321.369 133
 321.867 147
 322.364 119
 322.862 140
 323.360 126
 323.858 139
 324.355 141
 324.853 132
 325.351 142
 325.849 124
 326.347 132
 326.845 113
 327.343 121
 327.841 128
 328.339 124
 328.837 110
 329.335 128
 329.833 139
 330.331 123
 330.829 145
 331.327 136
 331.825 104
 332.324 131
 332.822 105
 333.320 130
 333.819 137
 334.317 109
 334.815 120
 335.314 128
 335.812 103
 336.311 117
 336.809 128
 337.308 108
 337.806 132
 338.305 104
 338.804 130
 339.302 100
 339.801 131
 340.300 125
 340.798 137
 341.297 128
 341.796 135
 342.295 128
 342.794 131
 343.293 135
 343.792 112
 344.290 119
 344.789 106
 345.288 108
 345.788 126
 346.287 109
 346.786 112
 347.285 124
 347.784 114
 348.283 118
 348.782 133
 349.282 114
 349.781 140
 350.280 121
 350.780 133
 351.279 123
 351.778 122
 352.278 121
 352.777 107
 353.277 122
 353.776 130
 354.276 129
 354.775 118
 355.275 110
 355.775 113
 356.274 106
 356.774 119
 357.274 109
 357.773 108
 358.273 99
 358.773 105
 359.273 123
 359.773 109
 360.273 116
 360.773 89
 361.273 100
 361.773 108
 362.273 127
 362.773 118
 363.273 107
 363.773 123
 364.273 82
 364.773 91
 365.273 116
 365.774 110
 366.274 85
 366.774 91
 367.274 116
 367.775 122
 368.275 99
 368.776 109
 369.276 107
 369.776 103
 370.277 118
 370.777 109
 371.278 102
 371.779 118
 372.279 105
 372.780 113
 373.280 107
 373.781 100
 374.282 90
 374.783 86
 375.283 107
 375.784 126
 376.285 120
 376.786 120
 377.287 109
 377.788 113
 378.289 118
 378.790 93
 379.291 104
 379.792 123
 380.293 112
 380.794 93
 381.295 101
 381.796 100
 382.298 100
 382.799 83
 383.300 90
 383.801 110
 384.303 105
 384.804 102
 385.305 103
 385.807 76
 386.308 88
 386.810 101
 387.311 105
 387.813 99
 388.314 85
 388.816 111
 389.318 93
 389.819 110
 390.321 100
 390.823 107
 391.324 116
 391.826 109
 392.328 89
 392.830 104
 393.332 96
 393.833 86
 394.335 101
 394.837 105
 395.339 112
 395.841 98
 396.343 106
 396.845 93
 397.347 89
 397.850 104
 398.352 94
 398.854 102
 399.356 106
 399.858 100
 400.361 92
 400.863 93
 401.365 92
 401.868 108
 402.370 105
 402.872 97
 403.375 89
 403.877 95
 404.380 97
 404.882 96
 405.385 117
 405.888 81
 406.390 86
 406.893 76
 407.395 105
 407.898 100
 408.401 87
 408.904 80
 409.406 85
 409.909 95
 410.412 82
 410.915 92
 411.418 73
 411.921 90
 412.424 85
 412.927 100
 413.430 102
 413.933 88
 414.436 117
 414.939 87
 415.442 90
 415.946 93
 416.449 85
 416.952 88
 417.455 98
 417.959 99
 418.462 103
 418.965 91
 419.469 101
 419.972 84
 420.476 94
 420.979 87
 421.483 81
 421.986 92
 422.490 95
 422.993 109
 423.497 102
 424.001 86
 424.504 102
 425.008 101
 425.512 105
 426.015 106
 426.519 85
 427.023 105
 427.527 99
 428.031 72
 428.535 99
 429.039 105
 429.543 87
 430.047 86
 430.551 104
 431.055 105
 431.559 89
 432.063 77
 432.567 92
 433.071 87
 433.576 100
 434.080 65
 434.584 107
 435.088 93
 435.593 85
 436.097 89
 436.602 84
 437.106 91
 437.610 107
 438.115 83
 438.619 102
 439.124 77
 439.629 90
 440.133 85
 440.638 103
 441.142 97
 441.647 75
 442.152 98
 442.657 91
 443.161 106
 443.666 103
 444.171 93
 444.676 106
 445.181 95
 445.686 89
 446.191 102
 446.696 83
 447.201 97
 447.706 93
 448.211 75
 448.716 71
 449.221 100
 449.726 78
 450.231 74
 450.737 93
 451.242 86
 451.747 92
 452.253 91
 452.758 72
 453.263 92
 453.769 84
 454.274 90
 454.780 78
 455.285 77
 455.791 86
 456.296 63
 456.802 83
 457.307 84
 457.813 89
 458.319 90
 458.824 65
 459.330 75
 459.836 91
 460.342 68
 460.847 78
 461.353 80
 461.859 77
 462.365 80
 462.871 81
 463.377 74
 463.883 87
 464.389 75
 464.895 79
 465.401 81
 465.907 71
 466.413 68
 466.920 70
 467.426 75
 467.932 97
 468.438 53
 468.944 68
 469.451 77
 469.957 65
 470.464 61
 470.970 68
 471.476 54
 471.983 73
 472.489 57
 472.996 53
 473.502 56
 474.009 76
 474.516 63
 475.022 60
 475.529 62
 476.036 69
 476.542 60
 477.049 66
 477.556 73
 478.063 67
 478.570 62
 479.076 65
 479.583 68
 480.090 61
 480.597 65
 481.104 75
 481.611 72
 482.118 60
 482.625 68
 483.133 54
 483.640 62
 484.147 65
 484.654 67
 485.161 60
 485.669 58
 486.176 71
 486.683 56
 487.191 58
 487.698 56
 488.205 66
 488.713 53
 489.220 74
 489.728 67
 490.235 52
 490.743 56
 491.251 64
 491.758 52
 492.266 57
 492.773 66
 493.281 71
 493.789 47
 494.297 61
 494.804 49
 495.312 54
 495.820 46
 496.328 53
 496.836 55
 497.344 65
 497.852 50
 498.360 62
 498.868 68
 499.376 53
 499.884 57
 500.392 53
 500.900 53
 501.409 54
 501.917 56
 502.425 49
 502.933 49
 503.442 62
 503.950 41
 504.458 41
 504.967 46
 505.475 52
 505.983 54
 506.492 44
 507.000 51
 507.509 58
 508.018 47
 508.526 61
 509.035 52
 509.543 51
 510.052 43
 510.561 56
 511.070 53
 511.578 49
 512.087 47
 512.596 51
 513.105 53
 513.614 32
 514.123 43
 514.632 47
 515.141 40
 515.650 42
 516.159 54
 516.668 68
 517.177 52
 517.686 58
 518.195 42
 518.704 51
 519.214 50
 519.723 40
 520.232 58
 520.741 59
 521.251 56
 521.760 61
 522.269 44
 522.779 60
 523.288 44
 523.798 50
 524.307 44
 524.817 60
 525.326 32
 525.836 50
 526.346 58
 526.855 52
 527.365 34
 527.875 55
 528.384 41
 528.894 52
 529.404 58
 529.914 51
 530.424 48
 530.934 54
 531.444 39
 531.954 45
 532.464 50
 532.974 50
 533.484 55
 533.994 42
 534.504 39
 535.014 53
 535.524 50
 536.034 44
 536.544 52
 537.055 53
 537.565 50
 538.075 53
 538.586 50
 539.096 52
 539.606 34
 540.117 45
 540.627 41
 541.138 45
 541.648 41
 542.159 48
 542.669 40
 543.180 38
 543.691 49
 544.201 47
 544.712 48
 545.223 45
 545.734 47
 546.244 36
 546.755 55
 547.266 52
 547.777 50
 548.288 48
 548.799 57
 549.310 49
 549.821 35
 550.332 35
 550.843 48
 551.354 39
 551.865 47
 552.376 46
 552.887 51
 553.398 36
 553.910 45
 554.421 49
 554.932 50
 555.444 54
 555.955 47
 556.466 47
 556.978 48
 557.489 53
 558.001 52
 558.512 40
 559.024 37
 559.535 45
 560.047 43
 560.558 40
 561.070 53
 561.582 46
 562.093 35
 562.605 55
 563.117 54
 563.629 40
 564.140 35
 564.652 44
 565.164 42
 565.676 44
 566.188 42
 566.700 42
 567.212 41
 567.724 45
 568.236 40
 568.748 61
 569.260 43
 569.772 35
 570.285 52
 570.797 49
 571.309 51
 571.821 45
 572.334 54
 572.846 49
 573.358 41
 573.871 46
 574.383 46
 574.895 37
 575.408 46
 575.920 52
 576.433 33
 576.945 49
 577.458 34
 577.971 44
 578.483 41
 578.996 57
 579.509 39
 580.021 37
 580.534 46
 581.047 37
 581.560 32
 582.073 46
 582.586 47
 583.099 52
 583.611 42
 584.124 47
 584.637 43
 585.150 44
 585.664 65
 586.177 48
 586.690 39
 587.203 40
 587.716 47
 588.229 51
 588.743 44
 589.256 49
 589.769 41
 590.282 59
 590.796 50
 591.309 33
 591.823 42
 592.336 33
 592.849 45
 593.363 53
 593.877 49
 594.390 41
 594.904 46
 595.417 49
 595.931 39
 596.445 38
 596.958 43
 597.472 41
 597.986 60
 598.500 48
 599.013 48
 599.527 49
 600.041 52
 600.555 76
 601.069 57
 601.583 57
 602.097 50
 602.611 56
 603.125 57
 603.639 47
 604.153 57
 604.668 46
 605.182 43
 605.696 61
 606.210 59
 606.724 53
 607.239 57
 607.753 65
 608.267 58
 608.782 60
 609.296 45
 609.811 73
 610.325 50
 610.840 66
 611.354 59
 611.869 63
 612.383 62
 612.898 65
 613.413 71
 613.927 63
 614.442 69
 614.957 69
 615.472 61
 615.986 93
 616.501 63
 617.016 64
 617.531 72
 618.046 79
 618.561 77
 619.076 98
 619.591 78
 620.106 102
 620.621 73
 621.136 85
 621.651 91
 622.166 95
 622.682 107
 623.197 89
 623.712 94
 624.227 105
 624.743 101
 625.258 99
 625.773 108
 626.289 102
 626.804 112
 627.320 115
 627.835 90
 628.351 98
 628.866 116
 629.382 122
 629.897 124
 630.413 119
 630.929 125
 631.444 149
 631.960 113
 632.476 123
 632.992 136
 633.507 125
 634.023 153
 634.539 132
 635.055 146
 635.571 147
 636.087 138
 636.603 156
 637.119 152
 637.635 173
 638.151 167
 638.667 172
 639.183 173
 639.700 163
 640.216 212
 640.732 176
 641.248 188
 641.764 198
 642.281 196
 642.797 190
 643.313 181
 643.830 209
 644.346 197
 644.863 217
 645.379 229
 645.896 206
 646.412 211
 646.929 223
 647.446 211
 647.962 228
 648.479 235
 648.996 228
 649.512 223
 650.029 254
 650.546 243
 651.063 276
 651.579 246
 652.096 275
 652.613 240
 653.130 288
 653.647 265
 654.164 255
 654.681 287
 655.198 316
 655.715 255
 656.232 247
 656.750 299
 657.267 276
 657.784 306
 658.301 294
 658.818 288
 659.336 278
 659.853 283
 660.370 278
 660.888 257
 661.405 279
 661.923 293
 662.440 310
 662.958 319
 663.475 325
 663.993 259
 664.510 297
 665.028 309
 665.546 273
 666.063 249
 666.581 284
 667.099 258
 667.616 293
 668.134 272
 668.652 289
 669.170 290
 669.688 270
 670.206 271
 670.724 274
 671.242 238
 671.760 270
 672.278 235
 672.796 261
 673.314 253
 673.832 235
 674.350 252
 674.868 252
 675.386 255
 675.905 237
 676.423 255
 676.941 268
 677.460 233
 677.978 204
 678.496 204
 679.015 238
 679.533 232
 680.052 200
 680.570 206
 681.089 199
 681.607 195
 682.126 168
 682.644 193
 683.163 169
 683.682 186
 684.200 158
 684.719 145
 685.238 176
 685.757 176
 686.276 176
 686.794 150
 687.313 159
 687.832 137
 688.351 162
 688.870 142
 689.389 147
 689.908 139
 690.427 124
 690.946 145
 691.465 114
 691.985 124
 692.504 120
 693.023 113
 693.542 131
 694.062 97
 694.581 97
 695.100 112
 695.620 90
 696.139 95
 696.658 92
 697.178 88
 697.697 104
 698.217 101
 698.736 93
 699.256 77
 699.775 76
 700.295 84
 700.815 94
 701.334 76
 701.854 74
 702.374 83
 702.894 65
 703.413 72
 703.933 53
 704.453 63
 704.973 70
 705.493 60
 706.013 64
 706.533 57
 707.053 69
 707.573 64
 708.093 49
 708.613 60
 709.133 46
 709.653 47
 710.174 59
 710.694 34
 711.214 45
 711.734 59
 712.255 71
 712.775 61
 713.295 42
 713.816 74
 714.336 49
 714.857 63
 715.377 47
 715.898 60
 716.418 38
 716.939 54
 717.459 44
 717.980 49
 718.501 46
 719.021 43
 719.542 43
 720.063 33
 720.584 56
 721.104 49
 721.625 39
 722.146 39
 722.667 44
 723.188 41
 723.709 44
 724.230 39
 724.751 37
 725.272 49
 725.793 44
 726.314 50
 726.835 38
 727.356 34
 727.878 42
 728.399 38
 728.920 43
 729.441 31
 729.963 40
 730.484 37
 731.005 51
 731.527 50
 732.048 38
 732.570 50
 733.091 38
 733.613 41
 734.134 46
 734.656 41
 735.177 45
 735.699 56
 736.221 38
 736.742 45
 737.264 32
 737.786 42
 738.308 33
 738.829 41
 739.351 40
 739.873 52
 740.395 38
 740.917 42
 741.439 45
 741.961 30
 742.483 36
 743.005 41
 743.527 54
 744.049 45
 744.571 28
 745.094 48
 745.616 40
 746.138 41
 746.660 33
 747.183 38
 747.705 37
 748.227 45
 748.750 36
 749.272 44
 749.794 38
 750.317 48
 750.839 43
 751.362 30
 751.884 49
 752.407 30
 752.930 32
 753.452 44
 753.975 32
 754.498 43
 755.020 48
 755.543 37
 756.066 39
 756.589 46
 757.112 39
 757.634 36
 758.157 47
 758.680 26
 759.203 47
 759.726 34
 760.249 43
 760.772 31
 761.295 35
 761.819 34
 762.342 39
 762.865 46
 763.388 32
 763.911 37
 764.435 40
 764.958 36
 765.481 25
 766.005 31
 766.528 40
 767.051 49
 767.575 46
 768.098 34
 768.622 28
 769.145 38
 769.669 43
 770.192 33
 770.716 34
 771.240 33
 771.763 32
 772.287 40
 772.811 31
 773.335 32
 773.858 31
 774.382 33
 774.906 37
 775.430 44
 775.954 35
 776.478 38
 777.002 36
 777.526 27
 778.050 39
 778.574 28
 779.098 35
 779.622 38
 780.146 35
 780.670 40
 781.195 34
 781.719 41
 782.243 40
 782.767 35
 783.292 30
 783.816 50
 784.341 43
 784.865 34
 785.389 23
 785.914 29
 786.438 31
 786.963 33
 787.487 36
 788.012 33
 788.537 46
 789.061 25
 789.586 30
 790.111 34
 790.635 32
 791.160 41
 791.685 49
 792.210 38
 792.735 31
 793.260 28
 793.785 33
 794.309 36
 794.834 36
 795.359 38
 795.885 33
 796.410 41
 796.935 47
 797.460 27
 797.985 28
 798.510 44
 799.035 35
 799.561 46
 800.086 42
 800.611 40
 801.137 43
 801.662 26
 802.187 25
 802.713 33
 803.238 34
 803.764 32
 804.289 49
 804.815 39
 805.340 35
 805.866 41
 806.391 34
 806.917 33
 807.443 41
 807.969 40
 808.494 35
 809.020 25
 809.546 41
 810.072 33
 810.598 38
 811.123 48
 811.649 20
 812.175 51
 812.701 43
 813.227 26
 813.753 26
 814.279 29
 814.806 29
 815.332 36
 815.858 31
 816.384 42
 816.910 36
 817.437 40
 817.963 36
 818.489 35
 819.015 35
 819.542 32
 820.068 39
 820.595 38
 821.121 35
 821.648 48
 822.174 38
 822.701 29
 823.227 46
 823.754 28
 824.280 27
 824.807 34
 825.334 32
 825.861 33
 826.387 38
 826.914 30
 827.441 23
 827.968 42
 828.495 38
 829.021 36
 829.548 38
 830.075 28
 830.602 29
 831.129 29
 831.656 45
 832.184 33
 832.711 20
 833.238 30
 833.765 44
 834.292 43
 834.819 29
 835.347 36
 835.874 31
 836.401 37
 836.929 37
 837.456 31
 837.983 39
 838.511 32
 839.038 41
 839.566 42
 840.093 34
 840.621 39
 841.148 40
 841.676 32
 842.204 28
 842.731 42
 843.259 33
 843.787 41
 844.314 41
 844.842 30
 845.370 46
 845.898 40
 846.426 39
 846.954 35
 847.482 42
 848.010 34
 848.538 40
 849.066 41
 849.594 39
 850.122 28
 850.650 36
 851.178 42
 851.706 33
 852.234 34
 852.763 38
 853.291 36
 853.819 40
 854.347 47
 854.876 34
 855.404 32
 855.933 53
 856.461 47
 856.990 41
 857.518 35
 858.047 33
 858.575 49
 859.104 29
 859.632 34
 860.161 35
 860.690 36
 861.218 31
 861.747 30
 862.276 43
 862.805 23
 863.333 38
 863.862 36
 864.391 36
 864.920 39
 865.449 29
 865.978 39
 866.507 39
 867.036 54
 867.565 31
 868.094 28
 868.623 33
 869.152 36
 869.682 42
 870.211 26
 870.740 29
 871.269 42
 871.799 41
 872.328 43
 872.857 40
 873.387 36
 873.916 36
 874.446 36
 874.975 27
 875.505 46
 876.034 33
 876.564 39
 877.093 46
 877.623 40
 878.153 51
 878.682 30
 879.212 49
 879.742 30
 880.271 48
 880.801 46
 881.331 40
 881.861 29
 882.391 44
 882.921 34
 883.451 29
 883.981 36
 884.511 44
 885.041 41
 885.571 37
 886.101 23
 886.631 46
 887.161 30
 887.691 44
 888.221 36
 888.752 30
 889.282 43
 889.812 40
 890.343 38
 890.873 37
 891.403 41
 891.934 31
 892.464 45
 892.995 28
 893.525 29
 894.056 48
 894.586 28
 895.117 40
 895.648 31
 896.178 45
 896.709 32
 897.240 34
 897.770 47
 898.301 33
 898.832 33
 899.363 39
 899.894 37
 900.425 28
 900.955 38
 901.486 38
 902.017 36
 902.548 40
 903.079 25
 903.611 34
 904.142 40
 904.673 40
 905.204 37
 905.735 47
 906.266 33
 906.798 40
 907.329 21
 907.860 39
 908.391 27
 908.923 31
 909.454 36
 909.986 34
 910.517 34
 911.049 37
 911.580 35
 912.112 40
 912.643 31
 913.175 38
 913.706 36
 914.238 30
 914.770 36
 915.302 43
 915.833 28
 916.365 40
 916.897 46
 917.429 35
 917.961 36
 918.492 31
 919.024 32
 919.556 32
 920.088 40
 920.620 43
 921.152 41
 921.684 39
 922.217 33
 922.749 35
 923.281 39
 923.813 26
 924.345 43
 924.878 32
 925.410 34
 925.942 38
 926.475 24
 927.007 37
 927.539 27
 928.072 29
 928.604 29
 929.137 28
 929.669 32
 930.202 31
 930.734 43
 931.267 39
 931.800 43
 932.332 26
 932.865 37
 933.398 38
 933.930 29
 934.463 27
 934.996 32
 935.529 34
 936.062 29
 936.595 38
 937.128 29
 937.661 29
 938.194 23
 938.727 31
 939.260 25
 939.793 33
 940.326 30
 940.859 25
 941.392 24
 941.925 33
 942.459 24
 942.992 41
 943.525 32
 944.058 29
 944.592 21
 945.125 32
 945.659 22
 946.192 34
 946.725 29
 947.259 28
 947.792 31
 948.326 33
 948.860 27
 949.393 33
 949.927 27
 950.460 37
 950.994 28
 951.528 27
 952.062 29
 952.595 23
 953.129 26
 953.663 34
 954.197 24
 954.731 27
 955.265 23
 955.799 31
 956.333 30
 956.867 26
 957.401 24
 957.935 37
 958.469 26
 959.003 28
 959.537 29
 960.072 24
 960.606 29
 961.140 23
 961.674 36
 962.209 28
 962.743 36
 963.278 32
 963.812 26
 964.346 28
 964.881 26
 965.415 28
 965.950 41
 966.484 23
 967.019 29
 967.554 38
 968.088 14
 968.623 33
 969.158 25
 969.692 33
 970.227 23
 970.762 24
 971.297 35
 971.832 47
 972.367 30
 972.901 36
 973.436 27
 973.971 34
 974.506 26
 975.041 25
 975.576 24
 976.112 30
 976.647 29
 977.182 19
 977.717 28
 978.252 38
 978.787 27
 979.323 26
 979.858 33
 980.393 30
 980.929 33
 981.464 23
 982.000 27
 982.535 28
 983.070 29
 983.606 24
 984.141 28
 984.677 27
 985.213 33
 985.748 22
 986.284 24
 986.820 31
 987.355 30
 987.891 30
 988.427 23
 988.963 27
 989.498 32
 990.034 15
 990.570 26
 991.106 25
 991.642 25
 992.178 28
 992.714 37
 993.250 25
 993.786 30
 994.322 24
 994.858 19
 995.395 24
 995.931 30
 996.467 28
 997.003 21
 997.539 19
 998.076 28
 998.612 23
 999.148 30
 999.685 20
1000.221 22
1000.758 29
1001.294 22
1001.831 25
1002.367 26
1002.904 31
1003.440 26
1003.977 27
1004.514 29
1005.050 32
1005.587 21
1006.124 23
1006.661 29
1007.197 14
1007.734 24
1008.271 29
1008.808 26
1009.345 30
1009.882 18
1010.419 28
1010.956 14
1011.493 26
1012.030 31
1012.567 26
1013.104 26
1013.641 25
1014.179 24
1014.716 26
1015.253 17
1015.790 27
1016.328 22
1016.865 21
1017.402 23
1017.940 25
1018.477 21
1019.015 27
1019.552 30
1020.090 31
1020.627 29
1021.165 25
1021.702 18
1022.240 15
1022.778 20
1023.315 18
1023.853 18
1024.391 18
1024.929 20
1025.467 18
1026.004 31
1026.542 35
1027.080 27
1027.618 26
1028.156 24
1028.694 20
1029.232 17
1029.770 28
1030.308 25
1030.846 21
1031.384 29
1031.923 22
1032.461 27
1032.999 28
1033.537 27
1034.076 26
1034.614 32
1035.152 17
1035.691 13
1036.229 22
1036.767 24
1037.306 21
1037.844 24
1038.383 21
1038.921 24
1039.460 22
1039.999 22
1040.537 21
1041.076 21
1041.615 20
1042.153 36
1042.692 17
1043.231 26
1043.770 24
1044.309 22
1044.847 32
1045.386 17
1045.925 28
1046.464 19
1047.003 14
1047.542 31
1048.081 21
1048.620 21
1049.160 30
1049.699 19
1050.238 27
1050.777 27
1051.316 14
1051.856 22
1052.395 28
1052.934 25
1053.474 22
1054.013 23
1054.552 23
1055.092 23
1055.631 22
1056.171 20
1056.710 18
1057.250 28
1057.789 16
1058.329 24
1058.869 18
1059.408 21
1059.948 22
1060.488 20
1061.028 18
1061.567 22
1062.107 18
1062.647 16
1063.187 31
1063.727 18
1064.267 29
1064.807 22
1065.347 28
1065.887 16
1066.427 15
1066.967 23
1067.507 25
1068.047 22
1068.587 15
1069.128 23
1069.668 23
1070.208 17
1070.748 21
1071.289 21
1071.829 33
1072.369 23
1072.910 12
1073.450 20
1073.991 15
1074.531 29
1075.072 24
1075.612 22
1076.153 12
1076.694 23
1077.234 27
1077.775 16
1078.316 16
1078.856 18
1079.397 25
1079.938 13
1080.479 21
1081.020 29
1081.560 25
1082.101 19
1082.642 19
1083.183 22
1083.724 21
1084.265 20
1084.806 20
1085.348 23
1085.889 13
1086.430 15
1086.971 16
1087.512 26
1088.053 16
1088.595 24
1089.136 17
1089.677 22
1090.219 28
1090.760 21
1091.301 20
1091.843 18
1092.384 20
1092.926 16
1093.467 25
1094.009 20
1094.551 26
1095.092 29
1095.634 23
1096.176 21
1096.717 20
1097.259 15
1097.801 16
1098.343 18
1098.884 26
1099.426 19
1099.968 28
1100.510 19
1101.052 24
1101.594 25
1102.136 28
1102.678 20
1103.220 15
1103.762 18
1104.304 13
1104.847 18
1105.389 24
1105.931 18
1106.473 25
1107.016 20
1107.558 21
1108.100 24
1108.643 22
1109.185 24
1109.727 24
1110.270 30
1110.812 24
1111.355 24
1111.897 23
1112.440 16
1112.983 26
1113.525 25
1114.068 25
1114.611 17
1115.153 28
1115.696 27
1116.239 24
1116.782 24
1117.324 30
1117.867 21
1118.410 27
1118.953 33
1119.496 32
1120.039 41
1120.582 23
1121.125 34
1121.668 28
1122.211 29
1122.754 25
1123.298 31
1123.841 24
1124.384 24
1124.927 32
1125.471 40
1126.014 31
1126.557 36
1127.101 42
1127.644 37
1128.187 36
1128.731 38
1129.274 34
1129.818 35
1130.361 33
1130.905 46
1131.449 36
1131.992 31
1132.536 47
1133.080 42
1133.623 40
1134.167 49
1134.711 43
1135.255 30
1135.799 57
1136.342 36
1136.886 36
1137.430 49
1137.974 43
1138.518 36
1139.062 47
1139.606 49
1140.150 48
1140.695 43
1141.239 40
1141.783 48
1142.327 63
1142.871 47
1143.416 55
1143.960 43
1144.504 51
1145.048 43
1145.593 53
1146.137 50
1146.682 58
1147.226 49
1147.771 64
1148.315 55
1148.860 52
1149.404 63
1149.949 62
1150.494 50
1151.038 63
1151.583 60
1152.128 67
1152.672 61
1153.217 70
1153.762 69
1154.307 61
1154.852 67
1155.397 74
1155.942 75
1156.487 71
1157.032 84
1157.577 76
1158.122 75
1158.667 58
1159.212 70
1159.757 75
1160.302 76
1160.847 75
1161.393 64
1161.938 76
1162.483 61
1163.029 69
1163.574 62
1164.119 66
1164.665 86
1165.210 66
1165.756 77
1166.301 81
1166.847 54
1167.392 80
1167.938 80
1168.483 69
1169.029 76
1169.575 74
1170.120 81
1170.666 74
1171.212 70
1171.758 66
1172.304 58
1172.849 76
1173.395 65
1173.941 70
1174.487 80
1175.033 61
1175.579 69
1176.125 77
1176.671 82
1177.217 75
1177.763 69
1178.310 72
1178.856 62
1179.402 71
1179.948 77
1180.495 77
1181.041 63
1181.587 71
1182.133 74
1182.680 53
1183.226 73
1183.773 77
1184.319 76
1184.866 61
1185.412 50
1185.959 60
1186.505 68
1187.052 49
1187.599 54
1188.145 65
1188.692 57
1189.239 67
1189.786 54
1190.332 78
1190.879 61
1191.426 50
1191.973 48
1192.520 53
1193.067 61
1193.614 57
1194.161 52
1194.708 46
1195.255 49
1195.802 63
1196.349 43
1196.896 45
1197.444 46
1197.991 29
1198.538 39
1199.085 50
1199.633 45
1200.180 46
1200.727 35
1201.275 48
1201.822 35
1202.370 44
1202.917 33
1203.465 37
1204.012 30
1204.560 32
1205.107 32
1205.655 37
1206.203 33
1206.750 25
1207.298 36
1207.846 40
1208.393 39
1208.941 30
1209.489 39
1210.037 23
1210.585 27
1211.133 30
1211.681 27
1212.229 26
1212.777 30
1213.325 35
1213.873 24
1214.421 30
1214.969 22
1215.517 28
1216.065 18
1216.614 17
1217.162 21
1217.710 18
1218.259 19
1218.807 27
1219.355 24
1219.904 23
1220.452 20
1221.001 22
1221.549 19
1222.098 18
1222.646 28
1223.195 12
1223.743 13
1224.292 18
1224.841 10
1225.389 25
1225.938 17
1226.487 20
1227.036 22
1227.584 23
1228.133 12
1228.682 12
1229.231 13
1229.780 21
1230.329 14
1230.878 17
1231.427 8
1231.976 9
1232.525 10
1233.074 9
1233.623 8
1234.172 8
1234.722 13
1235.271 9
1235.820 9
1236.369 12
1236.919 11
1237.468 15
1238.017 8
1238.567 13
1239.116 16
1239.666 7
1240.215 16
1240.765 8
1241.314 9
1241.864 9
1242.413 11
1242.963 5
1243.513 15
1244.062 13
1244.612 12
1245.162 16
1245.712 15
1246.262 10
1246.811 4
1247.361 7
1247.911 9
1248.461 10
1249.011 13
1249.561 12
1250.111 10
1250.661 8
1251.211 11
1251.761 5
1252.312 4
1252.862 13
1253.412 10
1253.962 3
1254.512 12
1255.063 10
1255.613 13
1256.163 11
1256.714 12
1257.264 9
1257.815 9
1258.365 14
1258.916 7
1259.466 10
1260.017 8
1260.567 10
1261.118 11
1261.668 13
1262.219 13
1262.770 14
1263.321 13
1263.871 11
1264.422 9
1264.973 17
1265.524 13
1266.075 10
1266.626 15
1267.177 17
1267.728 14
1268.279 8
1268.830 17
1269.381 7
1269.932 19
1270.483 14
1271.034 18
1271.585 17
1272.136 7
1272.688 14
1273.239 17
1273.790 16
1274.342 21
1274.893 15
1275.444 18
1275.996 20
1276.547 13
1277.099 18
1277.650 23
1278.202 24
1278.753 23
1279.305 15
1279.856 17
1280.408 15
1280.960 15
1281.511 26
1282.063 25
1282.615 19
1283.167 21
1283.719 32
1284.270 21
1284.822 25
1285.374 16
1285.926 28
1286.478 24
1287.030 27
1287.582 20
1288.134 28
1288.686 28
1289.239 32
1289.791 35
1290.343 29
1290.895 37
1291.447 24
1292.000 30
1292.552 41
1293.104 17
1293.657 34
1294.209 38
1294.761 26
1295.314 30
1295.866 32
1296.419 31
1296.971 29
1297.524 23
1298.077 37
1298.629 29
1299.182 41
1299.735 42
1300.287 39
1300.840 35
1301.393 29
1301.946 29
1302.498 42
1303.051 42
1303.604 42
1304.157 43
1304.710 40
1305.263 43
1305.816 36
1306.369 56
1306.922 47
1307.475 49
1308.028 51
1308.582 41
1309.135 59
1309.688 49
1310.241 58
1310.794 54
1311.348 36
1311.901 62
1312.454 44
1313.008 55
1313.561 45
1314.115 61
1314.668 44
1315.222 45
1315.775 68
1316.329 69
1316.882 58
1317.436 65
1317.990 56
1318.543 57
1319.097 63
1319.651 56
1320.205 41
1320.759 68
1321.312 65
1321.866 61
1322.420 54
1322.974 53
1323.528 66
1324.082 64
1324.636 63
1325.190 48
1325.744 52
1326.298 57
1326.852 66
1327.407 58
1327.961 48
1328.515 52
1329.069 57
1329.624 64
1330.178 60
1330.732 53
1331.287 64
1331.841 51
1332.395 66
1332.950 46
1333.504 63
1334.059 61
1334.613 66
1335.168 63
1335.723 64
1336.277 54
1336.832 62
1337.387 49
1337.941 48
1338.496 52
1339.051 47
1339.606 60
1340.161 48
1340.715 56
1341.270 59
1341.825 53
1342.380 67
1342.935 59
1343.490 44
1344.045 40
1344.600 59
1345.155 54
1345.711 62
1346.266 50
1346.821 57
1347.376 44
1347.931 49
1348.487 38
1349.042 49
1349.597 47
1350.153 48
1350.708 52
1351.264 38
1351.819 40
1352.375 43
1352.930 50
1353.486 55
1354.041 44
1354.597 43
1355.153 49
1355.708 36
1356.264 35
1356.820 40
1357.375 41
1357.931 44
1358.487 29
1359.043 45
1359.599 33
1360.155 46
1360.711 33
1361.267 30
1361.823 28
1362.379 41
1362.935 27
1363.491 23
1364.047 23
1364.603 30
1365.159 30
1365.715 31
1366.272 23
1366.828 27
1367.384 29
1367.941 25
1368.497 26
1369.053 30
1369.610 23
1370.166 30
1370.723 21
1371.279 17
1371.836 19
1372.392 19
1372.949 27
1373.505 19
1374.062 19
1374.619 18
1375.175 21
1375.732 23
1376.289 22
1376.846 17
1377.403 18
1377.959 12
1378.516 13
1379.073 18
1379.630 19
1380.187 18
1380.744 19
1381.301 15
1381.858 11
1382.415 13
1382.972 19
1383.530 10
1384.087 13
1384.644 12
1385.201 13
1385.758 10
1386.316 13
1386.873 14
1387.430 3
1387.988 10
1388.545 13
1389.103 8
1389.660 10
1390.218 9
1390.775 13
1391.333 3
1391.890 12
1392.448 5
1393.006 8
1393.563 8
1394.121 6
1394.679 12
1395.237 5
1395.794 9
1396.352 6
1396.910 8
1397.468 16
1398.026 5
1398.584 8
1399.142 7
1399.700 6
1400.258 7
1400.816 7
1401.374 7
1401.932 6
1402.490 10
1403.049 9
1403.607 8
1404.165 8
1404.723 8
1405.282 3
1405.840 6
1406.398 4
1406.957 6
1407.515 12
1408.074 8
1408.632 1
1409.191 4
1409.749 2
1410.308 7
1410.866 4
1411.425 10
1411.984 2
1412.542 4
1413.101 6
1413.660 4
1414.218 3
1414.777 6
1415.336 8
1415.895 5
1416.454 4
1417.013 3
1417.572 6
1418.131 5
1418.690 2
1419.249 3
1419.808 6
1420.367 4
1420.926 5
1421.485 4
1422.045 2
1422.604 6
1423.163 6
1423.722 4
1424.282 1
1424.841 2
1425.400 3
1425.960 2
1426.519 1
1427.079 4
1427.638 4
1428.198 2
1428.757 5
1429.317 6
1429.876 4
1430.436 4
1430.996 3
1431.555 2
1432.115 0
1432.675 3
1433.235 1
1433.794 2
1434.354 3
1434.914 2
1435.474 3
1436.034 5
1436.594 3
1437.154 0
1437.714 5
1438.274 6
1438.834 4
1439.394 4
1439.954 2
1440.514 2
1441.075 0
1441.635 6
1442.195 2
1442.755 4
1443.316 0
1443.876 1
1444.436 4
1444.997 6
1445.557 4
1446.118 3
1446.678 2
1447.239 1
1447.799 2
1448.360 1
1448.921 3
1449.481 4
1450.042 3
1450.603 0
1451.163 3
1451.724 1
1452.285 3
1452.846 0
1453.406 3
1453.967 2
1454.528 3
1455.089 3
1455.650 5
1456.211 1
1456.772 3
1457.333 2
1457.894 1
1458.455 2
1459.017 1
1459.578 1
1460.139 1
1460.700 1
1461.261 3
1461.823 1
1462.384 3
1462.945 4
1463.507 3
1464.068 2
1464.630 4
1465.191 1
1465.753 1
1466.314 2
1466.876 3
1467.437 2
1467.999 3
1468.561 2
1469.122 2
1469.684 2
1470.246 2
1470.807 2
1471.369 1
1471.931 3
1472.493 4
1473.055 4
1473.617 3
1474.179 2
1474.741 2
1475.303 3
1475.865 1
1476.427 0
1476.989 1
1477.551 2
1478.113 1
1478.675 1
1479.237 3
1479.800 2
1480.362 3
1480.924 1
1481.487 4
1482.049 1
1482.611 2
1483.174 0
1483.736 3
1484.299 2
1484.861 2
1485.424 2
1485.986 1
1486.549 4
1487.112 7
1487.674 1
1488.237 3
1488.800 3
1489.362 4
1489.925 3
1490.488 2
1491.051 3
1491.614 2
1492.176 2
1492.739 0
1493.302 3
1493.865 1
1494.428 0
1494.991 2
1495.554 4
1496.118 3
1496.681 4
1497.244 2
1497.807 0
1498.370 2
1498.933 4
1499.497 2
1500.060 1
1500.623 0
1501.187 2
1501.750 0
1502.314 3
1502.877 4
1503.440 1
1504.004 3
1504.567 0
1505.131 0
1505.695 3
1506.258 0
1506.822 0
1507.386 3
1507.949 0
1508.513 5
1509.077 1
1509.641 2
1510.205 0
1510.768 2
1511.332 1
1511.896 0
1512.460 2
1513.024 2
1513.588 1
1514.152 2
1514.716 3
1515.280 2
1515.844 2
1516.409 2
1516.973 3
1517.537 2
1518.101 3
1518.666 0
1519.230 0
1519.794 0
1520.359 2
1520.923 2
1521.487 0
1522.052 2
1522.616 0
1523.181 1
1523.745 1
1524.310 1
1524.875 3
1525.439 1
1526.004 0
1526.569 4
1527.133 3
1527.698 1
1528.263 1
1528.828 1
1529.393 1
1529.957 1
1530.522 0
1531.087 3
1531.652 1
1532.217 0
1532.782 0
1533.347 3
1533.912 0
1534.477 1
1535.043 0
1535.608 2
1536.173 1
1536.738 1
1537.303 0
1537.869 1
1538.434 1
1538.999 0
1539.565 0
1540.130 1
1540.696 3
1541.261 1
1541.826 0
1542.392 2
1542.958 0
1543.523 0
1544.089 1
1544.654 1
1545.220 2
1545.786 0
1546.351 1
1546.917 0
1547.483 0
1548.049 2
1548.615 0
1549.181 1
1549.746 2
1550.312 1
1550.878 2
1551.444 1
1552.010 2
1552.576 0
1553.143 2
1553.709 0
1554.275 0
1554.841 0
1555.407 0
1555.973 1
1556.540 1
1557.106 0
1557.672 0
1558.239 1
1558.805 1
1559.371 1
1559.938 0
1560.504 0
1561.071 3
1561.637 2
1562.204 0
1562.770 2
1563.337 2
1563.904 0
1564.470 1
1565.037 1
1565.604 1
1566.171 1
1566.737 1
1567.304 0
1567.871 2
1568.438 0
1569.005 0
1569.572 0
1570.139 0
1570.706 1
1571.273 1
1571.840 1
1572.407 0
1572.974 1
1573.541 0
1574.108 1
1574.676 0
1575.243 0
1575.810 0
1576.377 1
1576.945 1
1577.512 0
1578.079 0
1578.647 3
1579.214 0
1579.782 0
1580.349 1
1580.917 1
1581.484 0
1582.052 0
1582.620 1
1583.187 0
1583.755 2
1584.323 1
1584.890 0
1585.458 1
1586.026 0
1586.594 2
1587.162 0
1587.729 1
1588.297 0
1588.865 0
1589.433 2
1590.001 1
1590.569 0
1591.137 1
1591.706 1
1592.274 2
1592.842 0
1593.410 2
1593.978 0
1594.546 2
1595.115 3
1595.683 2
1596.251 0
1596.820 1
1597.388 1
1597.956 0
1598.525 1
1599.093 0
1599.662 1
1600.230 0
1600.799 2
1601.368 1
1601.936 1
1602.505 1
1603.074 0
1603.642 1
1604.211 1
1604.780 0
1605.349 1
1605.917 0
1606.486 1
1607.055 1
1607.624 0
1608.193 1
1608.762 2
1609.331 0
1609.900 1
1610.469 1
1611.038 0
1611.607 2
1612.177 2
1612.746 1
1613.315 0
1613.884 3
1614.454 0
1615.023 0
1615.592 1
1616.162 0
1616.731 1
1617.300 3
1617.870 2
1618.439 0
1619.009 0
1619.578 0
1620.148 2
1620.717 2
1621.287 1
1621.857 1
1622.426 1
1622.996 0
1623.566 0
1624.136 0
1624.706 0
1625.275 0
1625.845 1
1626.415 0
1626.985 0
1627.555 1
1628.125 0
1628.695 1
1629.265 0
1629.835 0
1630.405 1
1630.975 0
1631.546 0
1632.116 0
1632.686 0
1633.256 0
1633.826 0
1634.397 2
1634.967 0
1635.538 0
1636.108 0
1636.678 0
1637.249 0
1637.819 0
1638.390 0
1638.960 1
1639.531 1
1640.102 1
1640.672 2
1641.243 0
1641.814 2
1642.384 0
1642.955 0
1643.526 0
1644.097 0
1644.667 0
1645.238 0
1645.809 0
1646.380 0
1646.951 1
1647.522 0
1648.093 1
1648.664 0
1649.235 0
1649.806 0
1650.378 1
1650.949 1
1651.520 0
1652.091 0
1652.662 1
1653.234 1
1653.805 0
1654.376 0
1654.948 0
1655.519 0
1656.091 0
1656.662 1
1657.234 0
1657.805 0
1658.377 0
1658.948 0
1659.520 1
1660.091 0
1660.663 0
1661.235 0
1661.807 0
1662.378 1
1662.950 1
1663.522 0
1664.094 1
1664.666 0
1665.238 1
1665.809 0
1666.381 0
1666.953 2
1667.525 2
1668.098 1
1668.670 0
1669.242 2
1669.814 0
1670.386 0
1670.958 0
1671.530 0
1672.103 0
1672.675 1
1673.247 1
1673.820 0
1674.392 0
1674.965 0
1675.537 1
1676.109 0
1676.682 1
1677.254 0
1677.827 0
1678.400 1
1678.972 1
1679.545 0
1680.118 0
1680.690 1
1681.263 1
1681.836 0
1682.409 1
1682.981 0
1683.554 0
1684.127 1
1684.700 1
1685.273 0
1685.846 1
1686.419 1
1686.992 0
1687.565 0
1688.138 1
1688.711 0
1689.284 1
1689.858 0
1690.431 0
1691.004 0
1691.577 1
1692.151 1
1692.724 0
1693.297 0
1693.871 0
1694.444 1
1695.018 0
1695.591 1
1696.165 0
1696.738 0
1697.312 0
1697.885 1
1698.459 1
1699.032 1
1699.606 0
1700.180 1
1700.754 1
1701.327 0
1701.901 2
1702.475 2
1703.049 1
1703.623 1
1704.197 0
1704.771 0
1705.345 0
1705.919 0
1706.493 0
1707.067 0
1707.641 0
1708.215 0
1708.789 1
1709.363 0
1709.937 0
1710.512 1
1711.086 1
1711.660 1
1712.235 0
1712.809 0
1713.383 0
1713.958 0
1714.532 0
1715.107 2
1715.681 0
1716.256 0
1716.830 0
1717.405 0
1717.980 0
1718.554 0
1719.129 1
1719.704 0
1720.278 0
1720.853 2
1721.428 0
1722.003 0
1722.578 0
1723.153 0
1723.728 0
1724.302 0
1724.877 2
1725.452 2
1726.028 0
1726.603 0
1727.178 1
1727.753 0
1728.328 0
1728.903 1
1729.478 0
1730.054 1
1730.629 1
1731.204 0
1731.780 0
1732.355 0
1732.930 2
1733.506 0
1734.081 0
1734.657 0
1735.232 0
1735.808 0
1736.383 1
1736.959 0
1737.535 0
1738.110 1
1738.686 1
1739.262 1
1739.837 0
1740.413 1
1740.989 0
1741.565 0
1742.141 0
1742.717 0
1743.293 0
1743.869 1
1744.445 0
1745.021 1
1745.597 1
1746.173 0
1746.749 0
1747.325 0
1747.901 0
1748.477 0
1749.053 0
1749.630 0
1750.206 0
1750.782 1
1751.359 1
1751.935 0
1752.511 0
1753.088 0
1753.664 0
1754.241 0
1754.817 1
1755.394 0
1755.970 3
1756.547 1
1757.124 1
1757.700 0
1758.277 0
1758.854 0
1759.431 2
1760.007 1
1760.584 0
1761.161 0
1761.738 0
1762.315 0
1762.892 2
1763.469 1
1764.046 0
1764.623 1
1765.200 0
1765.777 1
1766.354 0
1766.931 0
1767.508 0
1768.086 1
1768.663 1
1769.240 1
1769.817 0
1770.395 0
1770.972 0
1771.549 0
1772.127 0
1772.704 1
1773.282 0
1773.859 1
1774.437 0
1775.014 0
1775.592 0
1776.169 0
1776.747 0
1777.325 0
1777.902 1
1778.480 0
1779.058 0
1779.636 0
1780.214 0
1780.791 1
1781.369 0
1781.947 0
1782.525 1
1783.103 0
1783.681 0
1784.259 1
1784.837 0
1785.415 1
1785.993 0
1786.572 1
1787.150 2
1787.728 1
1788.306 0
1788.884 0
1789.463 0
1790.041 1
1790.619 0
1791.198 0
1791.776 0
1792.355 1
1792.933 3
1793.512 0
1794.090 2
1794.669 0
1795.247 0
1795.826 0
1796.405 0
1796.983 1
1797.562 0
1798.141 0
1798.720 0
1799.298 0
1799.877 0
1800.456 0
1801.035 1
1801.614 0
1802.193 0
1802.772 0
1803.351 0
1803.930 2
1804.509 0
1805.088 0
1805.667 0
1806.246 1
1806.825 1
1807.405 0
1807.984 0
1808.563 0
1809.142 0
1809.722 0
1810.301 0
1810.880 1
1811.460 0
1812.039 0
1812.619 0
1813.198 0
1813.778 0
1814.357 1
1814.937 0
1815.517 0
1816.096 0
1816.676 0
1817.256 0
1817.835 0
1818.415 0
1818.995 1
1819.575 1
1820.155 1
1820.735 1
1821.315 0
1821.895 0
1822.474 0
1823.055 1
1823.635 0
1824.215 0
1824.795 0
1825.375 1
1825.955 0
1826.535 0
1827.115 0
1827.696 1
1828.276 0
1828.856 0
1829.437 0
1830.017 0
1830.597 1
1831.178 0
1831.758 0
1832.339 1
1832.919 0
1833.500 0
1834.080 0
1834.661 1
1835.242 1
1835.822 1
1836.403 0
1836.984 2
1837.564 0
1838.145 0
1838.726 1
1839.307 1
1839.888 0
1840.469 0
1841.050 0
1841.630 0
1842.211 0
1842.792 0
1843.374 1
1843.955 1
1844.536 0
1845.117 0
1845.698 0
1846.279 0
1846.860 1
1847.442 0
1848.023 0
1848.604 0
1849.186 0
1849.767 0
1850.348 0
1850.930 0
1851.511 0
1852.093 0
1852.674 0
1853.256 0
1853.837 0
1854.419 0
1855.001 0
1855.582 0
1856.164 0
1856.746 0
1857.327 1
1857.909 1
1858.491 0
1859.073 0
1859.655 2
1860.237 0
1860.819 0
1861.401 0
1861.983 0
1862.565 2
1863.147 0
1863.729 0
1864.311 0
1864.893 0
1865.475 0
1866.057 0
1866.640 0
1867.222 0
1867.804 0
1868.386 0
1868.969 0
1869.551 1
1870.134 0
1870.716 1
1871.298 0
1871.881 0
1872.464 1
1873.046 1
1873.629 0
1874.211 0
1874.794 0
1875.377 0
1875.959 0
1876.542 0
1877.125 0
1877.708 2
1878.290 1
1878.873 1
1879.456 0
1880.039 0
1880.622 0
1881.205 0
1881.788 0
1882.371 0
1882.954 1
1883.537 0
1884.120 0
1884.703 0
1885.287 0
1885.870 0
1886.453 0
1887.036 0
1887.620 0
1888.203 1
1888.786 2
1889.370 0
1889.953 1
1890.536 0
1891.120 0
1891.703 1
1892.287 0
1892.870 1
1893.454 0
1894.038 1
1894.621 0
1895.205 0
1895.789 1
1896.372 0
1896.956 0
1897.540 0
1898.124 0
1898.708 0
1899.292 0
1899.876 0
1900.459 0
1901.043 0
1901.627 0
1902.211 0
1902.796 1
1903.380 0
1903.964 0
1904.548 0
1905.132 0
1905.716 0
1906.301 1
1906.885 0
1907.469 0
1908.053 1
1908.638 0
1909.222 0
1909.807 0
1910.391 0
1910.976 0
1911.560 0
1912.145 0
1912.729 0
1913.314 1
1913.898 0
1914.483 1
1915.068 0
1915.652 0
1916.237 1
1916.822 0
1917.407 0
1917.992 0
1918.576 0
1919.161 0
1919.746 0
1920.331 0
1920.916 0
1921.501 1
1922.086 0
1922.671 0
1923.256 0
1923.841 0
1924.427 0
1925.012 0
1925.597 0
1926.182 1
1926.768 0
1927.353 1
1927.938 0
1928.524 0
1929.109 0
1929.694 0
1930.280 0
1930.865 0
1931.451 1
1932.036 0
1932.622 0
1933.208 1
1933.793 0
1934.379 1
1934.964 0
1935.550 0
1936.136 0
1936.722 0
1937.308 2
1937.893 0
1938.479 0
1939.065 1
1939.651 0
1940.237 0
1940.823 0
1941.409 0
1941.995 0
1942.581 0
1943.167 0
1943.753 0
1944.340 0
1944.926 0
1945.512 0
1946.098 0
1946.684 0
1947.271 0
1947.857 0
1948.443 0
1949.030 0
1949.616 0
1950.203 1
1950.789 0
1951.376 0
1951.962 0
1952.549 2
1953.135 0
1953.722 0
1954.309 0
1954.895 0
1955.482 0
1956.069 1
1956.656 0
1957.243 2
1957.829 0
1958.416 0
1959.003 0
1959.590 0
1960.177 0
1960.764 1
1961.351 0
1961.938 0
1962.525 0
1963.112 0
1963.699 1
1964.287 0
1964.874 0
1965.461 0
1966.048 0
1966.636 0
1967.223 0
1967.810 0
1968.398 0
1968.985 0
1969.572 0
1970.160 0
1970.747 0
1971.335 0
1971.922 0
1972.510 0
1973.098 1
1973.685 0
1974.273 1
1974.861 0
1975.448 0
1976.036 0
1976.624 0
1977.212 0
1977.800 0
1978.387 0
1978.975 0
1979.563 0
1980.151 0
1980.739 0
1981.327 1
1981.915 0
1982.503 0
1983.092 0
1983.680 0
1984.268 0
1984.856 0
1985.444 0
1986.033 1
1986.621 0
1987.209 0
1987.798 1
1988.386 0
1988.974 0
1989.563 0
1990.151 0
1990.740 0
1991.328 0
1991.917 0
1992.505 0
1993.094 0
1993.683 0
1994.271 0
1994.860 0
1995.449 0
1996.038 0
1996.626 0
1997.215 0
1997.804 0
1998.393 0
1998.982 0
1999.571 0
2000.160 0
2000.749 1
2001.338 0
2001.927 0
2002.516 1
2003.105 0
2003.694 1
2004.283 1
2004.873 0
2005.462 1
2006.051 1
2006.640 0
2007.230 0
2007.819 0
2008.408 0
2008.998 0
2009.587 0
2010.177 0
2010.766 0
2011.356 0
2011.945 0
2012.535 0
2013.125 0
2013.714 1
2014.304 0
2014.894 1
2015.483 0
2016.073 0
2016.663 0
2017.253 0
2017.843 0
2018.432 0
2019.022 0
2019.612 0
2020.202 0
2020.792 0
2021.382 0
2021.972 2
2022.563 0
2023.153 0
2023.743 0
2024.333 0
2024.923 0
2025.513 0
2026.104 1
2026.694 0
2027.284 1
2027.875 0
2028.465 1
2029.056 0
2029.646 0
2030.236 0
2030.827 0
2031.418 0
2032.008 0
2032.599 0
2033.189 0
2033.780 0
2034.371 0
2034.961 0
2035.552 1
2036.143 0
2036.734 1
2037.325 1
2037.915 0
2038.506 1
2039.097 0
2039.688 0
2040.279 0
2040.870 0
2041.461 0
2042.052 0
2042.643 0
2043.234 0
2043.826 0
2044.417 0
2045.008 0
2045.599 0
2046.191 1
2046.782 0
2047.373 0
2047.965 0
2048.556 0
2049.147 0
2049.739 0
2050.330 0
2050.922 0
2051.513 0
2052.105 0
2052.697 0
2053.288 0
2053.880 0
2054.472 1
2055.063 0
2055.655 0
2056.247 1
2056.839 0
2057.430 0
2058.022 0
2058.614 0
2059.206 0
2059.798 1
2060.390 0
2060.982 0
2061.574 0
2062.166 0
2062.758 1
2063.350 0
2063.943 1
2064.535 0
2065.127 0
2065.719 0
2066.312 1
2066.904 1
2067.496 0
2068.089 0
2068.681 0
2069.273 0
2069.866 0
2070.458 0
2071.051 0
2071.643 0
2072.236 0
2072.829 0
2073.421 0
2074.014 0
2074.607 1
2075.199 0
2075.792 0
2076.385 0
2076.978 1
2077.571 0
2078.163 0
2078.756 0
2079.349 0
2079.942 1
2080.535 1
2081.128 0
2081.721 0
2082.314 0
2082.908 0
2083.501 0
2084.094 0
2084.687 0
2085.280 0
2085.874 0
2086.467 0
2087.060 0
2087.653 0
2088.247 0
2088.840 0
2089.434 1
2090.027 0
2090.621 0
2091.214 1
2091.808 0
2092.401 0
2092.995 0
2093.589 1
2094.182 0
2094.776 1
2095.370 0
2095.963 0
2096.557 1
2097.151 0
2097.745 0
2098.339 0
2098.933 0
2099.527 0
2100.121 0
2100.715 1
2101.309 1
2101.903 0
2102.497 0
2103.091 1
2103.685 0
2104.279 0
2104.873 0
2105.468 0
2106.062 0
2106.656 0
2107.251 0
2107.845 0
2108.439 0
2109.034 0
2109.628 0
2110.223 0
2110.817 0
2111.412 0
2112.006 0
2112.601 0
2113.195 0
2113.790 0
2114.385 1
2114.979 0
2115.574 0
2116.169 0
2116.764 0
2117.359 0
2117.953 0
2118.548 0
2119.143 0
2119.738 0
2120.333 1
2120.928 0
2121.523 2
2122.118 0
2122.713 0
2123.308 1
2123.904 0
2124.499 0
2125.094 0
2125.689 0
2126.285 0
2126.880 0
2127.475 1
2128.070 0
2128.666 0
2129.261 0
2129.857 0
2130.452 0
2131.048 0
2131.643 0
2132.239 0
2132.834 0
2133.430 0
2134.026 2
2134.621 0
2135.217 0
2135.813 0
2136.409 1
2137.004 1
2137.600 0
2138.196 0
2138.792 0
2139.388 0
2139.984 0
2140.580 0
2141.176 1
2141.772 0
2142.368 1
2142.964 0
2143.560 0
2144.156 0
2144.753 0
2145.349 0
2145.945 0
2146.541 0
2147.138 0
2147.734 0
2148.330 0
2148.927 1
2149.523 1
2150.120 0
2150.716 0
2151.313 1
2151.909 0
2152.506 0
2153.102 0
2153.699 1
2154.296 0
2154.892 0
2155.489 0
2156.086 0
2156.682 0
2157.279 0
2157.876 0
2158.473 0
2159.070 0
2159.667 0
2160.264 0
2160.861 0
2161.458 0
2162.055 0
2162.652 0
2163.249 0
2163.846 0
2164.443 0
2165.040 0
2165.638 0
2166.235 2
2166.832 0
2167.430 0
2168.027 1
2168.624 0
2169.222 0
2169.819 0
2170.417 0
2171.014 0
2171.612 0
2172.209 0
2172.807 0
2173.404 0
2174.002 0
2174.600 0
2175.197 0
2175.795 1
2176.393 0
2176.991 0
2177.588 0
2178.186 0
2178.784 0
2179.382 0
2179.980 0
2180.578 0
2181.176 0
2181.774 0
2182.372 0
2182.970 0
2183.568 0
2184.166 0
2184.764 0
2185.363 1
2185.961 0
2186.559 0
2187.157 0
2187.756 0
2188.354 0
2188.952 0
2189.551 0
2190.149 0
2190.748 0
2191.346 0
2191.945 0
2192.543 0
2193.142 0
2193.740 0
2194.339 0
2194.938 0
2195.536 0
2196.135 0
2196.734 0
2197.333 0
2197.932 0
2198.530 0
2199.129 0
2199.728 0
2200.327 0
2200.926 1
2201.525 0
2202.124 0
2202.723 0
2203.322 0
2203.921 0
2204.521 0
2205.120 0
2205.719 0
2206.318 0
2206.917 0
2207.517 0
2208.116 0
2208.715 0
2209.315 198
