1571870548465 2019_10_23_17_42_28_465 2.734449 0.478300  0.000014786
2019_10_23_17_42_28_469 1571870548469 4 3 376 184.666  
2019_10_23_17_42_28_472 1571870548472 7 6 377 185.155  
2019_10_23_17_42_28_492 1571870548492 27 26 1194 594.904  
2019_10_23_17_42_28_501 1571870548501 36 35 1353 676.941  
2019_10_23_17_42_28_532 1571870548532 67 66 489 240.159  
2019_10_23_17_42_28_544 1571870548544 79 78 1156 575.408  
2019_10_23_17_42_28_555 1571870548555 90 89 921 455.791  
2019_10_23_17_42_28_556 1571870548556 91 90 588 289.087  
2019_10_23_17_42_28_557 1571870548557 92 91 590 290.078  
2019_10_23_17_42_28_564 1571870548564 99 98 682 335.812  
2019_10_23_17_42_28_570 1571870548570 105 104 133 66.6099  
2019_10_23_17_42_28_621 1571870548621 156 155 2563 1325.74  
2019_10_23_17_42_28_650 1571870548650 185 184 311 152.916  
2019_10_23_17_42_28_654 1571870548654 189 188 134 67.0921  
2019_10_23_17_42_28_676 1571870548676 211 210 1341 670.724  
2019_10_23_17_42_28_684 1571870548684 219 218 836 412.927  
2019_10_23_17_42_28_716 1571870548716 251 250 714 351.778  
2019_10_23_17_42_28_717 1571870548717 252 250 1138 566.188  
2019_10_23_17_42_28_726 1571870548726 261 259 701 345.288  
2019_10_23_17_42_28_727 1571870548727 262 260 682 335.812  
2019_10_23_17_42_28_729 1571870548729 264 262 537 263.845  
2019_10_23_17_42_28_744 1571870548744 279 277 493 242.13  
2019_10_23_17_42_28_745 1571870548745 280 278 878 434.08  
2019_10_23_17_42_28_752 1571870548752 287 285 813 401.365  
2019_10_23_17_42_28_754 1571870548754 289 287 788 388.816  
2019_10_23_17_42_28_763 1571870548763 298 296 596 293.053  
2019_10_23_17_42_28_769 1571870548769 304 302 502 246.567  
2019_10_23_17_42_28_788 1571870548788 323 321 596 293.053  
2019_10_23_17_42_28_807 1571870548807 342 340 193 95.5971  
2019_10_23_17_42_28_808 1571870548808 343 341 152 75.7777  
2019_10_23_17_42_28_812 1571870548812 347 345 267 131.495  
2019_10_23_17_42_28_819 1571870548819 354 352 100 50.7123  
2019_10_23_17_42_28_830 1571870548830 365 363 774 381.796  
2019_10_23_17_42_28_832 1571870548832 367 365 513 251.993  
2019_10_23_17_42_28_839 1571870548839 374 371 463 227.357  
2019_10_23_17_42_28_857 1571870548857 392 389 253 124.691  
2019_10_23_17_42_28_864 1571870548864 399 396 434 213.102  
2019_10_23_17_42_28_889 1571870548889 424 421 180 89.3075  
2019_10_23_17_42_28_890 1571870548890 425 422 167 83.0229  
2019_10_23_17_42_28_891 1571870548891 426 423 1804 913.706  
2019_10_23_17_42_28_907 1571870548907 442 439 937 463.883  
2019_10_23_17_42_28_910 1571870548910 445 442 574 282.15  
2019_10_23_17_42_28_919 1571870548919 454 451 1217 606.724  
2019_10_23_17_42_28_940 1571870548940 475 472 2800 1457.89  
2019_10_23_17_42_28_941 1571870548941 476 473 436 214.084  
2019_10_23_17_42_28_964 1571870548964 499 496 812 400.863  
2019_10_23_17_42_28_973 1571870548973 508 505 352 172.928  
2019_10_23_17_42_28_989 1571870548989 524 521 241 118.864  
2019_10_23_17_42_28_990 1571870548990 525 522 1394 698.217  
2019_10_23_17_42_28_995 1571870548995 530 527 354 173.906  
2019_10_23_17_42_28_998 1571870548998 533 530 320 157.305  
2019_10_23_17_42_28_999 1571870548999 534 530 236 116.437  
2019_10_23_17_42_29_004 1571870549004 539 535 307 150.966  
2019_10_23_17_42_29_006 1571870549006 541 537 919 454.78  
2019_10_23_17_42_29_007 1571870549007 542 538 1127 560.558  
2019_10_23_17_42_29_010 1571870549010 545 541 1399 700.815  
2019_10_23_17_42_29_011 1571870549011 546 542 1121 557.489  
2019_10_23_17_42_29_020 1571870549020 555 551 53 28.1259  
2019_10_23_17_42_29_021 1571870549021 556 552 576 283.141  
2019_10_23_17_42_29_023 1571870549023 558 554 129 64.6812  
2019_10_23_17_42_29_024 1571870549024 559 555 567 278.684  
2019_10_23_17_42_29_026 1571870549026 561 557 261 128.578  
2019_10_23_17_42_29_045 1571870549045 580 576 327 160.72  
2019_10_23_17_42_29_067 1571870549067 602 598 261 128.578  
2019_10_23_17_42_29_072 1571870549072 607 603 1185 590.282  
2019_10_23_17_42_29_090 1571870549090 625 621 550 270.272  
2019_10_23_17_42_29_097 1571870549097 632 628 526 258.411  
2019_10_23_17_42_29_099 1571870549099 634 630 173 85.9229  
2019_10_23_17_42_29_107 1571870549107 642 637 106 53.6004  
2019_10_23_17_42_29_132 1571870549132 667 662 374 183.687  
2019_10_23_17_42_29_134 1571870549134 669 664 297 146.094  
2019_10_23_17_42_29_144 1571870549144 679 674 413 202.794  
2019_10_23_17_42_29_145 1571870549145 680 675 1285 641.764  
2019_10_23_17_42_29_153 1571870549153 688 683 1306 652.613  
2019_10_23_17_42_29_164 1571870549164 699 694 1352 676.423  
2019_10_23_17_42_29_165 1571870549165 700 695 105 53.119  
2019_10_23_17_42_29_167 1571870549167 702 697 617 303.474  
2019_10_23_17_42_29_178 1571870549178 713 708 308 151.453  
2019_10_23_17_42_29_247 1571870549247 782 777 1292 645.379  
2019_10_23_17_42_29_264 1571870549264 799 794 144 71.9162  
2019_10_23_17_42_29_276 1571870549276 811 806 600 295.037  
2019_10_23_17_42_29_299 1571870549299 834 829 1371 686.276  
2019_10_23_17_42_29_302 1571870549302 837 832 97 49.2687  
2019_10_23_17_42_29_309 1571870549309 844 839 269 132.467  
2019_10_23_17_42_29_312 1571870549312 847 842 702 345.788  
2019_10_23_17_42_29_315 1571870549315 850 845 406 199.361  
2019_10_23_17_42_29_319 1571870549319 854 848 219 108.191  
2019_10_23_17_42_29_345 1571870549345 880 874 587 288.591  
2019_10_23_17_42_29_350 1571870549350 885 879 395 193.97  
2019_10_23_17_42_29_353 1571870549353 888 882 936 463.377  
2019_10_23_17_42_29_357 1571870549357 892 886 270 132.953  
2019_10_23_17_42_29_386 1571870549386 921 915 196 97.0493  
2019_10_23_17_42_29_388 1571870549388 923 917 1349 674.868  
2019_10_23_17_42_29_392 1571870549392 927 921 505 248.047  
2019_10_23_17_42_29_393 1571870549393 928 922 1317 658.301  
2019_10_23_17_42_29_399 1571870549399 934 928 568 279.179  
2019_10_23_17_42_29_407 1571870549407 942 936 227 112.07  
2019_10_23_17_42_29_411 1571870549411 946 940 261 128.578  
2019_10_23_17_42_29_425 1571870549425 960 954 901 445.686  
2019_10_23_17_42_29_433 1571870549433 968 962 432 212.119  
2019_10_23_17_42_29_454 1571870549454 989 983 910 450.231  
2019_10_23_17_42_29_466 1571870549466 1001 995 177 87.8568  
2019_10_23_17_42_29_484 1571870549484 1019 1013 765 377.287  
2019_10_23_17_42_29_499 1571870549499 1034 1027 1295 646.929  
2019_10_23_17_42_29_528 1571870549528 1063 1056 327 160.72  
2019_10_23_17_42_29_532 1571870549532 1067 1060 153 76.2605  
2019_10_23_17_42_29_535 1571870549535 1070 1063 115 57.9345  
2019_10_23_17_42_29_536 1571870549536 1071 1064 618 303.971  
2019_10_23_17_42_29_541 1571870549541 1076 1069 1339 669.688  
2019_10_23_17_42_29_543 1571870549543 1078 1071 433 212.611  
2019_10_23_17_42_29_544 1571870549544 1079 1072 1356 678.496  
2019_10_23_17_42_29_552 1571870549552 1087 1080 1343 671.76  
2019_10_23_17_42_29_573 1571870549573 1108 1101 1305 652.096  
2019_10_23_17_42_29_580 1571870549580 1115 1108 251 123.719  
2019_10_23_17_42_29_583 1571870549583 1118 1111 436 214.084  
2019_10_23_17_42_29_586 1571870549586 1121 1114 349 171.462  
2019_10_23_17_42_29_614 1571870549614 1149 1142 960 475.529  
2019_10_23_17_42_29_618 1571870549618 1153 1146 417 204.757  
2019_10_23_17_42_29_619 1571870549619 1154 1147 1364 682.644  
2019_10_23_17_42_29_624 1571870549624 1159 1152 385 189.072  
2019_10_23_17_42_29_666 1571870549666 1201 1193 251 123.719  
2019_10_23_17_42_29_672 1571870549672 1207 1199 164 81.5733  
2019_10_23_17_42_29_699 1571870549699 1234 1226 1408 705.493  
2019_10_23_17_42_29_701 1571870549701 1236 1228 382 187.603  
2019_10_23_17_42_29_717 1571870549717 1252 1244 871 430.551  
2019_10_23_17_42_29_728 1571870549728 1263 1255 674 331.825  
2019_10_23_17_42_29_732 1571870549732 1267 1259 1410 706.533  
2019_10_23_17_42_29_765 1571870549765 1300 1292 322 158.28  
2019_10_23_17_42_29_766 1571870549766 1301 1293 454 222.93  
2019_10_23_17_42_29_773 1571870549773 1308 1300 213 105.283  
2019_10_23_17_42_29_778 1571870549778 1313 1305 1343 671.76  
2019_10_23_17_42_29_779 1571870549779 1314 1306 280 137.818  
2019_10_23_17_42_29_790 1571870549790 1325 1317 361 177.328  
2019_10_23_17_42_29_793 1571870549793 1328 1320 197 97.5334  
2019_10_23_17_42_29_824 1571870549824 1359 1351 252 124.205  
2019_10_23_17_42_29_825 1571870549825 1360 1352 255 125.662  
2019_10_23_17_42_29_837 1571870549837 1372 1364 353 173.417  
2019_10_23_17_42_29_883 1571870549883 1418 1409 400 196.42  
2019_10_23_17_42_29_940 1571870549940 1475 1466 273 134.412  
2019_10_23_17_42_29_949 1571870549949 1484 1475 1394 698.217  
2019_10_23_17_42_29_951 1571870549951 1486 1477 218 107.707  
2019_10_23_17_42_29_961 1571870549961 1496 1487 1400 701.334  
2019_10_23_17_42_29_973 1571870549973 1508 1499 229 113.041  
2019_10_23_17_42_29_986 1571870549986 1521 1512 95 48.3064  
2019_10_23_17_42_29_992 1571870549992 1527 1518 173 85.9229  
2019_10_23_17_42_30_004 1571870550004 1539 1530 837 413.43  
2019_10_23_17_42_30_016 1571870550016 1551 1542 538 264.339  
2019_10_23_17_42_30_024 1571870550024 1559 1550 219 108.191  
2019_10_23_17_42_30_046 1571870550046 1581 1572 362 177.817  
2019_10_23_17_42_30_053 1571870550053 1588 1579 531 260.881  
2019_10_23_17_42_30_057 1571870550057 1592 1583 384 188.582  
2019_10_23_17_42_30_064 1571870550064 1599 1590 794 391.826  
2019_10_23_17_42_30_069 1571870550069 1604 1595 1283 640.732  
2019_10_23_17_42_30_082 1571870550082 1617 1608 105 53.119  
2019_10_23_17_42_30_088 1571870550088 1623 1613 4095 2209.31  
2019_10_23_17_42_30_112 1571870550112 1647 1637 1270 634.023  
2019_10_23_17_42_30_115 1571870550115 1650 1640 1366 683.682  
2019_10_23_17_42_30_116 1571870550116 1651 1641 549 269.778  
2019_10_23_17_42_30_119 1571870550119 1654 1644 257 126.634  
2019_10_23_17_42_30_134 1571870550134 1669 1659 903 446.696  
2019_10_23_17_42_30_135 1571870550135 1670 1660 307 150.966  
2019_10_23_17_42_30_139 1571870550139 1674 1664 1297 647.962  
2019_10_23_17_42_30_143 1571870550143 1678 1668 1353 676.941  
2019_10_23_17_42_30_165 1571870550165 1700 1690 341 167.554  
2019_10_23_17_42_30_168 1571870550168 1703 1693 303 149.017  
2019_10_23_17_42_30_196 1571870550196 1731 1721 475 233.263  
2019_10_23_17_42_30_197 1571870550197 1732 1722 1345 672.796  
2019_10_23_17_42_30_204 1571870550204 1739 1729 327 160.72  
2019_10_23_17_42_30_211 1571870550211 1746 1736 886 438.115  
2019_10_23_17_42_30_215 1571870550215 1750 1740 435 213.593  
2019_10_23_17_42_30_217 1571870550217 1752 1742 914 452.253  
2019_10_23_17_42_30_220 1571870550220 1755 1745 982 486.683  
2019_10_23_17_42_30_245 1571870550245 1780 1769 464 227.849  
2019_10_23_17_42_30_249 1571870550249 1784 1773 167 83.0229  
2019_10_23_17_42_30_261 1571870550261 1796 1785 1322 660.888  
2019_10_23_17_42_30_280 1571870550280 1815 1804 422 207.21  
2019_10_23_17_42_30_283 1571870550283 1818 1807 1326 662.958  
2019_10_23_17_42_30_289 1571870550289 1824 1813 1266 631.96  
2019_10_23_17_42_30_298 1571870550298 1833 1822 655 322.364  
2019_10_23_17_42_30_310 1571870550310 1845 1834 649 319.379  
2019_10_23_17_42_30_311 1571870550311 1846 1835 716 352.777  
2019_10_23_17_42_30_312 1571870550312 1847 1836 331 162.672  
2019_10_23_17_42_30_320 1571870550320 1855 1844 484 237.695  
2019_10_23_17_42_30_327 1571870550327 1862 1851 655 322.364  
2019_10_23_17_42_30_331 1571870550331 1866 1855 165 82.0565  
2019_10_23_17_42_30_334 1571870550334 1869 1858 433 212.611  
2019_10_23_17_42_30_336 1571870550336 1871 1860 319 156.817  
2019_10_23_17_42_30_338 1571870550338 1873 1862 272 133.926  
2019_10_23_17_42_30_358 1571870550358 1893 1882 615 302.481  
2019_10_23_17_42_30_359 1571870550359 1894 1882 135 67.5744  
2019_10_23_17_42_30_372 1571870550372 1907 1895 399 195.93  
2019_10_23_17_42_30_376 1571870550376 1911 1899 1314 656.75  
2019_10_23_17_42_30_399 1571870550399 1934 1922 689 339.302  
2019_10_23_17_42_30_406 1571870550406 1941 1929 49 26.2066  
2019_10_23_17_42_30_415 1571870550415 1950 1938 859 424.504  
2019_10_23_17_42_30_452 1571870550452 1987 1975 229 113.041  
2019_10_23_17_42_30_475 1571870550475 2010 1998 596 293.053  
2019_10_23_17_42_30_478 1571870550478 2013 2001 295 145.12  
2019_10_23_17_42_30_494 1571870550494 2029 2017 911 450.737  
2019_10_23_17_42_30_499 1571870550499 2034 2022 192 95.1131  
2019_10_23_17_42_30_506 1571870550506 2041 2029 77 39.6512  
2019_10_23_17_42_30_517 1571870550517 2052 2040 676 332.822  
2019_10_23_17_42_30_527 1571870550527 2062 2050 366 179.773  
2019_10_23_17_42_30_528 1571870550528 2063 2051 484 237.695  
2019_10_23_17_42_30_533 1571870550533 2068 2056 448 219.98  
2019_10_23_17_42_30_534 1571870550534 2069 2057 164 81.5733  
2019_10_23_17_42_30_537 1571870550537 2072 2059 1256 626.804  
2019_10_23_17_42_30_541 1571870550541 2076 2063 360 176.839  
2019_10_23_17_42_30_579 1571870550579 2114 2101 414 203.285  
2019_10_23_17_42_30_583 1571870550583 2118 2105 358 175.861  
2019_10_23_17_42_30_595 1571870550595 2130 2117 438 215.066  
2019_10_23_17_42_30_602 1571870550602 2137 2124 385 189.072  
2019_10_23_17_42_30_650 1571870550650 2185 2172 1322 660.888  
2019_10_23_17_42_30_651 1571870550651 2186 2173 80 41.0931  
2019_10_23_17_42_30_656 1571870550656 2191 2178 117 58.898  
2019_10_23_17_42_30_665 1571870550665 2200 2187 1352 676.423  
2019_10_23_17_42_30_691 1571870550691 2226 2213 112 56.4895  
2019_10_23_17_42_30_695 1571870550695 2230 2217 494 242.623  
2019_10_23_17_42_30_697 1571870550697 2232 2219 1319 659.336  
2019_10_23_17_42_30_704 1571870550704 2239 2226 1300 649.512  
2019_10_23_17_42_30_723 1571870550723 2258 2245 236 116.437  
2019_10_23_17_42_30_725 1571870550725 2260 2247 1353 676.941  
2019_10_23_17_42_30_756 1571870550756 2291 2278 837 413.43  
2019_10_23_17_42_30_758 1571870550758 2293 2279 328 161.208  
2019_10_23_17_42_30_773 1571870550773 2308 2294 902 446.191  
2019_10_23_17_42_30_783 1571870550783 2318 2304 1012 501.917  
2019_10_23_17_42_30_784 1571870550784 2319 2305 328 161.208  
2019_10_23_17_42_30_801 1571870550801 2336 2322 781 385.305  
2019_10_23_17_42_30_811 1571870550811 2346 2332 450 220.964  
2019_10_23_17_42_30_820 1571870550820 2355 2341 70 36.2879  
2019_10_23_17_42_30_824 1571870550824 2359 2345 1386 694.062  
2019_10_23_17_42_30_829 1571870550829 2364 2350 1380 690.946  
2019_10_23_17_42_30_845 1571870550845 2380 2366 499 245.088  
2019_10_23_17_42_30_854 1571870550854 2389 2375 483 237.203  
2019_10_23_17_42_30_874 1571870550874 2409 2395 740 364.773  
2019_10_23_17_42_30_890 1571870550890 2425 2411 445 218.506  
2019_10_23_17_42_30_891 1571870550891 2426 2412 346 169.996  
2019_10_23_17_42_30_908 1571870550908 2443 2429 214 105.768  
2019_10_23_17_42_30_916 1571870550916 2451 2437 451 221.455  
2019_10_23_17_42_30_918 1571870550918 2453 2439 435 213.593  
2019_10_23_17_42_30_929 1571870550929 2464 2449 1293 645.896  
2019_10_23_17_42_30_943 1571870550943 2478 2463 330 162.184  
2019_10_23_17_42_30_946 1571870550946 2481 2466 327 160.72  
2019_10_23_17_42_30_960 1571870550960 2495 2480 110 55.5264  
2019_10_23_17_42_30_971 1571870550971 2506 2491 600 295.037  
2019_10_23_17_42_30_972 1571870550972 2507 2492 1283 640.732  
2019_10_23_17_42_30_975 1571870550975 2510 2495 1011 501.409  
2019_10_23_17_42_30_981 1571870550981 2516 2501 222 109.646  
2019_10_23_17_42_30_985 1571870550985 2520 2505 4095 2209.31  
2019_10_23_17_42_30_987 1571870550987 2522 2507 1237 617.016  
2019_10_23_17_42_30_992 1571870550992 2527 2512 95 48.3064  
2019_10_23_17_42_30_995 1571870550995 2530 2515 1045 518.704  
2019_10_23_17_42_31_000 1571870551000 2535 2520 771 380.293  
2019_10_23_17_42_31_011 1571870551011 2546 2531 1333 666.581  
2019_10_23_17_42_31_012 1571870551012 2547 2532 1340 670.206  
2019_10_23_17_42_31_013 1571870551013 2548 2533 68 35.3272  
2019_10_23_17_42_31_023 1571870551023 2558 2543 230 113.526  
2019_10_23_17_42_31_036 1571870551036 2571 2556 357 175.372  
2019_10_23_17_42_31_041 1571870551041 2576 2560 929 459.836  
2019_10_23_17_42_31_070 1571870551070 2605 2589 334 164.136  
2019_10_23_17_42_31_083 1571870551083 2618 2602 1331 665.546  
2019_10_23_17_42_31_100 1571870551100 2635 2619 232 114.496  
2019_10_23_17_42_31_117 1571870551117 2652 2636 1073 532.974  
2019_10_23_17_42_31_118 1571870551118 2653 2637 318 156.329  
2019_10_23_17_42_31_151 1571870551151 2686 2670 418 205.247  
2019_10_23_17_42_31_168 1571870551168 2703 2687 1306 652.613  
2019_10_23_17_42_31_195 1571870551195 2730 2714 424 208.192  
2019_10_23_17_42_31_199 1571870551199 2734 2718 1275 636.603  
2019_10_23_17_42_31_201 1571870551201 2736 2720 1240 618.561  
2019_10_23_17_42_31_206 1571870551206 2741 2725 631 310.429  
2019_10_23_17_42_31_241 1571870551241 2776 2760 271 133.44  
2019_10_23_17_42_31_244 1571870551244 2779 2763 57 30.0456  
2019_10_23_17_42_31_257 1571870551257 2792 2776 1255 626.289  
2019_10_23_17_42_31_278 1571870551278 2813 2797 559 274.724  
2019_10_23_17_42_31_287 1571870551287 2822 2806 633 311.423  
2019_10_23_17_42_31_310 1571870551310 2845 2828 1825 924.878  
2019_10_23_17_42_31_314 1571870551314 2849 2832 272 133.926  
2019_10_23_17_42_31_321 1571870551321 2856 2839 1326 662.958  
2019_10_23_17_42_31_344 1571870551344 2879 2862 438 215.066  
2019_10_23_17_42_31_349 1571870551349 2884 2867 345 169.508  
2019_10_23_17_42_31_358 1571870551358 2893 2876 517 253.968  
2019_10_23_17_42_31_359 1571870551359 2894 2877 374 183.687  
2019_10_23_17_42_31_371 1571870551371 2906 2889 447 219.489  
2019_10_23_17_42_31_377 1571870551377 2912 2895 227 112.07  
2019_10_23_17_42_31_378 1571870551378 2913 2896 145 72.3988  
2019_10_23_17_42_31_387 1571870551387 2922 2905 856 422.993  
2019_10_23_17_42_31_390 1571870551390 2925 2908 465 228.341  
2019_10_23_17_42_31_416 1571870551416 2951 2934 755 372.279  
2019_10_23_17_42_31_429 1571870551429 2964 2947 195 96.5652  
2019_10_23_17_42_31_476 1571870551476 3011 2994 456 223.914  
2019_10_23_17_42_31_483 1571870551483 3018 3001 228 112.555  
2019_10_23_17_42_31_485 1571870551485 3020 3003 515 252.98  
2019_10_23_17_42_31_492 1571870551492 3027 3009 485 238.188  
2019_10_23_17_42_31_512 1571870551512 3047 3029 271 133.44  
2019_10_23_17_42_31_516 1571870551516 3051 3033 106 53.6004  
2019_10_23_17_42_31_517 1571870551517 3052 3034 916 453.263  
2019_10_23_17_42_31_521 1571870551521 3056 3038 2121 1083.72  
2019_10_23_17_42_31_522 1571870551522 3057 3039 1303 651.063  
2019_10_23_17_42_31_529 1571870551529 3064 3046 704 346.786  
2019_10_23_17_42_31_532 1571870551532 3067 3049 1282 640.216  
2019_10_23_17_42_31_534 1571870551534 3069 3051 230 113.526  
2019_10_23_17_42_31_554 1571870551554 3089 3071 1085 539.096  
2019_10_23_17_42_31_584 1571870551584 3119 3101 1102 547.777  
2019_10_23_17_42_31_590 1571870551590 3125 3107 145 72.3988  
2019_10_23_17_42_31_604 1571870551604 3139 3121 192 95.1131  
2019_10_23_17_42_31_607 1571870551607 3142 3124 313 153.891  
2019_10_23_17_42_31_614 1571870551614 3149 3131 249 122.748  
2019_10_23_17_42_31_622 1571870551622 3157 3139 225 111.1  
2019_10_23_17_42_31_644 1571870551644 3179 3161 713 351.279  
2019_10_23_17_42_31_645 1571870551645 3180 3161 589 289.583  
2019_10_23_17_42_31_649 1571870551649 3184 3165 344 169.019  
2019_10_23_17_42_31_652 1571870551652 3187 3168 743 366.274  
2019_10_23_17_42_31_665 1571870551665 3200 3181 285 140.251  
2019_10_23_17_42_31_683 1571870551683 3218 3199 642 315.897  
2019_10_23_17_42_31_688 1571870551688 3223 3204 1313 656.232  
2019_10_23_17_42_31_691 1571870551691 3226 3207 422 207.21  
2019_10_23_17_42_31_694 1571870551694 3229 3210 263 129.55  
2019_10_23_17_42_31_696 1571870551696 3231 3212 1371 686.276  
2019_10_23_17_42_31_710 1571870551710 3245 3226 441 216.54  
2019_10_23_17_42_31_715 1571870551715 3250 3231 170 84.4728  
2019_10_23_17_42_31_736 1571870551736 3271 3252 1518 762.865  
2019_10_23_17_42_31_749 1571870551749 3284 3265 176 87.3733  
2019_10_23_17_42_31_756 1571870551756 3291 3272 985 488.205  
2019_10_23_17_42_31_761 1571870551761 3296 3277 1380 690.946  
2019_10_23_17_42_31_764 1571870551764 3299 3280 379 186.134  
2019_10_23_17_42_31_773 1571870551773 3308 3289 387 190.051  
2019_10_23_17_42_31_778 1571870551778 3313 3293 348 170.973  
2019_10_23_17_42_31_806 1571870551806 3341 3321 184 91.2422  
2019_10_23_17_42_31_810 1571870551810 3345 3325 294 144.633  
2019_10_23_17_42_31_817 1571870551817 3352 3332 497 244.102  
2019_10_23_17_42_31_826 1571870551826 3361 3341 946 468.438  
2019_10_23_17_42_31_835 1571870551835 3370 3350 256 126.148  
2019_10_23_17_42_31_837 1571870551837 3372 3352 1364 682.644  
2019_10_23_17_42_31_847 1571870551847 3382 3362 488 239.666  
2019_10_23_17_42_31_849 1571870551849 3384 3364 135 67.5744  
2019_10_23_17_42_31_850 1571870551850 3385 3365 1040 516.159  
2019_10_23_17_42_31_861 1571870551861 3396 3376 248 122.262  
2019_10_23_17_42_31_872 1571870551872 3407 3387 291 143.172  
2019_10_23_17_42_31_881 1571870551881 3416 3396 1414 708.613  
2019_10_23_17_42_31_884 1571870551884 3419 3399 267 131.495  
2019_10_23_17_42_31_896 1571870551896 3431 3411 176 87.3733  
2019_10_23_17_42_31_898 1571870551898 3433 3413 1359 680.052  
2019_10_23_17_42_31_907 1571870551907 3442 3422 332 163.16  
2019_10_23_17_42_31_932 1571870551932 3467 3447 188 93.1774  
2019_10_23_17_42_31_938 1571870551938 3473 3452 291 143.172  
2019_10_23_17_42_31_945 1571870551945 3480 3459 520 255.449  
2019_10_23_17_42_31_948 1571870551948 3483 3462 155 77.2262  
2019_10_23_17_42_31_959 1571870551959 3494 3473 253 124.691  
2019_10_23_17_42_31_972 1571870551972 3507 3486 777 383.3  
2019_10_23_17_42_31_977 1571870551977 3512 3491 636 312.914  
2019_10_23_17_42_31_978 1571870551978 3513 3492 1266 631.96  
2019_10_23_17_42_31_998 1571870551998 3533 3512 185 91.726  
2019_10_23_17_42_32_020 1571870552020 3555 3534 820 404.882  
2019_10_23_17_42_32_021 1571870552021 3556 3535 334 164.136  
2019_10_23_17_42_32_022 1571870552022 3557 3536 1100 546.755  
2019_10_23_17_42_32_031 1571870552031 3566 3545 1374 687.832  
2019_10_23_17_42_32_042 1571870552042 3577 3556 1371 686.276  
2019_10_23_17_42_32_043 1571870552043 3578 3557 987 489.22  
2019_10_23_17_42_32_053 1571870552053 3588 3567 1375 688.351  
2019_10_23_17_42_32_055 1571870552055 3590 3569 141 70.4687  
2019_10_23_17_42_32_073 1571870552073 3608 3587 720 354.775  
2019_10_23_17_42_32_082 1571870552082 3617 3595 355 174.394  
2019_10_23_17_42_32_084 1571870552084 3619 3597 119 59.8615  
2019_10_23_17_42_32_085 1571870552085 3620 3598 588 289.087  
2019_10_23_17_42_32_086 1571870552086 3621 3599 274 134.899  
2019_10_23_17_42_32_092 1571870552092 3627 3605 236 116.437  
2019_10_23_17_42_32_126 1571870552126 3661 3639 1331 665.546  
2019_10_23_17_42_32_127 1571870552127 3662 3640 296 145.607  
2019_10_23_17_42_32_137 1571870552137 3672 3650 461 226.373  
2019_10_23_17_42_32_138 1571870552138 3673 3651 1377 689.389  
2019_10_23_17_42_32_154 1571870552154 3689 3667 1141 567.724  
2019_10_23_17_42_32_158 1571870552158 3693 3671 901 445.686  
2019_10_23_17_42_32_169 1571870552169 3704 3682 333 163.648  
2019_10_23_17_42_32_176 1571870552176 3711 3689 1301 650.029  
2019_10_23_17_42_32_177 1571870552177 3712 3690 785 387.311  
2019_10_23_17_42_32_186 1571870552186 3721 3699 474 232.771  
2019_10_23_17_42_32_203 1571870552203 3738 3716 71 36.7683  
2019_10_23_17_42_32_204 1571870552204 3739 3717 1280 639.183  
2019_10_23_17_42_32_227 1571870552227 3762 3739 2427 1250.66  
2019_10_23_17_42_32_228 1571870552228 3763 3740 147 73.3641  
2019_10_23_17_42_32_260 1571870552260 3795 3772 383 188.092  
2019_10_23_17_42_32_262 1571870552262 3797 3774 241 118.864  
2019_10_23_17_42_32_275 1571870552275 3810 3787 411 201.813  
2019_10_23_17_42_32_284 1571870552284 3819 3796 1359 680.052  
2019_10_23_17_42_32_286 1571870552286 3821 3798 213 105.283  
2019_10_23_17_42_32_311 1571870552311 3846 3823 223 110.131  
2019_10_23_17_42_32_352 1571870552352 3887 3864 1384 693.023  
2019_10_23_17_42_32_374 1571870552374 3909 3886 917 453.769  
2019_10_23_17_42_32_397 1571870552397 3932 3909 176 87.3733  
2019_10_23_17_42_32_398 1571870552398 3933 3910 2295 1178.31  
2019_10_23_17_42_32_412 1571870552412 3947 3924 313 153.891  
2019_10_23_17_42_32_431 1571870552431 3966 3943 459 225.389  
2019_10_23_17_42_32_432 1571870552432 3967 3944 285 140.251  
2019_10_23_17_42_32_434 1571870552434 3969 3946 1340 670.206  
2019_10_23_17_42_32_442 1571870552442 3977 3954 455 223.422  
2019_10_23_17_42_32_454 1571870552454 3989 3965 470 230.802  
2019_10_23_17_42_32_482 1571870552482 4017 3993 352 172.928  
2019_10_23_17_42_32_505 1571870552505 4040 4016 126 63.235  
2019_10_23_17_42_32_506 1571870552506 4041 4017 220 108.676  
2019_10_23_17_42_32_523 1571870552523 4058 4034 175 86.8898  
2019_10_23_17_42_32_526 1571870552526 4061 4037 552 271.261  
2019_10_23_17_42_32_528 1571870552528 4063 4039 817 403.375  
2019_10_23_17_42_32_529 1571870552529 4064 4040 1185 590.282  
2019_10_23_17_42_32_534 1571870552534 4069 4045 463 227.357  
2019_10_23_17_42_32_542 1571870552542 4077 4053 454 222.93  
2019_10_23_17_42_32_544 1571870552544 4079 4055 792 390.823  
2019_10_23_17_42_32_549 1571870552549 4084 4060 139 69.5038  
2019_10_23_17_42_32_550 1571870552550 4085 4061 649 319.379  
2019_10_23_17_42_32_561 1571870552561 4096 4072 529 259.893  
2019_10_23_17_42_32_565 1571870552565 4100 4076 385 189.072  
2019_10_23_17_42_32_579 1571870552579 4114 4090 345 169.508  
2019_10_23_17_42_32_581 1571870552581 4116 4092 434 213.102  
2019_10_23_17_42_32_609 1571870552609 4144 4119 293 144.146  
2019_10_23_17_42_32_612 1571870552612 4147 4122 236 116.437  
2019_10_23_17_42_32_618 1571870552618 4153 4128 403 197.891  
2019_10_23_17_42_32_635 1571870552635 4170 4145 552 271.261  
2019_10_23_17_42_32_657 1571870552657 4192 4167 418 205.247  
2019_10_23_17_42_32_662 1571870552662 4197 4172 601 295.533  
2019_10_23_17_42_32_670 1571870552670 4205 4180 239 117.893  
2019_10_23_17_42_32_696 1571870552696 4231 4206 640 314.903  
2019_10_23_17_42_32_697 1571870552697 4232 4207 1312 655.715  
2019_10_23_17_42_32_738 1571870552738 4273 4248 281 138.304  
2019_10_23_17_42_32_743 1571870552743 4278 4253 1061 526.855  
2019_10_23_17_42_32_748 1571870552748 4283 4258 273 134.412  
2019_10_23_17_42_32_759 1571870552759 4294 4269 316 155.354  
2019_10_23_17_42_32_764 1571870552764 4299 4274 1414 708.613  
2019_10_23_17_42_32_781 1571870552781 4316 4291 377 185.155  
2019_10_23_17_42_32_784 1571870552784 4319 4294 1647 830.602  
2019_10_23_17_42_32_815 1571870552815 4350 4325 1287 642.797  
2019_10_23_17_42_32_838 1571870552838 4373 4348 102 51.6749  
2019_10_23_17_42_32_842 1571870552842 4377 4351 1318 658.818  
2019_10_23_17_42_32_845 1571870552845 4380 4354 1338 669.17  
2019_10_23_17_42_32_905 1571870552905 4440 4414 1334 667.099  
2019_10_23_17_42_32_906 1571870552906 4441 4415 189 93.6613  
2019_10_23_17_42_32_910 1571870552910 4445 4419 990 490.743  
2019_10_23_17_42_32_927 1571870552927 4462 4436 1279 638.667  
2019_10_23_17_42_32_941 1571870552941 4476 4450 146 72.8814  
2019_10_23_17_42_32_951 1571870552951 4486 4460 712 350.78  
2019_10_23_17_42_32_953 1571870552953 4488 4462 366 179.773  
2019_10_23_17_42_32_954 1571870552954 4489 4463 424 208.192  
2019_10_23_17_42_32_967 1571870552967 4502 4476 206 101.892  
2019_10_23_17_42_32_985 1571870552985 4520 4494 838 413.933  
2019_10_23_17_42_32_990 1571870552990 4525 4499 546 268.294  
2019_10_23_17_42_32_991 1571870552991 4526 4500 1304 651.579  
2019_10_23_17_42_33_013 1571870553013 4548 4522 271 133.44  
2019_10_23_17_42_33_034 1571870553034 4569 4543 720 354.775  
2019_10_23_17_42_33_067 1571870553067 4602 4576 547 268.789  
2019_10_23_17_42_33_069 1571870553069 4604 4577 159 79.1579  
2019_10_23_17_42_33_074 1571870553074 4609 4582 1245 621.136  
2019_10_23_17_42_33_084 1571870553084 4619 4592 1282 640.216  
2019_10_23_17_42_33_102 1571870553102 4637 4610 321 157.792  
2019_10_23_17_42_33_112 1571870553112 4647 4620 1267 632.476  
2019_10_23_17_42_33_127 1571870553127 4662 4635 483 237.203  
2019_10_23_17_42_33_138 1571870553138 4673 4646 220 108.676  
2019_10_23_17_42_33_151 1571870553151 4686 4659 306 150.479  
2019_10_23_17_42_33_154 1571870553154 4689 4662 4095 2209.31  
2019_10_23_17_42_33_161 1571870553161 4696 4669 1222 609.296  
2019_10_23_17_42_33_176 1571870553176 4711 4684 585 287.6  
2019_10_23_17_42_33_183 1571870553183 4718 4691 1287 642.797  
2019_10_23_17_42_33_193 1571870553193 4728 4701 153 76.2605  
2019_10_23_17_42_33_205 1571870553205 4740 4713 1416 709.653  
2019_10_23_17_42_33_213 1571870553213 4748 4721 157 78.192  
2019_10_23_17_42_33_220 1571870553220 4755 4728 220 108.676  
2019_10_23_17_42_33_230 1571870553230 4765 4738 1339 669.688  
2019_10_23_17_42_33_246 1571870553246 4781 4753 198 98.0175  
2019_10_23_17_42_33_302 1571870553302 4837 4809 464 227.849  
2019_10_23_17_42_33_313 1571870553313 4848 4820 1332 666.063  
2019_10_23_17_42_33_317 1571870553317 4852 4824 257 126.634  
2019_10_23_17_42_33_580 1571870553580 5115 5087 961 476.036  
2019_10_23_17_42_33_581 1571870553581 5116 5088 939 464.895  
2019_10_23_17_42_33_582 1571870553582 5117 5089 403 197.891  
2019_10_23_17_42_33_582 1571870553582 5117 5089 922 456.296  
2019_10_23_17_42_33_582 1571870553582 5117 5089 1328 663.993  
2019_10_23_17_42_33_582 1571870553582 5117 5089 308 151.453  
2019_10_23_17_42_33_582 1571870553582 5117 5089 528 259.399  
2019_10_23_17_42_33_582 1571870553582 5117 5089 98 49.7499  
2019_10_23_17_42_33_582 1571870553582 5117 5089 201 99.4701  
2019_10_23_17_42_33_583 1571870553583 5118 5090 272 133.926  
2019_10_23_17_42_33_583 1571870553583 5118 5090 1313 656.232  
2019_10_23_17_42_33_583 1571870553583 5118 5090 178 88.3403  
2019_10_23_17_42_33_583 1571870553583 5118 5090 132 66.1277  
2019_10_23_17_42_33_583 1571870553583 5118 5089 236 116.437  
2019_10_23_17_42_33_583 1571870553583 5118 5089 488 239.666  
2019_10_23_17_42_33_583 1571870553583 5118 5089 1238 617.531  
2019_10_23_17_42_33_583 1571870553583 5118 5089 169 83.9894  
2019_10_23_17_42_33_583 1571870553583 5118 5089 534 262.363  
2019_10_23_17_42_33_584 1571870553584 5119 5090 1527 767.575  
2019_10_23_17_42_33_584 1571870553584 5119 5090 1299 648.996  
2019_10_23_17_42_33_591 1571870553591 5126 5097 353 173.417  
2019_10_23_17_42_33_595 1571870553595 5130 5101 271 133.44  
2019_10_23_17_42_33_607 1571870553607 5142 5113 1387 694.581  
2019_10_23_17_42_33_621 1571870553621 5156 5127 195 96.5652  
2019_10_23_17_42_33_685 1571870553685 5220 5191 269 132.467  
2019_10_23_17_42_33_689 1571870553689 5224 5195 485 238.188  
2019_10_23_17_42_33_699 1571870553699 5234 5205 132 66.1277  
2019_10_23_17_42_33_702 1571870553702 5237 5208 294 144.633  
2019_10_23_17_42_33_711 1571870553711 5246 5217 289 142.198  
2019_10_23_17_42_33_712 1571870553712 5247 5218 388 190.541  
2019_10_23_17_42_33_718 1571870553718 5253 5223 347 170.485  
2019_10_23_17_42_33_727 1571870553727 5262 5232 943 466.92  
2019_10_23_17_42_33_728 1571870553728 5263 5233 85 43.4968  
2019_10_23_17_42_33_733 1571870553733 5268 5238 76 39.1707  
2019_10_23_17_42_33_745 1571870553745 5280 5250 250 123.234  
2019_10_23_17_42_33_752 1571870553752 5287 5257 1338 669.17  
2019_10_23_17_42_33_755 1571870553755 5290 5260 478 234.74  
2019_10_23_17_42_33_760 1571870553760 5295 5265 1315 657.267  
2019_10_23_17_42_33_778 1571870553778 5313 5283 228 112.555  
2019_10_23_17_42_33_792 1571870553792 5327 5297 296 145.607  
2019_10_23_17_42_33_801 1571870553801 5336 5306 601 295.533  
2019_10_23_17_42_33_838 1571870553838 5373 5343 1217 606.724  
2019_10_23_17_42_33_847 1571870553847 5382 5352 863 426.519  
2019_10_23_17_42_33_876 1571870553876 5411 5381 446 218.997  
2019_10_23_17_42_33_887 1571870553887 5422 5392 413 202.794  
2019_10_23_17_42_33_894 1571870553894 5429 5399 315 154.866  
2019_10_23_17_42_33_899 1571870553899 5434 5404 246 121.291  
2019_10_23_17_42_33_901 1571870553901 5436 5406 994 492.773  
2019_10_23_17_42_33_903 1571870553903 5438 5407 1305 652.096  
2019_10_23_17_42_33_910 1571870553910 5445 5414 461 226.373  
2019_10_23_17_42_33_920 1571870553920 5455 5424 487 239.173  
2019_10_23_17_42_33_930 1571870553930 5465 5434 1111 552.376  
2019_10_23_17_42_33_939 1571870553939 5474 5443 505 248.047  
2019_10_23_17_42_33_943 1571870553943 5478 5447 563 276.704  
2019_10_23_17_42_33_953 1571870553953 5488 5457 158 78.675  
2019_10_23_17_42_33_966 1571870553966 5501 5470 358 175.861  
2019_10_23_17_42_33_991 1571870553991 5526 5495 1084 538.586  
2019_10_23_17_42_33_993 1571870553993 5528 5497 712 350.78  
2019_10_23_17_42_34_000 1571870554000 5535 5504 106 53.6004  
2019_10_23_17_42_34_004 1571870554004 5539 5508 908 449.221  
2019_10_23_17_42_34_009 1571870554009 5544 5513 461 226.373  
2019_10_23_17_42_34_016 1571870554016 5551 5520 1045 518.704  
2019_10_23_17_42_34_017 1571870554017 5552 5521 263 129.55  
2019_10_23_17_42_34_022 1571870554022 5557 5526 1370 685.757  
2019_10_23_17_42_34_023 1571870554023 5558 5527 164 81.5733  
2019_10_23_17_42_34_032 1571870554032 5567 5535 1117 555.444  
2019_10_23_17_42_34_041 1571870554041 5576 5544 389 191.031  
2019_10_23_17_42_34_050 1571870554050 5585 5553 203 100.439  
2019_10_23_17_42_34_088 1571870554088 5623 5591 491 241.144  
2019_10_23_17_42_34_098 1571870554098 5633 5601 756 372.78  
2019_10_23_17_42_34_119 1571870554119 5654 5622 1102 547.777  
2019_10_23_17_42_34_121 1571870554121 5656 5624 444 218.014  
2019_10_23_17_42_34_127 1571870554127 5662 5630 374 183.687  
2019_10_23_17_42_34_147 1571870554147 5682 5650 941 465.907  
2019_10_23_17_42_34_151 1571870554151 5686 5654 364 178.795  
2019_10_23_17_42_34_153 1571870554153 5688 5656 681 335.314  
2019_10_23_17_42_34_155 1571870554155 5690 5658 1281 639.7  
2019_10_23_17_42_34_161 1571870554161 5696 5664 282 138.791  
2019_10_23_17_42_34_165 1571870554165 5700 5668 313 153.891  
2019_10_23_17_42_34_171 1571870554171 5706 5674 463 227.357  
2019_10_23_17_42_34_173 1571870554173 5708 5676 273 134.412  
2019_10_23_17_42_34_174 1571870554174 5709 5677 293 144.146  
2019_10_23_17_42_34_195 1571870554195 5730 5697 193 95.5971  
2019_10_23_17_42_34_201 1571870554201 5736 5703 88 44.9393  
2019_10_23_17_42_34_222 1571870554222 5757 5724 1379 690.427  
2019_10_23_17_42_34_240 1571870554240 5775 5742 1369 685.238  
2019_10_23_17_42_34_250 1571870554250 5785 5752 291 143.172  
2019_10_23_17_42_34_251 1571870554251 5786 5753 1283 640.732  
2019_10_23_17_42_34_257 1571870554257 5792 5759 563 276.704  
2019_10_23_17_42_34_278 1571870554278 5813 5780 517 253.968  
2019_10_23_17_42_34_279 1571870554279 5814 5781 227 112.07  
2019_10_23_17_42_34_293 1571870554293 5828 5795 2260 1159.21  
2019_10_23_17_42_34_306 1571870554306 5841 5808 521 255.942  
2019_10_23_17_42_34_315 1571870554315 5850 5817 71 36.7683  
2019_10_23_17_42_34_321 1571870554321 5856 5823 211 104.314  
2019_10_23_17_42_34_333 1571870554333 5868 5835 145 72.3988  
2019_10_23_17_42_34_340 1571870554340 5875 5842 289 142.198  
2019_10_23_17_42_34_341 1571870554341 5876 5843 604 297.022  
2019_10_23_17_42_34_343 1571870554343 5878 5845 472 231.786  
2019_10_23_17_42_34_349 1571870554349 5884 5850 439 215.558  
2019_10_23_17_42_34_385 1571870554385 5920 5886 458 224.897  
2019_10_23_17_42_34_390 1571870554390 5925 5891 1242 619.591  
2019_10_23_17_42_34_391 1571870554391 5926 5892 695 342.295  
2019_10_23_17_42_34_395 1571870554395 5930 5896 361 177.328  
2019_10_23_17_42_34_402 1571870554402 5937 5903 1998 1017.4  
2019_10_23_17_42_34_409 1571870554409 5944 5910 519 254.955  
2019_10_23_17_42_34_420 1571870554420 5955 5921 1410 706.533  
2019_10_23_17_42_34_428 1571870554428 5963 5929 164 81.5733  
2019_10_23_17_42_34_429 1571870554429 5964 5930 1343 671.76  
2019_10_23_17_42_34_442 1571870554442 5977 5943 859 424.504  
2019_10_23_17_42_34_447 1571870554447 5982 5948 339 166.577  
2019_10_23_17_42_34_456 1571870554456 5991 5957 526 258.411  
2019_10_23_17_42_34_463 1571870554463 5998 5964 176 87.3733  
2019_10_23_17_42_34_468 1571870554468 6003 5969 1108 550.843  
2019_10_23_17_42_34_475 1571870554475 6010 5976 460 225.881  
2019_10_23_17_42_34_478 1571870554478 6013 5979 298 146.581  
2019_10_23_17_42_34_496 1571870554496 6031 5996 1391 696.658  
2019_10_23_17_42_34_498 1571870554498 6033 5998 184 91.2422  
2019_10_23_17_42_34_523 1571870554523 6058 6023 870 430.047  
2019_10_23_17_42_34_528 1571870554528 6063 6028 255 125.662  
2019_10_23_17_42_34_529 1571870554529 6064 6029 820 404.882  
2019_10_23_17_42_34_530 1571870554530 6065 6030 1326 662.958  
2019_10_23_17_42_34_547 1571870554547 6082 6047 861 425.512  
2019_10_23_17_42_34_555 1571870554555 6090 6055 142 70.9512  
2019_10_23_17_42_34_559 1571870554559 6094 6059 1339 669.688  
2019_10_23_17_42_34_560 1571870554560 6095 6060 1055 523.798  
2019_10_23_17_42_34_574 1571870554574 6109 6074 1316 657.784  
2019_10_23_17_42_34_592 1571870554592 6127 6092 1337 668.652  
2019_10_23_17_42_34_618 1571870554618 6153 6118 225 111.1  
2019_10_23_17_42_34_623 1571870554623 6158 6123 545 267.8  
2019_10_23_17_42_34_625 1571870554625 6160 6125 172 85.4395  
2019_10_23_17_42_34_633 1571870554633 6168 6133 439 215.558  
2019_10_23_17_42_34_712 1571870554712 6247 6212 1329 664.51  
2019_10_23_17_42_34_760 1571870554760 6295 6260 531 260.881  
2019_10_23_17_42_34_761 1571870554761 6296 6260 927 458.824  
2019_10_23_17_42_34_762 1571870554762 6297 6261 807 398.352  
2019_10_23_17_42_34_765 1571870554765 6300 6264 506 248.54  
2019_10_23_17_42_34_770 1571870554770 6305 6269 322 158.28  
2019_10_23_17_42_34_774 1571870554774 6309 6273 395 193.97  
2019_10_23_17_42_34_775 1571870554775 6310 6274 532 261.375  
2019_10_23_17_42_34_817 1571870554817 6352 6316 168 83.5062  
2019_10_23_17_42_34_829 1571870554829 6364 6328 237 116.922  
2019_10_23_17_42_34_836 1571870554836 6371 6335 1164 579.509  
2019_10_23_17_42_34_855 1571870554855 6390 6354 260 128.092  
2019_10_23_17_42_34_861 1571870554861 6396 6360 545 267.8  
2019_10_23_17_42_34_884 1571870554884 6419 6383 359 176.35  
2019_10_23_17_42_34_886 1571870554886 6421 6385 251 123.719  
2019_10_23_17_42_34_890 1571870554890 6425 6389 267 131.495  
2019_10_23_17_42_34_916 1571870554916 6451 6415 1338 669.17  
2019_10_23_17_42_34_934 1571870554934 6469 6433 302 148.53  
2019_10_23_17_42_34_962 1571870554962 6497 6461 180 89.3075  
2019_10_23_17_42_34_964 1571870554964 6499 6462 521 255.942  
2019_10_23_17_42_34_965 1571870554965 6500 6463 512 251.5  
2019_10_23_17_42_34_978 1571870554978 6513 6476 147 73.3641  
2019_10_23_17_42_34_980 1571870554980 6515 6478 1347 673.832  
2019_10_23_17_42_34_992 1571870554992 6527 6490 1324 661.923  
2019_10_23_17_42_35_006 1571870555006 6541 6504 846 417.959  
2019_10_23_17_42_35_029 1571870555029 6564 6527 790 389.819  
2019_10_23_17_42_35_034 1571870555034 6569 6532 737 363.273  
2019_10_23_17_42_35_037 1571870555037 6572 6535 320 157.305  
2019_10_23_17_42_35_063 1571870555063 6598 6561 459 225.389  
2019_10_23_17_42_35_066 1571870555066 6601 6564 211 104.314  
2019_10_23_17_42_35_069 1571870555069 6604 6567 1342 671.242  
2019_10_23_17_42_35_070 1571870555070 6605 6568 1258 627.835  
2019_10_23_17_42_35_071 1571870555071 6606 6569 298 146.581  
2019_10_23_17_42_35_077 1571870555077 6612 6575 495 243.116  
2019_10_23_17_42_35_107 1571870555107 6642 6605 1465 735.177  
2019_10_23_17_42_35_108 1571870555108 6643 6606 403 197.891  
2019_10_23_17_42_35_120 1571870555120 6655 6617 1369 685.238  
2019_10_23_17_42_35_121 1571870555121 6656 6618 346 169.996  
2019_10_23_17_42_35_145 1571870555145 6680 6642 171 84.9561  
2019_10_23_17_42_35_149 1571870555149 6684 6646 1338 669.17  
2019_10_23_17_42_35_164 1571870555164 6699 6661 296 145.607  
2019_10_23_17_42_35_170 1571870555170 6705 6667 247 121.777  
2019_10_23_17_42_35_173 1571870555173 6708 6670 1011 501.409  
2019_10_23_17_42_35_190 1571870555190 6725 6687 1347 673.832  
2019_10_23_17_42_35_195 1571870555195 6730 6692 112 56.4895  
2019_10_23_17_42_35_196 1571870555196 6731 6693 367 180.262  
2019_10_23_17_42_35_208 1571870555208 6743 6705 1329 664.51  
2019_10_23_17_42_35_209 1571870555209 6744 6706 203 100.439  
2019_10_23_17_42_35_253 1571870555253 6788 6750 457 224.406  
2019_10_23_17_42_35_256 1571870555256 6791 6753 250 123.234  
2019_10_23_17_42_35_259 1571870555259 6794 6756 206 101.892  
2019_10_23_17_42_35_260 1571870555260 6795 6757 1377 689.389  
2019_10_23_17_42_35_263 1571870555263 6798 6760 927 458.824  
2019_10_23_17_42_35_280 1571870555280 6815 6776 251 123.719  
2019_10_23_17_42_35_286 1571870555286 6821 6782 826 407.898  
2019_10_23_17_42_35_294 1571870555294 6829 6790 1360 680.57  
2019_10_23_17_42_35_299 1571870555299 6834 6795 67 34.8469  
2019_10_23_17_42_35_321 1571870555321 6856 6817 299 147.068  
2019_10_23_17_42_35_328 1571870555328 6863 6824 143 71.4337  
2019_10_23_17_42_35_332 1571870555332 6867 6828 321 157.792  
2019_10_23_17_42_35_345 1571870555345 6880 6841 359 176.35  
2019_10_23_17_42_35_352 1571870555352 6887 6848 176 87.3733  
2019_10_23_17_42_35_628 1571870555628 7163 7124 336 165.112  
2019_10_23_17_42_35_629 1571870555629 7164 7125 1394 698.217  
2019_10_23_17_42_35_630 1571870555630 7165 7126 290 142.685  
2019_10_23_17_42_35_630 1571870555630 7165 7126 1360 680.57  
2019_10_23_17_42_35_630 1571870555630 7165 7126 1323 661.405  
2019_10_23_17_42_35_630 1571870555630 7165 7126 252 124.205  
2019_10_23_17_42_35_630 1571870555630 7165 7126 665 327.343  
2019_10_23_17_42_35_630 1571870555630 7165 7126 500 245.581  
2019_10_23_17_42_35_631 1571870555631 7166 7126 1253 625.258  
2019_10_23_17_42_35_631 1571870555631 7166 7126 1323 661.405  
2019_10_23_17_42_35_631 1571870555631 7166 7126 516 253.474  
2019_10_23_17_42_35_631 1571870555631 7166 7126 877 433.576  
2019_10_23_17_42_35_631 1571870555631 7166 7126 572 281.16  
2019_10_23_17_42_35_631 1571870555631 7166 7126 614 301.985  
2019_10_23_17_42_35_631 1571870555631 7166 7126 488 239.666  
2019_10_23_17_42_35_631 1571870555631 7166 7126 1362 681.607  
2019_10_23_17_42_35_631 1571870555631 7166 7126 1288 643.313  
2019_10_23_17_42_35_632 1571870555632 7167 7127 214 105.768  
2019_10_23_17_42_35_632 1571870555632 7167 7127 940 465.401  
2019_10_23_17_42_35_632 1571870555632 7167 7127 1330 665.028  
2019_10_23_17_42_35_632 1571870555632 7167 7127 468 229.817  
2019_10_23_17_42_35_632 1571870555632 7167 7127 1076 534.504  
2019_10_23_17_42_35_632 1571870555632 7167 7127 354 173.906  
2019_10_23_17_42_35_632 1571870555632 7167 7127 384 188.582  
2019_10_23_17_42_35_632 1571870555632 7167 7127 387 190.051  
2019_10_23_17_42_35_632 1571870555632 7167 7127 407 199.852  
2019_10_23_17_42_35_633 1571870555633 7168 7127 1302 650.546  
2019_10_23_17_42_35_633 1571870555633 7168 7127 709 349.282  
2019_10_23_17_42_35_633 1571870555633 7168 7127 251 123.719  
2019_10_23_17_42_35_633 1571870555633 7168 7127 657 323.36  
2019_10_23_17_42_35_633 1571870555633 7168 7127 153 76.2605  
2019_10_23_17_42_35_633 1571870555633 7168 7127 336 165.112  
2019_10_23_17_42_35_633 1571870555633 7168 7127 269 132.467  
2019_10_23_17_42_35_657 1571870555657 7192 7151 908 449.221  
2019_10_23_17_42_35_668 1571870555668 7203 7162 571 280.664  
2019_10_23_17_42_35_679 1571870555679 7214 7173 239 117.893  
2019_10_23_17_42_35_684 1571870555684 7219 7178 367 180.262  
2019_10_23_17_42_35_695 1571870555695 7230 7189 1419 711.214  
2019_10_23_17_42_35_698 1571870555698 7233 7192 187 92.6936  
2019_10_23_17_42_35_715 1571870555715 7250 7209 123 61.789  
2019_10_23_17_42_35_729 1571870555729 7264 7223 1353 676.941  
2019_10_23_17_42_35_735 1571870555735 7270 7229 419 205.738  
2019_10_23_17_42_35_748 1571870555748 7283 7242 1285 641.764  
2019_10_23_17_42_35_754 1571870555754 7289 7247 432 212.119  
2019_10_23_17_42_35_797 1571870555797 7332 7290 1361 681.089  
2019_10_23_17_42_35_798 1571870555798 7333 7291 628 308.938  
2019_10_23_17_42_35_800 1571870555800 7335 7293 211 104.314  
2019_10_23_17_42_35_822 1571870555822 7357 7315 309 151.941  
2019_10_23_17_42_35_823 1571870555823 7358 7316 193 95.5971  
2019_10_23_17_42_35_859 1571870555859 7394 7352 564 277.199  
2019_10_23_17_42_35_876 1571870555876 7411 7369 388 190.541  
2019_10_23_17_42_35_884 1571870555884 7419 7377 1331 665.546  
2019_10_23_17_42_35_894 1571870555894 7429 7387 272 133.926  
2019_10_23_17_42_35_904 1571870555904 7439 7397 1311 655.198  
2019_10_23_17_42_35_908 1571870555908 7443 7401 1361 681.089  
2019_10_23_17_42_35_939 1571870555939 7474 7432 95 48.3064  
2019_10_23_17_42_35_958 1571870555958 7493 7451 73 37.7291  
2019_10_23_17_42_35_966 1571870555966 7501 7459 958 474.516  
2019_10_23_17_42_35_968 1571870555968 7503 7461 194 96.0811  
2019_10_23_17_42_35_969 1571870555969 7504 7462 194 96.0811  
2019_10_23_17_42_35_970 1571870555970 7505 7462 762 375.784  
2019_10_23_17_42_35_993 1571870555993 7528 7485 310 152.428  
2019_10_23_17_42_36_038 1571870556038 7573 7530 936 463.377  
2019_10_23_17_42_36_047 1571870556047 7582 7539 367 180.262  
2019_10_23_17_42_36_052 1571870556052 7587 7544 488 239.666  
2019_10_23_17_42_36_053 1571870556053 7588 7545 163 81.0902  
2019_10_23_17_42_36_058 1571870556058 7593 7550 551 270.767  
2019_10_23_17_42_36_061 1571870556061 7596 7553 861 425.512  
2019_10_23_17_42_36_065 1571870556065 7600 7557 888 439.124  
2019_10_23_17_42_36_070 1571870556070 7605 7562 379 186.134  
2019_10_23_17_42_36_071 1571870556071 7606 7563 577 283.636  
2019_10_23_17_42_36_072 1571870556072 7607 7564 182 90.2748  
2019_10_23_17_42_36_073 1571870556073 7608 7565 487 239.173  
2019_10_23_17_42_36_076 1571870556076 7611 7568 1356 678.496  
2019_10_23_17_42_36_089 1571870556089 7624 7581 799 394.335  
2019_10_23_17_42_36_090 1571870556090 7625 7582 1040 516.159  
2019_10_23_17_42_36_100 1571870556100 7635 7592 109 55.0448  
2019_10_23_17_42_36_101 1571870556101 7636 7592 379 186.134  
2019_10_23_17_42_36_111 1571870556111 7646 7602 109 55.0448  
2019_10_23_17_42_36_112 1571870556112 7647 7603 1334 667.099  
2019_10_23_17_42_36_113 1571870556113 7648 7604 174 86.4063  
2019_10_23_17_42_36_124 1571870556124 7659 7615 1369 685.238  
2019_10_23_17_42_36_153 1571870556153 7688 7644 251 123.719  
2019_10_23_17_42_36_154 1571870556154 7689 7645 1070 531.444  
2019_10_23_17_42_36_163 1571870556163 7698 7654 1030 511.07  
2019_10_23_17_42_36_171 1571870556171 7706 7662 1361 681.089  
2019_10_23_17_42_36_200 1571870556200 7735 7691 361 177.328  
2019_10_23_17_42_36_210 1571870556210 7745 7701 1016 503.95  
2019_10_23_17_42_36_219 1571870556219 7754 7710 1433 718.501  
2019_10_23_17_42_36_223 1571870556223 7758 7714 188 93.1774  
2019_10_23_17_42_36_230 1571870556230 7765 7721 1468 736.742  
2019_10_23_17_42_36_231 1571870556231 7766 7722 1217 606.724  
2019_10_23_17_42_36_232 1571870556232 7767 7723 467 229.325  
2019_10_23_17_42_36_254 1571870556254 7789 7745 518 254.461  
2019_10_23_17_42_36_257 1571870556257 7792 7747 381 187.113  
2019_10_23_17_42_36_285 1571870556285 7820 7775 85 43.4968  
2019_10_23_17_42_36_286 1571870556286 7821 7776 383 188.092  
2019_10_23_17_42_36_309 1571870556309 7844 7799 422 207.21  
2019_10_23_17_42_36_313 1571870556313 7848 7803 392 192.5  
2019_10_23_17_42_36_327 1571870556327 7862 7817 284 139.764  
2019_10_23_17_42_36_339 1571870556339 7874 7829 828 408.904  
2019_10_23_17_42_36_376 1571870556376 7911 7866 167 83.0229  
2019_10_23_17_42_36_378 1571870556378 7913 7868 452 221.947  
2019_10_23_17_42_36_385 1571870556385 7920 7875 513 251.993  
2019_10_23_17_42_36_394 1571870556394 7929 7884 291 143.172  
2019_10_23_17_42_36_395 1571870556395 7930 7885 755 372.279  
2019_10_23_17_42_36_406 1571870556406 7941 7896 652 320.872  
2019_10_23_17_42_36_414 1571870556414 7949 7904 378 185.644  
2019_10_23_17_42_36_430 1571870556430 7965 7920 263 129.55  
2019_10_23_17_42_36_435 1571870556435 7970 7925 380 186.624  
2019_10_23_17_42_36_437 1571870556437 7972 7927 948 469.451  
2019_10_23_17_42_36_449 1571870556449 7984 7939 1253 625.258  
2019_10_23_17_42_36_461 1571870556461 7996 7950 1331 665.546  
2019_10_23_17_42_36_470 1571870556470 8005 7959 266 131.008  
2019_10_23_17_42_36_481 1571870556481 8016 7970 324 159.256  
2019_10_23_17_42_36_500 1571870556500 8035 7989 537 263.845  
2019_10_23_17_42_36_501 1571870556501 8036 7990 273 134.412  
2019_10_23_17_42_36_511 1571870556511 8046 8000 133 66.6099  
2019_10_23_17_42_36_513 1571870556513 8048 8002 96 48.7875  
2019_10_23_17_42_36_522 1571870556522 8057 8011 706 347.784  
2019_10_23_17_42_36_529 1571870556529 8064 8018 822 405.888  
2019_10_23_17_42_36_537 1571870556537 8072 8026 745 367.274  
2019_10_23_17_42_36_549 1571870556549 8084 8038 96 48.7875  
2019_10_23_17_42_36_550 1571870556550 8085 8039 594 292.062  
2019_10_23_17_42_36_626 1571870556626 8161 8115 188 93.1774  
2019_10_23_17_42_36_650 1571870556650 8185 8139 355 174.394  
2019_10_23_17_42_36_652 1571870556652 8187 8141 202 99.9544  
2019_10_23_17_42_36_662 1571870556662 8197 8151 1006 498.868  
2019_10_23_17_42_36_663 1571870556663 8198 8152 912 451.242  
2019_10_23_17_42_36_675 1571870556675 8210 8163 643 316.394  
2019_10_23_17_42_36_681 1571870556681 8216 8169 262 129.064  
2019_10_23_17_42_36_685 1571870556685 8220 8173 681 335.314  
2019_10_23_17_42_36_686 1571870556686 8221 8174 776 382.799  
2019_10_23_17_42_36_697 1571870556697 8232 8185 1289 643.83  
2019_10_23_17_42_36_698 1571870556698 8233 8186 83 42.5352  
2019_10_23_17_42_36_706 1571870556706 8241 8194 229 113.041  
2019_10_23_17_42_36_710 1571870556710 8245 8198 384 188.582  
2019_10_23_17_42_36_756 1571870556756 8291 8244 220 108.676  
2019_10_23_17_42_36_774 1571870556774 8309 8262 377 185.155  
2019_10_23_17_42_36_784 1571870556784 8319 8272 605 297.518  
2019_10_23_17_42_36_786 1571870556786 8321 8274 139 69.5038  
2019_10_23_17_42_36_796 1571870556796 8331 8284 249 122.748  
2019_10_23_17_42_36_821 1571870556821 8356 8309 784 386.81  
2019_10_23_17_42_36_833 1571870556833 8368 8321 224 110.616  
2019_10_23_17_42_36_846 1571870556846 8381 8334 1337 668.652  
2019_10_23_17_42_36_847 1571870556847 8382 8335 1595 803.238  
2019_10_23_17_42_36_853 1571870556853 8388 8340 269 132.467  
2019_10_23_17_42_36_856 1571870556856 8391 8343 194 96.0811  
2019_10_23_17_42_36_871 1571870556871 8406 8358 1380 690.946  
2019_10_23_17_42_36_873 1571870556873 8408 8360 777 383.3  
2019_10_23_17_42_36_874 1571870556874 8409 8361 238 117.407  
2019_10_23_17_42_36_877 1571870556877 8412 8364 570 280.169  
2019_10_23_17_42_36_888 1571870556888 8423 8375 316 155.354  
2019_10_23_17_42_36_894 1571870556894 8429 8381 317 155.841  
2019_10_23_17_42_36_898 1571870556898 8433 8385 120 60.3434  
2019_10_23_17_42_36_901 1571870556901 8436 8388 176 87.3733  
2019_10_23_17_42_36_908 1571870556908 8443 8395 1311 655.198  
2019_10_23_17_42_36_914 1571870556914 8449 8401 1365 683.163  
2019_10_23_17_42_36_920 1571870556920 8455 8407 636 312.914  
2019_10_23_17_42_36_949 1571870556949 8484 8436 372 182.708  
2019_10_23_17_42_36_971 1571870556971 8506 8458 1326 662.958  
2019_10_23_17_42_36_972 1571870556972 8507 8459 177 87.8568  
2019_10_23_17_42_36_974 1571870556974 8509 8461 154 76.7433  
2019_10_23_17_42_37_025 1571870557025 8560 8511 313 153.891  
2019_10_23_17_42_37_028 1571870557028 8563 8514 630 309.932  
2019_10_23_17_42_37_029 1571870557029 8564 8515 1355 677.978  
2019_10_23_17_42_37_060 1571870557060 8595 8546 181 89.7911  
2019_10_23_17_42_37_092 1571870557092 8627 8578 562 276.209  
2019_10_23_17_42_37_115 1571870557115 8650 8601 512 251.5  
2019_10_23_17_42_37_117 1571870557117 8652 8603 623 306.454  
2019_10_23_17_42_37_125 1571870557125 8660 8611 255 125.662  
2019_10_23_17_42_37_129 1571870557129 8664 8615 617 303.474  
2019_10_23_17_42_37_132 1571870557132 8667 8618 1251 624.227  
2019_10_23_17_42_37_133 1571870557133 8668 8619 286 140.738  
2019_10_23_17_42_37_163 1571870557163 8698 8649 784 386.81  
2019_10_23_17_42_37_168 1571870557168 8703 8654 194 96.0811  
2019_10_23_17_42_37_169 1571870557169 8704 8655 167 83.0229  
2019_10_23_17_42_37_186 1571870557186 8721 8672 426 209.173  
2019_10_23_17_42_37_195 1571870557195 8730 8681 343 168.531  
2019_10_23_17_42_37_226 1571870557226 8761 8712 746 367.775  
2019_10_23_17_42_37_236 1571870557236 8771 8721 725 357.274  
2019_10_23_17_42_37_249 1571870557249 8784 8734 653 321.369  
2019_10_23_17_42_37_259 1571870557259 8794 8744 1366 683.682  
2019_10_23_17_42_37_276 1571870557276 8811 8761 1151 572.846  
2019_10_23_17_42_37_297 1571870557297 8832 8782 235 115.951  
2019_10_23_17_42_37_314 1571870557314 8849 8799 130 65.1633  
2019_10_23_17_42_37_333 1571870557333 8868 8818 1373 687.313  
2019_10_23_17_42_37_353 1571870557353 8888 8838 578 284.132  
2019_10_23_17_42_37_356 1571870557356 8891 8841 369 181.24  
2019_10_23_17_42_37_363 1571870557363 8898 8848 375 184.176  
2019_10_23_17_42_37_365 1571870557365 8900 8850 155 77.2262  
2019_10_23_17_42_37_383 1571870557383 8918 8868 458 224.897  
2019_10_23_17_42_37_403 1571870557403 8938 8888 419 205.738  
2019_10_23_17_42_37_405 1571870557405 8940 8890 129 64.6812  
2019_10_23_17_42_37_406 1571870557406 8941 8891 325 159.744  
2019_10_23_17_42_37_407 1571870557407 8942 8892 365 179.284  
2019_10_23_17_42_37_412 1571870557412 8947 8897 599 294.541  
2019_10_23_17_42_37_676 1571870557676 9211 9161 509 250.02  
2019_10_23_17_42_37_677 1571870557677 9212 9161 1340 670.206  
2019_10_23_17_42_37_678 1571870557678 9213 9162 464 227.849  
2019_10_23_17_42_37_678 1571870557678 9213 9162 134 67.0921  
2019_10_23_17_42_37_678 1571870557678 9213 9162 471 231.294  
2019_10_23_17_42_37_678 1571870557678 9213 9162 943 466.92  
2019_10_23_17_42_37_678 1571870557678 9213 9162 1358 679.533  
2019_10_23_17_42_37_678 1571870557678 9213 9162 748 368.776  
2019_10_23_17_42_37_679 1571870557679 9214 9163 155 77.2262  
2019_10_23_17_42_37_679 1571870557679 9214 9163 717 353.277  
2019_10_23_17_42_37_679 1571870557679 9214 9163 445 218.506  
2019_10_23_17_42_37_679 1571870557679 9214 9163 392 192.5  
2019_10_23_17_42_37_679 1571870557679 9214 9163 414 203.285  
2019_10_23_17_42_37_679 1571870557679 9214 9163 746 367.775  
2019_10_23_17_42_37_679 1571870557679 9214 9163 388 190.541  
2019_10_23_17_42_37_679 1571870557679 9214 9163 1281 639.7  
2019_10_23_17_42_37_679 1571870557679 9214 9163 933 461.859  
2019_10_23_17_42_37_680 1571870557680 9215 9164 234 115.466  
2019_10_23_17_42_37_680 1571870557680 9215 9163 886 438.115  
2019_10_23_17_42_37_680 1571870557680 9215 9163 705 347.285  
2019_10_23_17_42_37_680 1571870557680 9215 9163 884 437.106  
2019_10_23_17_42_37_680 1571870557680 9215 9163 271 133.44  
2019_10_23_17_42_37_680 1571870557680 9215 9163 295 145.12  
2019_10_23_17_42_37_680 1571870557680 9215 9163 292 143.659  
2019_10_23_17_42_37_680 1571870557680 9215 9163 882 436.097  
2019_10_23_17_42_37_680 1571870557680 9215 9163 1476 740.917  
2019_10_23_17_42_37_681 1571870557681 9216 9164 519 254.955  
2019_10_23_17_42_37_681 1571870557681 9216 9164 585 287.6  
2019_10_23_17_42_37_681 1571870557681 9216 9164 138 69.0214  
2019_10_23_17_42_37_681 1571870557681 9216 9164 628 308.938  
2019_10_23_17_42_37_681 1571870557681 9216 9164 1314 656.75  
2019_10_23_17_42_37_681 1571870557681 9216 9164 953 471.983  
2019_10_23_17_42_37_681 1571870557681 9216 9164 1319 659.336  
2019_10_23_17_42_37_683 1571870557683 9218 9166 438 215.066  
2019_10_23_17_42_37_694 1571870557694 9229 9177 944 467.426  
2019_10_23_17_42_37_696 1571870557696 9231 9178 167 83.0229  
2019_10_23_17_42_37_701 1571870557701 9236 9183 354 173.906  
2019_10_23_17_42_37_704 1571870557704 9239 9186 243 119.834  
2019_10_23_17_42_37_705 1571870557705 9240 9187 67 34.8469  
2019_10_23_17_42_37_724 1571870557724 9259 9206 877 433.576  
2019_10_23_17_42_37_741 1571870557741 9276 9223 593 291.566  
2019_10_23_17_42_37_747 1571870557747 9282 9229 322 158.28  
2019_10_23_17_42_37_768 1571870557768 9303 9250 745 367.274  
2019_10_23_17_42_37_789 1571870557789 9324 9271 755 372.279  
2019_10_23_17_42_37_790 1571870557790 9325 9272 171 84.9561  
2019_10_23_17_42_37_794 1571870557794 9329 9276 169 83.9894  
2019_10_23_17_42_37_798 1571870557798 9333 9280 383 188.092  
2019_10_23_17_42_37_803 1571870557803 9338 9285 764 376.786  
2019_10_23_17_42_37_806 1571870557806 9341 9288 1291 644.863  
2019_10_23_17_42_37_811 1571870557811 9346 9293 1242 619.591  
2019_10_23_17_42_37_815 1571870557815 9350 9297 1320 659.853  
2019_10_23_17_42_37_818 1571870557818 9353 9300 693 341.297  
2019_10_23_17_42_37_821 1571870557821 9356 9302 359 176.35  
2019_10_23_17_42_37_822 1571870557822 9357 9303 1377 689.389  
2019_10_23_17_42_37_829 1571870557829 9364 9310 169 83.9894  
2019_10_23_17_42_37_832 1571870557832 9367 9313 340 167.066  
2019_10_23_17_42_37_834 1571870557834 9369 9315 1229 612.898  
2019_10_23_17_42_37_870 1571870557870 9405 9351 146 72.8814  
2019_10_23_17_42_37_877 1571870557877 9412 9358 195 96.5652  
2019_10_23_17_42_37_887 1571870557887 9422 9368 899 444.676  
2019_10_23_17_42_37_890 1571870557890 9425 9371 663 326.347  
2019_10_23_17_42_37_921 1571870557921 9456 9402 389 191.031  
2019_10_23_17_42_37_930 1571870557930 9465 9411 146 72.8814  
2019_10_23_17_42_37_934 1571870557934 9469 9415 1097 545.223  
2019_10_23_17_42_37_935 1571870557935 9470 9416 2305 1183.77  
2019_10_23_17_42_37_945 1571870557945 9480 9426 1333 666.581  
2019_10_23_17_42_37_956 1571870557956 9491 9437 675 332.324  
2019_10_23_17_42_37_957 1571870557957 9492 9438 92 46.8632  
2019_10_23_17_42_37_964 1571870557964 9499 9445 319 156.817  
2019_10_23_17_42_37_972 1571870557972 9507 9452 243 119.834  
2019_10_23_17_42_37_983 1571870557983 9518 9463 296 145.607  
2019_10_23_17_42_37_986 1571870557986 9521 9466 357 175.372  
2019_10_23_17_42_37_989 1571870557989 9524 9469 197 97.5334  
2019_10_23_17_42_38_003 1571870558003 9538 9483 832 410.915  
2019_10_23_17_42_38_004 1571870558004 9539 9484 443 217.523  
2019_10_23_17_42_38_005 1571870558005 9540 9485 1295 646.929  
2019_10_23_17_42_38_006 1571870558006 9541 9486 603 296.526  
2019_10_23_17_42_38_009 1571870558009 9544 9489 1357 679.015  
2019_10_23_17_42_38_012 1571870558012 9547 9492 1367 684.2  
2019_10_23_17_42_38_019 1571870558019 9554 9499 160 79.641  
2019_10_23_17_42_38_043 1571870558043 9578 9523 510 250.513  
2019_10_23_17_42_38_065 1571870558065 9600 9545 826 407.898  
2019_10_23_17_42_38_102 1571870558102 9637 9582 596 293.053  
2019_10_23_17_42_38_149 1571870558149 9684 9629 1357 679.015  
2019_10_23_17_42_38_153 1571870558153 9688 9633 373 183.197  
2019_10_23_17_42_38_154 1571870558154 9689 9634 224 110.616  
2019_10_23_17_42_38_162 1571870558162 9697 9642 1321 660.37  
2019_10_23_17_42_38_172 1571870558172 9707 9651 226 111.585  
2019_10_23_17_42_38_176 1571870558176 9711 9655 971 481.104  
2019_10_23_17_42_38_178 1571870558178 9713 9657 1228 612.383  
2019_10_23_17_42_38_200 1571870558200 9735 9679 1324 661.923  
2019_10_23_17_42_38_201 1571870558201 9736 9680 744 366.774  
2019_10_23_17_42_38_219 1571870558219 9754 9698 409 200.833  
2019_10_23_17_42_38_224 1571870558224 9759 9703 1346 673.314  
2019_10_23_17_42_38_226 1571870558226 9761 9705 314 154.378  
2019_10_23_17_42_38_232 1571870558232 9767 9711 687 338.305  
2019_10_23_17_42_38_240 1571870558240 9775 9719 822 405.888  
2019_10_23_17_42_38_259 1571870558259 9794 9738 1341 670.724  
2019_10_23_17_42_38_293 1571870558293 9828 9772 644 316.892  
2019_10_23_17_42_38_299 1571870558299 9834 9778 915 452.758  
2019_10_23_17_42_38_301 1571870558301 9836 9780 228 112.555  
2019_10_23_17_42_38_323 1571870558323 9858 9802 1359 680.052  
2019_10_23_17_42_38_332 1571870558332 9867 9811 295 145.12  
2019_10_23_17_42_38_336 1571870558336 9871 9815 512 251.5  
2019_10_23_17_42_38_357 1571870558357 9892 9835 1270 634.023  
2019_10_23_17_42_38_372 1571870558372 9907 9850 794 391.826  
2019_10_23_17_42_38_375 1571870558375 9910 9853 179 88.8239  
2019_10_23_17_42_38_379 1571870558379 9914 9857 322 158.28  
2019_10_23_17_42_38_382 1571870558382 9917 9860 778 383.801  
2019_10_23_17_42_38_387 1571870558387 9922 9865 674 331.825  
2019_10_23_17_42_38_388 1571870558388 9923 9866 427 209.664  
2019_10_23_17_42_38_392 1571870558392 9927 9870 125 62.753  
2019_10_23_17_42_38_401 1571870558401 9936 9879 465 228.341  
2019_10_23_17_42_38_416 1571870558416 9951 9894 568 279.179  
2019_10_23_17_42_38_417 1571870558417 9952 9895 155 77.2262  
2019_10_23_17_42_38_418 1571870558418 9953 9896 318 156.329  
2019_10_23_17_42_38_424 1571870558424 9959 9902 441 216.54  
2019_10_23_17_42_38_427 1571870558427 9962 9905 208 102.861  
2019_10_23_17_42_38_440 1571870558440 9975 9918 1483 744.571  
2019_10_23_17_42_38_465 1571870558465 10000 9943 238 117.407  
