1571871170759 2019_10_23_17_52_50_759 2.734449 0.478300  0.000014786
2019_10_23_17_52_51_412 1571871171412 653 652 217 107.222  
2019_10_23_17_52_51_413 1571871171413 654 653 431 211.628  
2019_10_23_17_52_51_414 1571871171414 655 654 128 64.1991  
2019_10_23_17_52_51_414 1571871171414 655 654 409 200.833  
2019_10_23_17_52_51_414 1571871171414 655 654 375 184.176  
2019_10_23_17_52_51_414 1571871171414 655 654 640 314.903  
2019_10_23_17_52_51_414 1571871171414 655 654 563 276.704  
2019_10_23_17_52_51_415 1571871171415 656 655 236 116.437  
2019_10_23_17_52_51_415 1571871171415 656 655 87 44.4585  
2019_10_23_17_52_51_415 1571871171415 656 655 546 268.294  
2019_10_23_17_52_51_415 1571871171415 656 655 343 168.531  
2019_10_23_17_52_51_415 1571871171415 656 655 282 138.791  
2019_10_23_17_52_51_415 1571871171415 656 655 194 96.0811  
2019_10_23_17_52_51_415 1571871171415 656 655 488 239.666  
2019_10_23_17_52_51_415 1571871171415 656 655 274 134.899  
2019_10_23_17_52_51_415 1571871171415 656 655 534 262.363  
2019_10_23_17_52_51_416 1571871171416 657 656 326 160.232  
2019_10_23_17_52_51_416 1571871171416 657 655 399 195.93  
2019_10_23_17_52_51_416 1571871171416 657 655 448 219.98  
2019_10_23_17_52_51_416 1571871171416 657 655 510 250.513  
2019_10_23_17_52_51_416 1571871171416 657 655 4074 2196.73  
2019_10_23_17_52_51_416 1571871171416 657 655 222 109.646  
2019_10_23_17_52_51_416 1571871171416 657 655 393 192.99  
2019_10_23_17_52_51_416 1571871171416 657 655 581 285.618  
2019_10_23_17_52_51_416 1571871171416 657 655 278 136.845  
2019_10_23_17_52_51_417 1571871171417 658 656 598 294.045  
2019_10_23_17_52_51_417 1571871171417 658 656 986 488.713  
2019_10_23_17_52_51_417 1571871171417 658 656 182 90.2748  
2019_10_23_17_52_51_417 1571871171417 658 656 4095 2209.31  
2019_10_23_17_52_51_417 1571871171417 658 656 483 237.203  
2019_10_23_17_52_51_417 1571871171417 658 656 452 221.947  
2019_10_23_17_52_51_417 1571871171417 658 656 825 407.395  
2019_10_23_17_52_51_417 1571871171417 658 656 266 131.008  
2019_10_23_17_52_51_432 1571871171432 673 671 197 97.5334  
2019_10_23_17_52_51_439 1571871171439 680 677 75 38.6901  
2019_10_23_17_52_51_461 1571871171461 702 699 281 138.304  
2019_10_23_17_52_51_496 1571871171496 737 734 302 148.53  
2019_10_23_17_52_51_532 1571871171532 773 770 486 238.681  
2019_10_23_17_52_51_583 1571871171583 824 821 323 158.768  
2019_10_23_17_52_51_604 1571871171604 845 842 187 92.6936  
2019_10_23_17_52_51_606 1571871171606 847 844 160 79.641  
2019_10_23_17_52_51_607 1571871171607 848 845 740 364.773  
2019_10_23_17_52_51_608 1571871171608 849 846 2189 1120.58  
2019_10_23_17_52_51_611 1571871171611 852 849 222 109.646  
2019_10_23_17_52_51_653 1571871171653 894 891 305 149.991  
2019_10_23_17_52_51_677 1571871171677 918 915 371 182.219  
2019_10_23_17_52_51_698 1571871171698 939 936 181 89.7911  
2019_10_23_17_52_51_712 1571871171712 953 950 295 145.12  
2019_10_23_17_52_51_737 1571871171737 978 975 839 414.436  
2019_10_23_17_52_51_757 1571871171757 998 995 4095 2209.31  
2019_10_23_17_52_51_792 1571871171792 1033 1030 310 152.428  
2019_10_23_17_52_51_818 1571871171818 1059 1055 522 256.436  
2019_10_23_17_52_51_827 1571871171827 1068 1064 230 113.526  
2019_10_23_17_52_51_837 1571871171837 1078 1074 417 204.757  
2019_10_23_17_52_51_838 1571871171838 1079 1075 476 233.755  
2019_10_23_17_52_51_849 1571871171849 1090 1086 1328 663.993  
2019_10_23_17_52_51_850 1571871171850 1091 1087 88 44.9393  
2019_10_23_17_52_51_870 1571871171870 1111 1107 776 382.799  
2019_10_23_17_52_51_876 1571871171876 1117 1113 1311 655.198  
2019_10_23_17_52_51_884 1571871171884 1125 1121 535 262.857  
2019_10_23_17_52_51_918 1571871171918 1159 1155 186 92.2098  
2019_10_23_17_52_51_933 1571871171933 1174 1170 178 88.3403  
2019_10_23_17_52_51_956 1571871171956 1197 1193 170 84.4728  
2019_10_23_17_52_52_010 1571871172010 1251 1247 87 44.4585  
2019_10_23_17_52_52_015 1571871172015 1256 1252 316 155.354  
2019_10_23_17_52_52_046 1571871172046 1287 1283 359 176.35  
2019_10_23_17_52_52_074 1571871172074 1315 1311 275 135.385  
2019_10_23_17_52_52_095 1571871172095 1336 1332 69 35.8075  
2019_10_23_17_52_52_128 1571871172128 1369 1364 2765 1438.27  
2019_10_23_17_52_52_141 1571871172141 1382 1377 201 99.4701  
2019_10_23_17_52_52_175 1571871172175 1416 1411 153 76.2605  
2019_10_23_17_52_52_188 1571871172188 1429 1424 710 349.781  
2019_10_23_17_52_52_195 1571871172195 1436 1431 506 248.54  
2019_10_23_17_52_52_205 1571871172205 1446 1441 1307 653.13  
2019_10_23_17_52_52_214 1571871172214 1455 1450 2006 1021.7  
2019_10_23_17_52_52_225 1571871172225 1466 1461 196 97.0493  
2019_10_23_17_52_52_232 1571871172232 1473 1468 67 34.8469  
2019_10_23_17_52_52_233 1571871172233 1474 1469 558 274.23  
2019_10_23_17_52_52_235 1571871172235 1476 1471 3525 1872.46  
2019_10_23_17_52_52_237 1571871172237 1478 1473 238 117.407  
2019_10_23_17_52_52_248 1571871172248 1489 1484 218 107.707  
2019_10_23_17_52_52_266 1571871172266 1507 1502 380 186.624  
2019_10_23_17_52_52_284 1571871172284 1525 1520 243 119.834  
2019_10_23_17_52_52_312 1571871172312 1553 1548 176 87.3733  
2019_10_23_17_52_52_315 1571871172315 1556 1551 357 175.372  
2019_10_23_17_52_52_348 1571871172348 1589 1584 394 193.48  
2019_10_23_17_52_52_372 1571871172372 1613 1607 308 151.453  
2019_10_23_17_52_52_415 1571871172415 1656 1650 171 84.9561  
2019_10_23_17_52_52_423 1571871172423 1664 1658 199 98.5017  
2019_10_23_17_52_52_445 1571871172445 1686 1680 210 103.829  
2019_10_23_17_52_52_484 1571871172484 1725 1719 1026 509.035  
2019_10_23_17_52_52_568 1571871172568 1809 1803 850 419.972  
2019_10_23_17_52_52_569 1571871172569 1810 1804 233 114.981  
2019_10_23_17_52_52_597 1571871172597 1838 1832 869 429.543  
2019_10_23_17_52_52_608 1571871172608 1849 1843 1375 688.351  
2019_10_23_17_52_52_671 1571871172671 1912 1906 351 172.439  
2019_10_23_17_52_52_697 1571871172697 1938 1932 948 469.451  
2019_10_23_17_52_52_713 1571871172713 1954 1948 114 57.4528  
2019_10_23_17_52_52_715 1571871172715 1956 1950 307 150.966  
2019_10_23_17_52_52_717 1571871172717 1958 1952 259 127.606  
2019_10_23_17_52_52_718 1571871172718 1959 1953 146 72.8814  
2019_10_23_17_52_52_733 1571871172733 1974 1968 172 85.4395  
2019_10_23_17_52_52_785 1571871172785 2026 2020 3129 1644.1  
2019_10_23_17_52_52_788 1571871172788 2029 2022 412 202.304  
2019_10_23_17_52_52_797 1571871172797 2038 2031 216 106.737  
2019_10_23_17_52_52_808 1571871172808 2049 2042 220 108.676  
2019_10_23_17_52_52_816 1571871172816 2057 2050 486 238.681  
2019_10_23_17_52_52_824 1571871172824 2065 2058 155 77.2262  
2019_10_23_17_52_52_860 1571871172860 2101 2094 90 45.9012  
2019_10_23_17_52_52_881 1571871172881 2122 2115 487 239.173  
2019_10_23_17_52_52_935 1571871172935 2176 2169 193 95.5971  
2019_10_23_17_52_52_995 1571871172995 2236 2229 310 152.428  
2019_10_23_17_52_53_026 1571871173026 2267 2260 186 92.2098  
2019_10_23_17_52_53_030 1571871173030 2271 2264 204 100.923  
2019_10_23_17_52_53_118 1571871173118 2359 2352 1392 697.178  
2019_10_23_17_52_53_123 1571871173123 2364 2357 67 34.8469  
2019_10_23_17_52_53_124 1571871173124 2365 2358 568 279.179  
2019_10_23_17_52_53_125 1571871173125 2366 2359 148 73.8467  
2019_10_23_17_52_53_126 1571871173126 2367 2360 456 223.914  
2019_10_23_17_52_53_140 1571871173140 2381 2374 1113 553.398  
2019_10_23_17_52_53_146 1571871173146 2387 2379 220 108.676  
2019_10_23_17_52_53_275 1571871173275 2516 2508 64 33.4062  
2019_10_23_17_52_53_276 1571871173276 2517 2509 237 116.922  
2019_10_23_17_52_53_288 1571871173288 2529 2521 101 51.1936  
2019_10_23_17_52_53_289 1571871173289 2530 2522 149 74.3294  
2019_10_23_17_52_53_295 1571871173295 2536 2528 220 108.676  
2019_10_23_17_52_53_304 1571871173304 2545 2537 161 80.124  
2019_10_23_17_52_53_362 1571871173362 2603 2595 352 172.928  
2019_10_23_17_52_53_475 1571871173475 2716 2708 314 154.378  
2019_10_23_17_52_53_550 1571871173550 2791 2783 165 82.0565  
2019_10_23_17_52_53_554 1571871173554 2795 2787 349 171.462  
2019_10_23_17_52_53_620 1571871173620 2861 2853 155 77.2262  
2019_10_23_17_52_53_628 1571871173628 2869 2861 423 207.701  
2019_10_23_17_52_53_636 1571871173636 2877 2869 800 394.837  
2019_10_23_17_52_53_691 1571871173691 2932 2924 220 108.676  
2019_10_23_17_52_53_777 1571871173777 3018 3010 106 53.6004  
2019_10_23_17_52_54_102 1571871174102 3343 3335 394 193.48  
2019_10_23_17_52_54_103 1571871174103 3344 3335 2663 1381.3  
2019_10_23_17_52_54_104 1571871174104 3345 3336 234 115.466  
2019_10_23_17_52_54_104 1571871174104 3345 3336 148 73.8467  
2019_10_23_17_52_54_104 1571871174104 3345 3336 350 171.951  
2019_10_23_17_52_54_104 1571871174104 3345 3336 883 436.602  
2019_10_23_17_52_54_104 1571871174104 3345 3336 149 74.3294  
2019_10_23_17_52_54_105 1571871174105 3346 3337 312 153.403  
2019_10_23_17_52_54_105 1571871174105 3346 3337 144 71.9162  
2019_10_23_17_52_54_105 1571871174105 3346 3337 86 43.9776  
2019_10_23_17_52_54_180 1571871174180 3421 3412 766 377.788  
2019_10_23_17_52_54_198 1571871174198 3439 3430 536 263.351  
2019_10_23_17_52_54_230 1571871174230 3471 3462 994 492.773  
2019_10_23_17_52_54_247 1571871174247 3488 3479 291 143.172  
2019_10_23_17_52_54_368 1571871174368 3609 3600 611 300.496  
2019_10_23_17_52_54_383 1571871174383 3624 3615 363 178.306  
2019_10_23_17_52_54_412 1571871174412 3653 3644 429 210.646  
2019_10_23_17_52_54_417 1571871174417 3658 3649 287 141.224  
2019_10_23_17_52_54_462 1571871174462 3703 3693 154 76.7433  
2019_10_23_17_52_54_472 1571871174472 3713 3703 120 60.3434  
2019_10_23_17_52_54_483 1571871174483 3724 3714 294 144.633  
2019_10_23_17_52_54_525 1571871174525 3766 3756 299 147.068  
2019_10_23_17_52_54_536 1571871174536 3777 3767 83 42.5352  
2019_10_23_17_52_54_591 1571871174591 3832 3822 372 182.708  
2019_10_23_17_52_54_668 1571871174668 3909 3899 159 79.1579  
2019_10_23_17_52_54_674 1571871174674 3915 3905 196 97.0493  
2019_10_23_17_52_54_728 1571871174728 3969 3959 1541 774.906  
2019_10_23_17_52_54_749 1571871174749 3990 3980 216 106.737  
2019_10_23_17_52_54_750 1571871174750 3991 3981 196 97.0493  
2019_10_23_17_52_54_754 1571871174754 3995 3985 71 36.7683  
2019_10_23_17_52_54_795 1571871174795 4036 4026 391 192.01  
2019_10_23_17_52_54_847 1571871174847 4088 4078 180 89.3075  
2019_10_23_17_52_54_864 1571871174864 4105 4095 66 34.3667  
2019_10_23_17_52_54_897 1571871174897 4138 4128 415 203.775  
2019_10_23_17_52_54_915 1571871174915 4156 4146 234 115.466  
2019_10_23_17_52_54_916 1571871174916 4157 4147 156 77.7091  
2019_10_23_17_52_54_920 1571871174920 4161 4150 96 48.7875  
2019_10_23_17_52_54_927 1571871174927 4168 4157 4095 2209.31  
2019_10_23_17_52_54_953 1571871174953 4194 4183 3110 1633.26  
2019_10_23_17_52_54_957 1571871174957 4198 4187 225 111.1  
2019_10_23_17_52_54_958 1571871174958 4199 4188 241 118.864  
2019_10_23_17_52_55_019 1571871175019 4260 4249 140 69.9862  
2019_10_23_17_52_55_033 1571871175033 4274 4263 387 190.051  
2019_10_23_17_52_55_046 1571871175046 4287 4276 204 100.923  
2019_10_23_17_52_55_055 1571871175055 4296 4285 332 163.16  
2019_10_23_17_52_55_070 1571871175070 4311 4300 368 180.751  
2019_10_23_17_52_55_100 1571871175100 4341 4330 120 60.3434  
2019_10_23_17_52_55_147 1571871175147 4388 4377 1644 829.021  
2019_10_23_17_52_55_153 1571871175153 4394 4383 780 384.804  
2019_10_23_17_52_55_162 1571871175162 4403 4392 207 102.376  
2019_10_23_17_52_55_188 1571871175188 4429 4418 844 416.952  
2019_10_23_17_52_55_197 1571871175197 4438 4427 4095 2209.31  
2019_10_23_17_52_55_210 1571871175210 4451 4440 2412 1242.41  
2019_10_23_17_52_55_322 1571871175322 4563 4551 416 204.266  
2019_10_23_17_52_55_383 1571871175383 4624 4612 110 55.5264  
2019_10_23_17_52_55_395 1571871175395 4636 4624 215 106.252  
2019_10_23_17_52_55_423 1571871175423 4664 4652 188 93.1774  
2019_10_23_17_52_55_474 1571871175474 4715 4703 1684 850.122  
2019_10_23_17_52_55_517 1571871175517 4758 4746 246 121.291  
2019_10_23_17_52_55_540 1571871175540 4781 4769 228 112.555  
2019_10_23_17_52_55_684 1571871175684 4925 4913 185 91.726  
2019_10_23_17_52_55_706 1571871175706 4947 4935 299 147.068  
2019_10_23_17_52_55_707 1571871175707 4948 4936 658 323.858  
2019_10_23_17_52_55_711 1571871175711 4952 4940 247 121.777  
2019_10_23_17_52_55_722 1571871175722 4963 4951 139 69.5038  
2019_10_23_17_52_55_725 1571871175725 4966 4954 209 103.345  
2019_10_23_17_52_55_834 1571871175834 5075 5063 623 306.454  
2019_10_23_17_52_55_846 1571871175846 5087 5075 293 144.146  
2019_10_23_17_52_55_865 1571871175865 5106 5094 272 133.926  
2019_10_23_17_52_55_875 1571871175875 5116 5104 755 372.279  
2019_10_23_17_52_55_877 1571871175877 5118 5105 860 425.008  
2019_10_23_17_52_55_883 1571871175883 5124 5111 1423 713.295  
2019_10_23_17_52_55_888 1571871175888 5129 5116 413 202.794  
2019_10_23_17_52_55_931 1571871175931 5172 5159 202 99.9544  
2019_10_23_17_52_55_940 1571871175940 5181 5168 200 98.9859  
2019_10_23_17_52_55_962 1571871175962 5203 5190 1487 746.66  
2019_10_23_17_52_56_001 1571871176001 5242 5229 62 32.4459  
2019_10_23_17_52_56_007 1571871176007 5248 5235 296 145.607  
2019_10_23_17_52_56_067 1571871176067 5308 5295 176 87.3733  
2019_10_23_17_52_56_070 1571871176070 5311 5298 140 69.9862  
2019_10_23_17_52_56_084 1571871176084 5325 5312 201 99.4701  
2019_10_23_17_52_56_093 1571871176093 5334 5321 481 236.218  
2019_10_23_17_52_56_139 1571871176139 5380 5367 395 193.97  
2019_10_23_17_52_56_212 1571871176212 5453 5440 233 114.981  
2019_10_23_17_52_56_253 1571871176253 5494 5481 485 238.188  
2019_10_23_17_52_56_293 1571871176293 5534 5521 170 84.4728  
2019_10_23_17_52_56_327 1571871176327 5568 5555 341 167.554  
2019_10_23_17_52_56_330 1571871176330 5571 5557 238 117.407  
2019_10_23_17_52_56_357 1571871176357 5598 5584 165 82.0565  
2019_10_23_17_52_56_358 1571871176358 5599 5585 329 161.696  
2019_10_23_17_52_56_426 1571871176426 5667 5653 2076 1059.41  
2019_10_23_17_52_56_489 1571871176489 5730 5716 244 120.32  
2019_10_23_17_52_56_513 1571871176513 5754 5740 4095 2209.31  
2019_10_23_17_52_56_536 1571871176536 5777 5763 663 326.347  
2019_10_23_17_52_56_555 1571871176555 5796 5782 229 113.041  
2019_10_23_17_52_56_558 1571871176558 5799 5785 613 301.488  
2019_10_23_17_52_56_566 1571871176566 5807 5793 174 86.4063  
2019_10_23_17_52_56_606 1571871176606 5847 5833 98 49.7499  
2019_10_23_17_52_56_615 1571871176615 5856 5842 243 119.834  
2019_10_23_17_52_56_640 1571871176640 5881 5867 98 49.7499  
2019_10_23_17_52_56_642 1571871176642 5883 5869 536 263.351  
2019_10_23_17_52_56_648 1571871176648 5889 5875 470 230.802  
2019_10_23_17_52_56_699 1571871176699 5940 5926 385 189.072  
2019_10_23_17_52_56_727 1571871176727 5968 5954 223 110.131  
2019_10_23_17_52_56_769 1571871176769 6010 5995 252 124.205  
2019_10_23_17_52_56_772 1571871176772 6013 5998 1110 551.865  
2019_10_23_17_52_56_809 1571871176809 6050 6035 409 200.833  
2019_10_23_17_52_56_836 1571871176836 6077 6062 1289 643.83  
2019_10_23_17_52_56_851 1571871176851 6092 6077 4095 2209.31  
2019_10_23_17_52_56_886 1571871176886 6127 6112 3006 1574.11  
2019_10_23_17_52_56_923 1571871176923 6164 6149 427 209.664  
2019_10_23_17_52_56_953 1571871176953 6194 6179 525 257.917  
2019_10_23_17_52_56_989 1571871176989 6230 6215 189 93.6613  
2019_10_23_17_52_56_999 1571871176999 6240 6225 399 195.93  
2019_10_23_17_52_57_025 1571871177025 6266 6251 210 103.829  
2019_10_23_17_52_57_049 1571871177049 6290 6275 162 80.6071  
2019_10_23_17_52_57_072 1571871177072 6313 6298 281 138.304  
2019_10_23_17_52_57_078 1571871177078 6319 6304 2185 1118.41  
2019_10_23_17_52_57_086 1571871177086 6327 6312 456 223.914  
2019_10_23_17_52_57_092 1571871177092 6333 6318 400 196.42  
2019_10_23_17_52_57_096 1571871177096 6337 6322 237 116.922  
2019_10_23_17_52_57_165 1571871177165 6406 6391 280 137.818  
2019_10_23_17_52_57_189 1571871177189 6430 6414 123 61.789  
2019_10_23_17_52_57_235 1571871177235 6476 6460 142 70.9512  
2019_10_23_17_52_57_245 1571871177245 6486 6470 190 94.1452  
2019_10_23_17_52_57_304 1571871177304 6545 6529 101 51.1936  
2019_10_23_17_52_57_342 1571871177342 6583 6567 238 117.407  
2019_10_23_17_52_57_355 1571871177355 6596 6580 185 91.726  
2019_10_23_17_52_57_367 1571871177367 6608 6592 280 137.818  
2019_10_23_17_52_57_383 1571871177383 6624 6608 147 73.3641  
2019_10_23_17_52_57_393 1571871177393 6634 6618 330 162.184  
2019_10_23_17_52_57_444 1571871177444 6685 6669 529 259.893  
2019_10_23_17_52_57_480 1571871177480 6721 6705 285 140.251  
2019_10_23_17_52_57_554 1571871177554 6795 6779 296 145.607  
2019_10_23_17_52_57_565 1571871177565 6806 6790 305 149.991  
2019_10_23_17_52_57_574 1571871177574 6815 6799 403 197.891  
2019_10_23_17_52_57_595 1571871177595 6836 6820 136 68.0567  
2019_10_23_17_52_57_604 1571871177604 6845 6829 500 245.581  
2019_10_23_17_52_57_613 1571871177613 6854 6838 4095 2209.31  
2019_10_23_17_52_57_664 1571871177664 6905 6888 1777 899.363  
2019_10_23_17_52_57_668 1571871177668 6909 6892 4081 2200.93  
2019_10_23_17_52_57_703 1571871177703 6944 6927 167 83.0229  
2019_10_23_17_52_57_740 1571871177740 6981 6964 1263 630.413  
2019_10_23_17_52_57_785 1571871177785 7026 7009 187 92.6936  
2019_10_23_17_52_57_798 1571871177798 7039 7022 154 76.7433  
2019_10_23_17_52_57_802 1571871177802 7043 7026 204 100.923  
2019_10_23_17_52_57_807 1571871177807 7048 7031 275 135.385  
2019_10_23_17_52_57_909 1571871177909 7150 7133 264 130.036  
2019_10_23_17_52_57_910 1571871177910 7151 7134 166 82.5397  
2019_10_23_17_52_57_927 1571871177927 7168 7151 479 235.233  
2019_10_23_17_52_57_940 1571871177940 7181 7164 346 169.996  
2019_10_23_17_52_58_002 1571871178002 7243 7226 886 438.115  
2019_10_23_17_52_58_010 1571871178010 7251 7234 162 80.6071  
2019_10_23_17_52_58_015 1571871178015 7256 7239 464 227.849  
2019_10_23_17_52_58_020 1571871178020 7261 7244 157 78.192  
2019_10_23_17_52_58_050 1571871178050 7291 7274 166 82.5397  
2019_10_23_17_52_58_087 1571871178087 7328 7310 192 95.1131  
2019_10_23_17_52_58_103 1571871178103 7344 7326 91 46.3822  
2019_10_23_17_52_58_142 1571871178142 7383 7365 606 298.014  
2019_10_23_17_52_58_179 1571871178179 7420 7402 331 162.672  
2019_10_23_17_52_58_182 1571871178182 7423 7405 120 60.3434  
2019_10_23_17_52_58_195 1571871178195 7436 7418 133 66.6099  
2019_10_23_17_52_58_199 1571871178199 7440 7422 4095 2209.31  
2019_10_23_17_52_58_205 1571871178205 7446 7428 1507 757.112  
2019_10_23_17_52_58_206 1571871178206 7447 7429 103 52.1562  
2019_10_23_17_52_58_229 1571871178229 7470 7452 192 95.1131  
2019_10_23_17_52_58_245 1571871178245 7486 7468 278 136.845  
2019_10_23_17_52_58_275 1571871178275 7516 7498 147 73.3641  
2019_10_23_17_52_58_278 1571871178278 7519 7501 278 136.845  
2019_10_23_17_52_58_289 1571871178289 7530 7512 177 87.8568  
2019_10_23_17_52_58_377 1571871178377 7618 7600 172 85.4395  
2019_10_23_17_52_58_459 1571871178459 7700 7682 154 76.7433  
2019_10_23_17_52_58_539 1571871178539 7780 7762 343 168.531  
2019_10_23_17_52_58_606 1571871178606 7847 7828 2476 1277.65  
2019_10_23_17_52_58_643 1571871178643 7884 7865 319 156.817  
2019_10_23_17_52_58_682 1571871178682 7923 7904 235 115.951  
2019_10_23_17_52_58_701 1571871178701 7942 7923 276 135.872  
2019_10_23_17_52_58_719 1571871178719 7960 7941 289 142.198  
2019_10_23_17_52_58_737 1571871178737 7978 7959 149 74.3294  
2019_10_23_17_52_58_771 1571871178771 8012 7993 171 84.9561  
2019_10_23_17_52_58_848 1571871178848 8089 8070 255 125.662  
2019_10_23_17_52_58_849 1571871178849 8090 8071 213 105.283  
2019_10_23_17_52_58_851 1571871178851 8092 8073 126 63.235  
2019_10_23_17_52_58_870 1571871178870 8111 8092 558 274.23  
2019_10_23_17_52_58_876 1571871178876 8117 8098 121 60.8252  
2019_10_23_17_52_58_936 1571871178936 8177 8158 212 104.799  
2019_10_23_17_52_58_949 1571871178949 8190 8171 930 460.342  
2019_10_23_17_52_58_957 1571871178957 8198 8179 133 66.6099  
2019_10_23_17_52_59_125 1571871179125 8366 8347 185 91.726  
2019_10_23_17_52_59_186 1571871179186 8427 8408 305 149.991  
2019_10_23_17_52_59_211 1571871179211 8452 8432 259 127.606  
2019_10_23_17_52_59_213 1571871179213 8454 8434 183 90.7585  
2019_10_23_17_52_59_217 1571871179217 8458 8438 347 170.485  
2019_10_23_17_52_59_262 1571871179262 8503 8483 188 93.1774  
2019_10_23_17_52_59_293 1571871179293 8534 8514 509 250.02  
2019_10_23_17_52_59_302 1571871179302 8543 8523 245 120.805  
2019_10_23_17_52_59_335 1571871179335 8576 8556 75 38.6901  
2019_10_23_17_52_59_346 1571871179346 8587 8567 222 109.646  
2019_10_23_17_52_59_371 1571871179371 8612 8592 207 102.376  
2019_10_23_17_52_59_396 1571871179396 8637 8617 248 122.262  
2019_10_23_17_52_59_401 1571871179401 8642 8622 728 358.773  
2019_10_23_17_52_59_436 1571871179436 8677 8657 341 167.554  
2019_10_23_17_52_59_447 1571871179447 8688 8668 187 92.6936  
2019_10_23_17_52_59_539 1571871179539 8780 8760 450 220.964  
2019_10_23_17_52_59_540 1571871179540 8781 8761 154 76.7433  
2019_10_23_17_52_59_543 1571871179543 8784 8764 84 43.016  
2019_10_23_17_52_59_550 1571871179550 8791 8771 528 259.399  
2019_10_23_17_52_59_573 1571871179573 8814 8794 393 192.99  
2019_10_23_17_52_59_598 1571871179598 8839 8818 298 146.581  
2019_10_23_17_52_59_606 1571871179606 8847 8826 510 250.513  
2019_10_23_17_52_59_613 1571871179613 8854 8833 110 55.5264  
2019_10_23_17_52_59_684 1571871179684 8925 8904 222 109.646  
2019_10_23_17_52_59_703 1571871179703 8944 8923 397 194.95  
2019_10_23_17_52_59_712 1571871179712 8953 8932 221 109.161  
2019_10_23_17_52_59_719 1571871179719 8960 8939 177 87.8568  
2019_10_23_17_52_59_724 1571871179724 8965 8944 335 164.624  
2019_10_23_17_52_59_791 1571871179791 9032 9011 221 109.161  
2019_10_23_17_52_59_875 1571871179875 9116 9095 276 135.872  
2019_10_23_17_52_59_893 1571871179893 9134 9113 353 173.417  
2019_10_23_17_52_59_936 1571871179936 9177 9156 235 115.951  
2019_10_23_17_52_59_970 1571871179970 9211 9190 342 168.042  
2019_10_23_17_53_00_018 1571871180018 9259 9238 222 109.646  
2019_10_23_17_53_00_027 1571871180027 9268 9247 147 73.3641  
2019_10_23_17_53_00_149 1571871180149 9390 9369 584 287.104  
2019_10_23_17_53_00_152 1571871180152 9393 9372 1328 663.993  
2019_10_23_17_53_00_182 1571871180182 9423 9401 441 216.54  
2019_10_23_17_53_00_187 1571871180187 9428 9406 262 129.064  
2019_10_23_17_53_00_217 1571871180217 9458 9436 333 163.648  
2019_10_23_17_53_00_235 1571871180235 9476 9454 329 161.696  
2019_10_23_17_53_00_248 1571871180248 9489 9467 241 118.864  
2019_10_23_17_53_00_260 1571871180260 9501 9479 248 122.262  
2019_10_23_17_53_00_269 1571871180269 9510 9488 476 233.755  
2019_10_23_17_53_00_273 1571871180273 9514 9492 521 255.942  
2019_10_23_17_53_00_322 1571871180322 9563 9541 235 115.951  
2019_10_23_17_53_00_351 1571871180351 9592 9570 157 78.192  
2019_10_23_17_53_00_454 1571871180454 9695 9673 431 211.628  
2019_10_23_17_53_00_471 1571871180471 9712 9690 182 90.2748  
2019_10_23_17_53_00_484 1571871180484 9725 9703 164 81.5733  
2019_10_23_17_53_00_485 1571871180485 9726 9704 1606 809.02  
2019_10_23_17_53_00_505 1571871180505 9746 9724 167 83.0229  
2019_10_23_17_53_00_525 1571871180525 9766 9744 149 74.3294  
2019_10_23_17_53_00_535 1571871180535 9776 9754 371 182.219  
2019_10_23_17_53_00_585 1571871180585 9826 9803 243 119.834  
2019_10_23_17_53_00_605 1571871180605 9846 9823 228 112.555  
2019_10_23_17_53_00_637 1571871180637 9878 9855 864 427.023  
2019_10_23_17_53_00_715 1571871180715 9956 9933 188 93.1774  
2019_10_23_17_53_00_779 1571871180779 10020 9997 79 40.6124  
2019_10_23_17_53_00_784 1571871180784 10025 10002 1607 809.546  
2019_10_23_17_53_00_789 1571871180789 10030 10007 283 139.278  
2019_10_23_17_53_00_830 1571871180830 10071 10048 132 66.1277  
2019_10_23_17_53_00_832 1571871180832 10073 10050 227 112.07  
2019_10_23_17_53_00_847 1571871180847 10088 10065 302 148.53  
2019_10_23_17_53_00_891 1571871180891 10132 10109 336 165.112  
2019_10_23_17_53_00_911 1571871180911 10152 10129 865 427.527  
2019_10_23_17_53_00_920 1571871180920 10161 10138 328 161.208  
2019_10_23_17_53_00_925 1571871180925 10166 10143 714 351.778  
2019_10_23_17_53_00_972 1571871180972 10213 10190 215 106.252  
2019_10_23_17_53_00_989 1571871180989 10230 10207 283 139.278  
2019_10_23_17_53_00_999 1571871180999 10240 10217 383 188.092  
2019_10_23_17_53_01_011 1571871181011 10252 10228 180 89.3075  
2019_10_23_17_53_01_032 1571871181032 10273 10249 82 42.0545  
2019_10_23_17_53_01_042 1571871181042 10283 10259 157 78.192  
2019_10_23_17_53_01_047 1571871181047 10288 10264 337 165.601  
2019_10_23_17_53_01_097 1571871181097 10338 10314 520 255.449  
2019_10_23_17_53_01_125 1571871181125 10366 10342 290 142.685  
2019_10_23_17_53_01_134 1571871181134 10375 10351 282 138.791  
2019_10_23_17_53_01_140 1571871181140 10381 10357 94 47.8253  
2019_10_23_17_53_01_212 1571871181212 10453 10429 125 62.753  
2019_10_23_17_53_01_218 1571871181218 10459 10435 511 251.007  
2019_10_23_17_53_01_223 1571871181223 10464 10440 232 114.496  
2019_10_23_17_53_01_225 1571871181225 10466 10442 202 99.9544  
2019_10_23_17_53_01_233 1571871181233 10474 10450 210 103.829  
2019_10_23_17_53_01_237 1571871181237 10478 10454 183 90.7585  
2019_10_23_17_53_01_268 1571871181268 10509 10485 162 80.6071  
2019_10_23_17_53_01_273 1571871181273 10514 10490 201 99.4701  
2019_10_23_17_53_01_274 1571871181274 10515 10491 466 228.833  
2019_10_23_17_53_01_294 1571871181294 10535 10510 565 277.694  
2019_10_23_17_53_01_323 1571871181323 10564 10539 552 271.261  
2019_10_23_17_53_01_373 1571871181373 10614 10589 117 58.898  
2019_10_23_17_53_01_401 1571871181401 10642 10617 224 110.616  
2019_10_23_17_53_01_417 1571871181417 10658 10633 114 57.4528  
2019_10_23_17_53_01_526 1571871181526 10767 10742 374 183.687  
2019_10_23_17_53_01_605 1571871181605 10846 10821 174 86.4063  
2019_10_23_17_53_01_609 1571871181609 10850 10825 513 251.993  
2019_10_23_17_53_01_618 1571871181618 10859 10834 645 317.389  
2019_10_23_17_53_01_642 1571871181642 10883 10858 153 76.2605  
2019_10_23_17_53_01_713 1571871181713 10954 10929 189 93.6613  
2019_10_23_17_53_01_725 1571871181725 10966 10941 1149 571.821  
2019_10_23_17_53_01_742 1571871181742 10983 10958 312 153.403  
2019_10_23_17_53_01_749 1571871181749 10990 10965 84 43.016  
2019_10_23_17_53_01_777 1571871181777 11018 10993 422 207.21  
2019_10_23_17_53_01_782 1571871181782 11023 10998 595 292.557  
2019_10_23_17_53_01_847 1571871181847 11088 11063 350 171.951  
2019_10_23_17_53_01_873 1571871181873 11114 11089 541 265.822  
2019_10_23_17_53_01_877 1571871181877 11118 11092 166 82.5397  
2019_10_23_17_53_01_905 1571871181905 11146 11120 164 81.5733  
2019_10_23_17_53_01_913 1571871181913 11154 11128 225 111.1  
2019_10_23_17_53_02_055 1571871182055 11296 11270 407 199.852  
2019_10_23_17_53_02_065 1571871182065 11306 11280 311 152.916  
2019_10_23_17_53_02_095 1571871182095 11336 11310 87 44.4585  
2019_10_23_17_53_02_137 1571871182137 11378 11352 2597 1344.6  
2019_10_23_17_53_02_200 1571871182200 11441 11415 141 70.4687  
2019_10_23_17_53_02_207 1571871182207 11448 11422 629 309.435  
2019_10_23_17_53_02_238 1571871182238 11479 11453 252 124.205  
2019_10_23_17_53_02_277 1571871182277 11518 11492 495 243.116  
2019_10_23_17_53_02_392 1571871182392 11633 11607 321 157.792  
2019_10_23_17_53_02_431 1571871182431 11672 11646 1621 816.91  
2019_10_23_17_53_02_437 1571871182437 11678 11652 82 42.0545  
2019_10_23_17_53_02_453 1571871182453 11694 11668 78 40.1318  
2019_10_23_17_53_02_464 1571871182464 11705 11679 184 91.2422  
2019_10_23_17_53_02_531 1571871182531 11772 11746 547 268.789  
2019_10_23_17_53_02_559 1571871182559 11800 11773 546 268.294  
2019_10_23_17_53_02_627 1571871182627 11868 11841 94 47.8253  
2019_10_23_17_53_02_642 1571871182642 11883 11856 560 275.219  
2019_10_23_17_53_02_763 1571871182763 12004 11977 376 184.666  
2019_10_23_17_53_02_764 1571871182764 12005 11978 135 67.5744  
2019_10_23_17_53_02_797 1571871182797 12038 12011 308 151.453  
2019_10_23_17_53_02_924 1571871182924 12165 12138 452 221.947  
2019_10_23_17_53_02_956 1571871182956 12197 12170 165 82.0565  
2019_10_23_17_53_02_973 1571871182973 12214 12187 199 98.5017  
2019_10_23_17_53_02_975 1571871182975 12216 12189 587 288.591  
2019_10_23_17_53_02_992 1571871182992 12233 12206 108 54.5633  
2019_10_23_17_53_03_046 1571871183046 12287 12260 188 93.1774  
2019_10_23_17_53_03_071 1571871183071 12312 12285 186 92.2098  
2019_10_23_17_53_03_130 1571871183130 12371 12344 2647 1372.39  
2019_10_23_17_53_03_160 1571871183160 12401 12374 583 286.609  
2019_10_23_17_53_03_162 1571871183162 12403 12376 288 141.711  
2019_10_23_17_53_03_200 1571871183200 12441 12414 666 327.841  
2019_10_23_17_53_03_238 1571871183238 12479 12451 198 98.0175  
2019_10_23_17_53_03_248 1571871183248 12489 12461 290 142.685  
2019_10_23_17_53_03_251 1571871183251 12492 12464 236 116.437  
2019_10_23_17_53_03_297 1571871183297 12538 12510 351 172.439  
2019_10_23_17_53_03_299 1571871183299 12540 12512 1072 532.464  
2019_10_23_17_53_03_454 1571871183454 12695 12667 465 228.341  
2019_10_23_17_53_03_610 1571871183610 12851 12823 676 332.822  
2019_10_23_17_53_03_667 1571871183667 12908 12880 963 477.049  
2019_10_23_17_53_03_686 1571871183686 12927 12899 1773 897.24  
2019_10_23_17_53_03_704 1571871183704 12945 12917 523 256.93  
2019_10_23_17_53_03_763 1571871183763 13004 12976 155 77.2262  
2019_10_23_17_53_03_764 1571871183764 13005 12977 249 122.748  
2019_10_23_17_53_03_779 1571871183779 13020 12992 107 54.0818  
2019_10_23_17_53_03_890 1571871183890 13131 13103 413 202.794  
2019_10_23_17_53_03_956 1571871183956 13197 13169 274 134.899  
2019_10_23_17_53_03_958 1571871183958 13199 13171 395 193.97  
2019_10_23_17_53_03_972 1571871183972 13213 13185 336 165.112  
2019_10_23_17_53_04_022 1571871184022 13263 13234 128 64.1991  
2019_10_23_17_53_04_037 1571871184037 13278 13249 290 142.685  
2019_10_23_17_53_04_045 1571871184045 13286 13257 375 184.176  
2019_10_23_17_53_04_061 1571871184061 13302 13273 294 144.633  
2019_10_23_17_53_04_096 1571871184096 13337 13308 333 163.648  
2019_10_23_17_53_04_107 1571871184107 13348 13319 494 242.623  
2019_10_23_17_53_04_135 1571871184135 13376 13347 726 357.773  
2019_10_23_17_53_04_136 1571871184136 13377 13348 125 62.753  
2019_10_23_17_53_04_185 1571871184185 13426 13397 149 74.3294  
2019_10_23_17_53_04_208 1571871184208 13449 13420 187 92.6936  
2019_10_23_17_53_04_217 1571871184217 13458 13429 571 280.664  
2019_10_23_17_53_04_237 1571871184237 13478 13449 1945 988.963  
2019_10_23_17_53_04_242 1571871184242 13483 13454 588 289.087  
2019_10_23_17_53_04_257 1571871184257 13498 13469 109 55.0448  
2019_10_23_17_53_04_311 1571871184311 13552 13523 312 153.403  
2019_10_23_17_53_04_348 1571871184348 13589 13560 572 281.16  
2019_10_23_17_53_04_417 1571871184417 13658 13629 279 137.331  
2019_10_23_17_53_04_429 1571871184429 13670 13640 329 161.696  
2019_10_23_17_53_04_435 1571871184435 13676 13646 162 80.6071  
2019_10_23_17_53_04_443 1571871184443 13684 13654 458 224.897  
2019_10_23_17_53_04_507 1571871184507 13748 13718 486 238.681  
2019_10_23_17_53_04_566 1571871184566 13807 13777 2800 1457.89  
2019_10_23_17_53_04_606 1571871184606 13847 13817 198 98.0175  
2019_10_23_17_53_04_619 1571871184619 13860 13830 221 109.161  
2019_10_23_17_53_04_669 1571871184669 13910 13880 270 132.953  
2019_10_23_17_53_04_678 1571871184678 13919 13889 316 155.354  
2019_10_23_17_53_04_756 1571871184756 13997 13967 1216 606.21  
2019_10_23_17_53_04_761 1571871184761 14002 13972 662 325.849  
2019_10_23_17_53_04_797 1571871184797 14038 14008 4095 2209.31  
2019_10_23_17_53_04_799 1571871184799 14040 14010 1200 597.986  
2019_10_23_17_53_04_882 1571871184882 14123 14093 140 69.9862  
2019_10_23_17_53_04_937 1571871184937 14178 14148 309 151.941  
2019_10_23_17_53_04_953 1571871184953 14194 14164 289 142.198  
2019_10_23_17_53_05_044 1571871185044 14285 14255 479 235.233  
2019_10_23_17_53_05_059 1571871185059 14300 14270 405 198.871  
2019_10_23_17_53_05_137 1571871185137 14378 14347 491 241.144  
2019_10_23_17_53_05_138 1571871185138 14379 14348 1602 806.917  
2019_10_23_17_53_05_181 1571871185181 14422 14391 77 39.6512  
2019_10_23_17_53_05_210 1571871185210 14451 14420 373 183.197  
2019_10_23_17_53_05_223 1571871185223 14464 14433 472 231.786  
2019_10_23_17_53_05_225 1571871185225 14466 14435 282 138.791  
2019_10_23_17_53_05_249 1571871185249 14490 14459 669 329.335  
2019_10_23_17_53_05_254 1571871185254 14495 14464 249 122.748  
2019_10_23_17_53_05_257 1571871185257 14498 14467 110 55.5264  
2019_10_23_17_53_05_291 1571871185291 14532 14501 183 90.7585  
2019_10_23_17_53_05_294 1571871185294 14535 14504 228 112.555  
2019_10_23_17_53_05_302 1571871185302 14543 14512 227 112.07  
2019_10_23_17_53_05_385 1571871185385 14626 14595 161 80.124  
2019_10_23_17_53_05_448 1571871185448 14689 14658 183 90.7585  
2019_10_23_17_53_05_450 1571871185450 14691 14660 259 127.606  
2019_10_23_17_53_05_457 1571871185457 14698 14667 127 63.717  
2019_10_23_17_53_05_514 1571871185514 14755 14724 617 303.474  
2019_10_23_17_53_05_571 1571871185571 14812 14780 1270 634.023  
2019_10_23_17_53_05_615 1571871185615 14856 14824 100 50.7123  
2019_10_23_17_53_05_616 1571871185616 14857 14825 1327 663.475  
2019_10_23_17_53_05_638 1571871185638 14879 14847 287 141.224  
2019_10_23_17_53_05_645 1571871185645 14886 14854 642 315.897  
2019_10_23_17_53_05_655 1571871185655 14896 14864 548 269.283  
2019_10_23_17_53_05_677 1571871185677 14918 14886 356 174.883  
2019_10_23_17_53_05_682 1571871185682 14923 14891 619 304.467  
2019_10_23_17_53_05_689 1571871185689 14930 14898 332 163.16  
2019_10_23_17_53_05_698 1571871185698 14939 14907 72 37.2487  
2019_10_23_17_53_05_762 1571871185762 15003 14971 178 88.3403  
