2019_10_23_16_42_10_930 /home/raspion_user/data/Beacon_Background.sp 18847  300.004  298.908 2.734449 0.478300  0.000014786
   2.734 0
   3.213 0
   3.691 0
   4.169 0
   4.648 0
   5.126 0
   5.605 0
   6.083 0
   6.562 0
   7.040 0
   7.519 0
   7.998 0
   8.476 0
   8.955 0
   9.434 0
   9.912 0
  10.391 0
  10.870 0
  11.349 0
  11.827 0
  12.306 0
  12.785 0
  13.264 0
  13.743 0
  14.222 0
  14.701 0
  15.180 0
  15.659 0
  16.138 0
  16.618 0
  17.097 0
  17.576 0
  18.055 0
  18.534 0
  19.014 0
  19.493 0
  19.972 0
  20.452 0
  20.931 0
  21.411 0
  21.890 0
  22.370 3
  22.849 0
  23.329 0
  23.808 0
  24.288 0
  24.768 0
  25.247 3
  25.727 2
  26.207 2
  26.686 1
  27.166 2
  27.646 2
  28.126 2
  28.606 4
  29.086 3
  29.566 3
  30.046 2
  30.526 1
  31.006 3
  31.486 4
  31.966 3
  32.446 2
  32.926 6
  33.406 5
  33.886 7
  34.367 10
  34.847 8
  35.327 8
  35.808 8
  36.288 9
  36.768 7
  37.249 7
  37.729 9
  38.210 12
  38.690 10
  39.171 13
  39.651 8
  40.132 11
  40.612 11
  41.093 14
  41.574 9
  42.054 12
  42.535 19
  43.016 9
  43.497 14
  43.978 9
  44.458 9
  44.939 12
  45.420 14
  45.901 12
  46.382 7
  46.863 12
  47.344 10
  47.825 6
  48.306 13
  48.788 15
  49.269 8
  49.750 12
  50.231 14
  50.712 12
  51.194 10
  51.675 10
  52.156 12
  52.638 10
  53.119 11
  53.600 17
  54.082 8
  54.563 12
  55.045 17
  55.526 18
  56.008 10
  56.490 19
  56.971 15
  57.453 13
  57.934 10
  58.416 21
  58.898 13
  59.380 13
  59.862 17
  60.343 19
  60.825 26
  61.307 24
  61.789 16
  62.271 12
  62.753 24
  63.235 24
  63.717 24
  64.199 9
  64.681 27
  65.163 27
  65.645 16
  66.128 18
  66.610 26
  67.092 34
  67.574 23
  68.057 34
  68.539 34
  69.021 35
  69.504 24
  69.986 31
  70.469 28
  70.951 31
  71.434 32
  71.916 28
  72.399 26
  72.881 27
  73.364 42
  73.847 29
  74.329 36
  74.812 35
  75.295 34
  75.778 26
  76.260 33
  76.743 37
  77.226 50
  77.709 36
  78.192 36
  78.675 42
  79.158 51
  79.641 43
  80.124 41
  80.607 52
  81.090 49
  81.573 44
  82.056 40
  82.540 43
  83.023 45
  83.506 43
  83.989 46
  84.473 53
  84.956 42
  85.439 60
  85.923 56
  86.406 42
  86.890 37
  87.373 39
  87.857 48
  88.340 54
  88.824 59
  89.308 42
  89.791 62
  90.275 52
  90.759 42
  91.242 51
  91.726 52
  92.210 53
  92.694 62
  93.177 47
  93.661 38
  94.145 49
  94.629 34
  95.113 56
  95.597 49
  96.081 55
  96.565 51
  97.049 44
  97.533 56
  98.018 39
  98.502 41
  98.986 54
  99.470 58
  99.954 55
 100.439 41
 100.923 41
 101.407 55
 101.892 51
 102.376 39
 102.861 37
 103.345 51
 103.829 44
 104.314 52
 104.799 55
 105.283 53
 105.768 59
 106.252 47
 106.737 51
 107.222 46
 107.707 42
 108.191 56
 108.676 48
 109.161 48
 109.646 45
 110.131 54
 110.616 53
 111.100 44
 111.585 53
 112.070 59
 112.555 38
 113.041 55
 113.526 52
 114.011 52
 114.496 51
 114.981 38
 115.466 50
 115.951 41
 116.437 56
 116.922 51
 117.407 56
 117.893 53
 118.378 39
 118.864 41
 119.349 41
 119.834 48
 120.320 39
 120.805 53
 121.291 49
 121.777 53
 122.262 46
 122.748 49
 123.234 46
 123.719 41
 124.205 49
 124.691 46
 125.177 42
 125.662 49
 126.148 47
 126.634 54
 127.120 34
 127.606 43
 128.092 51
 128.578 38
 129.064 57
 129.550 49
 130.036 49
 130.522 42
 131.008 46
 131.495 39
 131.981 46
 132.467 51
 132.953 45
 133.440 39
 133.926 46
 134.412 36
 134.899 45
 135.385 40
 135.872 39
 136.358 31
 136.845 42
 137.331 38
 137.818 43
 138.304 43
 138.791 42
 139.278 37
 139.764 46
 140.251 43
 140.738 46
 141.224 37
 141.711 32
 142.198 40
 142.685 53
 143.172 52
 143.659 42
 144.146 40
 144.633 49
 145.120 33
 145.607 46
 146.094 26
 146.581 37
 147.068 40
 147.555 29
 148.042 47
 148.530 31
 149.017 29
 149.504 37
 149.991 42
 150.479 40
 150.966 37
 151.453 44
 151.941 42
 152.428 31
 152.916 30
 153.403 36
 153.891 28
 154.378 41
 154.866 29
 155.354 35
 155.841 36
 156.329 41
 156.817 36
 157.305 33
 157.792 31
 158.280 41
 158.768 37
 159.256 51
 159.744 49
 160.232 40
 160.720 35
 161.208 38
 161.696 44
 162.184 27
 162.672 43
 163.160 31
 163.648 32
 164.136 27
 164.624 21
 165.112 26
 165.601 35
 166.089 33
 166.577 31
 167.066 18
 167.554 39
 168.042 30
 168.531 26
 169.019 30
 169.508 28
 169.996 27
 170.485 30
 170.973 33
 171.462 38
 171.951 35
 172.439 26
 172.928 27
 173.417 35
 173.906 24
 174.394 29
 174.883 27
 175.372 36
 175.861 32
 176.350 24
 176.839 32
 177.328 24
 177.817 30
 178.306 24
 178.795 26
 179.284 35
 179.773 21
 180.262 17
 180.751 24
 181.240 28
 181.730 25
 182.219 30
 182.708 26
 183.197 29
 183.687 23
 184.176 26
 184.666 21
 185.155 30
 185.644 24
 186.134 25
 186.624 31
 187.113 24
 187.603 21
 188.092 29
 188.582 31
 189.072 30
 189.561 33
 190.051 21
 190.541 22
 191.031 26
 191.520 24
 192.010 17
 192.500 30
 192.990 21
 193.480 19
 193.970 23
 194.460 19
 194.950 22
 195.440 30
 195.930 20
 196.420 17
 196.910 29
 197.400 21
 197.891 32
 198.381 26
 198.871 23
 199.361 25
 199.852 33
 200.342 17
 200.833 28
 201.323 34
 201.813 25
 202.304 19
 202.794 21
 203.285 32
 203.775 21
 204.266 25
 204.757 18
 205.247 19
 205.738 21
 206.229 16
 206.719 25
 207.210 17
 207.701 23
 208.192 23
 208.683 33
 209.173 20
 209.664 20
 210.155 22
 210.646 24
 211.137 22
 211.628 16
 212.119 24
 212.611 18
 213.102 18
 213.593 22
 214.084 19
 214.575 19
 215.066 25
 215.558 17
 216.049 13
 216.540 13
 217.032 22
 217.523 23
 218.014 25
 218.506 27
 218.997 17
 219.489 23
 219.980 24
 220.472 20
 220.964 13
 221.455 17
 221.947 20
 222.439 17
 222.930 17
 223.422 19
 223.914 19
 224.406 20
 224.897 18
 225.389 19
 225.881 15
 226.373 17
 226.865 24
 227.357 14
 227.849 22
 228.341 18
 228.833 12
 229.325 19
 229.817 12
 230.309 16
 230.802 14
 231.294 21
 231.786 18
 232.278 22
 232.771 21
 233.263 23
 233.755 20
 234.248 19
 234.740 22
 235.233 18
 235.725 18
 236.218 17
 236.710 21
 237.203 22
 237.695 17
 238.188 19
 238.681 20
 239.173 12
 239.666 12
 240.159 16
 240.651 20
 241.144 12
 241.637 17
 242.130 14
 242.623 10
 243.116 16
 243.609 16
 244.102 18
 244.595 14
 245.088 23
 245.581 15
 246.074 21
 246.567 24
 247.060 22
 247.553 12
 248.047 21
 248.540 6
 249.033 19
 249.527 21
 250.020 17
 250.513 14
 251.007 12
 251.500 12
 251.993 12
 252.487 17
 252.980 28
 253.474 14
 253.968 17
 254.461 16
 254.955 19
 255.449 13
 255.942 19
 256.436 14
 256.930 19
 257.423 18
 257.917 13
 258.411 13
 258.905 12
 259.399 13
 259.893 18
 260.387 12
 260.881 15
 261.375 12
 261.869 16
 262.363 24
 262.857 12
 263.351 9
 263.845 9
 264.339 16
 264.834 13
 265.328 10
 265.822 11
 266.317 11
 266.811 13
 267.305 7
 267.800 15
 268.294 13
 268.789 14
 269.283 14
 269.778 17
 270.272 13
 270.767 12
 271.261 7
 271.756 13
 272.251 6
 272.745 11
 273.240 8
 273.735 13
 274.230 17
 274.724 13
 275.219 11
 275.714 12
 276.209 9
 276.704 20
 277.199 14
 277.694 5
 278.189 13
 278.684 19
 279.179 14
 279.674 11
 280.169 6
 280.664 12
 281.160 6
 281.655 12
 282.150 8
 282.645 11
 283.141 11
 283.636 8
 284.132 13
 284.627 7
 285.122 9
 285.618 9
 286.113 9
 286.609 15
 287.104 8
 287.600 8
 288.096 11
 288.591 6
 289.087 6
 289.583 8
 290.078 5
 290.574 7
 291.070 8
 291.566 15
 292.062 14
 292.557 7
 293.053 9
 293.549 7
 294.045 6
 294.541 9
 295.037 12
 295.533 7
 296.029 7
 296.526 16
 297.022 3
 297.518 6
 298.014 9
 298.510 9
 299.007 8
 299.503 11
 299.999 15
 300.496 6
 300.992 13
 301.488 7
 301.985 5
 302.481 11
 302.978 7
 303.474 7
 303.971 9
 304.467 8
 304.964 8
 305.461 7
 305.957 12
 306.454 17
 306.951 8
 307.448 7
 307.944 12
 308.441 6
 308.938 11
 309.435 7
 309.932 10
 310.429 6
 310.926 8
 311.423 7
 311.920 7
 312.417 8
 312.914 7
 313.411 8
 313.908 7
 314.405 6
 314.903 10
 315.400 8
 315.897 12
 316.394 8
 316.892 7
 317.389 4
 317.887 7
 318.384 10
 318.881 3
 319.379 9
 319.876 6
 320.374 8
 320.872 9
 321.369 7
 321.867 11
 322.364 9
 322.862 6
 323.360 10
 323.858 8
 324.355 9
 324.853 5
 325.351 6
 325.849 4
 326.347 9
 326.845 10
 327.343 6
 327.841 2
 328.339 9
 328.837 5
 329.335 6
 329.833 1
 330.331 3
 330.829 5
 331.327 4
 331.825 7
 332.324 8
 332.822 9
 333.320 4
 333.819 8
 334.317 5
 334.815 7
 335.314 8
 335.812 4
 336.311 10
 336.809 3
 337.308 6
 337.806 7
 338.305 2
 338.804 5
 339.302 10
 339.801 5
 340.300 9
 340.798 9
 341.297 9
 341.796 3
 342.295 6
 342.794 4
 343.293 4
 343.792 6
 344.290 6
 344.789 3
 345.288 7
 345.788 9
 346.287 12
 346.786 5
 347.285 8
 347.784 8
 348.283 4
 348.782 10
 349.282 5
 349.781 8
 350.280 5
 350.780 4
 351.279 6
 351.778 8
 352.278 8
 352.777 6
 353.277 7
 353.776 6
 354.276 5
 354.775 9
 355.275 2
 355.775 7
 356.274 6
 356.774 8
 357.274 4
 357.773 7
 358.273 9
 358.773 6
 359.273 10
 359.773 15
 360.273 5
 360.773 5
 361.273 6
 361.773 4
 362.273 4
 362.773 15
 363.273 2
 363.773 10
 364.273 6
 364.773 6
 365.273 8
 365.774 6
 366.274 4
 366.774 4
 367.274 6
 367.775 9
 368.275 7
 368.776 6
 369.276 7
 369.776 3
 370.277 6
 370.777 9
 371.278 5
 371.779 4
 372.279 8
 372.780 5
 373.280 7
 373.781 5
 374.282 6
 374.783 6
 375.283 5
 375.784 4
 376.285 4
 376.786 6
 377.287 3
 377.788 4
 378.289 5
 378.790 4
 379.291 3
 379.792 3
 380.293 5
 380.794 5
 381.295 3
 381.796 8
 382.298 2
 382.799 1
 383.300 7
 383.801 2
 384.303 5
 384.804 5
 385.305 2
 385.807 4
 386.308 6
 386.810 5
 387.311 2
 387.813 5
 388.314 2
 388.816 5
 389.318 7
 389.819 8
 390.321 3
 390.823 5
 391.324 10
 391.826 3
 392.328 6
 392.830 2
 393.332 3
 393.833 3
 394.335 4
 394.837 5
 395.339 5
 395.841 5
 396.343 3
 396.845 5
 397.347 5
 397.850 5
 398.352 4
 398.854 6
 399.356 3
 399.858 6
 400.361 1
 400.863 4
 401.365 2
 401.868 3
 402.370 6
 402.872 3
 403.375 3
 403.877 5
 404.380 5
 404.882 3
 405.385 1
 405.888 3
 406.390 6
 406.893 4
 407.395 5
 407.898 3
 408.401 7
 408.904 5
 409.406 3
 409.909 4
 410.412 6
 410.915 4
 411.418 1
 411.921 3
 412.424 3
 412.927 2
 413.430 6
 413.933 2
 414.436 2
 414.939 7
 415.442 3
 415.946 3
 416.449 1
 416.952 3
 417.455 7
 417.959 1
 418.462 3
 418.965 3
 419.469 3
 419.972 3
 420.476 6
 420.979 5
 421.483 4
 421.986 6
 422.490 5
 422.993 4
 423.497 2
 424.001 4
 424.504 3
 425.008 6
 425.512 3
 426.015 4
 426.519 5
 427.023 2
 427.527 3
 428.031 2
 428.535 4
 429.039 5
 429.543 4
 430.047 2
 430.551 1
 431.055 1
 431.559 3
 432.063 3
 432.567 5
 433.071 1
 433.576 0
 434.080 3
 434.584 2
 435.088 1
 435.593 1
 436.097 7
 436.602 0
 437.106 2
 437.610 5
 438.115 6
 438.619 5
 439.124 6
 439.629 7
 440.133 2
 440.638 2
 441.142 10
 441.647 2
 442.152 0
 442.657 4
 443.161 7
 443.666 1
 444.171 1
 444.676 3
 445.181 2
 445.686 4
 446.191 3
 446.696 3
 447.201 4
 447.706 2
 448.211 4
 448.716 3
 449.221 4
 449.726 5
 450.231 3
 450.737 4
 451.242 2
 451.747 3
 452.253 1
 452.758 3
 453.263 7
 453.769 4
 454.274 4
 454.780 5
 455.285 1
 455.791 3
 456.296 4
 456.802 2
 457.307 1
 457.813 4
 458.319 2
 458.824 4
 459.330 4
 459.836 4
 460.342 4
 460.847 1
 461.353 3
 461.859 3
 462.365 4
 462.871 0
 463.377 0
 463.883 3
 464.389 1
 464.895 2
 465.401 2
 465.907 0
 466.413 4
 466.920 3
 467.426 6
 467.932 5
 468.438 3
 468.944 0
 469.451 2
 469.957 4
 470.464 3
 470.970 2
 471.476 2
 471.983 2
 472.489 1
 472.996 0
 473.502 3
 474.009 0
 474.516 2
 475.022 7
 475.529 6
 476.036 2
 476.542 3
 477.049 5
 477.556 3
 478.063 5
 478.570 7
 479.076 6
 479.583 2
 480.090 4
 480.597 2
 481.104 2
 481.611 3
 482.118 1
 482.625 3
 483.133 2
 483.640 3
 484.147 3
 484.654 3
 485.161 3
 485.669 3
 486.176 5
 486.683 3
 487.191 3
 487.698 3
 488.205 1
 488.713 0
 489.220 3
 489.728 2
 490.235 3
 490.743 4
 491.251 1
 491.758 2
 492.266 3
 492.773 2
 493.281 2
 493.789 4
 494.297 4
 494.804 0
 495.312 3
 495.820 1
 496.328 0
 496.836 2
 497.344 3
 497.852 1
 498.360 2
 498.868 1
 499.376 1
 499.884 1
 500.392 1
 500.900 2
 501.409 2
 501.917 3
 502.425 2
 502.933 3
 503.442 1
 503.950 0
 504.458 3
 504.967 4
 505.475 1
 505.983 3
 506.492 2
 507.000 2
 507.509 3
 508.018 1
 508.526 2
 509.035 1
 509.543 3
 510.052 3
 510.561 1
 511.070 4
 511.578 3
 512.087 6
 512.596 1
 513.105 3
 513.614 1
 514.123 1
 514.632 1
 515.141 3
 515.650 2
 516.159 0
 516.668 2
 517.177 4
 517.686 0
 518.195 1
 518.704 2
 519.214 1
 519.723 3
 520.232 2
 520.741 4
 521.251 3
 521.760 0
 522.269 2
 522.779 2
 523.288 5
 523.798 3
 524.307 0
 524.817 1
 525.326 2
 525.836 3
 526.346 0
 526.855 2
 527.365 1
 527.875 3
 528.384 0
 528.894 2
 529.404 0
 529.914 2
 530.424 2
 530.934 3
 531.444 1
 531.954 0
 532.464 0
 532.974 2
 533.484 2
 533.994 0
 534.504 3
 535.014 3
 535.524 7
 536.034 2
 536.544 2
 537.055 2
 537.565 5
 538.075 4
 538.586 5
 539.096 5
 539.606 2
 540.117 2
 540.627 3
 541.138 2
 541.648 2
 542.159 2
 542.669 3
 543.180 1
 543.691 2
 544.201 1
 544.712 1
 545.223 2
 545.734 1
 546.244 1
 546.755 2
 547.266 2
 547.777 4
 548.288 1
 548.799 3
 549.310 2
 549.821 2
 550.332 1
 550.843 2
 551.354 2
 551.865 7
 552.376 4
 552.887 1
 553.398 0
 553.910 1
 554.421 1
 554.932 3
 555.444 4
 555.955 1
 556.466 4
 556.978 6
 557.489 1
 558.001 2
 558.512 2
 559.024 2
 559.535 1
 560.047 0
 560.558 2
 561.070 2
 561.582 3
 562.093 2
 562.605 3
 563.117 1
 563.629 1
 564.140 2
 564.652 5
 565.164 3
 565.676 2
 566.188 2
 566.700 0
 567.212 3
 567.724 3
 568.236 1
 568.748 3
 569.260 2
 569.772 0
 570.285 2
 570.797 2
 571.309 0
 571.821 1
 572.334 6
 572.846 5
 573.358 1
 573.871 1
 574.383 4
 574.895 1
 575.408 0
 575.920 1
 576.433 1
 576.945 4
 577.458 1
 577.971 2
 578.483 0
 578.996 2
 579.509 4
 580.021 1
 580.534 3
 581.047 5
 581.560 3
 582.073 1
 582.586 0
 583.099 3
 583.611 0
 584.124 1
 584.637 1
 585.150 1
 585.664 4
 586.177 2
 586.690 2
 587.203 2
 587.716 1
 588.229 0
 588.743 2
 589.256 2
 589.769 3
 590.282 3
 590.796 1
 591.309 2
 591.823 1
 592.336 1
 592.849 3
 593.363 2
 593.877 1
 594.390 3
 594.904 3
 595.417 1
 595.931 3
 596.445 0
 596.958 2
 597.472 0
 597.986 3
 598.500 2
 599.013 1
 599.527 5
 600.041 2
 600.555 2
 601.069 1
 601.583 4
 602.097 5
 602.611 2
 603.125 3
 603.639 3
 604.153 2
 604.668 3
 605.182 0
 605.696 1
 606.210 2
 606.724 3
 607.239 3
 607.753 2
 608.267 3
 608.782 3
 609.296 1
 609.811 1
 610.325 2
 610.840 2
 611.354 2
 611.869 3
 612.383 2
 612.898 2
 613.413 1
 613.927 0
 614.442 2
 614.957 1
 615.472 4
 615.986 2
 616.501 1
 617.016 5
 617.531 1
 618.046 3
 618.561 5
 619.076 6
 619.591 0
 620.106 2
 620.621 3
 621.136 1
 621.651 1
 622.166 2
 622.682 1
 623.197 2
 623.712 5
 624.227 0
 624.743 4
 625.258 2
 625.773 1
 626.289 4
 626.804 2
 627.320 1
 627.835 1
 628.351 3
 628.866 3
 629.382 2
 629.897 2
 630.413 1
 630.929 2
 631.444 3
 631.960 0
 632.476 4
 632.992 2
 633.507 2
 634.023 1
 634.539 0
 635.055 3
 635.571 3
 636.087 2
 636.603 5
 637.119 3
 637.635 4
 638.151 1
 638.667 2
 639.183 3
 639.700 5
 640.216 2
 640.732 4
 641.248 4
 641.764 2
 642.281 0
 642.797 1
 643.313 4
 643.830 3
 644.346 0
 644.863 0
 645.379 3
 645.896 2
 646.412 1
 646.929 2
 647.446 3
 647.962 1
 648.479 1
 648.996 2
 649.512 1
 650.029 1
 650.546 0
 651.063 1
 651.579 0
 652.096 2
 652.613 1
 653.130 2
 653.647 0
 654.164 1
 654.681 1
 655.198 2
 655.715 1
 656.232 1
 656.750 1
 657.267 1
 657.784 0
 658.301 2
 658.818 1
 659.336 3
 659.853 1
 660.370 1
 660.888 1
 661.405 0
 661.923 2
 662.440 0
 662.958 2
 663.475 3
 663.993 2
 664.510 0
 665.028 4
 665.546 1
 666.063 0
 666.581 3
 667.099 0
 667.616 1
 668.134 4
 668.652 2
 669.170 2
 669.688 3
 670.206 0
 670.724 2
 671.242 2
 671.760 2
 672.278 3
 672.796 2
 673.314 1
 673.832 1
 674.350 1
 674.868 0
 675.386 1
 675.905 2
 676.423 3
 676.941 2
 677.460 0
 677.978 3
 678.496 0
 679.015 1
 679.533 0
 680.052 0
 680.570 1
 681.089 3
 681.607 3
 682.126 1
 682.644 2
 683.163 1
 683.682 1
 684.200 2
 684.719 1
 685.238 2
 685.757 1
 686.276 1
 686.794 2
 687.313 1
 687.832 2
 688.351 1
 688.870 2
 689.389 0
 689.908 0
 690.427 3
 690.946 1
 691.465 2
 691.985 1
 692.504 0
 693.023 1
 693.542 0
 694.062 1
 694.581 1
 695.100 1
 695.620 3
 696.139 1
 696.658 1
 697.178 3
 697.697 2
 698.217 2
 698.736 0
 699.256 2
 699.775 0
 700.295 3
 700.815 2
 701.334 1
 701.854 1
 702.374 3
 702.894 3
 703.413 0
 703.933 0
 704.453 2
 704.973 0
 705.493 1
 706.013 1
 706.533 0
 707.053 0
 707.573 1
 708.093 4
 708.613 2
 709.133 2
 709.653 1
 710.174 3
 710.694 2
 711.214 2
 711.734 1
 712.255 2
 712.775 1
 713.295 0
 713.816 2
 714.336 0
 714.857 2
 715.377 2
 715.898 1
 716.418 1
 716.939 1
 717.459 2
 717.980 1
 718.501 1
 719.021 1
 719.542 4
 720.063 0
 720.584 3
 721.104 1
 721.625 1
 722.146 2
 722.667 2
 723.188 1
 723.709 1
 724.230 2
 724.751 4
 725.272 1
 725.793 1
 726.314 1
 726.835 3
 727.356 3
 727.878 2
 728.399 0
 728.920 4
 729.441 1
 729.963 1
 730.484 0
 731.005 2
 731.527 1
 732.048 2
 732.570 1
 733.091 0
 733.613 0
 734.134 1
 734.656 1
 735.177 0
 735.699 3
 736.221 1
 736.742 2
 737.264 1
 737.786 1
 738.308 1
 738.829 0
 739.351 1
 739.873 1
 740.395 2
 740.917 1
 741.439 3
 741.961 1
 742.483 1
 743.005 3
 743.527 1
 744.049 0
 744.571 4
 745.094 1
 745.616 0
 746.138 0
 746.660 2
 747.183 2
 747.705 0
 748.227 2
 748.750 0
 749.272 1
 749.794 0
 750.317 2
 750.839 1
 751.362 2
 751.884 0
 752.407 2
 752.930 1
 753.452 0
 753.975 1
 754.498 3
 755.020 2
 755.543 0
 756.066 3
 756.589 1
 757.112 0
 757.634 0
 758.157 2
 758.680 2
 759.203 2
 759.726 1
 760.249 1
 760.772 0
 761.295 1
 761.819 1
 762.342 1
 762.865 5
 763.388 1
 763.911 1
 764.435 1
 764.958 2
 765.481 1
 766.005 1
 766.528 1
 767.051 2
 767.575 1
 768.098 0
 768.622 2
 769.145 1
 769.669 0
 770.192 0
 770.716 0
 771.240 3
 771.763 1
 772.287 1
 772.811 1
 773.335 3
 773.858 1
 774.382 0
 774.906 4
 775.430 0
 775.954 0
 776.478 0
 777.002 3
 777.526 5
 778.050 2
 778.574 1
 779.098 2
 779.622 0
 780.146 2
 780.670 1
 781.195 2
 781.719 2
 782.243 2
 782.767 0
 783.292 0
 783.816 2
 784.341 1
 784.865 0
 785.389 2
 785.914 1
 786.438 1
 786.963 0
 787.487 1
 788.012 5
 788.537 3
 789.061 2
 789.586 1
 790.111 2
 790.635 0
 791.160 0
 791.685 2
 792.210 1
 792.735 4
 793.260 2
 793.785 0
 794.309 2
 794.834 0
 795.359 2
 795.885 1
 796.410 3
 796.935 2
 797.460 3
 797.985 2
 798.510 2
 799.035 1
 799.561 0
 800.086 2
 800.611 0
 801.137 3
 801.662 0
 802.187 0
 802.713 0
 803.238 1
 803.764 2
 804.289 1
 804.815 0
 805.340 0
 805.866 1
 806.391 2
 806.917 1
 807.443 2
 807.969 1
 808.494 1
 809.020 0
 809.546 1
 810.072 0
 810.598 1
 811.123 0
 811.649 0
 812.175 1
 812.701 0
 813.227 0
 813.753 0
 814.279 1
 814.806 0
 815.332 0
 815.858 1
 816.384 0
 816.910 1
 817.437 1
 817.963 1
 818.489 1
 819.015 2
 819.542 0
 820.068 3
 820.595 1
 821.121 0
 821.648 2
 822.174 0
 822.701 3
 823.227 0
 823.754 0
 824.280 2
 824.807 1
 825.334 0
 825.861 0
 826.387 3
 826.914 0
 827.441 0
 827.968 1
 828.495 1
 829.021 2
 829.548 1
 830.075 1
 830.602 2
 831.129 1
 831.656 1
 832.184 0
 832.711 1
 833.238 0
 833.765 0
 834.292 2
 834.819 1
 835.347 1
 835.874 1
 836.401 0
 836.929 1
 837.456 1
 837.983 0
 838.511 0
 839.038 1
 839.566 0
 840.093 1
 840.621 0
 841.148 1
 841.676 0
 842.204 1
 842.731 0
 843.259 0
 843.787 3
 844.314 4
 844.842 1
 845.370 2
 845.898 0
 846.426 0
 846.954 1
 847.482 0
 848.010 3
 848.538 1
 849.066 3
 849.594 0
 850.122 0
 850.650 0
 851.178 2
 851.706 1
 852.234 0
 852.763 2
 853.291 1
 853.819 0
 854.347 0
 854.876 2
 855.404 1
 855.933 2
 856.461 1
 856.990 0
 857.518 1
 858.047 1
 858.575 1
 859.104 1
 859.632 3
 860.161 2
 860.690 0
 861.218 1
 861.747 2
 862.276 0
 862.805 0
 863.333 1
 863.862 1
 864.391 2
 864.920 2
 865.449 1
 865.978 0
 866.507 1
 867.036 2
 867.565 2
 868.094 0
 868.623 1
 869.152 5
 869.682 0
 870.211 0
 870.740 1
 871.269 0
 871.799 2
 872.328 2
 872.857 3
 873.387 3
 873.916 0
 874.446 0
 874.975 0
 875.505 1
 876.034 1
 876.564 0
 877.093 1
 877.623 0
 878.153 1
 878.682 0
 879.212 2
 879.742 2
 880.271 0
 880.801 0
 881.331 1
 881.861 0
 882.391 1
 882.921 0
 883.451 2
 883.981 0
 884.511 0
 885.041 0
 885.571 1
 886.101 0
 886.631 2
 887.161 1
 887.691 0
 888.221 0
 888.752 0
 889.282 1
 889.812 0
 890.343 1
 890.873 0
 891.403 2
 891.934 0
 892.464 2
 892.995 4
 893.525 0
 894.056 0
 894.586 1
 895.117 1
 895.648 0
 896.178 2
 896.709 0
 897.240 0
 897.770 0
 898.301 0
 898.832 1
 899.363 0
 899.894 1
 900.425 0
 900.955 0
 901.486 0
 902.017 0
 902.548 1
 903.079 2
 903.611 0
 904.142 3
 904.673 2
 905.204 3
 905.735 1
 906.266 1
 906.798 0
 907.329 1
 907.860 2
 908.391 0
 908.923 0
 909.454 1
 909.986 0
 910.517 2
 911.049 2
 911.580 0
 912.112 1
 912.643 2
 913.175 2
 913.706 0
 914.238 2
 914.770 0
 915.302 1
 915.833 0
 916.365 3
 916.897 2
 917.429 1
 917.961 2
 918.492 0
 919.024 0
 919.556 2
 920.088 0
 920.620 0
 921.152 1
 921.684 1
 922.217 0
 922.749 1
 923.281 2
 923.813 0
 924.345 0
 924.878 1
 925.410 2
 925.942 0
 926.475 0
 927.007 1
 927.539 0
 928.072 0
 928.604 3
 929.137 0
 929.669 1
 930.202 1
 930.734 1
 931.267 0
 931.800 0
 932.332 1
 932.865 1
 933.398 3
 933.930 0
 934.463 2
 934.996 2
 935.529 0
 936.062 1
 936.595 0
 937.128 2
 937.661 0
 938.194 0
 938.727 1
 939.260 1
 939.793 1
 940.326 0
 940.859 0
 941.392 1
 941.925 1
 942.459 0
 942.992 2
 943.525 2
 944.058 3
 944.592 1
 945.125 1
 945.659 1
 946.192 0
 946.725 1
 947.259 1
 947.792 0
 948.326 1
 948.860 1
 949.393 1
 949.927 1
 950.460 2
 950.994 0
 951.528 2
 952.062 1
 952.595 2
 953.129 1
 953.663 0
 954.197 1
 954.731 1
 955.265 4
 955.799 0
 956.333 1
 956.867 0
 957.401 0
 957.935 0
 958.469 1
 959.003 1
 959.537 0
 960.072 0
 960.606 1
 961.140 2
 961.674 1
 962.209 1
 962.743 1
 963.278 2
 963.812 1
 964.346 2
 964.881 0
 965.415 0
 965.950 1
 966.484 1
 967.019 1
 967.554 0
 968.088 2
 968.623 2
 969.158 3
 969.692 1
 970.227 2
 970.762 0
 971.297 0
 971.832 0
 972.367 1
 972.901 0
 973.436 1
 973.971 2
 974.506 2
 975.041 1
 975.576 1
 976.112 1
 976.647 1
 977.182 1
 977.717 0
 978.252 1
 978.787 2
 979.323 3
 979.858 1
 980.393 1
 980.929 0
 981.464 4
 982.000 0
 982.535 0
 983.070 1
 983.606 1
 984.141 0
 984.677 2
 985.213 1
 985.748 0
 986.284 2
 986.820 0
 987.355 1
 987.891 1
 988.427 3
 988.963 0
 989.498 2
 990.034 0
 990.570 1
 991.106 1
 991.642 1
 992.178 1
 992.714 4
 993.250 0
 993.786 1
 994.322 0
 994.858 1
 995.395 1
 995.931 0
 996.467 1
 997.003 1
 997.539 0
 998.076 0
 998.612 2
 999.148 0
 999.685 0
1000.221 1
1000.758 0
1001.294 0
1001.831 0
1002.367 0
1002.904 1
1003.440 1
1003.977 0
1004.514 3
1005.050 0
1005.587 2
1006.124 0
1006.661 2
1007.197 0
1007.734 2
1008.271 1
1008.808 0
1009.345 0
1009.882 1
1010.419 1
1010.956 0
1011.493 1
1012.030 1
1012.567 1
1013.104 0
1013.641 0
1014.179 1
1014.716 0
1015.253 1
1015.790 1
1016.328 1
1016.865 0
1017.402 0
1017.940 2
1018.477 0
1019.015 0
1019.552 0
1020.090 0
1020.627 2
1021.165 1
1021.702 1
1022.240 1
1022.778 1
1023.315 1
1023.853 0
1024.391 1
1024.929 0
1025.467 0
1026.004 0
1026.542 1
1027.080 0
1027.618 2
1028.156 1
1028.694 1
1029.232 0
1029.770 0
1030.308 0
1030.846 0
1031.384 0
1031.923 0
1032.461 1
1032.999 2
1033.537 1
1034.076 0
1034.614 1
1035.152 1
1035.691 0
1036.229 0
1036.767 0
1037.306 0
1037.844 0
1038.383 0
1038.921 0
1039.460 1
1039.999 1
1040.537 1
1041.076 1
1041.615 1
1042.153 0
1042.692 1
1043.231 1
1043.770 1
1044.309 1
1044.847 0
1045.386 0
1045.925 0
1046.464 0
1047.003 0
1047.542 1
1048.081 0
1048.620 1
1049.160 0
1049.699 0
1050.238 2
1050.777 1
1051.316 0
1051.856 0
1052.395 0
1052.934 1
1053.474 0
1054.013 1
1054.552 0
1055.092 0
1055.631 1
1056.171 0
1056.710 0
1057.250 2
1057.789 1
1058.329 0
1058.869 0
1059.408 1
1059.948 0
1060.488 1
1061.028 0
1061.567 3
1062.107 0
1062.647 0
1063.187 0
1063.727 1
1064.267 3
1064.807 0
1065.347 1
1065.887 0
1066.427 1
1066.967 1
1067.507 1
1068.047 1
1068.587 0
1069.128 1
1069.668 0
1070.208 0
1070.748 0
1071.289 1
1071.829 0
1072.369 1
1072.910 1
1073.450 0
1073.991 2
1074.531 1
1075.072 1
1075.612 1
1076.153 1
1076.694 1
1077.234 1
1077.775 1
1078.316 0
1078.856 1
1079.397 1
1079.938 0
1080.479 1
1081.020 1
1081.560 0
1082.101 0
1082.642 0
1083.183 0
1083.724 1
1084.265 0
1084.806 2
1085.348 1
1085.889 2
1086.430 1
1086.971 1
1087.512 0
1088.053 1
1088.595 0
1089.136 0
1089.677 0
1090.219 1
1090.760 0
1091.301 3
1091.843 0
1092.384 0
1092.926 1
1093.467 1
1094.009 0
1094.551 1
1095.092 0
1095.634 0
1096.176 0
1096.717 2
1097.259 0
1097.801 0
1098.343 1
1098.884 0
1099.426 0
1099.968 1
1100.510 0
1101.052 2
1101.594 0
1102.136 1
1102.678 2
1103.220 3
1103.762 1
1104.304 0
1104.847 2
1105.389 0
1105.931 1
1106.473 0
1107.016 0
1107.558 0
1108.100 0
1108.643 1
1109.185 1
1109.727 2
1110.270 0
1110.812 0
1111.355 0
1111.897 2
1112.440 0
1112.983 3
1113.525 1
1114.068 1
1114.611 0
1115.153 0
1115.696 0
1116.239 2
1116.782 1
1117.324 1
1117.867 0
1118.410 0
1118.953 0
1119.496 1
1120.039 2
1120.582 2
1121.125 1
1121.668 0
1122.211 0
1122.754 2
1123.298 1
1123.841 1
1124.384 0
1124.927 0
1125.471 0
1126.014 0
1126.557 4
1127.101 1
1127.644 2
1128.187 0
1128.731 1
1129.274 0
1129.818 2
1130.361 1
1130.905 2
1131.449 3
1131.992 0
1132.536 3
1133.080 2
1133.623 0
1134.167 0
1134.711 1
1135.255 0
1135.799 2
1136.342 0
1136.886 0
1137.430 0
1137.974 0
1138.518 0
1139.062 0
1139.606 0
1140.150 1
1140.695 1
1141.239 3
1141.783 1
1142.327 0
1142.871 1
1143.416 1
1143.960 0
1144.504 0
1145.048 0
1145.593 0
1146.137 1
1146.682 0
1147.226 1
1147.771 0
1148.315 0
1148.860 0
1149.404 1
1149.949 0
1150.494 0
1151.038 0
1151.583 2
1152.128 0
1152.672 1
1153.217 0
1153.762 0
1154.307 3
1154.852 0
1155.397 1
1155.942 0
1156.487 1
1157.032 2
1157.577 1
1158.122 1
1158.667 0
1159.212 0
1159.757 2
1160.302 1
1160.847 0
1161.393 0
1161.938 2
1162.483 1
1163.029 2
1163.574 2
1164.119 1
1164.665 1
1165.210 0
1165.756 1
1166.301 0
1166.847 0
1167.392 2
1167.938 0
1168.483 1
1169.029 0
1169.575 0
1170.120 0
1170.666 0
1171.212 0
1171.758 2
1172.304 1
1172.849 0
1173.395 1
1173.941 0
1174.487 0
1175.033 0
1175.579 0
1176.125 0
1176.671 1
1177.217 0
1177.763 0
1178.310 0
1178.856 0
1179.402 1
1179.948 2
1180.495 1
1181.041 0
1181.587 0
1182.133 1
1182.680 2
1183.226 0
1183.773 1
1184.319 0
1184.866 0
1185.412 0
1185.959 0
1186.505 0
1187.052 1
1187.599 0
1188.145 1
1188.692 1
1189.239 0
1189.786 0
1190.332 0
1190.879 1
1191.426 0
1191.973 0
1192.520 0
1193.067 0
1193.614 1
1194.161 1
1194.708 0
1195.255 0
1195.802 0
1196.349 0
1196.896 3
1197.444 1
1197.991 0
1198.538 0
1199.085 0
1199.633 0
1200.180 1
1200.727 0
1201.275 0
1201.822 0
1202.370 0
1202.917 1
1203.465 0
1204.012 0
1204.560 1
1205.107 3
1205.655 1
1206.203 0
1206.750 1
1207.298 0
1207.846 0
1208.393 1
1208.941 3
1209.489 0
1210.037 0
1210.585 1
1211.133 1
1211.681 0
1212.229 0
1212.777 1
1213.325 3
1213.873 1
1214.421 0
1214.969 0
1215.517 2
1216.065 0
1216.614 0
1217.162 1
1217.710 1
1218.259 0
1218.807 0
1219.355 1
1219.904 2
1220.452 0
1221.001 1
1221.549 0
1222.098 1
1222.646 0
1223.195 3
1223.743 1
1224.292 3
1224.841 1
1225.389 2
1225.938 0
1226.487 3
1227.036 2
1227.584 0
1228.133 0
1228.682 0
1229.231 0
1229.780 1
1230.329 1
1230.878 0
1231.427 0
1231.976 1
1232.525 0
1233.074 0
1233.623 0
1234.172 0
1234.722 0
1235.271 1
1235.820 0
1236.369 0
1236.919 0
1237.468 0
1238.017 0
1238.567 1
1239.116 0
1239.666 1
1240.215 0
1240.765 0
1241.314 1
1241.864 0
1242.413 2
1242.963 0
1243.513 2
1244.062 1
1244.612 1
1245.162 0
1245.712 0
1246.262 1
1246.811 1
1247.361 1
1247.911 0
1248.461 0
1249.011 0
1249.561 0
1250.111 1
1250.661 1
1251.211 0
1251.761 2
1252.312 0
1252.862 0
1253.412 0
1253.962 0
1254.512 1
1255.063 0
1255.613 1
1256.163 1
1256.714 0
1257.264 0
1257.815 0
1258.365 0
1258.916 0
1259.466 0
1260.017 0
1260.567 0
1261.118 0
1261.668 0
1262.219 1
1262.770 0
1263.321 1
1263.871 0
1264.422 0
1264.973 0
1265.524 0
1266.075 2
1266.626 2
1267.177 2
1267.728 1
1268.279 1
1268.830 0
1269.381 0
1269.932 1
1270.483 0
1271.034 0
1271.585 0
1272.136 0
1272.688 2
1273.239 0
1273.790 0
1274.342 2
1274.893 0
1275.444 0
1275.996 0
1276.547 1
1277.099 0
1277.650 0
1278.202 1
1278.753 0
1279.305 0
1279.856 0
1280.408 0
1280.960 0
1281.511 0
1282.063 0
1282.615 1
1283.167 1
1283.719 1
1284.270 1
1284.822 0
1285.374 1
1285.926 0
1286.478 0
1287.030 0
1287.582 1
1288.134 1
1288.686 1
1289.239 0
1289.791 0
1290.343 0
1290.895 0
1291.447 0
1292.000 0
1292.552 0
1293.104 1
1293.657 1
1294.209 1
1294.761 0
1295.314 1
1295.866 0
1296.419 1
1296.971 0
1297.524 1
1298.077 0
1298.629 0
1299.182 0
1299.735 0
1300.287 2
1300.840 1
1301.393 1
1301.946 0
1302.498 0
1303.051 0
1303.604 0
1304.157 0
1304.710 0
1305.263 0
1305.816 0
1306.369 0
1306.922 0
1307.475 0
1308.028 0
1308.582 0
1309.135 0
1309.688 0
1310.241 1
1310.794 0
1311.348 0
1311.901 0
1312.454 0
1313.008 0
1313.561 0
1314.115 0
1314.668 1
1315.222 0
1315.775 0
1316.329 0
1316.882 0
1317.436 0
1317.990 0
1318.543 0
1319.097 0
1319.651 1
1320.205 0
1320.759 0
1321.312 1
1321.866 0
1322.420 0
1322.974 0
1323.528 1
1324.082 0
1324.636 0
1325.190 0
1325.744 0
1326.298 2
1326.852 1
1327.407 0
1327.961 1
1328.515 0
1329.069 0
1329.624 0
1330.178 0
1330.732 1
1331.287 0
1331.841 1
1332.395 0
1332.950 0
1333.504 0
1334.059 1
1334.613 0
1335.168 0
1335.723 0
1336.277 0
1336.832 0
1337.387 1
1337.941 0
1338.496 0
1339.051 0
1339.606 0
1340.161 1
1340.715 0
1341.270 0
1341.825 1
1342.380 1
1342.935 1
1343.490 0
1344.045 0
1344.600 1
1345.155 0
1345.711 0
1346.266 0
1346.821 0
1347.376 0
1347.931 0
1348.487 1
1349.042 0
1349.597 0
1350.153 0
1350.708 0
1351.264 0
1351.819 0
1352.375 0
1352.930 0
1353.486 0
1354.041 1
1354.597 0
1355.153 1
1355.708 1
1356.264 1
1356.820 0
1357.375 0
1357.931 0
1358.487 0
1359.043 1
1359.599 1
1360.155 0
1360.711 0
1361.267 0
1361.823 0
1362.379 2
1362.935 1
1363.491 0
1364.047 0
1364.603 1
1365.159 1
1365.715 0
1366.272 0
1366.828 0
1367.384 2
1367.941 0
1368.497 0
1369.053 1
1369.610 0
1370.166 1
1370.723 0
1371.279 0
1371.836 1
1372.392 0
1372.949 0
1373.505 0
1374.062 0
1374.619 0
1375.175 0
1375.732 0
1376.289 0
1376.846 0
1377.403 1
1377.959 1
1378.516 0
1379.073 0
1379.630 0
1380.187 0
1380.744 0
1381.301 1
1381.858 0
1382.415 0
1382.972 0
1383.530 0
1384.087 0
1384.644 0
1385.201 1
1385.758 0
1386.316 1
1386.873 0
1387.430 0
1387.988 2
1388.545 0
1389.103 0
1389.660 0
1390.218 0
1390.775 1
1391.333 1
1391.890 1
1392.448 0
1393.006 1
1393.563 0
1394.121 0
1394.679 0
1395.237 0
1395.794 0
1396.352 0
1396.910 2
1397.468 0
1398.026 1
1398.584 0
1399.142 0
1399.700 0
1400.258 0
1400.816 0
1401.374 0
1401.932 1
1402.490 0
1403.049 0
1403.607 1
1404.165 0
1404.723 0
1405.282 0
1405.840 0
1406.398 1
1406.957 1
1407.515 1
1408.074 0
1408.632 0
1409.191 2
1409.749 1
1410.308 0
1410.866 0
1411.425 2
1411.984 1
1412.542 2
1413.101 1
1413.660 1
1414.218 0
1414.777 0
1415.336 0
1415.895 0
1416.454 0
1417.013 0
1417.572 0
1418.131 0
1418.690 0
1419.249 2
1419.808 0
1420.367 0
1420.926 0
1421.485 0
1422.045 0
1422.604 0
1423.163 2
1423.722 0
1424.282 0
1424.841 3
1425.400 0
1425.960 0
1426.519 3
1427.079 1
1427.638 2
1428.198 1
1428.757 1
1429.317 0
1429.876 1
1430.436 0
1430.996 1
1431.555 0
1432.115 1
1432.675 0
1433.235 2
1433.794 1
1434.354 1
1434.914 1
1435.474 1
1436.034 1
1436.594 2
1437.154 0
1437.714 0
1438.274 0
1438.834 0
1439.394 1
1439.954 5
1440.514 2
1441.075 1
1441.635 1
1442.195 1
1442.755 1
1443.316 0
1443.876 1
1444.436 1
1444.997 1
1445.557 2
1446.118 1
1446.678 2
1447.239 0
1447.799 2
1448.360 1
1448.921 1
1449.481 0
1450.042 0
1450.603 3
1451.163 2
1451.724 0
1452.285 1
1452.846 1
1453.406 2
1453.967 0
1454.528 1
1455.089 1
1455.650 2
1456.211 1
1456.772 3
1457.333 0
1457.894 2
1458.455 1
1459.017 0
1459.578 1
1460.139 2
1460.700 1
1461.261 1
1461.823 3
1462.384 2
1462.945 1
1463.507 1
1464.068 0
1464.630 3
1465.191 2
1465.753 0
1466.314 0
1466.876 0
1467.437 2
1467.999 1
1468.561 0
1469.122 1
1469.684 0
1470.246 1
1470.807 1
1471.369 0
1471.931 2
1472.493 1
1473.055 2
1473.617 1
1474.179 1
1474.741 0
1475.303 1
1475.865 0
1476.427 1
1476.989 0
1477.551 0
1478.113 0
1478.675 1
1479.237 0
1479.800 0
1480.362 2
1480.924 1
1481.487 1
1482.049 2
1482.611 2
1483.174 2
1483.736 1
1484.299 0
1484.861 1
1485.424 3
1485.986 2
1486.549 2
1487.112 1
1487.674 1
1488.237 1
1488.800 1
1489.362 3
1489.925 1
1490.488 0
1491.051 2
1491.614 1
1492.176 1
1492.739 0
1493.302 2
1493.865 0
1494.428 1
1494.991 1
1495.554 0
1496.118 0
1496.681 1
1497.244 0
1497.807 0
1498.370 1
1498.933 0
1499.497 1
1500.060 0
1500.623 1
1501.187 3
1501.750 1
1502.314 0
1502.877 0
1503.440 0
1504.004 1
1504.567 1
1505.131 0
1505.695 0
1506.258 0
1506.822 3
1507.386 0
1507.949 3
1508.513 0
1509.077 0
1509.641 0
1510.205 1
1510.768 1
1511.332 0
1511.896 1
1512.460 0
1513.024 1
1513.588 0
1514.152 1
1514.716 1
1515.280 0
1515.844 0
1516.409 1
1516.973 0
1517.537 0
1518.101 0
1518.666 2
1519.230 1
1519.794 0
1520.359 0
1520.923 0
1521.487 1
1522.052 0
1522.616 0
1523.181 0
1523.745 0
1524.310 1
1524.875 1
1525.439 0
1526.004 0
1526.569 1
1527.133 1
1527.698 0
1528.263 0
1528.828 0
1529.393 1
1529.957 0
1530.522 0
1531.087 0
1531.652 0
1532.217 0
1532.782 0
1533.347 0
1533.912 0
1534.477 1
1535.043 1
1535.608 1
1536.173 0
1536.738 0
1537.303 0
1537.869 0
1538.434 0
1538.999 1
1539.565 0
1540.130 1
1540.696 1
1541.261 0
1541.826 1
1542.392 0
1542.958 0
1543.523 0
1544.089 0
1544.654 0
1545.220 0
1545.786 0
1546.351 0
1546.917 1
1547.483 0
1548.049 0
1548.615 1
1549.181 0
1549.746 1
1550.312 0
1550.878 0
1551.444 0
1552.010 0
1552.576 0
1553.143 0
1553.709 0
1554.275 0
1554.841 0
1555.407 0
1555.973 0
1556.540 0
1557.106 0
1557.672 0
1558.239 0
1558.805 0
1559.371 0
1559.938 0
1560.504 0
1561.071 0
1561.637 1
1562.204 0
1562.770 0
1563.337 1
1563.904 0
1564.470 0
1565.037 0
1565.604 0
1566.171 0
1566.737 0
1567.304 0
1567.871 0
1568.438 0
1569.005 0
1569.572 0
1570.139 0
1570.706 0
1571.273 0
1571.840 0
1572.407 0
1572.974 0
1573.541 0
1574.108 0
1574.676 1
1575.243 0
1575.810 0
1576.377 0
1576.945 1
1577.512 0
1578.079 0
1578.647 0
1579.214 0
1579.782 0
1580.349 0
1580.917 0
1581.484 0
1582.052 0
1582.620 0
1583.187 0
1583.755 0
1584.323 0
1584.890 0
1585.458 0
1586.026 1
1586.594 1
1587.162 0
1587.729 0
1588.297 0
1588.865 0
1589.433 0
1590.001 0
1590.569 0
1591.137 0
1591.706 0
1592.274 0
1592.842 1
1593.410 0
1593.978 0
1594.546 1
1595.115 0
1595.683 0
1596.251 0
1596.820 0
1597.388 0
1597.956 2
1598.525 0
1599.093 0
1599.662 0
1600.230 0
1600.799 0
1601.368 0
1601.936 0
1602.505 0
1603.074 0
1603.642 0
1604.211 0
1604.780 1
1605.349 0
1605.917 0
1606.486 0
1607.055 0
1607.624 0
1608.193 0
1608.762 0
1609.331 0
1609.900 0
1610.469 0
1611.038 0
1611.607 0
1612.177 1
1612.746 0
1613.315 0
1613.884 0
1614.454 1
1615.023 0
1615.592 0
1616.162 0
1616.731 0
1617.300 1
1617.870 1
1618.439 0
1619.009 0
1619.578 0
1620.148 0
1620.717 0
1621.287 0
1621.857 1
1622.426 0
1622.996 0
1623.566 1
1624.136 0
1624.706 0
1625.275 0
1625.845 0
1626.415 0
1626.985 0
1627.555 1
1628.125 0
1628.695 0
1629.265 0
1629.835 1
1630.405 0
1630.975 0
1631.546 1
1632.116 0
1632.686 1
1633.256 0
1633.826 0
1634.397 0
1634.967 0
1635.538 0
1636.108 0
1636.678 0
1637.249 0
1637.819 0
1638.390 0
1638.960 0
1639.531 0
1640.102 0
1640.672 0
1641.243 0
1641.814 0
1642.384 0
1642.955 0
1643.526 0
1644.097 0
1644.667 0
1645.238 0
1645.809 0
1646.380 0
1646.951 0
1647.522 0
1648.093 0
1648.664 0
1649.235 0
1649.806 0
1650.378 1
1650.949 0
1651.520 0
1652.091 0
1652.662 0
1653.234 0
1653.805 0
1654.376 0
1654.948 0
1655.519 0
1656.091 0
1656.662 0
1657.234 0
1657.805 0
1658.377 0
1658.948 0
1659.520 0
1660.091 0
1660.663 0
1661.235 0
1661.807 0
1662.378 0
1662.950 0
1663.522 0
1664.094 0
1664.666 1
1665.238 0
1665.809 0
1666.381 0
1666.953 1
1667.525 0
1668.098 0
1668.670 0
1669.242 0
1669.814 0
1670.386 0
1670.958 0
1671.530 0
1672.103 0
1672.675 0
1673.247 0
1673.820 0
1674.392 0
1674.965 0
1675.537 0
1676.109 0
1676.682 0
1677.254 0
1677.827 0
1678.400 0
1678.972 0
1679.545 0
1680.118 0
1680.690 0
1681.263 0
1681.836 0
1682.409 1
1682.981 0
1683.554 0
1684.127 0
1684.700 0
1685.273 0
1685.846 0
1686.419 1
1686.992 0
1687.565 0
1688.138 0
1688.711 0
1689.284 0
1689.858 0
1690.431 1
1691.004 0
1691.577 0
1692.151 1
1692.724 0
1693.297 0
1693.871 0
1694.444 0
1695.018 0
1695.591 0
1696.165 0
1696.738 0
1697.312 0
1697.885 0
1698.459 0
1699.032 0
1699.606 0
1700.180 0
1700.754 0
1701.327 1
1701.901 0
1702.475 0
1703.049 0
1703.623 0
1704.197 0
1704.771 0
1705.345 0
1705.919 0
1706.493 0
1707.067 0
1707.641 0
1708.215 1
1708.789 0
1709.363 0
1709.937 0
1710.512 0
1711.086 0
1711.660 0
1712.235 0
1712.809 0
1713.383 0
1713.958 0
1714.532 0
1715.107 0
1715.681 1
1716.256 1
1716.830 0
1717.405 0
1717.980 0
1718.554 1
1719.129 0
1719.704 0
1720.278 1
1720.853 0
1721.428 0
1722.003 0
1722.578 0
1723.153 1
1723.728 1
1724.302 0
1724.877 0
1725.452 0
1726.028 0
1726.603 2
1727.178 0
1727.753 1
1728.328 0
1728.903 0
1729.478 0
1730.054 0
1730.629 0
1731.204 0
1731.780 0
1732.355 0
1732.930 0
1733.506 0
1734.081 0
1734.657 0
1735.232 0
1735.808 0
1736.383 0
1736.959 0
1737.535 0
1738.110 0
1738.686 0
1739.262 0
1739.837 0
1740.413 0
1740.989 0
1741.565 0
1742.141 0
1742.717 0
1743.293 0
1743.869 0
1744.445 0
1745.021 0
1745.597 1
1746.173 0
1746.749 0
1747.325 0
1747.901 0
1748.477 0
1749.053 0
1749.630 0
1750.206 0
1750.782 0
1751.359 0
1751.935 0
1752.511 0
1753.088 0
1753.664 0
1754.241 0
1754.817 0
1755.394 1
1755.970 0
1756.547 0
1757.124 0
1757.700 0
1758.277 0
1758.854 0
1759.431 0
1760.007 0
1760.584 0
1761.161 0
1761.738 0
1762.315 1
1762.892 0
1763.469 0
1764.046 0
1764.623 0
1765.200 0
1765.777 0
1766.354 0
1766.931 0
1767.508 0
1768.086 0
1768.663 0
1769.240 0
1769.817 0
1770.395 0
1770.972 1
1771.549 1
1772.127 1
1772.704 0
1773.282 1
1773.859 0
1774.437 0
1775.014 0
1775.592 0
1776.169 0
1776.747 1
1777.325 0
1777.902 0
1778.480 0
1779.058 0
1779.636 0
1780.214 0
1780.791 0
1781.369 0
1781.947 0
1782.525 0
1783.103 0
1783.681 0
1784.259 1
1784.837 0
1785.415 1
1785.993 1
1786.572 0
1787.150 0
1787.728 0
1788.306 0
1788.884 0
1789.463 0
1790.041 1
1790.619 0
1791.198 1
1791.776 0
1792.355 0
1792.933 0
1793.512 0
1794.090 0
1794.669 1
1795.247 0
1795.826 0
1796.405 1
1796.983 0
1797.562 1
1798.141 0
1798.720 0
1799.298 0
1799.877 0
1800.456 0
1801.035 0
1801.614 0
1802.193 0
1802.772 0
1803.351 0
1803.930 1
1804.509 0
1805.088 0
1805.667 0
1806.246 0
1806.825 0
1807.405 0
1807.984 0
1808.563 0
1809.142 0
1809.722 0
1810.301 0
1810.880 0
1811.460 0
1812.039 0
1812.619 0
1813.198 1
1813.778 0
1814.357 0
1814.937 0
1815.517 0
1816.096 0
1816.676 0
1817.256 0
1817.835 0
1818.415 0
1818.995 0
1819.575 0
1820.155 0
1820.735 0
1821.315 0
1821.895 0
1822.474 0
1823.055 0
1823.635 0
1824.215 0
1824.795 0
1825.375 0
1825.955 0
1826.535 0
1827.115 0
1827.696 0
1828.276 0
1828.856 0
1829.437 1
1830.017 1
1830.597 0
1831.178 0
1831.758 0
1832.339 0
1832.919 0
1833.500 0
1834.080 0
1834.661 0
1835.242 0
1835.822 0
1836.403 0
1836.984 0
1837.564 0
1838.145 0
1838.726 0
1839.307 1
1839.888 1
1840.469 0
1841.050 0
1841.630 0
1842.211 1
1842.792 0
1843.374 1
1843.955 0
1844.536 0
1845.117 0
1845.698 0
1846.279 0
1846.860 0
1847.442 0
1848.023 0
1848.604 0
1849.186 0
1849.767 0
1850.348 1
1850.930 0
1851.511 0
1852.093 0
1852.674 0
1853.256 0
1853.837 0
1854.419 0
1855.001 0
1855.582 0
1856.164 0
1856.746 0
1857.327 0
1857.909 0
1858.491 0
1859.073 0
1859.655 0
1860.237 0
1860.819 0
1861.401 0
1861.983 0
1862.565 0
1863.147 0
1863.729 0
1864.311 0
1864.893 0
1865.475 0
1866.057 0
1866.640 0
1867.222 1
1867.804 0
1868.386 0
1868.969 0
1869.551 0
1870.134 0
1870.716 0
1871.298 0
1871.881 1
1872.464 0
1873.046 0
1873.629 0
1874.211 0
1874.794 0
1875.377 0
1875.959 0
1876.542 0
1877.125 0
1877.708 0
1878.290 0
1878.873 0
1879.456 0
1880.039 0
1880.622 0
1881.205 1
1881.788 0
1882.371 0
1882.954 0
1883.537 0
1884.120 0
1884.703 0
1885.287 0
1885.870 0
1886.453 0
1887.036 0
1887.620 0
1888.203 0
1888.786 0
1889.370 0
1889.953 0
1890.536 0
1891.120 0
1891.703 0
1892.287 0
1892.870 0
1893.454 0
1894.038 0
1894.621 0
1895.205 0
1895.789 0
1896.372 0
1896.956 0
1897.540 0
1898.124 1
1898.708 0
1899.292 0
1899.876 0
1900.459 0
1901.043 1
1901.627 0
1902.211 0
1902.796 0
1903.380 0
1903.964 0
1904.548 0
1905.132 0
1905.716 0
1906.301 0
1906.885 0
1907.469 0
1908.053 0
1908.638 0
1909.222 1
1909.807 0
1910.391 1
1910.976 0
1911.560 0
1912.145 0
1912.729 0
1913.314 0
1913.898 0
1914.483 0
1915.068 0
1915.652 0
1916.237 1
1916.822 0
1917.407 1
1917.992 0
1918.576 0
1919.161 0
1919.746 0
1920.331 0
1920.916 0
1921.501 0
1922.086 0
1922.671 1
1923.256 0
1923.841 0
1924.427 0
1925.012 0
1925.597 0
1926.182 0
1926.768 0
1927.353 0
1927.938 0
1928.524 0
1929.109 0
1929.694 0
1930.280 0
1930.865 0
1931.451 0
1932.036 1
1932.622 0
1933.208 0
1933.793 0
1934.379 0
1934.964 0
1935.550 0
1936.136 0
1936.722 0
1937.308 0
1937.893 0
1938.479 0
1939.065 0
1939.651 0
1940.237 0
1940.823 0
1941.409 0
1941.995 0
1942.581 0
1943.167 0
1943.753 0
1944.340 0
1944.926 0
1945.512 0
1946.098 0
1946.684 0
1947.271 0
1947.857 0
1948.443 0
1949.030 0
1949.616 0
1950.203 0
1950.789 0
1951.376 0
1951.962 0
1952.549 0
1953.135 0
1953.722 0
1954.309 0
1954.895 0
1955.482 1
1956.069 0
1956.656 0
1957.243 0
1957.829 0
1958.416 0
1959.003 1
1959.590 0
1960.177 0
1960.764 2
1961.351 0
1961.938 0
1962.525 0
1963.112 0
1963.699 0
1964.287 0
1964.874 0
1965.461 0
1966.048 0
1966.636 0
1967.223 0
1967.810 0
1968.398 0
1968.985 0
1969.572 0
1970.160 1
1970.747 0
1971.335 0
1971.922 0
1972.510 0
1973.098 0
1973.685 0
1974.273 0
1974.861 0
1975.448 0
1976.036 0
1976.624 0
1977.212 0
1977.800 0
1978.387 0
1978.975 0
1979.563 0
1980.151 0
1980.739 0
1981.327 0
1981.915 0
1982.503 1
1983.092 0
1983.680 0
1984.268 0
1984.856 0
1985.444 1
1986.033 0
1986.621 0
1987.209 0
1987.798 0
1988.386 2
1988.974 0
1989.563 0
1990.151 0
1990.740 0
1991.328 0
1991.917 0
1992.505 0
1993.094 0
1993.683 0
1994.271 0
1994.860 0
1995.449 0
1996.038 0
1996.626 0
1997.215 0
1997.804 0
1998.393 0
1998.982 0
1999.571 0
2000.160 0
2000.749 0
2001.338 0
2001.927 0
2002.516 0
2003.105 0
2003.694 0
2004.283 0
2004.873 0
2005.462 0
2006.051 0
2006.640 0
2007.230 1
2007.819 0
2008.408 0
2008.998 0
2009.587 0
2010.177 0
2010.766 0
2011.356 0
2011.945 0
2012.535 0
2013.125 0
2013.714 0
2014.304 0
2014.894 1
2015.483 0
2016.073 0
2016.663 0
2017.253 0
2017.843 0
2018.432 0
2019.022 0
2019.612 1
2020.202 0
2020.792 0
2021.382 0
2021.972 0
2022.563 0
2023.153 0
2023.743 0
2024.333 0
2024.923 0
2025.513 0
2026.104 0
2026.694 0
2027.284 1
2027.875 0
2028.465 0
2029.056 0
2029.646 0
2030.236 0
2030.827 0
2031.418 0
2032.008 0
2032.599 0
2033.189 0
2033.780 1
2034.371 0
2034.961 0
2035.552 0
2036.143 0
2036.734 0
2037.325 0
2037.915 1
2038.506 0
2039.097 0
2039.688 0
2040.279 0
2040.870 0
2041.461 0
2042.052 0
2042.643 0
2043.234 1
2043.826 0
2044.417 0
2045.008 0
2045.599 0
2046.191 0
2046.782 0
2047.373 0
2047.965 0
2048.556 0
2049.147 0
2049.739 0
2050.330 0
2050.922 0
2051.513 0
2052.105 0
2052.697 0
2053.288 0
2053.880 0
2054.472 0
2055.063 0
2055.655 0
2056.247 1
2056.839 0
2057.430 0
2058.022 0
2058.614 0
2059.206 0
2059.798 0
2060.390 0
2060.982 0
2061.574 0
2062.166 0
2062.758 0
2063.350 0
2063.943 0
2064.535 0
2065.127 0
2065.719 0
2066.312 0
2066.904 0
2067.496 0
2068.089 0
2068.681 0
2069.273 0
2069.866 0
2070.458 0
2071.051 0
2071.643 0
2072.236 0
2072.829 0
2073.421 0
2074.014 0
2074.607 0
2075.199 0
2075.792 0
2076.385 0
2076.978 0
2077.571 0
2078.163 1
2078.756 0
2079.349 0
2079.942 0
2080.535 0
2081.128 0
2081.721 0
2082.314 0
2082.908 0
2083.501 0
2084.094 0
2084.687 0
2085.280 0
2085.874 0
2086.467 0
2087.060 0
2087.653 1
2088.247 0
2088.840 0
2089.434 0
2090.027 0
2090.621 0
2091.214 0
2091.808 0
2092.401 0
2092.995 0
2093.589 0
2094.182 0
2094.776 0
2095.370 0
2095.963 0
2096.557 0
2097.151 0
2097.745 0
2098.339 0
2098.933 0
2099.527 0
2100.121 0
2100.715 1
2101.309 0
2101.903 0
2102.497 0
2103.091 0
2103.685 0
2104.279 0
2104.873 0
2105.468 0
2106.062 0
2106.656 0
2107.251 0
2107.845 0
2108.439 0
2109.034 0
2109.628 0
2110.223 0
2110.817 0
2111.412 0
2112.006 0
2112.601 0
2113.195 0
2113.790 0
2114.385 0
2114.979 1
2115.574 0
2116.169 1
2116.764 0
2117.359 0
2117.953 0
2118.548 0
2119.143 0
2119.738 0
2120.333 0
2120.928 0
2121.523 0
2122.118 0
2122.713 0
2123.308 1
2123.904 0
2124.499 0
2125.094 0
2125.689 0
2126.285 0
2126.880 1
2127.475 0
2128.070 0
2128.666 0
2129.261 0
2129.857 0
2130.452 0
2131.048 0
2131.643 1
2132.239 0
2132.834 0
2133.430 0
2134.026 1
2134.621 0
2135.217 0
2135.813 0
2136.409 0
2137.004 0
2137.600 0
2138.196 0
2138.792 0
2139.388 0
2139.984 1
2140.580 0
2141.176 0
2141.772 0
2142.368 0
2142.964 0
2143.560 0
2144.156 0
2144.753 0
2145.349 0
2145.945 0
2146.541 0
2147.138 0
2147.734 0
2148.330 0
2148.927 0
2149.523 1
2150.120 0
2150.716 0
2151.313 0
2151.909 0
2152.506 0
2153.102 0
2153.699 0
2154.296 0
2154.892 0
2155.489 0
2156.086 0
2156.682 0
2157.279 0
2157.876 1
2158.473 0
2159.070 0
2159.667 0
2160.264 0
2160.861 0
2161.458 0
2162.055 0
2162.652 0
2163.249 0
2163.846 0
2164.443 0
2165.040 0
2165.638 0
2166.235 0
2166.832 0
2167.430 0
2168.027 0
2168.624 0
2169.222 0
2169.819 1
2170.417 0
2171.014 0
2171.612 0
2172.209 0
2172.807 0
2173.404 0
2174.002 0
2174.600 0
2175.197 1
2175.795 0
2176.393 0
2176.991 0
2177.588 0
2178.186 0
2178.784 0
2179.382 0
2179.980 0
2180.578 0
2181.176 0
2181.774 0
2182.372 1
2182.970 0
2183.568 0
2184.166 0
2184.764 0
2185.363 0
2185.961 1
2186.559 0
2187.157 0
2187.756 0
2188.354 0
2188.952 0
2189.551 0
2190.149 0
2190.748 0
2191.346 0
2191.945 0
2192.543 1
2193.142 0
2193.740 0
2194.339 0
2194.938 0
2195.536 0
2196.135 0
2196.734 0
2197.333 0
2197.932 0
2198.530 0
2199.129 0
2199.728 0
2200.327 0
2200.926 0
2201.525 0
2202.124 0
2202.723 0
2203.322 0
2203.921 0
2204.521 0
2205.120 0
2205.719 0
2206.318 1
2206.917 1
2207.517 0
2208.116 0
2208.715 0
2209.315 161
