2019_09_27_10_01_33_893 /home/raspion_user/data/Beacon_137Cs_2m__Lab.sp 505930 3600.001 3570.591 2.734449 0.479854  0.0000147857
  2.734449   1.000000
  3.214318   0.000000
  3.694217   0.000000
  4.174145   1.000000
  4.654103   0.000000
  5.134091   0.000000
  5.614108   0.000000
  6.094155   0.000000
  6.574231   0.000000
  7.054337   1.000000
  7.534472   0.000000
  8.014637   1.000000
  8.494831   0.000000
  8.975055   0.000000
  9.455309   1.000000
  9.935592   0.000000
 10.415905   2.000000
 10.896247   0.000000
 11.376619   0.000000
 11.857021   3.000000
 12.337452   7.000000
 12.817913  68.000000
 13.298403 246.000000
 13.778923 405.000000
 14.259472 463.000000
 14.740051 510.000000
 15.220659 500.000000
 15.701298 507.000000
 16.181965 494.000000
 16.662662 478.000000
 17.143389 506.000000
 17.624146 510.000000
 18.104931 563.000000
 18.585747 590.000000
 19.066592 628.000000
 19.547467 719.000000
 20.028371 818.000000
 20.509305 1041.000000
 20.990268 1074.000000
 21.471261 1095.000000
 21.952284 1030.000000
 22.433336 910.000000
 22.914417 774.000000
 23.395528 635.000000
 23.876669 571.000000
 24.357840 516.000000
 24.839040 451.000000
 25.320269 443.000000
 25.801528 393.000000
 26.282817 430.000000
 26.764135 413.000000
 27.245483 396.000000
 27.726860 400.000000
 28.208267 404.000000
 28.689704 416.000000
 29.171170 436.000000
 29.652665 388.000000
 30.134191 446.000000
 30.615745 484.000000
 31.097330 445.000000
 31.578944 463.000000
 32.060587 445.000000
 32.542260 490.000000
 33.023963 534.000000
 33.505695 489.000000
 33.987457 514.000000
 34.469248 506.000000
 34.951069 521.000000
 35.432920 478.000000
 35.914800 446.000000
 36.396709 460.000000
 36.878649 525.000000
 37.360617 497.000000
 37.842616 495.000000
 38.324644 604.000000
 38.806701 594.000000
 39.288788 578.000000
 39.770905 574.000000
 40.253051 563.000000
 40.735227 653.000000
 41.217432 691.000000
 41.699667 698.000000
 42.181932 750.000000
 42.664226 710.000000
 43.146549 729.000000
 43.628903 693.000000
 44.111286 682.000000
 44.593698 640.000000
 45.076140 602.000000
 45.558611 562.000000
 46.041112 581.000000
 46.523643 522.000000
 47.006203 553.000000
 47.488793 551.000000
 47.971412 494.000000
 48.454061 515.000000
 48.936740 446.000000
 49.419448 470.000000
 49.902186 517.000000
 50.384953 477.000000
 50.867750 451.000000
 51.350576 464.000000
 51.833432 452.000000
 52.316317 476.000000
 52.799232 427.000000
 53.282177 423.000000
 53.765151 390.000000
 54.248155 460.000000
 54.731188 410.000000
 55.214251 426.000000
 55.697344 449.000000
 56.180466 420.000000
 56.663618 428.000000
 57.146799 438.000000
 57.630010 422.000000
 58.113250 469.000000
 58.596520 470.000000
 59.079819 475.000000
 59.563149 454.000000
 60.046507 434.000000
 60.529895 475.000000
 61.013313 505.000000
 61.496761 489.000000
 61.980237 485.000000
 62.463744 482.000000
 62.947280 524.000000
 63.430846 516.000000
 63.914441 534.000000
 64.398066 530.000000
 64.881720 554.000000
 65.365404 575.000000
 65.849117 619.000000
 66.332861 606.000000
 66.816633 595.000000
 67.300435 611.000000
 67.784267 676.000000
 68.268129 626.000000
 68.752019 657.000000
 69.235940 637.000000
 69.719890 682.000000
 70.203870 677.000000
 70.687879 747.000000
 71.171918 695.000000
 71.655986 745.000000
 72.140084 687.000000
 72.624212 765.000000
 73.108369 762.000000
 73.592555 826.000000
 74.076771 718.000000
 74.561017 752.000000
 75.045293 793.000000
 75.529598 768.000000
 76.013932 772.000000
 76.498296 762.000000
 76.982690 800.000000
 77.467113 849.000000
 77.951566 846.000000
 78.436048 878.000000
 78.920560 856.000000
 79.405102 925.000000
 79.889673 863.000000
 80.374273 972.000000
 80.858903 921.000000
 81.343563 905.000000
 81.828253 872.000000
 82.312972 915.000000
 82.797720 973.000000
 83.282498 935.000000
 83.767306 905.000000
 84.252143 924.000000
 84.737010 967.000000
 85.221906 977.000000
 85.706832 995.000000
 86.191788 1023.000000
 86.676773 982.000000
 87.161787 1052.000000
 87.646832 980.000000
 88.131905 993.000000
 88.617009 1013.000000
 89.102142 1077.000000
 89.587304 1038.000000
 90.072496 1085.000000
 90.557718 1037.000000
 91.042969 1056.000000
 91.528250 1023.000000
 92.013560 1056.000000
 92.498900 1074.000000
 92.984270 1049.000000
 93.469669 975.000000
 93.955097 1075.000000
 94.440556 1089.000000
 94.926043 1045.000000
 95.411561 1063.000000
 95.897108 1055.000000
 96.382684 1072.000000
 96.868290 1126.000000
 97.353926 1081.000000
 97.839591 1092.000000
 98.325286 1101.000000
 98.811010 1041.000000
 99.296764 1054.000000
 99.782548 1057.000000
100.268361 1014.000000
100.754203 1114.000000
101.240076 1099.000000
101.725977 1010.000000
102.211909 1055.000000
102.697870 1135.000000
103.183860 1101.000000
103.669880 1077.000000
104.155930 1128.000000
104.642009 1119.000000
105.128118 1114.000000
105.614256 982.000000
106.100424 1037.000000
106.586622 1097.000000
107.072849 1050.000000
107.559105 1075.000000
108.045392 1060.000000
108.531707 1107.000000
109.018053 1054.000000
109.504428 1074.000000
109.990832 998.000000
110.477266 1084.000000
110.963730 1026.000000
111.450223 1074.000000
111.936746 1090.000000
112.423298 1040.000000
112.909880 1079.000000
113.396492 1070.000000
113.883133 1077.000000
114.369803 1055.000000
114.856504 1007.000000
115.343233 1050.000000
115.829993 1012.000000
116.316782 1025.000000
116.803600 1025.000000
117.290448 1107.000000
117.777326 1036.000000
118.264233 1035.000000
118.751170 1057.000000
119.238136 1066.000000
119.725132 1012.000000
120.212158 997.000000
120.699213 1010.000000
121.186297 1083.000000
121.673412 980.000000
122.160555 1011.000000
122.647729 975.000000
123.134932 1054.000000
123.622164 1038.000000
124.109426 1023.000000
124.596718 1050.000000
125.084039 1009.000000
125.571390 1007.000000
126.058770 1048.000000
126.546180 1051.000000
127.033620 950.000000
127.521089 1001.000000
128.008587 1021.000000
128.496116 979.000000
128.983673 1009.000000
129.471261 955.000000
129.958878 1019.000000
130.446524 984.000000
130.934200 1020.000000
131.421906 970.000000
131.909641 973.000000
132.397406 922.000000
132.885200 947.000000
133.373024 926.000000
133.860878 965.000000
134.348761 852.000000
134.836673 948.000000
135.324616 974.000000
135.812587 968.000000
136.300589 882.000000
136.788620 953.000000
137.276680 908.000000
137.764770 973.000000
138.252890 891.000000
138.741039 927.000000
139.229218 930.000000
139.717426 929.000000
140.205664 944.000000
140.693932 937.000000
141.182229 961.000000
141.670555 915.000000
142.158912 925.000000
142.647297 834.000000
143.135713 904.000000
143.624158 894.000000
144.112632 827.000000
144.601136 870.000000
145.089670 923.000000
145.578233 877.000000
146.066826 862.000000
146.555448 833.000000
147.044100 874.000000
147.532782 861.000000
148.021493 821.000000
148.510233 893.000000
148.999004 829.000000
149.487803 854.000000
149.976633 824.000000
150.465492 838.000000
150.954380 844.000000
151.443298 849.000000
151.932246 838.000000
152.421223 840.000000
152.910230 838.000000
153.399266 825.000000
153.888332 859.000000
154.377428 832.000000
154.866553 839.000000
155.355707 823.000000
155.844892 826.000000
156.334105 817.000000
156.823349 794.000000
157.312622 767.000000
157.801924 791.000000
158.291256 818.000000
158.780618 796.000000
159.270009 839.000000
159.759430 757.000000
160.248880 816.000000
160.738360 794.000000
161.227870 798.000000
161.717409 804.000000
162.206977 749.000000
162.696576 757.000000
163.186203 757.000000
163.675861 746.000000
164.165548 725.000000
164.655264 765.000000
165.145010 794.000000
165.634786 750.000000
166.124591 755.000000
166.614426 722.000000
167.104290 761.000000
167.594184 757.000000
168.084108 792.000000
168.574061 741.000000
169.064043 759.000000
169.554055 733.000000
170.044097 709.000000
170.534169 728.000000
171.024270 756.000000
171.514400 741.000000
172.004560 765.000000
172.494750 700.000000
172.984969 740.000000
173.475218 755.000000
173.965496 658.000000
174.455804 712.000000
174.946142 658.000000
175.436509 703.000000
175.926905 697.000000
176.417331 762.000000
176.907787 716.000000
177.398273 713.000000
177.888788 684.000000
178.379332 698.000000
178.869906 698.000000
179.360510 656.000000
179.851143 695.000000
180.341806 697.000000
180.832498 709.000000
181.323220 667.000000
181.813971 690.000000
182.304753 668.000000
182.795563 694.000000
183.286403 718.000000
183.777273 635.000000
184.268173 692.000000
184.759101 680.000000
185.250060 651.000000
185.741048 645.000000
186.232066 636.000000
186.723113 681.000000
187.214190 643.000000
187.705296 680.000000
188.196432 659.000000
188.687597 645.000000
189.178792 688.000000
189.670017 655.000000
190.161271 692.000000
190.652555 721.000000
191.143868 671.000000
191.635211 697.000000
192.126584 659.000000
192.617986 698.000000
193.109418 629.000000
193.600879 665.000000
194.092370 667.000000
194.583890 684.000000
195.075440 637.000000
195.567019 677.000000
196.058628 658.000000
196.550267 631.000000
197.041935 609.000000
197.533633 634.000000
198.025360 659.000000
198.517117 737.000000
199.008904 656.000000
199.500720 673.000000
199.992566 654.000000
200.484441 633.000000
200.976346 654.000000
201.468280 688.000000
201.960244 691.000000
202.452237 725.000000
202.944260 636.000000
203.436313 641.000000
203.928395 628.000000
204.420507 687.000000
204.912648 707.000000
205.404819 687.000000
205.897020 654.000000
206.389250 696.000000
206.881509 712.000000
207.373799 610.000000
207.866117 655.000000
208.358466 668.000000
208.850844 646.000000
209.343251 638.000000
209.835688 658.000000
210.328155 642.000000
210.820651 660.000000
211.313177 650.000000
211.805732 635.000000
212.298317 676.000000
212.790932 633.000000
213.283576 660.000000
213.776249 638.000000
214.268953 592.000000
214.761685 590.000000
215.254448 581.000000
215.747240 604.000000
216.240061 604.000000
216.732912 582.000000
217.225793 576.000000
217.718703 550.000000
218.211643 645.000000
218.704612 539.000000
219.197611 558.000000
219.690640 575.000000
220.183698 593.000000
220.676785 611.000000
221.169903 567.000000
221.663049 577.000000
222.156226 517.000000
222.649432 538.000000
223.142667 560.000000
223.635932 575.000000
224.129227 517.000000
224.622551 529.000000
225.115905 488.000000
225.609288 508.000000
226.102701 529.000000
226.596144 497.000000
227.089616 520.000000
227.583117 544.000000
228.076648 507.000000
228.570209 473.000000
229.063800 514.000000
229.557420 472.000000
230.051069 486.000000
230.544748 464.000000
231.038457 489.000000
231.532195 471.000000
232.025963 471.000000
232.519760 465.000000
233.013587 492.000000
233.507443 506.000000
234.001330 446.000000
234.495245 468.000000
234.989190 460.000000
235.483165 446.000000
235.977170 463.000000
236.471203 451.000000
236.965267 472.000000
237.459360 438.000000
237.953483 431.000000
238.447635 448.000000
238.941817 463.000000
239.436028 428.000000
239.930269 464.000000
240.424539 410.000000
240.918839 437.000000
241.413169 471.000000
241.907528 494.000000
242.401917 444.000000
242.896335 446.000000
243.390783 430.000000
243.885261 463.000000
244.379768 394.000000
244.874305 416.000000
245.368871 399.000000
245.863467 453.000000
246.358092 426.000000
246.852747 430.000000
247.347431 405.000000
247.842145 415.000000
248.336889 387.000000
248.831662 428.000000
249.326465 409.000000
249.821297 415.000000
250.316159 387.000000
250.811051 418.000000
251.305972 380.000000
251.800922 378.000000
252.295903 402.000000
252.790912 396.000000
253.285952 406.000000
253.781021 379.000000
254.276119 382.000000
254.771247 410.000000
255.266405 375.000000
255.761592 403.000000
256.256809 332.000000
256.752055 364.000000
257.247331 371.000000
257.742637 345.000000
258.237972 371.000000
258.733336 365.000000
259.228731 363.000000
259.724154 348.000000
260.219608 324.000000
260.715091 319.000000
261.210603 349.000000
261.706145 332.000000
262.201717 321.000000
262.697318 354.000000
263.192949 323.000000
263.688609 320.000000
264.184299 307.000000
264.680019 311.000000
265.175768 346.000000
265.671546 324.000000
266.167354 314.000000
266.663192 311.000000
267.159060 297.000000
267.654956 359.000000
268.150883 285.000000
268.646839 318.000000
269.142825 324.000000
269.638840 286.000000
270.134885 313.000000
270.630959 282.000000
271.127063 306.000000
271.623196 309.000000
272.119359 287.000000
272.615552 314.000000
273.111774 272.000000
273.608026 284.000000
274.104307 304.000000
274.600618 296.000000
275.096959 307.000000
275.593329 283.000000
276.089729 293.000000
276.586158 303.000000
277.082617 286.000000
277.579105 297.000000
278.075623 270.000000
278.572170 298.000000
279.068747 293.000000
279.565354 309.000000
280.061990 288.000000
280.558656 270.000000
281.055351 268.000000
281.552076 278.000000
282.048831 265.000000
282.545615 274.000000
283.042428 318.000000
283.539272 259.000000
284.036144 273.000000
284.533047 268.000000
285.029979 245.000000
285.526940 267.000000
286.023931 270.000000
286.520952 261.000000
287.018002 249.000000
287.515082 258.000000
288.012191 278.000000
288.509330 253.000000
289.006499 259.000000
289.503697 265.000000
290.000924 271.000000
290.498181 234.000000
290.995468 257.000000
291.492785 271.000000
291.990131 244.000000
292.487506 268.000000
292.984911 251.000000
293.482346 253.000000
293.979810 287.000000
294.477304 267.000000
294.974827 241.000000
295.472380 280.000000
295.969962 288.000000
296.467574 242.000000
296.965216 248.000000
297.462887 227.000000
297.960588 257.000000
298.458318 256.000000
298.956078 253.000000
299.453868 249.000000
299.951687 245.000000
300.449536 234.000000
300.947414 232.000000
301.445322 222.000000
301.943259 257.000000
302.441226 250.000000
302.939222 240.000000
303.437248 244.000000
303.935304 210.000000
304.433389 223.000000
304.931504 211.000000
305.429648 236.000000
305.927822 234.000000
306.426026 231.000000
306.924259 201.000000
307.422521 252.000000
307.920814 239.000000
308.419135 260.000000
308.917487 224.000000
309.415868 222.000000
309.914278 211.000000
310.412718 247.000000
310.911188 246.000000
311.409687 218.000000
311.908216 201.000000
312.406774 234.000000
312.905362 210.000000
313.403980 210.000000
313.902627 232.000000
314.401303 216.000000
314.900009 213.000000
315.398745 247.000000
315.897511 210.000000
316.396305 212.000000
316.895130 218.000000
317.393984 194.000000
317.892868 211.000000
318.391781 202.000000
318.890724 228.000000
319.389696 213.000000
319.888698 187.000000
320.387729 239.000000
320.886790 202.000000
321.385881 200.000000
321.885001 201.000000
322.384151 193.000000
322.883330 224.000000
323.382539 214.000000
323.881778 200.000000
324.381046 211.000000
324.880344 201.000000
325.379671 209.000000
325.879027 190.000000
326.378414 214.000000
326.877830 209.000000
327.377275 178.000000
327.876750 182.000000
328.376255 199.000000
328.875789 204.000000
329.375353 193.000000
329.874946 188.000000
330.374569 203.000000
330.874222 208.000000
331.373904 201.000000
331.873615 193.000000
332.373357 194.000000
332.873127 177.000000
333.372928 186.000000
333.872758 203.000000
334.372617 185.000000
334.872506 216.000000
335.372425 201.000000
335.872373 201.000000
336.372351 198.000000
336.872358 207.000000
337.372395 193.000000
337.872461 191.000000
338.372558 174.000000
338.872683 200.000000
339.372838 168.000000
339.873023 210.000000
340.373237 184.000000
340.873481 185.000000
341.373755 200.000000
341.874058 193.000000
342.374391 180.000000
342.874753 201.000000
343.375145 199.000000
343.875566 169.000000
344.376017 152.000000
344.876497 192.000000
345.377007 195.000000
345.877547 203.000000
346.378116 187.000000
346.878715 175.000000
347.379343 188.000000
347.880001 199.000000
348.380689 179.000000
348.881406 191.000000
349.382152 202.000000
349.882929 188.000000
350.383734 200.000000
350.884570 179.000000
351.385435 190.000000
351.886329 182.000000
352.387253 188.000000
352.888207 201.000000
353.389190 204.000000
353.890203 170.000000
354.391245 174.000000
354.892317 183.000000
355.393419 174.000000
355.894550 190.000000
356.395710 159.000000
356.896900 171.000000
357.398120 182.000000
357.899370 180.000000
358.400648 175.000000
358.901957 163.000000
359.403295 196.000000
359.904663 162.000000
360.406060 168.000000
360.907487 165.000000
361.408943 197.000000
361.910429 167.000000
362.411944 192.000000
362.913489 185.000000
363.415064 155.000000
363.916668 183.000000
364.418302 174.000000
364.919965 180.000000
365.421658 172.000000
365.923381 166.000000
366.425133 164.000000
366.926914 171.000000
367.428726 170.000000
367.930566 145.000000
368.432437 160.000000
368.934337 172.000000
369.436266 170.000000
369.938225 176.000000
370.440214 169.000000
370.942232 199.000000
371.444280 177.000000
371.946357 159.000000
372.448464 152.000000
372.950601 167.000000
373.452767 149.000000
373.954962 162.000000
374.457187 161.000000
374.959442 150.000000
375.461727 167.000000
375.964040 146.000000
376.466384 179.000000
376.968757 153.000000
377.471160 147.000000
377.973592 149.000000
378.476054 142.000000
378.978545 156.000000
379.481066 151.000000
379.983616 126.000000
380.486196 133.000000
380.988806 131.000000
381.491445 133.000000
381.994114 130.000000
382.496812 150.000000
382.999540 141.000000
383.502298 136.000000
384.005085 129.000000
384.507901 148.000000
385.010748 134.000000
385.513623 143.000000
386.016529 119.000000
386.519464 145.000000
387.022428 133.000000
387.525422 138.000000
388.028446 131.000000
388.531499 150.000000
389.034582 172.000000
389.537694 147.000000
390.040836 127.000000
390.544008 120.000000
391.047209 139.000000
391.550439 126.000000
392.053699 131.000000
392.556989 126.000000
393.060309 163.000000
393.563657 127.000000
394.067036 124.000000
394.570444 132.000000
395.073882 124.000000
395.577349 133.000000
396.080846 117.000000
396.584372 131.000000
397.087928 126.000000
397.591513 113.000000
398.095128 126.000000
398.598773 114.000000
399.102447 118.000000
399.606151 130.000000
400.109884 123.000000
400.613647 114.000000
401.117440 132.000000
401.621262 107.000000
402.125113 120.000000
402.628995 136.000000
403.132905 126.000000
403.636846 138.000000
404.140816 122.000000
404.644815 119.000000
405.148844 147.000000
405.652903 120.000000
406.156991 156.000000
406.661109 125.000000
407.165256 121.000000
407.669433 125.000000
408.173639 128.000000
408.677876 116.000000
409.182141 119.000000
409.686436 125.000000
410.190761 129.000000
410.695115 115.000000
411.199499 117.000000
411.703913 133.000000
412.208356 108.000000
412.712829 125.000000
413.217331 123.000000
413.721863 125.000000
414.226424 124.000000
414.731015 121.000000
415.235635 126.000000
415.740285 125.000000
416.244965 111.000000
416.749674 114.000000
417.254413 136.000000
417.759181 101.000000
418.263979 134.000000
418.768807 134.000000
419.273664 120.000000
419.778550 108.000000
420.283466 132.000000
420.788412 104.000000
421.293388 122.000000
421.798393 108.000000
422.303427 117.000000
422.808491 106.000000
423.313585 115.000000
423.818708 109.000000
424.323861 121.000000
424.829043 113.000000
425.334255 117.000000
425.839496 119.000000
426.344767 145.000000
426.850068 121.000000
427.355398 137.000000
427.860758 100.000000
428.366147 127.000000
428.871566 108.000000
429.377015 103.000000
429.882493 124.000000
430.388000 125.000000
430.893538 108.000000
431.399104 124.000000
431.904701 102.000000
432.410327  84.000000
432.915982 118.000000
433.421667 123.000000
433.927382 124.000000
434.433126  99.000000
434.938900 112.000000
435.444703  90.000000
435.950536 109.000000
436.456399 113.000000
436.962291  92.000000
437.468212 110.000000
437.974163 107.000000
438.480144 103.000000
438.986154 110.000000
439.492194 108.000000
439.998264 102.000000
440.504363  97.000000
441.010492  85.000000
441.516650  96.000000
442.022838 111.000000
442.529055 103.000000
443.035302 103.000000
443.541578 105.000000
444.047884 111.000000
444.554220  89.000000
445.060585 109.000000
445.566980 112.000000
446.073404 111.000000
446.579858  97.000000
447.086342 136.000000
447.592855 102.000000
448.099397 111.000000
448.605969 110.000000
449.112571 102.000000
449.619203 110.000000
450.125864 136.000000
450.632554  86.000000
451.139274  94.000000
451.646024  89.000000
452.152803 119.000000
452.659612 108.000000
453.166450  83.000000
453.673318  83.000000
454.180215 111.000000
454.687142  96.000000
455.194099 108.000000
455.701085  86.000000
456.208101  98.000000
456.715146 105.000000
457.222221  93.000000
457.729326 107.000000
458.236460  92.000000
458.743623  99.000000
459.250817  90.000000
459.758039  95.000000
460.265292  91.000000
460.772574  88.000000
461.279885  91.000000
461.787226  85.000000
462.294597  92.000000
462.801997 109.000000
463.309427  80.000000
463.816886  97.000000
464.324375 108.000000
464.831893  78.000000
465.339442  81.000000
465.847019  91.000000
466.354626  98.000000
466.862263  67.000000
467.369929  87.000000
467.877625  78.000000
468.385351  77.000000
468.893106  86.000000
469.400890  71.000000
469.908705  77.000000
470.416548  82.000000
470.924422  92.000000
471.432325  73.000000
471.940257  90.000000
472.448219  79.000000
472.956211  80.000000
473.464232  81.000000
473.972283  97.000000
474.480363  83.000000
474.988473  70.000000
475.496613  89.000000
476.004782  75.000000
476.512980  77.000000
477.021208  87.000000
477.529466  65.000000
478.037754  65.000000
478.546070  76.000000
479.054417  75.000000
479.562793  79.000000
480.071199  81.000000
480.579634  80.000000
481.088099  67.000000
481.596593  86.000000
482.105117  64.000000
482.613670  66.000000
483.122253  63.000000
483.630866  70.000000
484.139508  84.000000
484.648180  63.000000
485.156881  65.000000
485.665612  75.000000
486.174373  61.000000
486.683163  67.000000
487.191982  76.000000
487.700831  69.000000
488.209710  77.000000
488.718619  81.000000
489.227556  59.000000
489.736524  62.000000
490.245521  63.000000
490.754548  65.000000
491.263604  65.000000
491.772690  61.000000
492.281805  62.000000
492.790950  66.000000
493.300124  69.000000
493.809328  63.000000
494.318562  68.000000
494.827825  64.000000
495.337118  67.000000
495.846440  66.000000
496.355792  71.000000
496.865174  59.000000
497.374585  59.000000
497.884025  66.000000
498.393496  57.000000
498.902995  55.000000
499.412525  69.000000
499.922084  60.000000
500.431672  64.000000
500.941290  54.000000
501.450938  69.000000
501.960615  63.000000
502.470322  71.000000
502.980058  71.000000
503.489824  59.000000
503.999619  65.000000
504.509444  89.000000
505.019299  86.000000
505.529183  68.000000
506.039097  65.000000
506.549040  56.000000
507.059013  62.000000
507.569016  75.000000
508.079048  59.000000
508.589109  60.000000
509.099201  68.000000
509.609321  65.000000
510.119472  74.000000
510.629652  57.000000
511.139861  60.000000
511.650100  62.000000
512.160369  69.000000
512.670667  61.000000
513.180995  64.000000
513.691352  79.000000
514.201739  66.000000
514.712155  62.000000
515.222601  62.000000
515.733077  69.000000
516.243582  61.000000
516.754117  64.000000
517.264681  54.000000
517.775275  54.000000
518.285899  74.000000
518.796552  61.000000
519.307234  70.000000
519.817947  47.000000
520.328688  68.000000
520.839460  52.000000
521.350261  56.000000
521.861091  57.000000
522.371951  52.000000
522.882841  57.000000
523.393760  35.000000
523.904709  54.000000
524.415687  65.000000
524.926695  51.000000
525.437732  64.000000
525.948799  70.000000
526.459896  50.000000
526.971022  52.000000
527.482178  58.000000
527.993363  69.000000
528.504578  73.000000
529.015823  62.000000
529.527097  48.000000
530.038400  53.000000
530.549734  59.000000
531.061096  58.000000
531.572489  59.000000
532.083911  66.000000
532.595362  48.000000
533.106843  57.000000
533.618354  64.000000
534.129894  54.000000
534.641464  70.000000
535.153063  47.000000
535.664692  55.000000
536.176350  55.000000
536.688038  53.000000
537.199756  44.000000
537.711503  48.000000
538.223280  44.000000
538.735086  53.000000
539.246922  57.000000
539.758788  52.000000
540.270683  44.000000
540.782607  51.000000
541.294562  40.000000
541.806545  38.000000
542.318559  37.000000
542.830602  47.000000
543.342674  51.000000
543.854776  63.000000
544.366908  53.000000
544.879069  48.000000
545.391260  41.000000
545.903480  42.000000
546.415730  42.000000
546.928009  39.000000
547.440318  32.000000
547.952657  39.000000
548.465025  50.000000
548.977423  51.000000
549.489850  41.000000
550.002307  55.000000
550.514794  41.000000
551.027310  45.000000
551.539855  46.000000
552.052431  40.000000
552.565035  49.000000
553.077670  41.000000
553.590334  34.000000
554.103027  49.000000
554.615750  39.000000
555.128503  47.000000
555.641285  39.000000
556.154097  44.000000
556.666938  52.000000
557.179809  41.000000
557.692709  47.000000
558.205639  40.000000
558.718599  38.000000
559.231588  62.000000
559.744607  31.000000
560.257655  60.000000
560.770733  34.000000
561.283841  41.000000
561.796978  55.000000
562.310144  54.000000
562.823341  43.000000
563.336566  42.000000
563.849822  38.000000
564.363107  35.000000
564.876421  50.000000
565.389765  56.000000
565.903139  40.000000
566.416542  45.000000
566.929975  34.000000
567.443437  45.000000
567.956929  56.000000
568.470450  43.000000
568.984001  39.000000
569.497582  44.000000
570.011192  45.000000
570.524832  40.000000
571.038501  46.000000
571.552200  46.000000
572.065929  40.000000
572.579687  42.000000
573.093474  40.000000
573.607292  45.000000
574.121138  43.000000
574.635015  54.000000
575.148921  37.000000
575.662856  47.000000
576.176821  44.000000
576.690816  50.000000
577.204840  51.000000
577.718894  53.000000
578.232977  45.000000
578.747090  55.000000
579.261232  37.000000
579.775404  50.000000
580.289606  39.000000
580.803837  53.000000
581.318098  51.000000
581.832388  59.000000
582.346708  53.000000
582.861058  40.000000
583.375437  48.000000
583.889845  39.000000
584.404284  47.000000
584.918751  47.000000
585.433249  44.000000
585.947776  37.000000
586.462332  42.000000
586.976918  56.000000
587.491534  53.000000
588.006179  49.000000
588.520854  65.000000
589.035558  55.000000
589.550292  54.000000
590.065055  54.000000
590.579848  51.000000
591.094671  43.000000
591.609523  50.000000
592.124405  47.000000
592.639316  52.000000
593.154257  51.000000
593.669228  54.000000
594.184228  48.000000
594.699257  44.000000
595.214316  56.000000
595.729405  46.000000
596.244524  46.000000
596.759671  48.000000
597.274849  60.000000
597.790056  50.000000
598.305293  53.000000
598.820559  56.000000
599.335855  48.000000
599.851180  46.000000
600.366535  57.000000
600.881919  63.000000
601.397333  47.000000
601.912777  38.000000
602.428250  58.000000
602.943753  54.000000
603.459285  48.000000
603.974847  56.000000
604.490439  57.000000
605.006060  38.000000
605.521710  55.000000
606.037390  47.000000
606.553100  40.000000
607.068839  54.000000
607.584608  57.000000
608.100407  63.000000
608.616235  54.000000
609.132093  54.000000
609.647980  57.000000
610.163896  56.000000
610.679843  67.000000
611.195819  57.000000
611.711824  51.000000
612.227859  49.000000
612.743924  57.000000
613.260018  51.000000
613.776142  72.000000
614.292295  69.000000
614.808478  55.000000
615.324690  44.000000
615.840933  68.000000
616.357204  54.000000
616.873505  61.000000
617.389836  72.000000
617.906196  69.000000
618.422586  69.000000
618.939006  54.000000
619.455455  58.000000
619.971933  79.000000
620.488442  71.000000
621.004979  56.000000
621.521547  75.000000
622.038144  72.000000
622.554770  82.000000
623.071426  73.000000
623.588112  94.000000
624.104827  82.000000
624.621572  79.000000
625.138346  74.000000
625.655150  90.000000
626.171983  85.000000
626.688846  92.000000
627.205739  92.000000
627.722661  88.000000
628.239613 106.000000
628.756594 102.000000
629.273605 107.000000
629.790646 114.000000
630.307716 102.000000
630.824815 105.000000
631.341945 108.000000
631.859103 118.000000
632.376292 140.000000
632.893509 126.000000
633.410757 139.000000
633.928034 152.000000
634.445341 160.000000
634.962677 139.000000
635.480043 158.000000
635.997438 150.000000
636.514863 142.000000
637.032317 153.000000
637.549801 154.000000
638.067315 143.000000
638.584858 174.000000
639.102431 167.000000
639.620033 193.000000
640.137665 174.000000
640.655327 194.000000
641.173018 170.000000
641.690738 207.000000
642.208488 211.000000
642.726268 231.000000
643.244077 227.000000
643.761916 233.000000
644.279785 209.000000
644.797683 226.000000
645.315611 211.000000
645.833568 231.000000
646.351554 252.000000
646.869571 235.000000
647.387617 252.000000
647.905692 228.000000
648.423797 247.000000
648.941932 275.000000
649.460096 255.000000
649.978290 272.000000
650.496513 263.000000
651.014766 280.000000
651.533048 306.000000
652.051360 264.000000
652.569702 288.000000
653.088073 321.000000
653.606474 281.000000
654.124904 319.000000
654.643364 341.000000
655.161854 333.000000
655.680373 321.000000
656.198921 331.000000
656.717500 290.000000
657.236107 314.000000
657.754745 316.000000
658.273412 326.000000
658.792108 314.000000
659.310834 341.000000
659.829590 350.000000
660.348375 320.000000
660.867190 329.000000
661.386034 321.000000
661.904908 286.000000
662.423811 383.000000
662.942744 321.000000
663.461707 328.000000
663.980699 325.000000
664.499721 330.000000
665.018772 322.000000
665.537853 333.000000
666.056964 308.000000
666.576104 314.000000
667.095273 306.000000
667.614472 334.000000
668.133701 295.000000
668.652959 330.000000
669.172247 342.000000
669.691565 283.000000
670.210912 304.000000
670.730289 335.000000
671.249695 300.000000
671.769130 320.000000
672.288596 291.000000
672.808091 275.000000
673.327615 298.000000
673.847169 289.000000
674.366753 298.000000
674.886366 293.000000
675.406009 261.000000
675.925681 264.000000
676.445383 269.000000
676.965114 250.000000
677.484875 248.000000
678.004666 245.000000
678.524486 247.000000
679.044336 226.000000
679.564215 234.000000
680.084124 237.000000
680.604063 227.000000
681.124031 219.000000
681.644028 225.000000
682.164056 208.000000
682.684112 178.000000
683.204199 211.000000
683.724315 169.000000
684.244460 190.000000
684.764635 185.000000
685.284840 177.000000
685.805074 152.000000
686.325338 160.000000
686.845631 161.000000
687.365954 151.000000
687.886306 147.000000
688.406688 141.000000
688.927100 147.000000
689.447541 126.000000
689.968012 128.000000
690.488512 117.000000
691.009042 106.000000
691.529602 124.000000
692.050191 109.000000
692.570809 136.000000
693.091457 109.000000
693.612135  98.000000
694.132842 109.000000
694.653579  94.000000
695.174346  87.000000
695.695142  90.000000
696.215967  88.000000
696.736823 103.000000
697.257707  86.000000
697.778622  89.000000
698.299566  69.000000
698.820539  69.000000
699.341542  51.000000
699.862575  56.000000
700.383637  77.000000
700.904729  65.000000
701.425850  61.000000
701.947001  67.000000
702.468181  48.000000
702.989391  53.000000
703.510631  69.000000
704.031900  61.000000
704.553199  58.000000
705.074527  55.000000
705.595885  52.000000
706.117273  35.000000
706.638690  63.000000
707.160136  38.000000
707.681612  39.000000
708.203118  53.000000
708.724654  37.000000
709.246218  29.000000
709.767813  34.000000
710.289437  34.000000
710.811091  43.000000
711.332774  39.000000
711.854486  26.000000
712.376229  37.000000
712.898001  49.000000
713.419802  40.000000
713.941633  28.000000
714.463494  29.000000
714.985384  29.000000
715.507304  30.000000
716.029253  27.000000
716.551232  29.000000
717.073240  41.000000
717.595278  27.000000
718.117346  25.000000
718.639443  34.000000
719.161570  33.000000
719.683726  22.000000
720.205912  23.000000
720.728128  34.000000
721.250373  21.000000
721.772647  25.000000
722.294952  24.000000
722.817285  39.000000
723.339649  31.000000
723.862041  29.000000
724.384464  27.000000
724.906916  30.000000
725.429398  26.000000
725.951909  33.000000
726.474450  23.000000
726.997020  25.000000
727.519620  30.000000
728.042249  26.000000
728.564908  23.000000
729.087597  22.000000
729.610315  33.000000
730.133063  22.000000
730.655840  25.000000
731.178647  33.000000
731.701483  25.000000
732.224350  21.000000
732.747245  22.000000
733.270170  28.000000
733.793125  35.000000
734.316109  20.000000
734.839123  22.000000
735.362167  20.000000
735.885240  35.000000
736.408342  15.000000
736.931475  22.000000
737.454636  21.000000
737.977828  27.000000
738.501049  29.000000
739.024299  23.000000
739.547579  17.000000
740.070889  27.000000
740.594228  20.000000
741.117597  22.000000
741.640995  18.000000
742.164423  24.000000
742.687880  21.000000
743.211367  11.000000
743.734884  26.000000
744.258430  22.000000
744.782006  17.000000
745.305611  23.000000
745.829246  20.000000
746.352910  15.000000
746.876605  29.000000
747.400328  20.000000
747.924081  18.000000
748.447864  24.000000
748.971676  24.000000
749.495518  21.000000
750.019390  23.000000
750.543291  25.000000
751.067221  25.000000
751.591182  25.000000
752.115171  24.000000
752.639191  19.000000
753.163240  29.000000
753.687318  20.000000
754.211426  18.000000
754.735564  23.000000
755.259731  19.000000
755.783928  12.000000
756.308154  16.000000
756.832410  22.000000
757.356695  18.000000
757.881010  29.000000
758.405355  28.000000
758.929729  19.000000
759.454133  13.000000
759.978566  17.000000
760.503029  17.000000
761.027521  19.000000
761.552044  10.000000
762.076595  16.000000
762.601176  12.000000
763.125787  19.000000
763.650427  15.000000
764.175097  23.000000
764.699797  16.000000
765.224526  18.000000
765.749284  22.000000
766.274073  22.000000
766.798890  11.000000
767.323738  20.000000
767.848615  25.000000
768.373521  27.000000
768.898457  29.000000
769.423423  20.000000
769.948418  19.000000
770.473443  20.000000
770.998497  23.000000
771.523581  18.000000
772.048694  23.000000
772.573837  19.000000
773.099010  17.000000
773.624212  14.000000
774.149444  17.000000
774.674705  16.000000
775.199996  15.000000
775.725316  24.000000
776.250667  19.000000
776.776046  15.000000
777.301455  23.000000
777.826894  16.000000
778.352362  34.000000
778.877860  18.000000
779.403388  15.000000
779.928945  20.000000
780.454531  20.000000
780.980148  14.000000
781.505793  25.000000
782.031469  20.000000
782.557173  18.000000
783.082908  10.000000
783.608672  19.000000
784.134466  22.000000
784.660289  17.000000
785.186142  21.000000
785.712024  21.000000
786.237936  23.000000
786.763877  24.000000
787.289848  12.000000
787.815849  14.000000
788.341879  16.000000
788.867939  17.000000
789.394028  19.000000
789.920147  25.000000
790.446295  14.000000
790.972473  16.000000
791.498681  22.000000
792.024918  17.000000
792.551185  16.000000
793.077481  20.000000
793.603807  17.000000
794.130163   9.000000
794.656548  16.000000
795.182962  24.000000
795.709406  14.000000
796.235880  19.000000
796.762384  18.000000
797.288916  20.000000
797.815479  15.000000
798.342071  16.000000
798.868693  11.000000
799.395344  10.000000
799.922024  15.000000
800.448735  11.000000
800.975475  14.000000
801.502244  13.000000
802.029043  13.000000
802.555872  20.000000
803.082730  12.000000
803.609618  24.000000
804.136535  10.000000
804.663482  24.000000
805.190458  13.000000
805.717464  22.000000
806.244500  19.000000
806.771565  15.000000
807.298660  16.000000
807.825784  18.000000
808.352938   8.000000
808.880122  14.000000
809.407335  10.000000
809.934577  14.000000
810.461849  19.000000
810.989151   9.000000
811.516482  17.000000
812.043843  10.000000
812.571234  14.000000
813.098654  11.000000
813.626103  10.000000
814.153583   8.000000
814.681091  13.000000
815.208630  18.000000
815.736198  11.000000
816.263795  16.000000
816.791422  15.000000
817.319079  14.000000
817.846765  19.000000
818.374481  16.000000
818.902226  19.000000
819.430001  25.000000
819.957805  20.000000
820.485639  10.000000
821.013503  13.000000
821.541396  17.000000
822.069319  11.000000
822.597271  12.000000
823.125253  12.000000
823.653265  16.000000
824.181306  14.000000
824.709376  15.000000
825.237476  16.000000
825.765606  14.000000
826.293765  17.000000
826.821954  20.000000
827.350173  12.000000
827.878421  16.000000
828.406698  20.000000
828.935006  17.000000
829.463342  15.000000
829.991709  18.000000
830.520104  22.000000
831.048530  17.000000
831.576985  13.000000
832.105470  13.000000
832.633984  16.000000
833.162528  21.000000
833.691101  15.000000
834.219704  21.000000
834.748336  16.000000
835.276998  21.000000
835.805690  16.000000
836.334411  17.000000
836.863162   7.000000
837.391942  15.000000
837.920752   8.000000
838.449591  17.000000
838.978460   9.000000
839.507359  18.000000
840.036287  13.000000
840.565245  14.000000
841.094232  21.000000
841.623249  13.000000
842.152296  20.000000
842.681372  14.000000
843.210477  12.000000
843.739612  11.000000
844.268777  17.000000
844.797971  17.000000
845.327195  14.000000
845.856449  19.000000
846.385732  20.000000
846.915044  14.000000
847.444387  11.000000
847.973758  15.000000
848.503160  16.000000
849.032591  15.000000
849.562051   8.000000
850.091541  11.000000
850.621061  14.000000
851.150610  15.000000
851.680189  15.000000
852.209797   8.000000
852.739435  23.000000
853.269102  20.000000
853.798799  17.000000
854.328526  23.000000
854.858282  17.000000
855.388068  17.000000
855.917883  10.000000
856.447728  11.000000
856.977602  15.000000
857.507507  21.000000
858.037440  17.000000
858.567403  21.000000
859.097396  15.000000
859.627418  16.000000
860.157470  19.000000
860.687552  11.000000
861.217663  16.000000
861.747803  15.000000
862.277973  12.000000
862.808173  12.000000
863.338403  14.000000
863.868661  10.000000
864.398950  15.000000
864.929268   9.000000
865.459616  16.000000
865.989993  15.000000
866.520399  10.000000
867.050836  16.000000
867.581302   9.000000
868.111797  15.000000
868.642322  20.000000
869.172877  15.000000
869.703461  10.000000
870.234075  13.000000
870.764718  18.000000
871.295391  14.000000
871.826093  16.000000
872.356825  18.000000
872.887587  14.000000
873.418378  10.000000
873.949199  13.000000
874.480049  11.000000
875.010929  22.000000
875.541839  17.000000
876.072778  12.000000
876.603746   8.000000
877.134744  14.000000
877.665772  15.000000
878.196829  11.000000
878.727916  11.000000
879.259033  16.000000
879.790179  16.000000
880.321354  19.000000
880.852560  12.000000
881.383794  15.000000
881.915059  16.000000
882.446352  10.000000
882.977676  18.000000
883.509029  15.000000
884.040412  11.000000
884.571824  10.000000
885.103265  14.000000
885.634737  14.000000
886.166238  15.000000
886.697768  12.000000
887.229328  14.000000
887.760918  13.000000
888.292537  20.000000
888.824186  11.000000
889.355864  15.000000
889.887572  18.000000
890.419309  21.000000
890.951076  14.000000
891.482873   8.000000
892.014699  13.000000
892.546555  13.000000
893.078440  17.000000
893.610355   9.000000
894.142300  18.000000
894.674274   9.000000
895.206277  18.000000
895.738310  21.000000
896.270373  21.000000
896.802465  15.000000
897.334587  27.000000
897.866739  26.000000
898.398920  23.000000
898.931130  13.000000
899.463371  15.000000
899.995640  13.000000
900.527940  12.000000
901.060268  18.000000
901.592627  14.000000
902.125015   8.000000
902.657433  19.000000
903.189880  25.000000
903.722356  18.000000
904.254863  16.000000
904.787399   7.000000
905.319964  19.000000
905.852559  15.000000
906.385184  15.000000
906.917838  15.000000
907.450522  15.000000
907.983235  22.000000
908.515978  16.000000
909.048750  27.000000
909.581552  16.000000
910.114384  24.000000
910.647245  18.000000
911.180136  20.000000
911.713056  21.000000
912.246006  11.000000
912.778985  16.000000
913.311995  11.000000
913.845033  18.000000
914.378101  15.000000
914.911199  16.000000
915.444326  18.000000
915.977483  11.000000
916.510670  15.000000
917.043886  16.000000
917.577131  17.000000
918.110406  19.000000
918.643711  11.000000
919.177046  13.000000
919.710409  21.000000
920.243803  15.000000
920.777226  17.000000
921.310678  12.000000
921.844161  21.000000
922.377672  19.000000
922.911214  16.000000
923.444785  11.000000
923.978385  18.000000
924.512015  19.000000
925.045675  14.000000
925.579364  19.000000
926.113083   9.000000
926.646831  23.000000
927.180609  23.000000
927.714416  12.000000
928.248253  10.000000
928.782120  26.000000
929.316016  12.000000
929.849942  16.000000
930.383897  20.000000
930.917882  22.000000
931.451896  14.000000
931.985940  18.000000
932.520014  17.000000
933.054117  16.000000
933.588250  19.000000
934.122412  15.000000
934.656604  12.000000
935.190826  19.000000
935.725077   8.000000
936.259357  14.000000
936.793667  10.000000
937.328007  17.000000
937.862376  19.000000
938.396775  13.000000
938.931204  12.000000
939.465662  10.000000
940.000149  12.000000
940.534667  11.000000
941.069213  23.000000
941.603790  21.000000
942.138396  11.000000
942.673031  15.000000
943.207696  13.000000
943.742391  10.000000
944.277115  15.000000
944.811869   9.000000
945.346652  15.000000
945.881465  14.000000
946.416307  13.000000
946.951179  15.000000
947.486081  18.000000
948.021012  12.000000
948.555973  14.000000
949.090963  23.000000
949.625983   9.000000
950.161032   9.000000
950.696111  19.000000
951.231220  11.000000
951.766358  18.000000
952.301526  11.000000
952.836723  15.000000
953.371950  11.000000
953.907207  12.000000
954.442493  20.000000
954.977808   9.000000
955.513153  17.000000
956.048528  17.000000
956.583932  10.000000
957.119366  11.000000
957.654830  16.000000
958.190323  13.000000
958.725845  10.000000
959.261397  15.000000
959.796979   7.000000
960.332591  10.000000
960.868231   8.000000
961.403902  14.000000
961.939602  18.000000
962.475331  12.000000
963.011091  16.000000
963.546879  12.000000
964.082698  20.000000
964.618546  17.000000
965.154423   4.000000
965.690330  13.000000
966.226267  20.000000
966.762233  16.000000
967.298229  13.000000
967.834254  17.000000
968.370309  12.000000
968.906393  23.000000
969.442507  15.000000
969.978651  12.000000
970.514824  18.000000
971.051027  11.000000
971.587259  11.000000
972.123521  18.000000
972.659812   8.000000
973.196133  19.000000
973.732484   7.000000
974.268864  12.000000
974.805274  10.000000
975.341713  10.000000
975.878182  13.000000
976.414681  15.000000
976.951209  21.000000
977.487766  12.000000
978.024353  15.000000
978.560970  19.000000
979.097616  11.000000
979.634292  15.000000
980.170998   9.000000
980.707733  11.000000
981.244497  11.000000
981.781291  20.000000
982.318115  16.000000
982.854969  10.000000
983.391851   8.000000
983.928764  10.000000
984.465706   7.000000
985.002677   6.000000
985.539679  13.000000
986.076709  13.000000
986.613770  20.000000
987.150860  11.000000
987.687979  19.000000
988.225128   8.000000
988.762307  12.000000
989.299515   7.000000
989.836753  11.000000
990.374020  13.000000
990.911317   9.000000
991.448643   8.000000
991.985999   9.000000
992.523385   5.000000
993.060800  14.000000
993.598245  10.000000
994.135719  22.000000
994.673223  12.000000
995.210756  10.000000
995.748319   9.000000
996.285912   7.000000
996.823534  11.000000
997.361186   9.000000
997.898867   7.000000
998.436578  13.000000
998.974319   6.000000
999.512089   8.000000
1000.049888  14.000000
1000.587717  11.000000
1001.125576  10.000000
1001.663464  14.000000
1002.201382  10.000000
1002.739330   6.000000
1003.277307  13.000000
1003.815313  10.000000
1004.353349  12.000000
1004.891415   8.000000
1005.429510   8.000000
1005.967635   9.000000
1006.505790  10.000000
1007.043974   9.000000
1007.582187   9.000000
1008.120431   9.000000
1008.658703  10.000000
1009.197006  12.000000
1009.735338   9.000000
1010.273699  12.000000
1010.812090   2.000000
1011.350511   9.000000
1011.888961  16.000000
1012.427440   6.000000
1012.965950  15.000000
1013.504489  15.000000
1014.043057   7.000000
1014.581655  13.000000
1015.120283   9.000000
1015.658940  14.000000
1016.197627   6.000000
1016.736343   7.000000
1017.275089   8.000000
1017.813864  13.000000
1018.352669  15.000000
1018.891504   9.000000
1019.430368  15.000000
1019.969262   6.000000
1020.508185  10.000000
1021.047138  13.000000
1021.586120   7.000000
1022.125132  10.000000
1022.664174   7.000000
1023.203245   5.000000
1023.742346   8.000000
1024.281476  16.000000
1024.820636  15.000000
1025.359826   8.000000
1025.899045   4.000000
1026.438293   8.000000
1026.977571  14.000000
1027.516879   7.000000
1028.056216   9.000000
1028.595583  13.000000
1029.134980  11.000000
1029.674406  11.000000
1030.213861  18.000000
1030.753347  17.000000
1031.292861  18.000000
1031.832406   9.000000
1032.371979   6.000000
1032.911583  12.000000
1033.451216  10.000000
1033.990878   8.000000
1034.530571  10.000000
1035.070292  10.000000
1035.610044  11.000000
1036.149825   9.000000
1036.689635  10.000000
1037.229475  12.000000
1037.769345   9.000000
1038.309244  13.000000
1038.849173   6.000000
1039.389131  10.000000
1039.929119  18.000000
1040.469136  11.000000
1041.009183  11.000000
1041.549260   6.000000
1042.089366  10.000000
1042.629502  12.000000
1043.169667   7.000000
1043.709862  10.000000
1044.250086   9.000000
1044.790340  14.000000
1045.330624   8.000000
1045.870937  10.000000
1046.411280   9.000000
1046.951652  14.000000
1047.492054  10.000000
1048.032485   8.000000
1048.572946   8.000000
1049.113437  11.000000
1049.653957   8.000000
1050.194507  12.000000
1050.735086   6.000000
1051.275695  10.000000
1051.816334  17.000000
1052.357002  13.000000
1052.897699   9.000000
1053.438426   8.000000
1053.979183  12.000000
1054.519969  11.000000
1055.060785  10.000000
1055.601631  13.000000
1056.142506   5.000000
1056.683410  13.000000
1057.224344   8.000000
1057.765308   7.000000
1058.306302  11.000000
1058.847324  18.000000
1059.388377  12.000000
1059.929459   4.000000
1060.470570   9.000000
1061.011712  11.000000
1061.552882  10.000000
1062.094083  10.000000
1062.635313   8.000000
1063.176572  11.000000
1063.717861  16.000000
1064.259180  13.000000
1064.800528  10.000000
1065.341906  12.000000
1065.883313  11.000000
1066.424750  12.000000
1066.966216   6.000000
1067.507712  10.000000
1068.049238   7.000000
1068.590793  11.000000
1069.132378  14.000000
1069.673992   5.000000
1070.215636  13.000000
1070.757309  12.000000
1071.299012  11.000000
1071.840745  10.000000
1072.382507  15.000000
1072.924299  10.000000
1073.466120  14.000000
1074.007971   6.000000
1074.549851   8.000000
1075.091761  15.000000
1075.633701  11.000000
1076.175670  13.000000
1076.717669   8.000000
1077.259697   8.000000
1077.801755  11.000000
1078.343843  10.000000
1078.885960  15.000000
1079.428106  13.000000
1079.970282   7.000000
1080.512488   8.000000
1081.054723   8.000000
1081.596988   7.000000
1082.139283   6.000000
1082.681607   9.000000
1083.223960   8.000000
1083.766343  13.000000
1084.308756   8.000000
1084.851198   8.000000
1085.393670   9.000000
1085.936172  17.000000
1086.478703  10.000000
1087.021263  11.000000
1087.563854   9.000000
1088.106473   9.000000
1088.649123   7.000000
1089.191801  12.000000
1089.734510   7.000000
1090.277248  10.000000
1090.820016  14.000000
1091.362813  13.000000
1091.905639  20.000000
1092.448496  11.000000
1092.991382   9.000000
1093.534297  12.000000
1094.077242   6.000000
1094.620217  12.000000
1095.163221   8.000000
1095.706255  11.000000
1096.249318  15.000000
1096.792411   8.000000
1097.335533  15.000000
1097.878685   9.000000
1098.421867  10.000000
1098.965078  12.000000
1099.508319  11.000000
1100.051589  10.000000
1100.594889   9.000000
1101.138218  16.000000
1101.681577   7.000000
1102.224966  12.000000
1102.768384  10.000000
1103.311832  10.000000
1103.855309  13.000000
1104.398816   9.000000
1104.942352  13.000000
1105.485918  11.000000
1106.029514  10.000000
1106.573139  13.000000
1107.116794  12.000000
1107.660478  14.000000
1108.204192  12.000000
1108.747936   9.000000
1109.291709   8.000000
1109.835511  10.000000
1110.379343  15.000000
1110.923205  10.000000
1111.467096  12.000000
1112.011017   8.000000
1112.554968  15.000000
1113.098948   9.000000
1113.642957   8.000000
1114.186996   3.000000
1114.731065   9.000000
1115.275163   5.000000
1115.819291  15.000000
1116.363449  11.000000
1116.907636  12.000000
1117.451852   9.000000
1117.996099   9.000000
1118.540374   8.000000
1119.084680  11.000000
1119.629014  16.000000
1120.173379  12.000000
1120.717773  15.000000
1121.262196   9.000000
1121.806650  12.000000
1122.351132  10.000000
1122.895645  12.000000
1123.440187   8.000000
1123.984758   8.000000
1124.529359  14.000000
1125.073990  10.000000
1125.618650  10.000000
1126.163339  11.000000
1126.708059  11.000000
1127.252808  11.000000
1127.797586   9.000000
1128.342394   9.000000
1128.887232  15.000000
1129.432099  16.000000
1129.976996   8.000000
1130.521922  13.000000
1131.066878  20.000000
1131.611863   9.000000
1132.156878   6.000000
1132.701923  12.000000
1133.246997  10.000000
1133.792101  10.000000
1134.337234   9.000000
1134.882397   9.000000
1135.427589  14.000000
1135.972811   9.000000
1136.518063  14.000000
1137.063344   6.000000
1137.608655  13.000000
1138.153995   7.000000
1138.699365  11.000000
1139.244764   7.000000
1139.790193  13.000000
1140.335652   9.000000
1140.881140  10.000000
1141.426658   9.000000
1141.972205   8.000000
1142.517782   8.000000
1143.063389   6.000000
1143.609025  10.000000
1144.154690   9.000000
1144.700385   8.000000
1145.246110  15.000000
1145.791864  10.000000
1146.337648  11.000000
1146.883462  14.000000
1147.429305   9.000000
1147.975177   8.000000
1148.521079   9.000000
1149.067011  11.000000
1149.612972   4.000000
1150.158963   8.000000
1150.704984   8.000000
1151.251034  15.000000
1151.797113  11.000000
1152.343222   2.000000
1152.889361   7.000000
1153.435530   7.000000
1153.981727   9.000000
1154.527955   9.000000
1155.074212   5.000000
1155.620498   4.000000
1156.166815   7.000000
1156.713160  14.000000
1157.259536  10.000000
1157.805940   7.000000
1158.352375   9.000000
1158.898839   7.000000
1159.445333   8.000000
1159.991856  11.000000
1160.538408  10.000000
1161.084991  14.000000
1161.631603  10.000000
1162.178244   9.000000
1162.724915  12.000000
1163.271616  10.000000
1163.818346  10.000000
1164.365106  15.000000
1164.911895   7.000000
1165.458714   4.000000
1166.005562  10.000000
1166.552440  17.000000
1167.099348  14.000000
1167.646285   8.000000
1168.193252   7.000000
1168.740248   9.000000
1169.287274   9.000000
1169.834329  12.000000
1170.381414   9.000000
1170.928529  10.000000
1171.475673  16.000000
1172.022847   8.000000
1172.570050  12.000000
1173.117283  12.000000
1173.664545  12.000000
1174.211837  10.000000
1174.759159   8.000000
1175.306510   7.000000
1175.853891  15.000000
1176.401301   9.000000
1176.948741   8.000000
1177.496210  10.000000
1178.043709   8.000000
1178.591238   7.000000
1179.138796  13.000000
1179.686384  10.000000
1180.234001   8.000000
1180.781648   8.000000
1181.329324   7.000000
1181.877031  12.000000
1182.424766   8.000000
1182.972531  10.000000
1183.520326   5.000000
1184.068150   9.000000
1184.616004   8.000000
1185.163888   8.000000
1185.711801  13.000000
1186.259743   7.000000
1186.807715   7.000000
1187.355717   7.000000
1187.903748  11.000000
1188.451809   6.000000
1188.999900   7.000000
1189.548020   8.000000
1190.096169   9.000000
1190.644348   9.000000
1191.192557   8.000000
1191.740795  11.000000
1192.289063   7.000000
1192.837361   9.000000
1193.385688   9.000000
1193.934044   5.000000
1194.482431   7.000000
1195.030846   8.000000
1195.579292   9.000000
1196.127766  12.000000
1196.676271   6.000000
1197.224805   5.000000
1197.773368   8.000000
1198.321962  10.000000
1198.870584   5.000000
1199.419237   5.000000
1199.967918   8.000000
1200.516630  11.000000
1201.065371  16.000000
1201.614142  10.000000
1202.162942   4.000000
1202.711771   8.000000
1203.260631  13.000000
1203.809520   8.000000
1204.358438   7.000000
1204.907386   3.000000
1205.456364   9.000000
1206.005371   6.000000
1206.554407  10.000000
1207.103474  11.000000
1207.652570   8.000000
1208.201695   9.000000
1208.750850   8.000000
1209.300035  11.000000
1209.849249   6.000000
1210.398493   8.000000
1210.947766   8.000000
1211.497069  11.000000
1212.046401   5.000000
1212.595763  15.000000
1213.145155  10.000000
1213.694576   8.000000
1214.244027   9.000000
1214.793507  13.000000
1215.343017  10.000000
1215.892556  10.000000
1216.442125   4.000000
1216.991724   8.000000
1217.541352   8.000000
1218.091010   9.000000
1218.640697   7.000000
1219.190414   7.000000
1219.740160  10.000000
1220.289936   7.000000
1220.839742  11.000000
1221.389577   7.000000
1221.939442   6.000000
1222.489336   8.000000
1223.039260  10.000000
1223.589213  11.000000
1224.139196   8.000000
1224.689209   3.000000
1225.239251   6.000000
1225.789323   5.000000
1226.339424   6.000000
1226.889555   7.000000
1227.439715   7.000000
1227.989906  13.000000
1228.540125   5.000000
1229.090374   7.000000
1229.640653  15.000000
1230.190961   7.000000
1230.741299  10.000000
1231.291667   7.000000
1231.842064   7.000000
1232.392490  14.000000
1232.942946  12.000000
1233.493432   9.000000
1234.043947   5.000000
1234.594492  10.000000
1235.145067   4.000000
1235.695671   6.000000
1236.246304   8.000000
1236.796967   6.000000
1237.347660   5.000000
1237.898382   9.000000
1238.449134   7.000000
1238.999916  11.000000
1239.550727  11.000000
1240.101567   6.000000
1240.652437   8.000000
1241.203337   7.000000
1241.754266   6.000000
1242.305225   1.000000
1242.856214   9.000000
1243.407232  10.000000
1243.958279   3.000000
1244.509357   8.000000
1245.060463   4.000000
1245.611600   5.000000
1246.162765   9.000000
1246.713961   8.000000
1247.265186   6.000000
1247.816440   6.000000
1248.367725   6.000000
1248.919038   4.000000
1249.470382   8.000000
1250.021754   2.000000
1250.573157   7.000000
1251.124589   6.000000
1251.676051  10.000000
1252.227542   7.000000
1252.779062   4.000000
1253.330613   7.000000
1253.882193   4.000000
1254.433802   6.000000
1254.985441   4.000000
1255.537110   8.000000
1256.088808   8.000000
1256.640535   7.000000
1257.192293  11.000000
1257.744080   6.000000
1258.295896   7.000000
1258.847742   9.000000
1259.399618   9.000000
1259.951523   9.000000
1260.503458   1.000000
1261.055422   3.000000
1261.607416   6.000000
1262.159439   4.000000
1262.711492   6.000000
1263.263575   4.000000
1263.815687   7.000000
1264.367829   7.000000
1264.920000  11.000000
1265.472201   5.000000
1266.024431   3.000000
1266.576691   7.000000
1267.128981   3.000000
1267.681300   3.000000
1268.233649   7.000000
1268.786027   7.000000
1269.338435   3.000000
1269.890872   7.000000
1270.443339  10.000000
1270.995836   3.000000
1271.548362   8.000000
1272.100918   9.000000
1272.653503   3.000000
1273.206118   6.000000
1273.758762   5.000000
1274.311436  11.000000
1274.864140   6.000000
1275.416873   6.000000
1275.969636   7.000000
1276.522428   6.000000
1277.075250   5.000000
1277.628101   9.000000
1278.180982   9.000000
1278.733893   2.000000
1279.286833  10.000000
1279.839803  10.000000
1280.392802   7.000000
1280.945831   8.000000
1281.498889   8.000000
1282.051977   4.000000
1282.605095   3.000000
1283.158242   5.000000
1283.711419   4.000000
1284.264625   6.000000
1284.817861   7.000000
1285.371126   4.000000
1285.924421   4.000000
1286.477746   6.000000
1287.031100   3.000000
1287.584484   6.000000
1288.137897   3.000000
1288.691340   1.000000
1289.244813   5.000000
1289.798315   5.000000
1290.351846   3.000000
1290.905407   2.000000
1291.458998   6.000000
1292.012618   3.000000
1292.566268   4.000000
1293.119948   3.000000
1293.673657  10.000000
1294.227395   7.000000
1294.781163   4.000000
1295.334961   5.000000
1295.888788   7.000000
1296.442645   6.000000
1296.996532   5.000000
1297.550448   7.000000
1298.104393   8.000000
1298.658368   6.000000
1299.212373   6.000000
1299.766407   1.000000
1300.320471   7.000000
1300.874565   5.000000
1301.428688   6.000000
1301.982840   7.000000
1302.537022   3.000000
1303.091234  11.000000
1303.645475   6.000000
1304.199746   7.000000
1304.754047   8.000000
1305.308377   5.000000
1305.862736  10.000000
1306.417125   8.000000
1306.971544   5.000000
1307.525992   3.000000
1308.080470   5.000000
1308.634978   1.000000
1309.189515   7.000000
1309.744081   2.000000
1310.298677   4.000000
1310.853303   2.000000
1311.407958   2.000000
1311.962643   2.000000
1312.517358   4.000000
1313.072102   4.000000
1313.626875   2.000000
1314.181679   5.000000
1314.736511   7.000000
1315.291374   7.000000
1315.846265   4.000000
1316.401187   8.000000
1316.956138   7.000000
1317.511118   2.000000
1318.066129   5.000000
1318.621168   3.000000
1319.176238   4.000000
1319.731336   4.000000
1320.286465   2.000000
1320.841623   3.000000
1321.396810   0.000000
1321.952028   6.000000
1322.507274   3.000000
1323.062551   2.000000
1323.617856   7.000000
1324.173192   5.000000
1324.728557   7.000000
1325.283951   5.000000
1325.839376   9.000000
1326.394829   4.000000
1326.950313   7.000000
1327.505826   8.000000
1328.061368   2.000000
1328.616940   2.000000
1329.172542   4.000000
1329.728173   8.000000
1330.283833   4.000000
1330.839524   8.000000
1331.395244   6.000000
1331.950993   1.000000
1332.506772   6.000000
1333.062581   2.000000
1333.618419   6.000000
1334.174286   3.000000
1334.730184   4.000000
1335.286111   4.000000
1335.842067   3.000000
1336.398053   6.000000
1336.954069   7.000000
1337.510114   3.000000
1338.066188   3.000000
1338.622293   6.000000
1339.178427   3.000000
1339.734590   2.000000
1340.290783   1.000000
1340.847006   3.000000
1341.403258   3.000000
1341.959540   0.000000
1342.515851   7.000000
1343.072192   3.000000
1343.628562   2.000000
1344.184962   7.000000
1344.741392   3.000000
1345.297851   3.000000
1345.854340   7.000000
1346.410858   5.000000
1346.967406  12.000000
1347.523983   5.000000
1348.080590   3.000000
1348.637227   6.000000
1349.193893   4.000000
1349.750589   2.000000
1350.307314   4.000000
1350.864069   5.000000
1351.420853   8.000000
1351.977667   1.000000
1352.534511   4.000000
1353.091384   3.000000
1353.648287   3.000000
1354.205219   7.000000
1354.762181   3.000000
1355.319172   6.000000
1355.876193   3.000000
1356.433244   6.000000
1356.990324   6.000000
1357.547434   3.000000
1358.104573   3.000000
1358.661742   3.000000
1359.218940   4.000000
1359.776168   3.000000
1360.333426   4.000000
1360.890713   5.000000
1361.448030   6.000000
1362.005376   3.000000
1362.562752  12.000000
1363.120157   7.000000
1363.677592   4.000000
1364.235057   7.000000
1364.792551   1.000000
1365.350075   4.000000
1365.907628   2.000000
1366.465211   4.000000
1367.022823   2.000000
1367.580465   8.000000
1368.138137   3.000000
1368.695838  11.000000
1369.253569   3.000000
1369.811329   4.000000
1370.369119   5.000000
1370.926938   4.000000
1371.484787  12.000000
1372.042666   2.000000
1372.600574   2.000000
1373.158512   6.000000
1373.716479   6.000000
1374.274476   3.000000
1374.832502   4.000000
1375.390558   2.000000
1375.948644   1.000000
1376.506759   6.000000
1377.064904   8.000000
1377.623078   3.000000
1378.181282   1.000000
1378.739515   5.000000
1379.297778   4.000000
1379.856071   4.000000
1380.414393   5.000000
1380.972745   5.000000
1381.531126   6.000000
1382.089537   6.000000
1382.647977   8.000000
1383.206447   4.000000
1383.764947   5.000000
1384.323476   3.000000
1384.882035   6.000000
1385.440623   9.000000
1385.999241   4.000000
1386.557888   4.000000
1387.116565   3.000000
1387.675272   5.000000
1388.234008  11.000000
1388.792774   5.000000
1389.351569   3.000000
1389.910394   6.000000
1390.469248   3.000000
1391.028132   6.000000
1391.587046   8.000000
1392.145989   7.000000
1392.704962   7.000000
1393.263964   6.000000
1393.822996   7.000000
1394.382057   3.000000
1394.941148   3.000000
1395.500269   7.000000
1396.059419   5.000000
1396.618599   7.000000
1397.177808   3.000000
1397.737047   7.000000
1398.296315   4.000000
1398.855613   4.000000
1399.414941   2.000000
1399.974298  10.000000
1400.533685   4.000000
1401.093101   6.000000
1401.652547  12.000000
1402.212022   9.000000
1402.771527   6.000000
1403.331062   7.000000
1403.890626  11.000000
1404.450220   9.000000
1405.009843  10.000000
1405.569496  11.000000
1406.129178   5.000000
1406.688890   8.000000
1407.248632   5.000000
1407.808403   5.000000
1408.368204   9.000000
1408.928034   6.000000
1409.487894  11.000000
1410.047783   8.000000
1410.607702   9.000000
1411.167651   5.000000
1411.727629   8.000000
1412.287637   8.000000
1412.847674   8.000000
1413.407741  11.000000
1413.967837  13.000000
1414.527963   7.000000
1415.088119  13.000000
1415.648304   9.000000
1416.208519   6.000000
1416.768763  12.000000
1417.329037   8.000000
1417.889340  11.000000
1418.449673  10.000000
1419.010036   8.000000
1419.570428  13.000000
1420.130850  18.000000
1420.691301  14.000000
1421.251782  13.000000
1421.812292   9.000000
1422.372832  12.000000
1422.933402  14.000000
1423.494001  13.000000
1424.054630  12.000000
1424.615288  15.000000
1425.175976  17.000000
1425.736693  15.000000
1426.297440  11.000000
1426.858217  19.000000
1427.419023  10.000000
1427.979859  14.000000
1428.540724  15.000000
1429.101619  10.000000
1429.662543  14.000000
1430.223497  20.000000
1430.784481  14.000000
1431.345494   5.000000
1431.906537  16.000000
1432.467609  21.000000
1433.028711  11.000000
1433.589842  20.000000
1434.151003  14.000000
1434.712194  16.000000
1435.273414  21.000000
1435.834664  14.000000
1436.395943  12.000000
1436.957252  12.000000
1437.518590  22.000000
1438.079958  21.000000
1438.641356  14.000000
1439.202783  16.000000
1439.764240  19.000000
1440.325726  22.000000
1440.887242  10.000000
1441.448787  24.000000
1442.010362  17.000000
1442.571967  14.000000
1443.133601  18.000000
1443.695265  22.000000
1444.256958  15.000000
1444.818681  21.000000
1445.380433  18.000000
1445.942215  19.000000
1446.504027  12.000000
1447.065868  14.000000
1447.627739  21.000000
1448.189639  16.000000
1448.751569  22.000000
1449.313528  19.000000
1449.875517  14.000000
1450.437536  19.000000
1450.999584  21.000000
1451.561662  14.000000
1452.123769  26.000000
1452.685906  20.000000
1453.248072  22.000000
1453.810268  16.000000
1454.372494  17.000000
1454.934749  16.000000
1455.497034  22.000000
1456.059348  13.000000
1456.621692  19.000000
1457.184065  29.000000
1457.746468  10.000000
1458.308901  14.000000
1458.871363  19.000000
1459.433855  15.000000
1459.996376  17.000000
1460.558927  15.000000
1461.121507  25.000000
1461.684117  16.000000
1462.246757  16.000000
1462.809426  15.000000
1463.372125  19.000000
1463.934853  14.000000
1464.497611  21.000000
1465.060398  12.000000
1465.623215   9.000000
1466.186062  16.000000
1466.748938  23.000000
1467.311844  16.000000
1467.874779  14.000000
1468.437744  13.000000
1469.000738  10.000000
1469.563762  18.000000
1470.126816  19.000000
1470.689899  15.000000
1471.253012  10.000000
1471.816154  10.000000
1472.379326  12.000000
1472.942527  13.000000
1473.505758  10.000000
1474.069019   9.000000
1474.632309  11.000000
1475.195629  17.000000
1475.758978  17.000000
1476.322357   8.000000
1476.885765   9.000000
1477.449203  11.000000
1478.012671  10.000000
1478.576168  11.000000
1479.139695  17.000000
1479.703251  13.000000
1480.266837  12.000000
1480.830452  15.000000
1481.394097  16.000000
1481.957772  14.000000
1482.521476  12.000000
1483.085210   7.000000
1483.648973  10.000000
1484.212766   4.000000
1484.776588  19.000000
1485.340440   7.000000
1485.904322  14.000000
1486.468233   8.000000
1487.032174  10.000000
1487.596144   9.000000
1488.160144  10.000000
1488.724173   7.000000
1489.288232   9.000000
1489.852321   7.000000
1490.416439  12.000000
1490.980587   8.000000
1491.544764   8.000000
1492.108971   4.000000
1492.673207   7.000000
1493.237473   8.000000
1493.801769   4.000000
1494.366094   7.000000
1494.930449   9.000000
1495.494833   7.000000
1496.059247   6.000000
1496.623690   6.000000
1497.188163   5.000000
1497.752666   4.000000
1498.317198  14.000000
1498.881760   5.000000
1499.446351   3.000000
1500.010972   5.000000
1500.575622   4.000000
1501.140302   7.000000
1501.705012   5.000000
1502.269751   9.000000
1502.834520   2.000000
1503.399318   0.000000
1503.964146   5.000000
1504.529003   5.000000
1505.093890   8.000000
1505.658807   5.000000
1506.223753   2.000000
1506.788729   5.000000
1507.353734   6.000000
1507.918769   3.000000
1508.483833   2.000000
1509.048927   5.000000
1509.614051   6.000000
1510.179204   2.000000
1510.744387   3.000000
1511.309599   0.000000
1511.874841   4.000000
1512.440112   5.000000
1513.005413   2.000000
1513.570744   3.000000
1514.136104   2.000000
1514.701494   4.000000
1515.266913   5.000000
1515.832362   5.000000
1516.397840   6.000000
1516.963348   6.000000
1517.528886   4.000000
1518.094453   2.000000
1518.660050   4.000000
1519.225676   4.000000
1519.791332   6.000000
1520.357017   3.000000
1520.922732   9.000000
1521.488477   3.000000
1522.054251   5.000000
1522.620055   3.000000
1523.185888   4.000000
1523.751751   4.000000
1524.317643   4.000000
1524.883565   2.000000
1525.449517   2.000000
1526.015498   3.000000
1526.581509   1.000000
1527.147549   4.000000
1527.713619   1.000000
1528.279718   4.000000
1528.845847   4.000000
1529.412006   3.000000
1529.978194   2.000000
1530.544411   7.000000
1531.110659   6.000000
1531.676936   3.000000
1532.243242   4.000000
1532.809578   5.000000
1533.375944   3.000000
1533.942339   3.000000
1534.508763   4.000000
1535.075218   3.000000
1535.641702   3.000000
1536.208215   4.000000
1536.774758   2.000000
1537.341331   3.000000
1537.907933   2.000000
1538.474564   6.000000
1539.041226   4.000000
1539.607917   4.000000
1540.174637   4.000000
1540.741387   1.000000
1541.308167   4.000000
1541.874976   2.000000
1542.441814   0.000000
1543.008683   2.000000
1543.575581   2.000000
1544.142508   4.000000
1544.709465   3.000000
1545.276451   5.000000
1545.843468   0.000000
1546.410513   1.000000
1546.977589   1.000000
1547.544693   3.000000
1548.111828   3.000000
1548.678992   2.000000
1549.246185   6.000000
1549.813409   3.000000
1550.380661   7.000000
1550.947944   0.000000
1551.515255   2.000000
1552.082597   3.000000
1552.649968   3.000000
1553.217368   2.000000
1553.784799   2.000000
1554.352258   3.000000
1554.919748   2.000000
1555.487266   0.000000
1556.054815   1.000000
1556.622393   5.000000
1557.190000   4.000000
1557.757637   5.000000
1558.325304   2.000000
1558.893000   5.000000
1559.460726   2.000000
1560.028482   3.000000
1560.596267   1.000000
1561.164081   2.000000
1561.731925   3.000000
1562.299799   2.000000
1562.867702   1.000000
1563.435635   2.000000
1564.003598   6.000000
1564.571590   4.000000
1565.139611   6.000000
1565.707662   5.000000
1566.275743   3.000000
1566.843853   4.000000
1567.411993   6.000000
1567.980163   5.000000
1568.548362   2.000000
1569.116590   2.000000
1569.684848   2.000000
1570.253136   3.000000
1570.821453   0.000000
1571.389800   6.000000
1571.958177   3.000000
1572.526583   3.000000
1573.095018   2.000000
1573.663483   1.000000
1574.231978   5.000000
1574.800502   6.000000
1575.369056   6.000000
1575.937640   2.000000
1576.506253   3.000000
1577.074895   2.000000
1577.643567   3.000000
1578.212269   1.000000
1578.781000   1.000000
1579.349761   2.000000
1579.918552   4.000000
1580.487372   5.000000
1581.056221   2.000000
1581.625100   3.000000
1582.194009   1.000000
1582.762947   6.000000
1583.331915   5.000000
1583.900912   5.000000
1584.469939   5.000000
1585.038996   4.000000
1585.608082   3.000000
1586.177198   4.000000
1586.746343   1.000000
1587.315518   1.000000
1587.884722   2.000000
1588.453956   4.000000
1589.023220   1.000000
1589.592513   1.000000
1590.161836   0.000000
1590.731188   2.000000
1591.300570   4.000000
1591.869981   4.000000
1592.439422   1.000000
1593.008893   2.000000
1593.578393   2.000000
1594.147923   2.000000
1594.717482   2.000000
1595.287071   2.000000
1595.856689   6.000000
1596.426337   3.000000
1596.996015   2.000000
1597.565722   6.000000
1598.135459   2.000000
1598.705225   4.000000
1599.275021   2.000000
1599.844846   1.000000
1600.414701   1.000000
1600.984586   1.000000
1601.554500   4.000000
1602.124444   2.000000
1602.694417   2.000000
1603.264420   3.000000
1603.834452   2.000000
1604.404514   4.000000
1604.974606   6.000000
1605.544727   2.000000
1606.114878   2.000000
1606.685058   4.000000
1607.255268   7.000000
1607.825507   2.000000
1608.395776   0.000000
1608.966075   1.000000
1609.536403   2.000000
1610.106761   7.000000
1610.677148   2.000000
1611.247565   2.000000
1611.818011   0.000000
1612.388487   3.000000
1612.958993   0.000000
1613.529528   1.000000
1614.100092   2.000000
1614.670687   2.000000
1615.241311   2.000000
1615.811964   3.000000
1616.382647   1.000000
1616.953360   3.000000
1617.524102   2.000000
1618.094873   3.000000
1618.665675   3.000000
1619.236506   0.000000
1619.807366   3.000000
1620.378256   1.000000
1620.949175   4.000000
1621.520125   4.000000
1622.091103   1.000000
1622.662112   0.000000
1623.233149   3.000000
1623.804217   2.000000
1624.375314   6.000000
1624.946440   2.000000
1625.517597   1.000000
1626.088782   1.000000
1626.659998   1.000000
1627.231242   2.000000
1627.802517   1.000000
1628.373821   1.000000
1628.945154   3.000000
1629.516517   1.000000
1630.087910   2.000000
1630.659332   4.000000
1631.230784   0.000000
1631.802266   3.000000
1632.373777   4.000000
1632.945317   0.000000
1633.516887   2.000000
1634.088487   4.000000
1634.660116   5.000000
1635.231775   6.000000
1635.803464   1.000000
1636.375182   2.000000
1636.946929   2.000000
1637.518706   4.000000
1638.090513   0.000000
1638.662349   0.000000
1639.234215   1.000000
1639.806111   1.000000
1640.378036   1.000000
1640.949990   0.000000
1641.521974   0.000000
1642.093988   0.000000
1642.666031   0.000000
1643.238104   3.000000
1643.810207   1.000000
1644.382339   2.000000
1644.954500   0.000000
1645.526691   1.000000
1646.098912   1.000000
1646.671162   4.000000
1647.243442   2.000000
1647.815751   2.000000
1648.388090   0.000000
1648.960459   2.000000
1649.532857   2.000000
1650.105285   1.000000
1650.677742   1.000000
1651.250229   1.000000
1651.822745   2.000000
1652.395291   2.000000
1652.967867   4.000000
1653.540472   1.000000
1654.113107   0.000000
1654.685771   2.000000
1655.258465   2.000000
1655.831188   2.000000
1656.403941   0.000000
1656.976724   4.000000
1657.549536   0.000000
1658.122378   2.000000
1658.695249   1.000000
1659.268150   0.000000
1659.841080   2.000000
1660.414040   2.000000
1660.987030   2.000000
1661.560049   0.000000
1662.133098   0.000000
1662.706176   1.000000
1663.279284   2.000000
1663.852421   2.000000
1664.425588   0.000000
1664.998785   1.000000
1665.572011   2.000000
1666.145267   1.000000
1666.718552   2.000000
1667.291867   2.000000
1667.865211   1.000000
1668.438585   2.000000
1669.011989   3.000000
1669.585422   3.000000
1670.158884   2.000000
1670.732377   0.000000
1671.305899   4.000000
1671.879450   0.000000
1672.453031   2.000000
1673.026642   3.000000
1673.600282   1.000000
1674.173951   2.000000
1674.747651   2.000000
1675.321379   2.000000
1675.895138   1.000000
1676.468926   0.000000
1677.042743   1.000000
1677.616591   1.000000
1678.190467   5.000000
1678.764374   4.000000
1679.338309   3.000000
1679.912275   0.000000
1680.486270   0.000000
1681.060294   1.000000
1681.634348   2.000000
1682.208432   0.000000
1682.782545   0.000000
1683.356688   1.000000
1683.930861   1.000000
1684.505063   0.000000
1685.079294   1.000000
1685.653555   2.000000
1686.227846   1.000000
1686.802166   2.000000
1687.376516   2.000000
1687.950896   3.000000
1688.525305   1.000000
1689.099743   1.000000
1689.674211   1.000000
1690.248709   1.000000
1690.823236   4.000000
1691.397793   1.000000
1691.972380   2.000000
1692.546996   2.000000
1693.121641   0.000000
1693.696316   2.000000
1694.271021   3.000000
1694.845755   1.000000
1695.420519   1.000000
1695.995312   5.000000
1696.570135   1.000000
1697.144988   1.000000
1697.719870   1.000000
1698.294782   2.000000
1698.869723   1.000000
1699.444694   4.000000
1700.019694   3.000000
1700.594724   2.000000
1701.169784   1.000000
1701.744873   5.000000
1702.319992   2.000000
1702.895140   0.000000
1703.470318   0.000000
1704.045525   3.000000
1704.620762   2.000000
1705.196029   1.000000
1705.771325   2.000000
1706.346651   3.000000
1706.922006   2.000000
1707.497391   1.000000
1708.072805   3.000000
1708.648249   4.000000
1709.223723   0.000000
1709.799226   4.000000
1710.374759   1.000000
1710.950321   1.000000
1711.525913   2.000000
1712.101534   0.000000
1712.677185   3.000000
1713.252866   4.000000
1713.828576   2.000000
1714.404315   2.000000
1714.980085   3.000000
1715.555884   0.000000
1716.131712   2.000000
1716.707570   1.000000
1717.283457   1.000000
1717.859375   3.000000
1718.435321   1.000000
1719.011298   2.000000
1719.587303   1.000000
1720.163339   3.000000
1720.739404   2.000000
1721.315498   4.000000
1721.891623   1.000000
1722.467776   3.000000
1723.043959   7.000000
1723.620172   3.000000
1724.196415   3.000000
1724.772687   0.000000
1725.348988   1.000000
1725.925319   0.000000
1726.501680   1.000000
1727.078070   1.000000
1727.654490   2.000000
1728.230940   5.000000
1728.807419   2.000000
1729.383927   0.000000
1729.960465   2.000000
1730.537033   4.000000
1731.113630   6.000000
1731.690257   3.000000
1732.266914   4.000000
1732.843600   3.000000
1733.420315   3.000000
1733.997060   2.000000
1734.573835   1.000000
1735.150639   1.000000
1735.727473   0.000000
1736.304336   2.000000
1736.881229   3.000000
1737.458152   3.000000
1738.035104   3.000000
1738.612086   2.000000
1739.189097   1.000000
1739.766138   3.000000
1740.343208   0.000000
1740.920308   4.000000
1741.497438   1.000000
1742.074597   1.000000
1742.651786   4.000000
1743.229004   0.000000
1743.806252   1.000000
1744.383529   2.000000
1744.960836   4.000000
1745.538173   3.000000
1746.115539   4.000000
1746.692935   0.000000
1747.270360   1.000000
1747.847815   1.000000
1748.425299   0.000000
1749.002813   5.000000
1749.580357   0.000000
1750.157930   3.000000
1750.735532   2.000000
1751.313165   5.000000
1751.890827   2.000000
1752.468518   1.000000
1753.046239   0.000000
1753.623990   1.000000
1754.201770   1.000000
1754.779579   1.000000
1755.357419   0.000000
1755.935287   1.000000
1756.513186   2.000000
1757.091114   3.000000
1757.669071   2.000000
1758.247059   1.000000
1758.825075   1.000000
1759.403122   3.000000
1759.981197   3.000000
1760.559303   5.000000
1761.137438   0.000000
1761.715602   1.000000
1762.293796   0.000000
1762.872020   5.000000
1763.450273   1.000000
1764.028556   5.000000
1764.606869   2.000000
1765.185211   1.000000
1765.763582   1.000000
1766.341983   1.000000
1766.920414   1.000000
1767.498874   2.000000
1768.077364   5.000000
1768.655884   2.000000
1769.234433   3.000000
1769.813011   2.000000
1770.391619   2.000000
1770.970257   3.000000
1771.548924   2.000000
1772.127621   3.000000
1772.706347   0.000000
1773.285103   2.000000
1773.863889   2.000000
1774.442704   4.000000
1775.021549   1.000000
1775.600423   5.000000
1776.179327   2.000000
1776.758260   1.000000
1777.337223   2.000000
1777.916216   3.000000
1778.495238   0.000000
1779.074290   2.000000
1779.653371   3.000000
1780.232482   3.000000
1780.811622   2.000000
1781.390792   0.000000
1781.969992   1.000000
1782.549221   2.000000
1783.128480   1.000000
1783.707768   1.000000
1784.287086   4.000000
1784.866433   3.000000
1785.445810   4.000000
1786.025217   0.000000
1786.604653   3.000000
1787.184118   2.000000
1787.763614   2.000000
1788.343139   2.000000
1788.922693   0.000000
1789.502277   1.000000
1790.081890   1.000000
1790.661534   0.000000
1791.241206   2.000000
1791.820909   5.000000
1792.400640   1.000000
1792.980402   1.000000
1793.560193   2.000000
1794.140013   2.000000
1794.719863   0.000000
1795.299743   4.000000
1795.879652   2.000000
1796.459591   2.000000
1797.039560   5.000000
1797.619558   4.000000
1798.199585   1.000000
1798.779642   1.000000
1799.359729   2.000000
1799.939845   3.000000
1800.519991   0.000000
1801.100167   4.000000
1801.680372   0.000000
1802.260606   1.000000
1802.840870   1.000000
1803.421164   1.000000
1804.001487   3.000000
1804.581840   1.000000
1805.162222   0.000000
1805.742634   1.000000
1806.323076   0.000000
1806.903547   2.000000
1807.484048   3.000000
1808.064578   3.000000
1808.645138   4.000000
1809.225727   1.000000
1809.806346   2.000000
1810.386995   0.000000
1810.967673   1.000000
1811.548381   2.000000
1812.129118   3.000000
1812.709885   1.000000
1813.290681   2.000000
1813.871507   2.000000
1814.452363   0.000000
1815.033248   0.000000
1815.614163   1.000000
1816.195107   1.000000
1816.776081   0.000000
1817.357084   0.000000
1817.938117   1.000000
1818.519180   3.000000
1819.100272   3.000000
1819.681393   4.000000
1820.262545   1.000000
1820.843725   1.000000
1821.424936   1.000000
1822.006176   2.000000
1822.587445   3.000000
1823.168745   4.000000
1823.750073   1.000000
1824.331432   1.000000
1824.912819   2.000000
1825.494237   3.000000
1826.075684   0.000000
1826.657160   1.000000
1827.238666   3.000000
1827.820202   4.000000
1828.401767   3.000000
1828.983362   3.000000
1829.564987   1.000000
1830.146641   0.000000
1830.728324   2.000000
1831.310037   3.000000
1831.891780   1.000000
1832.473552   0.000000
1833.055354   2.000000
1833.637185   2.000000
1834.219046   0.000000
1834.800937   0.000000
1835.382857   1.000000
1835.964807   4.000000
1836.546786   0.000000
1837.128795   0.000000
1837.710833   0.000000
1838.292901   1.000000
1838.874999   0.000000
1839.457126   0.000000
1840.039283   0.000000
1840.621469   2.000000
1841.203685   2.000000
1841.785930   1.000000
1842.368205   1.000000
1842.950510   1.000000
1843.532844   3.000000
1844.115208   1.000000
1844.697601   1.000000
1845.280024   2.000000
1845.862476   0.000000
1846.444958   3.000000
1847.027470   0.000000
1847.610011   0.000000
1848.192581   3.000000
1848.775182   0.000000
1849.357812   2.000000
1849.940471   0.000000
1850.523160   2.000000
1851.105878   1.000000
1851.688627   3.000000
1852.271404   0.000000
1852.854212   1.000000
1853.437048   1.000000
1854.019915   3.000000
1854.602811   0.000000
1855.185736   0.000000
1855.768691   3.000000
1856.351676   0.000000
1856.934690   2.000000
1857.517734   2.000000
1858.100808   2.000000
1858.683911   0.000000
1859.267043   2.000000
1859.850205   1.000000
1860.433397   1.000000
1861.016618   1.000000
1861.599869   1.000000
1862.183149   1.000000
1862.766459   4.000000
1863.349799   0.000000
1863.933168   1.000000
1864.516567   1.000000
1865.099995   1.000000
1865.683453   4.000000
1866.266940   0.000000
1866.850457   2.000000
1867.434004   1.000000
1868.017580   1.000000
1868.601186   1.000000
1869.184821   1.000000
1869.768486   0.000000
1870.352180   0.000000
1870.935904   0.000000
1871.519658   2.000000
1872.103441   1.000000
1872.687254   0.000000
1873.271096   0.000000
1873.854968   3.000000
1874.438869   1.000000
1875.022800   4.000000
1875.606761   2.000000
1876.190751   2.000000
1876.774770   0.000000
1877.358820   3.000000
1877.942898   1.000000
1878.527007   2.000000
1879.111145   1.000000
1879.695312   0.000000
1880.279510   0.000000
1880.863736   1.000000
1881.447992   1.000000
1882.032278   3.000000
1882.616594   2.000000
1883.200939   0.000000
1883.785313   0.000000
1884.369717   1.000000
1884.954151   1.000000
1885.538614   2.000000
1886.123107   0.000000
1886.707630   2.000000
1887.292182   5.000000
1887.876763   1.000000
1888.461374   2.000000
1889.046015   1.000000
1889.630685   1.000000
1890.215385   1.000000
1890.800114   1.000000
1891.384873   1.000000
1891.969662   0.000000
1892.554480   0.000000
1893.139328   3.000000
1893.724205   1.000000
1894.309112   1.000000
1894.894048   0.000000
1895.479014   1.000000
1896.064010   4.000000
1896.649035   1.000000
1897.234090   2.000000
1897.819174   0.000000
1898.404288   3.000000
1898.989431   0.000000
1899.574604   2.000000
1900.159807   3.000000
1900.745039   1.000000
1901.330300   1.000000
1901.915592   0.000000
1902.500913   1.000000
1903.086263   1.000000
1903.671643   1.000000
1904.257052   1.000000
1904.842492   1.000000
1905.427960   0.000000
1906.013459   0.000000
1906.598986   2.000000
1907.184544   0.000000
1907.770131   0.000000
1908.355747   2.000000
1908.941393   0.000000
1909.527069   2.000000
1910.112774   2.000000
1910.698509   1.000000
1911.284274   1.000000
1911.870068   0.000000
1912.455891   0.000000
1913.041744   2.000000
1913.627627   0.000000
1914.213539   3.000000
1914.799481   1.000000
1915.385452   1.000000
1915.971453   2.000000
1916.557484   1.000000
1917.143544   3.000000
1917.729634   2.000000
1918.315753   1.000000
1918.901902   3.000000
1919.488080   1.000000
1920.074288   1.000000
1920.660526   1.000000
1921.246793   2.000000
1921.833090   0.000000
1922.419416   0.000000
1923.005772   0.000000
1923.592157   3.000000
1924.178572   0.000000
1924.765017   1.000000
1925.351491   1.000000
1925.937994   1.000000
1926.524528   2.000000
1927.111090   1.000000
1927.697683   1.000000
1928.284305   3.000000
1928.870956   2.000000
1929.457638   0.000000
1930.044348   0.000000
1930.631088   2.000000
1931.217858   0.000000
1931.804658   0.000000
1932.391487   1.000000
1932.978345   0.000000
1933.565233   0.000000
1934.152151   0.000000
1934.739098   1.000000
1935.326075   2.000000
1935.913082   2.000000
1936.500118   1.000000
1937.087183   3.000000
1937.674278   2.000000
1938.261403   0.000000
1938.848557   3.000000
1939.435741   2.000000
1940.022954   1.000000
1940.610197   1.000000
1941.197470   0.000000
1941.784772   1.000000
1942.372104   2.000000
1942.959465   0.000000
1943.546856   1.000000
1944.134276   0.000000
1944.721726   0.000000
1945.309206   1.000000
1945.896715   0.000000
1946.484254   0.000000
1947.071822   2.000000
1947.659420   2.000000
1948.247047   1.000000
1948.834704   0.000000
1949.422391   0.000000
1950.010107   0.000000
1950.597852   1.000000
1951.185628   2.000000
1951.773432   1.000000
1952.361267   1.000000
1952.949131   2.000000
1953.537024   0.000000
1954.124947   2.000000
1954.712900   1.000000
1955.300882   0.000000
1955.888894   2.000000
1956.476936   1.000000
1957.065007   0.000000
1957.653107   0.000000
1958.241237   0.000000
1958.829397   1.000000
1959.417586   0.000000
1960.005805   1.000000
1960.594053   3.000000
1961.182331   1.000000
1961.770639   2.000000
1962.358976   1.000000
1962.947343   2.000000
1963.535739   1.000000
1964.124165   2.000000
1964.712620   2.000000
1965.301105   1.000000
1965.889620   2.000000
1966.478164   1.000000
1967.066738   3.000000
1967.655341   0.000000
1968.243974   1.000000
1968.832636   1.000000
1969.421328   1.000000
1970.010050   0.000000
1970.598801   2.000000
1971.187581   1.000000
1971.776392   1.000000
1972.365232   0.000000
1972.954101   1.000000
1973.543000   2.000000
1974.131928   4.000000
1974.720887   0.000000
1975.309874   0.000000
1975.898892   1.000000
1976.487938   2.000000
1977.077015   0.000000
1977.666121   1.000000
1978.255256   1.000000
1978.844421   0.000000
1979.433616   2.000000
1980.022840   0.000000
1980.612094   1.000000
1981.201378   1.000000
1981.790691   2.000000
1982.380033   3.000000
1982.969405   2.000000
1983.558807   1.000000
1984.148238   2.000000
1984.737699   1.000000
1985.327189   2.000000
1985.916709   0.000000
1986.506259   0.000000
1987.095838   0.000000
1987.685447   4.000000
1988.275085   0.000000
1988.864753   1.000000
1989.454450   2.000000
1990.044177   0.000000
1990.633934   1.000000
1991.223720   2.000000
1991.813535   1.000000
1992.403381   1.000000
1992.993256   1.000000
1993.583160   2.000000
1994.173094   0.000000
1994.763057   0.000000
1995.353051   0.000000
1995.943073   0.000000
1996.533126   0.000000
1997.123207   0.000000
1997.713319   0.000000
1998.303460   0.000000
1998.893630   1.000000
1999.483830   0.000000
2000.074060   0.000000
2000.664319   3.000000
2001.254608   0.000000
2001.844927   2.000000
2002.435275   0.000000
2003.025652   2.000000
2003.616059   1.000000
2004.206496   4.000000
2004.796962   0.000000
2005.387458   1.000000
2005.977983   2.000000
2006.568538   0.000000
2007.159123   0.000000
2007.749737   0.000000
2008.340381   1.000000
2008.931054   1.000000
2009.521757   1.000000
2010.112489   2.000000
2010.703251   2.000000
2011.294043   2.000000
2011.884864   1.000000
2012.475714   0.000000
2013.066595   0.000000
2013.657505   1.000000
2014.248444   1.000000
2014.839413   1.000000
2015.430411   1.000000
2016.021440   2.000000
2016.612497   1.000000
2017.203585   1.000000
2017.794701   1.000000
2018.385848   2.000000
2018.977024   1.000000
2019.568229   1.000000
2020.159464   0.000000
2020.750729   0.000000
2021.342023   1.000000
2021.933347   1.000000
2022.524701   0.000000
2023.116084   0.000000
2023.707496   5.000000
2024.298938   3.000000
2024.890410   0.000000
2025.481911   1.000000
2026.073442   1.000000
2026.665002   0.000000
2027.256592   0.000000
2027.848212   1.000000
2028.439861   0.000000
2029.031540   3.000000
2029.623248   0.000000
2030.214986   0.000000
2030.806753   2.000000
2031.398550   3.000000
2031.990377   1.000000
2032.582233   0.000000
2033.174118   3.000000
2033.766034   1.000000
2034.357979   0.000000
2034.949953   0.000000
2035.541957   2.000000
2036.133990   0.000000
2036.726054   1.000000
2037.318146   3.000000
2037.910269   0.000000
2038.502420   2.000000
2039.094602   4.000000
2039.686813   1.000000
2040.279053   1.000000
2040.871323   3.000000
2041.463623   1.000000
2042.055952   0.000000
2042.648311   1.000000
2043.240700   1.000000
2043.833118   3.000000
2044.425565   3.000000
2045.018042   0.000000
2045.610549   0.000000
2046.203085   0.000000
2046.795651   2.000000
2047.388246   0.000000
2047.980871   0.000000
2048.573526   0.000000
2049.166210   1.000000
2049.758924   1.000000
2050.351667   0.000000
2050.944440   1.000000
2051.537242   0.000000
2052.130074   1.000000
2052.722936   0.000000
2053.315827   2.000000
2053.908747   1.000000
2054.501698   0.000000
2055.094677   0.000000
2055.687687   0.000000
2056.280726   0.000000
2056.873794   1.000000
2057.466893   1.000000
2058.060020   2.000000
2058.653177   0.000000
2059.246364   2.000000
2059.839581   0.000000
2060.432827   2.000000
2061.026102   2.000000
2061.619407   1.000000
2062.212742   1.000000
2062.806106   0.000000
2063.399500   1.000000
2063.992923   4.000000
2064.586376   1.000000
2065.179859   1.000000
2065.773371   1.000000
2066.366913   3.000000
2066.960484   0.000000
2067.554085   2.000000
2068.147715   2.000000
2068.741375   1.000000
2069.335065   1.000000
2069.928784   2.000000
2070.522533   1.000000
2071.116311   1.000000
2071.710119   0.000000
2072.303956   3.000000
2072.897823   0.000000
2073.491720   1.000000
2074.085646   0.000000
2074.679601   1.000000
2075.273587   2.000000
2075.867601   5.000000
2076.461646   2.000000
2077.055720   0.000000
2077.649823   3.000000
2078.243956   1.000000
2078.838119   0.000000
2079.432311   2.000000
2080.026533   1.000000
2080.620785   3.000000
2081.215066   1.000000
2081.809376   2.000000
2082.403716   2.000000
2082.998086   2.000000
2083.592485   1.000000
2084.186914   1.000000
2084.781372   4.000000
2085.375860   0.000000
2085.970378   1.000000
2086.564925   2.000000
2087.159502   4.000000
2087.754108   0.000000
2088.348744   0.000000
2088.943409   4.000000
2089.538104   1.000000
2090.132829   2.000000
2090.727583   3.000000
2091.322366   0.000000
2091.917180   3.000000
2092.512023   1.000000
2093.106895   0.000000
2093.701797   0.000000
2094.296728   3.000000
2094.891690   0.000000
2095.486680   2.000000
2096.081700   3.000000
2096.676750   0.000000
2097.271830   0.000000
2097.866939   2.000000
2098.462077   1.000000
2099.057245   1.000000
2099.652443   4.000000
2100.247670   1.000000
2100.842927   1.000000
2101.438213   1.000000
2102.033529   2.000000
2102.628875   2.000000
2103.224250   2.000000
2103.819655   4.000000
2104.415089   1.000000
2105.010553   2.000000
2105.606046   2.000000
2106.201569   4.000000
2106.797122   1.000000
2107.392704   1.000000
2107.988316   3.000000
2108.583957   1.000000
2109.179628   1.000000
2109.775328   1.000000
2110.371058   1.000000
2110.966817   0.000000
2111.562607   1.000000
2112.158425   2.000000
2112.754274   2.000000
2113.350151   4.000000
2113.946059   2.000000
2114.541996   1.000000
2115.137962   2.000000
2115.733958   4.000000
2116.329984   0.000000
2116.926039   2.000000
2117.522124   2.000000
2118.118239   0.000000
2118.714382   2.000000
2119.310556   0.000000
2119.906759   0.000000
2120.502992   1.000000
2121.099254   3.000000
2121.695546   1.000000
2122.291867   0.000000
2122.888218   2.000000
2123.484599   2.000000
2124.081009   3.000000
2124.677449   1.000000
2125.273918   0.000000
2125.870417   1.000000
2126.466945   1.000000
2127.063503   3.000000
2127.660091   1.000000
2128.256708   2.000000
2128.853354   3.000000
2129.450031   1.000000
2130.046736   1.000000
2130.643472   1.000000
2131.240237   0.000000
2131.837031   0.000000
2132.433855   0.000000
2133.030709   1.000000
2133.627592   3.000000
2134.224505   0.000000
2134.821448   1.000000
2135.418420   2.000000
2136.015421   3.000000
2136.612452   1.000000
2137.209513   2.000000
2137.806603   1.000000
2138.403723   3.000000
2139.000872   0.000000
2139.598051   3.000000
2140.195260   7.000000
2140.792498   1.000000
2141.389766   2.000000
2141.987063   1.000000
2142.584390   1.000000
2143.181746   0.000000
2143.779132   1.000000
2144.376548   2.000000
2144.973993   0.000000
2145.571467   2.000000
2146.168972   1.000000
2146.766505   0.000000
2147.364069   2.000000
2147.961662   2.000000
2148.559284   2.000000
2149.156936   4.000000
2149.754618   5.000000
2150.352329   1.000000
2150.950070   2.000000
2151.547841   1.000000
2152.145641   1.000000
2152.743470   1.000000
2153.341329   4.000000
2153.939218   4.000000
2154.537136   1.000000
2155.135084   2.000000
2155.733061   1.000000
2156.331068   1.000000
2156.929105   2.000000
2157.527171   1.000000
2158.125267   0.000000
2158.723392   2.000000
2159.321547   0.000000
2159.919731   1.000000
2160.517945   1.000000
2161.116189   1.000000
2161.714462   0.000000
2162.312764   3.000000
2162.911097   2.000000
2163.509458   4.000000
2164.107850   2.000000
2164.706271   0.000000
2165.304721   1.000000
2165.903201   2.000000
2166.501711   1.000000
2167.100250   1.000000
2167.698819   1.000000
2168.297418   0.000000
2168.896046   0.000000
2169.494703   0.000000
2170.093390   1.000000
2170.692107   0.000000
2171.290853   1.000000
2171.889629   1.000000
2172.488434   2.000000
2173.087269   1.000000
2173.686134   2.000000
2174.285028   2.000000
2174.883952   2.000000
2175.482905   0.000000
2176.081888   3.000000
2176.680900   0.000000
2177.279942   4.000000
2177.879014   2.000000
2178.478115   0.000000
2179.077245   0.000000
2179.676406   0.000000
2180.275595   2.000000
2180.874815   1.000000
2181.474064   1.000000
2182.073342   1.000000
2182.672650   0.000000
2183.271988   0.000000
2183.871355   1.000000
2184.470752   1.000000
2185.070179   2.000000
2185.669635   2.000000
2186.269120   0.000000
2186.868635   2.000000
2187.468180   1.000000
2188.067754   1.000000
2188.667358   1.000000
2189.266991   2.000000
2189.866654   1.000000
2190.466347   0.000000
2191.066069   2.000000
2191.665821   0.000000
2192.265602   1.000000
2192.865413   0.000000
2193.465253   0.000000
2194.065123   0.000000
2194.665023   2.000000
2195.264952   0.000000
2195.864910   2.000000
2196.464899   1.000000
2197.064916   2.000000
2197.664964   2.000000
2198.265041   1.000000
2198.865147   1.000000
2199.465283   2.000000
2200.065449   0.000000
2200.665644   2.000000
2201.265869   3.000000
2201.866124   0.000000
2202.466407   0.000000
2203.066721   0.000000
2203.667064   3.000000
2204.267437   1.000000
2204.867839   2.000000
2205.468271   2.000000
2206.068732   0.000000
2206.669223   0.000000
2207.269744   2.000000
2207.870294   1.000000
2208.470874   2.000000
2209.071483   0.000000
2209.672122   2.000000
2210.272790   1.000000
2210.873488   4.000000
2211.474215   1.000000
2212.074973   0.000000
2212.675759   1.000000
2213.276575   3.000000
2213.877421   2.000000
2214.478297   2.000000
2215.079202   0.000000
2215.680136 2402.000000
