2019_09_27_14_12_29_549 /home/raspion_user/data/Beacon_drone2_props_running.sp 45189  300.003  297.376 2.734449 0.477929  0.0000147857
  2.734449   0.000000
  3.212393   0.000000
  3.690367   0.000000
  4.168370   0.000000
  4.646402   0.000000
  5.124465   0.000000
  5.602557   0.000000
  6.080678   0.000000
  6.558829   0.000000
  7.037010   0.000000
  7.515220   0.000000
  7.993459   0.000000
  8.471729   0.000000
  8.950028   0.000000
  9.428356   0.000000
  9.906714   0.000000
 10.385102   0.000000
 10.863519   0.000000
 11.341965   0.000000
 11.820442   0.000000
 12.298948   0.000000
 12.777483   2.000000
 13.256048   1.000000
 13.734643   3.000000
 14.213267   1.000000
 14.691920   4.000000
 15.170604   7.000000
 15.649317   4.000000
 16.128059   7.000000
 16.606831   4.000000
 17.085633   6.000000
 17.564464   8.000000
 18.043324   6.000000
 18.522215   7.000000
 19.001135   8.000000
 19.480084  14.000000
 19.959063   8.000000
 20.438072   9.000000
 20.917110  12.000000
 21.396177  17.000000
 21.875275  13.000000
 22.354402  16.000000
 22.833558   9.000000
 23.312744  12.000000
 23.791960  18.000000
 24.271205  20.000000
 24.750479  24.000000
 25.229784  11.000000
 25.709118  19.000000
 26.188481  16.000000
 26.667874  18.000000
 27.147297  19.000000
 27.626749  19.000000
 28.106230  28.000000
 28.585742  22.000000
 29.065283  21.000000
 29.544853  21.000000
 30.024453  31.000000
 30.504083  25.000000
 30.983742  26.000000
 31.463430  35.000000
 31.943149  34.000000
 32.422897  29.000000
 32.902674  29.000000
 33.382481  31.000000
 33.862318  34.000000
 34.342184  29.000000
 34.822079  37.000000
 35.302005  36.000000
 35.781960  23.000000
 36.261944  36.000000
 36.741958  31.000000
 37.222002  45.000000
 37.702075  37.000000
 38.182177  31.000000
 38.662310  35.000000
 39.142472  43.000000
 39.622663  41.000000
 40.102884  44.000000
 40.583135  30.000000
 41.063415  51.000000
 41.543724  53.000000
 42.024064  52.000000
 42.504433  56.000000
 42.984831  55.000000
 43.465259  48.000000
 43.945717  39.000000
 44.426204  49.000000
 44.906720  35.000000
 45.387267  45.000000
 45.867843  41.000000
 46.348448  35.000000
 46.829083  23.000000
 47.309748  28.000000
 47.790442  29.000000
 48.271165  34.000000
 48.751919  46.000000
 49.232702  37.000000
 49.713514  24.000000
 50.194356  29.000000
 50.675228  31.000000
 51.156129  39.000000
 51.637059  28.000000
 52.118020  39.000000
 52.599010  29.000000
 53.080029  22.000000
 53.561078  37.000000
 54.042157  37.000000
 54.523265  31.000000
 55.004402  31.000000
 55.485570  22.000000
 55.966767  37.000000
 56.447993  40.000000
 56.929249  34.000000
 57.410535  31.000000
 57.891850  35.000000
 58.373194  35.000000
 58.854569  25.000000
 59.335973  44.000000
 59.817406  40.000000
 60.298869  36.000000
 60.780361  38.000000
 61.261884  32.000000
 61.743435  27.000000
 62.225017  40.000000
 62.706627  33.000000
 63.188268  30.000000
 63.669938  48.000000
 64.151637  38.000000
 64.633367  50.000000
 65.115125  44.000000
 65.596914  25.000000
 66.078731  28.000000
 66.560579  48.000000
 67.042456  51.000000
 67.524362  35.000000
 68.006299  40.000000
 68.488264  53.000000
 68.970260  36.000000
 69.452284  39.000000
 69.934339  46.000000
 70.416423  57.000000
 70.898536  36.000000
 71.380680  44.000000
 71.862852  51.000000
 72.345055  44.000000
 72.827286  55.000000
 73.309548  44.000000
 73.791839  48.000000
 74.274159  56.000000
 74.756510  54.000000
 75.238889  47.000000
 75.721299  37.000000
 76.203737  48.000000
 76.686206  44.000000
 77.168704  56.000000
 77.651231  46.000000
 78.133789  63.000000
 78.616375  42.000000
 79.098992  57.000000
 79.581637  49.000000
 80.064313  53.000000
 80.547018  49.000000
 81.029752  67.000000
 81.512517  43.000000
 81.995310  47.000000
 82.478134  51.000000
 82.960986  50.000000
 83.443869  57.000000
 83.926781  50.000000
 84.409722  44.000000
 84.892693  45.000000
 85.375694  56.000000
 85.858724  47.000000
 86.341784  54.000000
 86.824874  53.000000
 87.307993  42.000000
 87.791141  56.000000
 88.274319  44.000000
 88.757527  43.000000
 89.240764  46.000000
 89.724031  50.000000
 90.207328  52.000000
 90.690654  50.000000
 91.174009  50.000000
 91.657394  50.000000
 92.140809  52.000000
 92.624253  53.000000
 93.107727  60.000000
 93.591231  50.000000
 94.074764  54.000000
 94.558326  52.000000
 95.041918  53.000000
 95.525540  48.000000
 96.009191  48.000000
 96.492872  46.000000
 96.976583  44.000000
 97.460323  40.000000
 97.944092  57.000000
 98.427891  58.000000
 98.911720  58.000000
 99.395578  47.000000
 99.879466  47.000000
100.363384  54.000000
100.847331  55.000000
101.331307  52.000000
101.815313  57.000000
102.299349  45.000000
102.783414  54.000000
103.267509  48.000000
103.751634  42.000000
104.235788  54.000000
104.719971  50.000000
105.204184  54.000000
105.688427  37.000000
106.172699  41.000000
106.657001  40.000000
107.141333  44.000000
107.625694  43.000000
108.110084  51.000000
108.594504  50.000000
109.078954  51.000000
109.563433  56.000000
110.047942  47.000000
110.532481  52.000000
111.017049  46.000000
111.501646  57.000000
111.986273  49.000000
112.470930  49.000000
112.955616  58.000000
113.440332  53.000000
113.925077  52.000000
114.409852  42.000000
114.894657  37.000000
115.379491  43.000000
115.864355  42.000000
116.349248  60.000000
116.834171  60.000000
117.319123  49.000000
117.804105  61.000000
118.289117  57.000000
118.774158  57.000000
119.259229  48.000000
119.744329  56.000000
120.229459  48.000000
120.714618  55.000000
121.199807  61.000000
121.685026  48.000000
122.170274  57.000000
122.655552  48.000000
123.140859  50.000000
123.626196  46.000000
124.111562  55.000000
124.596958  55.000000
125.082384  49.000000
125.567839  63.000000
126.053324  62.000000
126.538838  64.000000
127.024382  60.000000
127.509955  64.000000
127.995558  63.000000
128.481191  51.000000
128.966853  57.000000
129.452545  56.000000
129.938266  59.000000
130.424017  49.000000
130.909797  51.000000
131.395607  43.000000
131.881447  55.000000
132.367316  48.000000
132.853215  56.000000
133.339143  60.000000
133.825101  67.000000
134.311088  58.000000
134.797105  54.000000
135.283152  45.000000
135.769228  50.000000
136.255334  57.000000
136.741469  56.000000
137.227634  64.000000
137.713828  48.000000
138.200052  52.000000
138.686306  55.000000
139.172589  58.000000
139.658902  62.000000
140.145244  68.000000
140.631616  35.000000
141.118017  42.000000
141.604448  52.000000
142.090909  48.000000
142.577399  53.000000
143.063919  50.000000
143.550468  56.000000
144.037047  61.000000
144.523655  49.000000
145.010293  60.000000
145.496961  50.000000
145.983658  49.000000
146.470384  48.000000
146.957141  58.000000
147.443927  48.000000
147.930742  68.000000
148.417587  46.000000
148.904462  57.000000
149.391366  53.000000
149.878299  53.000000
150.365263  47.000000
150.852256  51.000000
151.339278  46.000000
151.826330  50.000000
152.313412  46.000000
152.800523  50.000000
153.287663  55.000000
153.774834  44.000000
154.262034  57.000000
154.749263  45.000000
155.236522  45.000000
155.723810  52.000000
156.211129  50.000000
156.698476  48.000000
157.185854  45.000000
157.673260  50.000000
158.160697  44.000000
158.648163  42.000000
159.135658  60.000000
159.623184  42.000000
160.110738  37.000000
160.598323  52.000000
161.085936  45.000000
161.573580  53.000000
162.061253  53.000000
162.548955  47.000000
163.036687  52.000000
163.524449  51.000000
164.012240  43.000000
164.500061  47.000000
164.987912  46.000000
165.475792  64.000000
165.963701  47.000000
166.451640  42.000000
166.939609  47.000000
167.427607  61.000000
167.915635  50.000000
168.403693  51.000000
168.891780  47.000000
169.379896  39.000000
169.868042  59.000000
170.356218  57.000000
170.844423  43.000000
171.332658  44.000000
171.820923  54.000000
172.309217  50.000000
172.797540  52.000000
173.285893  43.000000
173.774276  55.000000
174.262688  38.000000
174.751130  42.000000
175.239602  50.000000
175.728103  58.000000
176.216633  51.000000
176.705193  57.000000
177.193783  52.000000
177.682402  52.000000
178.171051  40.000000
178.659730  51.000000
179.148437  59.000000
179.637175  51.000000
180.125942  56.000000
180.614739  49.000000
181.103565  59.000000
181.592421  50.000000
182.081306  58.000000
182.570221  47.000000
183.059166  50.000000
183.548140  58.000000
184.037144  53.000000
184.526177  46.000000
185.015240  58.000000
185.504332  46.000000
185.993454  48.000000
186.482606  54.000000
186.971787  52.000000
187.460998  58.000000
187.950238  54.000000
188.439508  45.000000
188.928807  51.000000
189.418136  43.000000
189.907495  53.000000
190.396883  52.000000
190.886301  60.000000
191.375748  61.000000
191.865225  55.000000
192.354731  61.000000
192.844267  54.000000
193.333833  67.000000
193.823428  51.000000
194.313053  65.000000
194.802707  53.000000
195.292391  59.000000
195.782104  57.000000
196.271847  55.000000
196.761620  53.000000
197.251422  57.000000
197.741254  66.000000
198.231115  51.000000
198.721006  56.000000
199.210926  63.000000
199.700876  41.000000
200.190856  65.000000
200.680865  55.000000
201.170903  56.000000
201.660972  51.000000
202.151070  52.000000
202.641197  66.000000
203.131354  53.000000
203.621541  51.000000
204.111757  50.000000
204.602002  59.000000
205.092278  49.000000
205.582583  48.000000
206.072917  54.000000
206.563281  55.000000
207.053674  56.000000
207.544098  54.000000
208.034550  47.000000
208.525033  44.000000
209.015544  50.000000
209.506086  53.000000
209.996657  52.000000
210.487257  58.000000
210.977888  48.000000
211.468547  57.000000
211.959237  57.000000
212.449955  54.000000
212.940704  52.000000
213.431482  58.000000
213.922289  50.000000
214.413126  52.000000
214.903993  48.000000
215.394889  39.000000
215.885815  61.000000
216.376771  48.000000
216.867756  45.000000
217.358770  53.000000
217.849814  49.000000
218.340888  51.000000
218.831991  54.000000
219.323124  34.000000
219.814287  43.000000
220.305479  51.000000
220.796700  44.000000
221.287951  41.000000
221.779232  38.000000
222.270542  40.000000
222.761882  55.000000
223.253252  37.000000
223.744651  45.000000
224.236079  47.000000
224.727537  55.000000
225.219025  37.000000
225.710542  38.000000
226.202089  51.000000
226.693665  53.000000
227.185271  42.000000
227.676907  36.000000
228.168572  53.000000
228.660267  42.000000
229.151991  43.000000
229.643745  42.000000
230.135528  49.000000
230.627341  53.000000
231.119184  27.000000
231.611056  50.000000
232.102958  44.000000
232.594889  45.000000
233.086850  34.000000
233.578840  36.000000
234.070860  50.000000
234.562910  37.000000
235.054989  40.000000
235.547098  40.000000
236.039236  53.000000
236.531404  49.000000
237.023601  39.000000
237.515828  51.000000
238.008085  38.000000
238.500371  34.000000
238.992687  38.000000
239.485032  32.000000
239.977407  36.000000
240.469811  37.000000
240.962245  41.000000
241.454709  34.000000
241.947202  42.000000
242.439724  41.000000
242.932277  30.000000
243.424859  37.000000
243.917470  42.000000
244.410111  43.000000
244.902782  43.000000
245.395482  45.000000
245.888211  47.000000
246.380971  45.000000
246.873760  47.000000
247.366578  33.000000
247.859426  46.000000
248.352303  46.000000
248.845211  49.000000
249.338147  48.000000
249.831114  47.000000
250.324109  45.000000
250.817135  42.000000
251.310190  31.000000
251.803274  34.000000
252.296388  34.000000
252.789532  40.000000
253.282705  42.000000
253.775908  40.000000
254.269141  33.000000
254.762403  28.000000
255.255694  39.000000
255.749015  26.000000
256.242366  40.000000
256.735746  29.000000
257.229156  35.000000
257.722596  29.000000
258.216065  29.000000
258.709563  38.000000
259.203091  35.000000
259.696649  40.000000
260.190236  45.000000
260.683853  28.000000
261.177500  40.000000
261.671176  36.000000
262.164881  38.000000
262.658616  31.000000
263.152381  35.000000
263.646175  51.000000
264.139999  35.000000
264.633852  34.000000
265.127735  34.000000
265.621648  30.000000
266.115590  35.000000
266.609562  28.000000
267.103563  32.000000
267.597594  41.000000
268.091654  35.000000
268.585744  43.000000
269.079864  35.000000
269.574013  34.000000
270.068192  42.000000
270.562400  35.000000
271.056638  32.000000
271.550905  41.000000
272.045202  37.000000
272.539529  41.000000
273.033885  35.000000
273.528271  27.000000
274.022686  23.000000
274.517131  38.000000
275.011605  22.000000
275.506109  27.000000
276.000643  31.000000
276.495206  41.000000
276.989798  31.000000
277.484421  30.000000
277.979073  36.000000
278.473754  32.000000
278.968465  29.000000
279.463206  27.000000
279.957976  32.000000
280.452775  34.000000
280.947605  31.000000
281.442464  29.000000
281.937352  44.000000
282.432270  26.000000
282.927217  31.000000
283.422195  22.000000
283.917201  31.000000
284.412238  35.000000
284.907303  30.000000
285.402399  30.000000
285.897524  28.000000
286.392678  31.000000
286.887862  22.000000
287.383076  34.000000
287.878319  29.000000
288.373592  26.000000
288.868895  41.000000
289.364227  28.000000
289.859588  24.000000
290.354979  30.000000
290.850400  32.000000
291.345850  32.000000
291.841330  17.000000
292.336840  34.000000
292.832379  32.000000
293.327947  22.000000
293.823545  28.000000
294.319173  30.000000
294.814830  36.000000
295.310517  30.000000
295.806233  42.000000
296.301979  30.000000
296.797755  38.000000
297.293560  36.000000
297.789395  27.000000
298.285259  29.000000
298.781153  33.000000
299.277076  22.000000
299.773029  36.000000
300.269012  29.000000
300.765024  40.000000
301.261066  24.000000
301.757137  23.000000
302.253238  20.000000
302.749368  38.000000
303.245528  33.000000
303.741718  41.000000
304.237937  32.000000
304.734186  27.000000
305.230464  32.000000
305.726772  23.000000
306.223109  36.000000
306.719476  23.000000
307.215873  31.000000
307.712299  37.000000
308.208754  31.000000
308.705240  19.000000
309.201755  34.000000
309.698299  21.000000
310.194873  24.000000
310.691477  29.000000
311.188110  26.000000
311.684772  28.000000
312.181465  25.000000
312.678186  17.000000
313.174938  29.000000
313.671719  24.000000
314.168529  29.000000
314.665370  30.000000
315.162239  34.000000
315.659139  24.000000
316.156067  45.000000
316.653026  30.000000
317.150014  28.000000
317.647031  37.000000
318.144078  23.000000
318.641155  28.000000
319.138261  35.000000
319.635397  28.000000
320.132563  27.000000
320.629758  25.000000
321.126982  26.000000
321.624236  33.000000
322.121520  28.000000
322.618833  18.000000
323.116176  32.000000
323.613549  22.000000
324.110951  23.000000
324.608382  21.000000
325.105843  16.000000
325.603334  14.000000
326.100854  25.000000
326.598404  16.000000
327.095983  27.000000
327.593592  26.000000
328.091231  33.000000
328.588899  19.000000
329.086597  29.000000
329.584324  29.000000
330.082081  28.000000
330.579867  29.000000
331.077683  24.000000
331.575529  24.000000
332.073404  23.000000
332.571309  27.000000
333.069243  24.000000
333.567207  25.000000
334.065200  20.000000
334.563223  17.000000
335.061276  27.000000
335.559358  31.000000
336.057470  23.000000
336.555611  25.000000
337.053782  21.000000
337.551982  24.000000
338.050212  23.000000
338.548472  22.000000
339.046761  34.000000
339.545079  30.000000
340.043428  20.000000
340.541805  29.000000
341.040213  21.000000
341.538650  21.000000
342.037116  26.000000
342.535613  22.000000
343.034138  23.000000
343.532694  19.000000
344.031278  22.000000
344.529893  16.000000
345.028537  25.000000
345.527210  23.000000
346.025913  22.000000
346.524646  16.000000
347.023408  21.000000
347.522200  26.000000
348.021022  26.000000
348.519873  18.000000
349.018753  17.000000
349.517663  31.000000
350.016603  34.000000
350.515572  22.000000
351.014571  26.000000
351.513599  24.000000
352.012657  23.000000
352.511745  35.000000
353.010862  24.000000
353.510009  26.000000
354.009185  22.000000
354.508391  27.000000
355.007626  23.000000
355.506891  25.000000
356.006186  20.000000
356.505510  28.000000
357.004864  30.000000
357.504247  18.000000
358.003660  20.000000
358.503102  23.000000
359.002574  26.000000
359.502076  23.000000
360.001607  17.000000
360.501168  15.000000
361.000758  26.000000
361.500378  24.000000
362.000027  35.000000
362.499706  22.000000
362.999415  25.000000
363.499153  27.000000
363.998920  16.000000
364.498718  26.000000
364.998545  22.000000
365.498401  15.000000
365.998287  19.000000
366.498202  24.000000
366.998148  14.000000
367.498122  24.000000
367.998127  22.000000
368.498160  23.000000
368.998224  24.000000
369.498317  31.000000
369.998439  22.000000
370.498591  16.000000
370.998773  22.000000
371.498984  20.000000
371.999225  21.000000
372.499496  19.000000
372.999796  28.000000
373.500125  14.000000
374.000484  20.000000
374.500873  25.000000
375.001291  27.000000
375.501739  27.000000
376.002217  24.000000
376.502723  24.000000
377.003260  28.000000
377.503826  20.000000
378.004422  20.000000
378.505047  28.000000
379.005702  17.000000
379.506386  28.000000
380.007100  34.000000
380.507844  25.000000
381.008617  31.000000
381.509420  22.000000
382.010252  26.000000
382.511114  17.000000
383.012005  23.000000
383.512926  16.000000
384.013877  21.000000
384.514857  22.000000
385.015867  20.000000
385.516906  19.000000
386.017975  20.000000
386.519073  19.000000
387.020201  28.000000
387.521359  24.000000
388.022546  17.000000
388.523762  20.000000
389.025009  25.000000
389.526285  21.000000
390.027590  25.000000
390.528925  21.000000
391.030289  24.000000
391.531684  27.000000
392.033107  25.000000
392.534561  21.000000
393.036043  18.000000
393.537556  24.000000
394.039098  25.000000
394.540669  17.000000
395.042270  25.000000
395.543901  21.000000
396.045561  26.000000
396.547251  17.000000
397.048971  16.000000
397.550720  19.000000
398.052498  21.000000
398.554306  30.000000
399.056144  26.000000
399.558011  28.000000
400.059908  24.000000
400.561834  20.000000
401.063790  19.000000
401.565776  20.000000
402.067791  18.000000
402.569836  13.000000
403.071910  20.000000
403.574014  15.000000
404.076147  20.000000
404.578310  16.000000
405.080503  25.000000
405.582725  20.000000
406.084977  22.000000
406.587258  19.000000
407.089569  26.000000
407.591909  21.000000
408.094279  22.000000
408.596679  20.000000
409.099108  22.000000
409.601566  19.000000
410.104055  15.000000
410.606573  20.000000
411.109120  19.000000
411.611697  24.000000
412.114304  21.000000
412.616940  18.000000
413.119605  20.000000
413.622301  25.000000
414.125025  19.000000
414.627780  20.000000
415.130564  22.000000
415.633377  17.000000
416.136220  21.000000
416.639093  20.000000
417.141995  22.000000
417.644927  20.000000
418.147889  13.000000
418.650880  28.000000
419.153900  17.000000
419.656950  23.000000
420.160030  27.000000
420.663139  24.000000
421.166278  30.000000
421.669447  23.000000
422.172644  19.000000
422.675872  13.000000
423.179129  25.000000
423.682416  18.000000
424.185732  15.000000
424.689078  15.000000
425.192453  24.000000
425.695858  19.000000
426.199293  16.000000
426.702757  29.000000
427.206251  25.000000
427.709774  18.000000
428.213327  18.000000
428.716909  21.000000
429.220521  19.000000
429.724163  18.000000
430.227834  15.000000
430.731535  19.000000
431.235265  17.000000
431.739025  17.000000
432.242814  17.000000
432.746633  20.000000
433.250482  21.000000
433.754360  17.000000
434.258267  33.000000
434.762205   7.000000
435.266171  16.000000
435.770168  30.000000
436.274194  18.000000
436.778249  18.000000
437.282334  18.000000
437.786449  19.000000
438.290593  25.000000
438.794767  16.000000
439.298971  21.000000
439.803204  15.000000
440.307466  17.000000
440.811758  17.000000
441.316080  21.000000
441.820431  14.000000
442.324812  20.000000
442.829223  23.000000
443.333662  16.000000
443.838132  21.000000
444.342631  16.000000
444.847160  22.000000
445.351718  14.000000
445.856306  21.000000
446.360923  20.000000
446.865570  20.000000
447.370247  22.000000
447.874953  14.000000
448.379689  23.000000
448.884454  15.000000
449.389249  22.000000
449.894073  14.000000
450.398927  24.000000
450.903811  20.000000
451.408724  21.000000
451.913666  18.000000
452.418639  19.000000
452.923641  10.000000
453.428672  22.000000
453.933733  25.000000
454.438824  14.000000
454.943944  20.000000
455.449093  15.000000
455.954273  12.000000
456.459481  15.000000
456.964720  21.000000
457.469988  13.000000
457.975285  16.000000
458.480612  18.000000
458.985969  20.000000
459.491355  15.000000
459.996771  11.000000
460.502217  19.000000
461.007692  17.000000
461.513196   8.000000
462.018730  21.000000
462.524294  19.000000
463.029887  13.000000
463.535510  24.000000
464.041162  15.000000
464.546844  28.000000
465.052556  19.000000
465.558297  17.000000
466.064068  16.000000
466.569868  19.000000
467.075698  22.000000
467.581557  20.000000
468.087446  16.000000
468.593365  21.000000
469.099313  19.000000
469.605291  15.000000
470.111298  15.000000
470.617335  20.000000
471.123401  13.000000
471.629497  20.000000
472.135623  15.000000
472.641778  11.000000
473.147962  12.000000
473.654177  16.000000
474.160420  16.000000
474.666694  13.000000
475.172997  14.000000
475.679329  11.000000
476.185692  14.000000
476.692083  13.000000
477.198504  16.000000
477.704955  19.000000
478.211436  15.000000
478.717946  13.000000
479.224485  16.000000
479.731054  14.000000
480.237653   9.000000
480.744281  10.000000
481.250939  13.000000
481.757627  13.000000
482.264344  21.000000
482.771090  18.000000
483.277866  10.000000
483.784672   8.000000
484.291507  12.000000
484.798372   9.000000
485.305266  14.000000
485.812190  10.000000
486.319144   8.000000
486.826127  14.000000
487.333140   6.000000
487.840182  14.000000
488.347254  12.000000
488.854355  11.000000
489.361486  12.000000
489.868647  13.000000
490.375837  16.000000
490.883056   6.000000
491.390306  12.000000
491.897585  13.000000
492.404893  12.000000
492.912231  12.000000
493.419598  14.000000
493.926996   8.000000
494.434422  11.000000
494.941879   6.000000
495.449364  14.000000
495.956880  11.000000
496.464425   9.000000
496.971999  18.000000
497.479603  15.000000
497.987237  14.000000
498.494900   7.000000
499.002593  10.000000
499.510316   8.000000
500.018068  14.000000
500.525849   7.000000
501.033660   5.000000
501.541501   5.000000
502.049371   8.000000
502.557271  10.000000
503.065200  14.000000
503.573159   3.000000
504.081148  17.000000
504.589166  16.000000
505.097214   8.000000
505.605291   8.000000
506.113398  16.000000
506.621534  15.000000
507.129700   3.000000
507.637896   8.000000
508.146121   7.000000
508.654376  12.000000
509.162660  10.000000
509.670974   6.000000
510.179317   8.000000
510.687690   6.000000
511.196093  10.000000
511.704525   8.000000
512.212986  10.000000
512.721478   8.000000
513.229998  10.000000
513.738549  12.000000
514.247129   7.000000
514.755738  16.000000
515.264377  11.000000
515.773046   9.000000
516.281744  12.000000
516.790472   6.000000
517.299230   5.000000
517.808017   7.000000
518.316833  11.000000
518.825679   5.000000
519.334555   5.000000
519.843460   7.000000
520.352395   6.000000
520.861359   6.000000
521.370353  14.000000
521.879377  10.000000
522.388430   3.000000
522.897513   5.000000
523.406625  14.000000
523.915767   9.000000
524.424938   6.000000
524.934139   7.000000
525.443370  11.000000
525.952630  13.000000
526.461919   9.000000
526.971239   3.000000
527.480588  12.000000
527.989966   9.000000
528.499374   5.000000
529.008811   6.000000
529.518279   8.000000
530.027775   7.000000
530.537302   4.000000
531.046857  12.000000
531.556443   8.000000
532.066058  10.000000
532.575702  11.000000
533.085376   6.000000
533.595080   4.000000
534.104813   5.000000
534.614576   3.000000
535.124369   7.000000
535.634191   3.000000
536.144042   7.000000
536.653923   4.000000
537.163834  11.000000
537.673774   7.000000
538.183744  10.000000
538.693743  14.000000
539.203772   6.000000
539.713831   4.000000
540.223919   7.000000
540.734037   7.000000
541.244184   9.000000
541.754361   6.000000
542.264567   6.000000
542.774803   8.000000
543.285069   8.000000
543.795364   6.000000
544.305688  12.000000
544.816043  11.000000
545.326427   3.000000
545.836840   6.000000
546.347283   5.000000
546.857755  13.000000
547.368258   5.000000
547.878789   8.000000
548.389350   7.000000
548.899941   5.000000
549.410562   8.000000
549.921212   6.000000
550.431891   3.000000
550.942600   5.000000
551.453339  11.000000
551.964107  11.000000
552.474905   8.000000
552.985733   6.000000
553.496589   7.000000
554.007476   9.000000
554.518392   8.000000
555.029338   3.000000
555.540313   4.000000
556.051318   6.000000
556.562352   7.000000
557.073416   8.000000
557.584510   5.000000
558.095633  10.000000
558.606786   7.000000
559.117968   5.000000
559.629180   5.000000
560.140421  10.000000
560.651692   5.000000
561.162993   7.000000
561.674323   3.000000
562.185682   8.000000
562.697072   6.000000
563.208490   7.000000
563.719939  10.000000
564.231417  10.000000
564.742924   7.000000
565.254461   6.000000
565.766028   7.000000
566.277624  11.000000
566.789250   8.000000
567.300906   6.000000
567.812591   5.000000
568.324305  10.000000
568.836049   6.000000
569.347823   7.000000
569.859626  11.000000
570.371459   8.000000
570.883321   8.000000
571.395213   4.000000
571.907135   4.000000
572.419086   5.000000
572.931067  10.000000
573.443077  12.000000
573.955117  13.000000
574.467186  14.000000
574.979285   7.000000
575.491414   9.000000
576.003572   5.000000
576.515759   7.000000
577.027977   8.000000
577.540224   5.000000
578.052500   8.000000
578.564806   6.000000
579.077141   6.000000
579.589507  11.000000
580.101901  11.000000
580.614326   6.000000
581.126779   5.000000
581.639263   2.000000
582.151776   8.000000
582.664318   3.000000
583.176890  12.000000
583.689492   7.000000
584.202123   5.000000
584.714784   6.000000
585.227475   8.000000
585.740194   5.000000
586.252944   7.000000
586.765723   8.000000
587.278532   8.000000
587.791370   3.000000
588.304238   9.000000
588.817135   6.000000
589.330062   7.000000
589.843019   7.000000
590.356005   8.000000
590.869021   6.000000
591.382066  12.000000
591.895141   6.000000
592.408245   7.000000
592.921379   7.000000
593.434543   3.000000
593.947736   6.000000
594.460958   8.000000
594.974211   6.000000
595.487492   5.000000
596.000804   4.000000
596.514145   7.000000
597.027515  10.000000
597.540915   5.000000
598.054345   5.000000
598.567804   7.000000
599.081293   7.000000
599.594812   8.000000
600.108360  11.000000
600.621937  12.000000
601.135544   8.000000
601.649181   9.000000
602.162847   5.000000
602.676543   7.000000
603.190268   5.000000
603.704023  11.000000
604.217808   7.000000
604.731622   9.000000
605.245466  10.000000
605.759339  15.000000
606.273242   6.000000
606.787174  11.000000
607.301136  16.000000
607.815128   9.000000
608.329149  10.000000
608.843199  12.000000
609.357280   9.000000
609.871389   8.000000
610.385529  12.000000
610.899698   3.000000
611.413896   9.000000
611.928125  10.000000
612.442382  13.000000
612.956669   5.000000
613.470986   2.000000
613.985333  13.000000
614.499709  10.000000
615.014114  13.000000
615.528549  11.000000
616.043014  12.000000
616.557508  11.000000
617.072032  12.000000
617.586585  19.000000
618.101168  14.000000
618.615781  14.000000
619.130423  13.000000
619.645095  14.000000
620.159796  10.000000
620.674527  14.000000
621.189287  19.000000
621.704077  21.000000
622.218897  18.000000
622.733746  15.000000
623.248624  14.000000
623.763533  21.000000
624.278471  12.000000
624.793438  25.000000
625.308435  21.000000
625.823461  26.000000
626.338518  23.000000
626.853603  22.000000
627.368718  23.000000
627.883863  30.000000
628.399038  26.000000
628.914242  28.000000
629.429475  27.000000
629.944738  22.000000
630.460031  29.000000
630.975353  26.000000
631.490705  36.000000
632.006086  27.000000
632.521497  31.000000
633.036938  35.000000
633.552408  25.000000
634.067908  28.000000
634.583437  38.000000
635.098996  29.000000
635.614584  50.000000
636.130202  41.000000
636.645850  48.000000
637.161527  47.000000
637.677233  46.000000
638.192970  49.000000
638.708736  61.000000
639.224531  38.000000
639.740356  51.000000
640.256210  59.000000
640.772095  54.000000
641.288008  57.000000
641.803951  52.000000
642.319924  52.000000
642.835927  59.000000
643.351959  53.000000
643.868020  57.000000
644.384111  71.000000
644.900232  57.000000
645.416382  74.000000
645.932562  73.000000
646.448771  62.000000
646.965010  52.000000
647.481279  63.000000
647.997577  67.000000
648.513905  74.000000
649.030262  68.000000
649.546649  71.000000
650.063065  67.000000
650.579511  81.000000
651.095987  75.000000
651.612492  77.000000
652.129026  77.000000
652.645591  96.000000
653.162185  96.000000
653.678808  85.000000
654.195461  86.000000
654.712143  81.000000
655.228856  89.000000
655.745597  99.000000
656.262368  86.000000
656.779169  95.000000
657.296000  86.000000
657.812860 103.000000
658.329749  80.000000
658.846668  74.000000
659.363617  94.000000
659.880595  76.000000
660.397603  98.000000
660.914640  88.000000
661.431707  93.000000
661.948804  94.000000
662.465930  89.000000
662.983086  73.000000
663.500271  76.000000
664.017486  79.000000
664.534730 117.000000
665.052004  71.000000
665.569308  80.000000
666.086641  98.000000
666.604003 107.000000
667.121396  94.000000
667.638818  78.000000
668.156269  96.000000
668.673750  77.000000
669.191260 103.000000
669.708801  74.000000
670.226370 102.000000
670.743969  89.000000
671.261598  96.000000
671.779257  86.000000
672.296945  96.000000
672.814662  84.000000
673.332409  69.000000
673.850186  80.000000
674.367992  82.000000
674.885828  66.000000
675.403693  86.000000
675.921588  83.000000
676.439513  75.000000
676.957467  66.000000
677.475451  80.000000
677.993464  68.000000
678.511507  68.000000
679.029579  65.000000
679.547681  58.000000
680.065813  48.000000
680.583974  66.000000
681.102164  61.000000
681.620385  48.000000
682.138634  47.000000
682.656914  46.000000
683.175223  51.000000
683.693561  44.000000
684.211929  47.000000
684.730327  51.000000
685.248754  44.000000
685.767211  40.000000
686.285698  45.000000
686.804214  46.000000
687.322759  39.000000
687.841334  31.000000
688.359939  39.000000
688.878573  25.000000
689.397237  33.000000
689.915930  32.000000
690.434653  32.000000
690.953406  24.000000
691.472188  33.000000
691.991000  35.000000
692.509841  29.000000
693.028712  23.000000
693.547612  34.000000
694.066542  31.000000
694.585502  24.000000
695.104491  22.000000
695.623509  21.000000
696.142558  26.000000
696.661635  17.000000
697.180743  13.000000
697.699880  20.000000
698.219046  19.000000
698.738242  15.000000
699.257468  20.000000
699.776723  18.000000
700.296008  13.000000
700.815323  20.000000
701.334666  14.000000
701.854040  13.000000
702.373443  14.000000
702.892876  16.000000
703.412338  10.000000
703.931830  15.000000
704.451351   8.000000
704.970902  12.000000
705.490483   9.000000
706.010093  10.000000
706.529733   9.000000
707.049402   4.000000
707.569101   9.000000
708.088829   7.000000
708.608587   9.000000
709.128374   8.000000
709.648192   7.000000
710.168038   6.000000
710.687914   3.000000
711.207820   2.000000
711.727756   6.000000
712.247721   9.000000
712.767715   7.000000
713.287739   3.000000
713.807793   7.000000
714.327876   6.000000
714.847989   5.000000
715.368131   8.000000
715.888303   3.000000
716.408505   5.000000
716.928736   5.000000
717.448997   2.000000
717.969287   1.000000
718.489607   1.000000
719.009956   2.000000
719.530335   0.000000
720.050744   5.000000
720.571182   4.000000
721.091649   2.000000
721.612147   2.000000
722.132673   2.000000
722.653230   2.000000
723.173816   2.000000
723.694431   4.000000
724.215076   3.000000
724.735751   4.000000
725.256455   5.000000
725.777189   2.000000
726.297953   1.000000
726.818746   1.000000
727.339568   7.000000
727.860420   5.000000
728.381302   3.000000
728.902213   3.000000
729.423154   4.000000
729.944124   4.000000
730.465124   2.000000
730.986154   1.000000
731.507213   1.000000
732.028302   4.000000
732.549420   1.000000
733.070568   4.000000
733.591745   5.000000
734.112952   1.000000
734.634188   0.000000
735.155455   2.000000
735.676750   2.000000
736.198076   4.000000
736.719430   2.000000
737.240815   6.000000
737.762229   2.000000
738.283672   4.000000
738.805145   5.000000
739.326648   1.000000
739.848180   0.000000
740.369742   2.000000
740.891333   1.000000
741.412954   1.000000
741.934605   3.000000
742.456285   2.000000
742.977995   1.000000
743.499734   0.000000
744.021503   0.000000
744.543301   2.000000
745.065129   1.000000
745.586987   0.000000
746.108874   0.000000
746.630790   1.000000
747.152737   2.000000
747.674712   0.000000
748.196718   4.000000
748.718753   1.000000
749.240817   1.000000
749.762911   4.000000
750.285035   0.000000
750.807188   0.000000
751.329371   1.000000
751.851584   4.000000
752.373826   0.000000
752.896097   2.000000
753.418398   6.000000
753.940729   0.000000
754.463089   1.000000
754.985479   2.000000
755.507898   1.000000
756.030347   1.000000
756.552826   1.000000
757.075334   2.000000
757.597872   2.000000
758.120439   0.000000
758.643036   4.000000
759.165662   0.000000
759.688318   0.000000
760.211003   0.000000
760.733719   0.000000
761.256463   4.000000
761.779237   3.000000
762.302041   2.000000
762.824875   0.000000
763.347738   0.000000
763.870630   2.000000
764.393552   0.000000
764.916504   2.000000
765.439485   2.000000
765.962496   0.000000
766.485536   2.000000
767.008606   0.000000
767.531706   3.000000
768.054835   2.000000
768.577994   1.000000
769.101182   1.000000
769.624400   1.000000
770.147647   2.000000
770.670924   0.000000
771.194231   0.000000
771.717567   5.000000
772.240932   1.000000
772.764328   0.000000
773.287752   1.000000
773.811207   0.000000
774.334691   0.000000
774.858204   1.000000
775.381747   2.000000
775.905320   1.000000
776.428922   1.000000
776.952554   1.000000
777.476215   1.000000
777.999906   3.000000
778.523627   0.000000
779.047377   0.000000
779.571157   1.000000
780.094966   1.000000
780.618805   1.000000
781.142673   0.000000
781.666571   1.000000
782.190499   0.000000
782.714456   1.000000
783.238442   3.000000
783.762459   3.000000
784.286504   2.000000
784.810580   0.000000
785.334685   1.000000
785.858819   1.000000
786.382983   0.000000
786.907177   0.000000
787.431400   2.000000
787.955653   0.000000
788.479936   2.000000
789.004248   0.000000
789.528589   0.000000
790.052960   0.000000
790.577361   1.000000
791.101791   1.000000
791.626251   2.000000
792.150740   0.000000
792.675259   0.000000
793.199808   0.000000
793.724386   0.000000
794.248994   1.000000
794.773631   1.000000
795.298298   0.000000
795.822994   2.000000
796.347720   0.000000
796.872475   0.000000
797.397261   0.000000
797.922075   1.000000
798.446919   0.000000
798.971793   2.000000
799.496697   0.000000
800.021630   0.000000
800.546592   2.000000
801.071584   1.000000
801.596606   1.000000
802.121657   1.000000
802.646738   2.000000
803.171848   0.000000
803.696988   1.000000
804.222158   0.000000
804.747357   0.000000
805.272586   0.000000
805.797844   0.000000
806.323132   0.000000
806.848449   0.000000
807.373796   0.000000
807.899173   1.000000
808.424579   1.000000
808.950014   0.000000
809.475480   0.000000
810.000974   0.000000
810.526499   1.000000
811.052053   0.000000
811.577636   2.000000
812.103249   1.000000
812.628892   0.000000
813.154564   1.000000
813.680266   1.000000
814.205997   1.000000
814.731758   1.000000
815.257549   0.000000
815.783369   0.000000
816.309219   1.000000
816.835098   1.000000
817.361007   1.000000
817.886945   2.000000
818.412913   0.000000
818.938911   1.000000
819.464938   2.000000
819.990994   1.000000
820.517081   1.000000
821.043196   1.000000
821.569342   0.000000
822.095517   0.000000
822.621721   0.000000
823.147955   0.000000
823.674219   2.000000
824.200512   1.000000
824.726835   1.000000
825.253187   0.000000
825.779569   0.000000
826.305981   0.000000
826.832422   0.000000
827.358893   1.000000
827.885393   1.000000
828.411923   1.000000
828.938482   1.000000
829.465071   0.000000
829.991690   0.000000
830.518338   0.000000
831.045015   1.000000
831.571723   4.000000
832.098459   0.000000
832.625226   0.000000
833.152022   0.000000
833.678847   0.000000
834.205702   2.000000
834.732587   0.000000
835.259501   2.000000
835.786445   1.000000
836.313418   1.000000
836.840421   0.000000
837.367454   0.000000
837.894516   0.000000
838.421608   0.000000
838.948729   0.000000
839.475880   0.000000
840.003060   0.000000
840.530270   0.000000
841.057510   0.000000
841.584779   0.000000
842.112077   0.000000
842.639406   1.000000
843.166763   0.000000
843.694151   0.000000
844.221568   2.000000
844.749014   0.000000
845.276490   0.000000
845.803996   1.000000
846.331531   0.000000
846.859096   0.000000
847.386690   1.000000
847.914314   0.000000
848.441968   0.000000
848.969651   0.000000
849.497364   0.000000
850.025106   0.000000
850.552878   1.000000
851.080679   1.000000
851.608510   0.000000
852.136371   2.000000
852.664261   1.000000
853.192180   1.000000
853.720130   0.000000
854.248108   0.000000
854.776117   1.000000
855.304155   0.000000
855.832222   0.000000
856.360319   0.000000
856.888446   1.000000
857.416602   0.000000
857.944788   0.000000
858.473004   0.000000
859.001248   1.000000
859.529523   1.000000
860.057827   0.000000
860.586161   0.000000
861.114524   0.000000
861.642917   0.000000
862.171339   0.000000
862.699791   1.000000
863.228273   0.000000
863.756784   0.000000
864.285324   0.000000
864.813895   0.000000
865.342494   1.000000
865.871124   0.000000
866.399783   0.000000
866.928471   0.000000
867.457189   0.000000
867.985937   1.000000
868.514714   0.000000
869.043521   2.000000
869.572358   0.000000
870.101223   1.000000
870.630119   0.000000
871.159044   0.000000
871.687999   0.000000
872.216983   1.000000
872.745997   0.000000
873.275040   1.000000
873.804113   0.000000
874.333216   0.000000
874.862348   0.000000
875.391509   1.000000
875.920701   0.000000
876.449921   0.000000
876.979172   2.000000
877.508452   0.000000
878.037761   1.000000
878.567100   0.000000
879.096469   0.000000
879.625867   1.000000
880.155295   0.000000
880.684752   0.000000
881.214239   0.000000
881.743756   2.000000
882.273302   0.000000
882.802878   0.000000
883.332483   1.000000
883.862118   0.000000
884.391782   1.000000
884.921476   0.000000
885.451200   0.000000
885.980953   0.000000
886.510735   1.000000
887.040548   0.000000
887.570389   0.000000
888.100261   3.000000
888.630162   0.000000
889.160092   1.000000
889.690052   0.000000
890.220042   0.000000
890.750061   3.000000
891.280110   0.000000
891.810188   1.000000
892.340296   0.000000
892.870434   0.000000
893.400601   1.000000
893.930798   0.000000
894.461024   0.000000
894.991280   0.000000
895.521565   1.000000
896.051880   0.000000
896.582225   0.000000
897.112599   2.000000
897.643002   0.000000
898.173436   1.000000
898.703898   0.000000
899.234391   1.000000
899.764913   0.000000
900.295464   0.000000
900.826045   0.000000
901.356656   1.000000
901.887296   0.000000
902.417966   1.000000
902.948665   1.000000
903.479394   0.000000
904.010153   1.000000
904.540941   0.000000
905.071759   0.000000
905.602606   1.000000
906.133483   0.000000
906.664389   1.000000
907.195325   0.000000
907.726291   0.000000
908.257286   2.000000
908.788310   1.000000
909.319365   0.000000
909.850448   0.000000
910.381562   0.000000
910.912705   1.000000
911.443877   0.000000
911.975079   1.000000
912.506311   0.000000
913.037572   2.000000
913.568863   0.000000
914.100183   0.000000
914.631533   1.000000
915.162913   0.000000
915.694322   0.000000
916.225761   0.000000
916.757229   0.000000
917.288727   1.000000
917.820254   0.000000
918.351811   2.000000
918.883397   0.000000
919.415014   0.000000
919.946659   1.000000
920.478334   1.000000
921.010039   1.000000
921.541774   1.000000
922.073538   1.000000
922.605331   0.000000
923.137154   0.000000
923.669007   1.000000
924.200889   0.000000
924.732801   1.000000
925.264742   0.000000
925.796713   0.000000
926.328714   0.000000
926.860744   0.000000
927.392804   0.000000
927.924893   2.000000
928.457012   0.000000
928.989160   1.000000
929.521338   0.000000
930.053545   0.000000
930.585782   1.000000
931.118049   0.000000
931.650345   0.000000
932.182671   0.000000
932.715027   0.000000
933.247412   0.000000
933.779826   0.000000
934.312270   1.000000
934.844744   1.000000
935.377247   0.000000
935.909780   1.000000
936.442342   0.000000
936.974934   2.000000
937.507556   0.000000
938.040207   0.000000
938.572887   0.000000
939.105598   0.000000
939.638337   0.000000
940.171107   0.000000
940.703906   0.000000
941.236734   0.000000
941.769592   0.000000
942.302480   0.000000
942.835397   0.000000
943.368344   1.000000
943.901320   1.000000
944.434326   0.000000
944.967362   1.000000
945.500427   0.000000
946.033522   0.000000
946.566646   0.000000
947.099800   0.000000
947.632983   0.000000
948.166196   1.000000
948.699439   0.000000
949.232711   1.000000
949.766012   1.000000
950.299344   0.000000
950.832704   0.000000
951.366095   0.000000
951.899515   0.000000
952.432964   0.000000
952.966443   0.000000
953.499952   0.000000
954.033490   1.000000
954.567058   0.000000
955.100655   0.000000
955.634282   0.000000
956.167939   0.000000
956.701625   1.000000
957.235341   0.000000
957.769086   0.000000
958.302861   0.000000
958.836665   1.000000
959.370499   0.000000
959.904362   1.000000
960.438256   1.000000
960.972178   1.000000
961.506130   0.000000
962.040112   1.000000
962.574124   1.000000
963.108165   0.000000
963.642235   0.000000
964.176335   1.000000
964.710465   1.000000
965.244624   0.000000
965.778813   0.000000
966.313031   0.000000
966.847279   0.000000
967.381557   1.000000
967.915864   0.000000
968.450200   0.000000
968.984567   0.000000
969.518963   0.000000
970.053388   0.000000
970.587843   0.000000
971.122327   0.000000
971.656841   1.000000
972.191385   1.000000
972.725958   0.000000
973.260561   0.000000
973.795194   2.000000
974.329855   0.000000
974.864547   0.000000
975.399268   0.000000
975.934019   0.000000
976.468799   2.000000
977.003609   0.000000
977.538448   0.000000
978.073317   0.000000
978.608216   0.000000
979.143144   1.000000
979.678101   0.000000
980.213089   0.000000
980.748105   0.000000
981.283152   0.000000
981.818228   0.000000
982.353333   0.000000
982.888468   2.000000
983.423633   0.000000
983.958827   0.000000
984.494051   0.000000
985.029304   0.000000
985.564587   0.000000
986.099900   1.000000
986.635242   0.000000
987.170614   0.000000
987.706015   0.000000
988.241446   0.000000
988.776906   0.000000
989.312396   0.000000
989.847915   0.000000
990.383465   1.000000
990.919043   0.000000
991.454651   0.000000
991.990289   0.000000
992.525957   1.000000
993.061654   1.000000
993.597380   1.000000
994.133136   0.000000
994.668922   0.000000
995.204737   1.000000
995.740582   1.000000
996.276456   0.000000
996.812360   0.000000
997.348294   0.000000
997.884257   1.000000
998.420249   0.000000
998.956272   0.000000
999.492323   0.000000
1000.028405   1.000000
1000.564516   0.000000
1001.100656   0.000000
1001.636826   0.000000
1002.173026   1.000000
1002.709255   0.000000
1003.245514   0.000000
1003.781802   0.000000
1004.318120   0.000000
1004.854468   0.000000
1005.390845   0.000000
1005.927252   0.000000
1006.463688   0.000000
1007.000154   0.000000
1007.536649   0.000000
1008.073174   0.000000
1008.609729   0.000000
1009.146313   0.000000
1009.682926   0.000000
1010.219570   0.000000
1010.756242   0.000000
1011.292945   0.000000
1011.829677   0.000000
1012.366438   0.000000
1012.903229   0.000000
1013.440050   0.000000
1013.976900   0.000000
1014.513780   0.000000
1015.050689   1.000000
1015.587628   0.000000
1016.124597   1.000000
1016.661595   0.000000
1017.198623   1.000000
1017.735680   0.000000
1018.272767   0.000000
1018.809883   0.000000
1019.347029   0.000000
1019.884204   0.000000
1020.421409   0.000000
1020.958644   1.000000
1021.495908   0.000000
1022.033202   0.000000
1022.570526   1.000000
1023.107878   0.000000
1023.645261   0.000000
1024.182673   2.000000
1024.720115   0.000000
1025.257586   0.000000
1025.795087   0.000000
1026.332617   0.000000
1026.870177   1.000000
1027.407767   1.000000
1027.945386   0.000000
1028.483034   0.000000
1029.020713   0.000000
1029.558420   0.000000
1030.096158   1.000000
1030.633925   1.000000
1031.171721   0.000000
1031.709547   1.000000
1032.247403   0.000000
1032.785288   0.000000
1033.323203   0.000000
1033.861147   0.000000
1034.399121   0.000000
1034.937125   0.000000
1035.475158   0.000000
1036.013221   0.000000
1036.551313   0.000000
1037.089435   0.000000
1037.627586   0.000000
1038.165767   0.000000
1038.703977   1.000000
1039.242217   0.000000
1039.780487   0.000000
1040.318786   0.000000
1040.857115   0.000000
1041.395474   0.000000
1041.933861   0.000000
1042.472279   0.000000
1043.010726   0.000000
1043.549203   1.000000
1044.087709   0.000000
1044.626245   0.000000
1045.164810   0.000000
1045.703405   0.000000
1046.242030   0.000000
1046.780684   0.000000
1047.319367   0.000000
1047.858081   0.000000
1048.396823   3.000000
1048.935596   0.000000
1049.474398   0.000000
1050.013229   0.000000
1050.552090   0.000000
1051.090981   0.000000
1051.629901   0.000000
1052.168851   0.000000
1052.707830   0.000000
1053.246839   0.000000
1053.785878   0.000000
1054.324946   0.000000
1054.864044   0.000000
1055.403171   1.000000
1055.942328   0.000000
1056.481514   0.000000
1057.020730   1.000000
1057.559975   0.000000
1058.099250   1.000000
1058.638555   0.000000
1059.177889   1.000000
1059.717253   0.000000
1060.256647   0.000000
1060.796069   0.000000
1061.335522   0.000000
1061.875004   0.000000
1062.414516   0.000000
1062.954057   0.000000
1063.493628   1.000000
1064.033228   0.000000
1064.572858   0.000000
1065.112518   0.000000
1065.652207   0.000000
1066.191925   1.000000
1066.731674   0.000000
1067.271451   0.000000
1067.811259   0.000000
1068.351096   1.000000
1068.890962   0.000000
1069.430858   0.000000
1069.970784   0.000000
1070.510739   0.000000
1071.050724   1.000000
1071.590738   0.000000
1072.130782   0.000000
1072.670856   2.000000
1073.210959   0.000000
1073.751091   0.000000
1074.291254   0.000000
1074.831445   0.000000
1075.371667   0.000000
1075.911918   2.000000
1076.452198   2.000000
1076.992508   0.000000
1077.532848   0.000000
1078.073217   1.000000
1078.613616   0.000000
1079.154044   0.000000
1079.694502   0.000000
1080.234990   1.000000
1080.775507   0.000000
1081.316054   0.000000
1081.856630   0.000000
1082.397236   0.000000
1082.937871   1.000000
1083.478536   0.000000
1084.019230   0.000000
1084.559955   0.000000
1085.100708   0.000000
1085.641491   0.000000
1086.182304   1.000000
1086.723147   0.000000
1087.264019   0.000000
1087.804920   0.000000
1088.345851   0.000000
1088.886812   0.000000
1089.427802   0.000000
1089.968822   1.000000
1090.509871   0.000000
1091.050950   0.000000
1091.592059   0.000000
1092.133197   0.000000
1092.674364   0.000000
1093.215562   0.000000
1093.756788   0.000000
1094.298045   0.000000
1094.839331   0.000000
1095.380646   0.000000
1095.921991   0.000000
1096.463366   1.000000
1097.004770   0.000000
1097.546204   0.000000
1098.087667   0.000000
1098.629160   0.000000
1099.170683   0.000000
1099.712235   1.000000
1100.253817   0.000000
1100.795428   1.000000
1101.337069   0.000000
1101.878739   1.000000
1102.420439   0.000000
1102.962168   0.000000
1103.503927   0.000000
1104.045716   0.000000
1104.587534   1.000000
1105.129382   0.000000
1105.671260   0.000000
1106.213166   0.000000
1106.755103   0.000000
1107.297069   0.000000
1107.839065   0.000000
1108.381090   1.000000
1108.923145   0.000000
1109.465229   0.000000
1110.007343   0.000000
1110.549487   2.000000
1111.091660   0.000000
1111.633862   1.000000
1112.176094   0.000000
1112.718356   0.000000
1113.260648   0.000000
1113.802969   0.000000
1114.345319   0.000000
1114.887699   0.000000
1115.430109   0.000000
1115.972548   0.000000
1116.515017   0.000000
1117.057515   0.000000
1117.600043   0.000000
1118.142601   0.000000
1118.685188   0.000000
1119.227804   2.000000
1119.770451   1.000000
1120.313126   2.000000
1120.855832   1.000000
1121.398567   0.000000
1121.941331   1.000000
1122.484125   1.000000
1123.026949   0.000000
1123.569802   1.000000
1124.112685   0.000000
1124.655597   1.000000
1125.198539   0.000000
1125.741511   0.000000
1126.284512   0.000000
1126.827543   0.000000
1127.370603   0.000000
1127.913693   1.000000
1128.456812   0.000000
1128.999961   0.000000
1129.543139   1.000000
1130.086347   0.000000
1130.629585   0.000000
1131.172852   0.000000
1131.716149   1.000000
1132.259475   1.000000
1132.802831   0.000000
1133.346217   0.000000
1133.889632   2.000000
1134.433077   0.000000
1134.976551   0.000000
1135.520055   1.000000
1136.063588   0.000000
1136.607151   1.000000
1137.150744   0.000000
1137.694366   0.000000
1138.238017   0.000000
1138.781698   0.000000
1139.325409   1.000000
1139.869150   0.000000
1140.412920   2.000000
1140.956719   0.000000
1141.500548   0.000000
1142.044407   2.000000
1142.588295   1.000000
1143.132213   0.000000
1143.676160   0.000000
1144.220137   0.000000
1144.764144   1.000000
1145.308180   1.000000
1145.852245   0.000000
1146.396341   0.000000
1146.940465   0.000000
1147.484620   0.000000
1148.028804   0.000000
1148.573017   0.000000
1149.117260   0.000000
1149.661533   1.000000
1150.205835   1.000000
1150.750167   2.000000
1151.294528   0.000000
1151.838919   0.000000
1152.383340   0.000000
1152.927790   0.000000
1153.472269   1.000000
1154.016779   0.000000
1154.561317   0.000000
1155.105886   0.000000
1155.650484   0.000000
1156.195111   0.000000
1156.739768   0.000000
1157.284455   0.000000
1157.829171   0.000000
1158.373917   0.000000
1158.918692   0.000000
1159.463497   1.000000
1160.008332   0.000000
1160.553196   0.000000
1161.098090   1.000000
1161.643013   0.000000
1162.187966   0.000000
1162.732948   0.000000
1163.277960   1.000000
1163.823001   0.000000
1164.368072   0.000000
1164.913173   0.000000
1165.458303   0.000000
1166.003463   0.000000
1166.548653   0.000000
1167.093871   0.000000
1167.639120   0.000000
1168.184398   0.000000
1168.729706   0.000000
1169.275043   0.000000
1169.820410   0.000000
1170.365806   1.000000
1170.911232   0.000000
1171.456688   0.000000
1172.002173   0.000000
1172.547687   0.000000
1173.093231   1.000000
1173.638805   0.000000
1174.184409   0.000000
1174.730042   0.000000
1175.275704   0.000000
1175.821396   0.000000
1176.367118   0.000000
1176.912869   0.000000
1177.458650   0.000000
1178.004460   0.000000
1178.550300   2.000000
1179.096170   0.000000
1179.642069   0.000000
1180.187997   0.000000
1180.733956   0.000000
1181.279943   0.000000
1181.825961   1.000000
1182.372008   0.000000
1182.918084   0.000000
1183.464190   0.000000
1184.010326   0.000000
1184.556491   0.000000
1185.102686   2.000000
1185.648910   0.000000
1186.195164   0.000000
1186.741448   1.000000
1187.287761   0.000000
1187.834103   0.000000
1188.380476   0.000000
1188.926877   0.000000
1189.473309   0.000000
1190.019770   0.000000
1190.566260   0.000000
1191.112780   0.000000
1191.659330   0.000000
1192.205909   0.000000
1192.752518   0.000000
1193.299156   0.000000
1193.845824   0.000000
1194.392522   0.000000
1194.939249   0.000000
1195.486006   1.000000
1196.032792   0.000000
1196.579608   1.000000
1197.126453   0.000000
1197.673328   0.000000
1198.220232   0.000000
1198.767166   0.000000
1199.314130   0.000000
1199.861123   0.000000
1200.408146   0.000000
1200.955198   0.000000
1201.502280   1.000000
1202.049392   0.000000
1202.596533   0.000000
1203.143704   0.000000
1203.690904   1.000000
1204.238134   0.000000
1204.785393   0.000000
1205.332682   0.000000
1205.880000   0.000000
1206.427348   0.000000
1206.974726   0.000000
1207.522133   1.000000
1208.069570   0.000000
1208.617037   0.000000
1209.164532   0.000000
1209.712058   0.000000
1210.259613   0.000000
1210.807198   0.000000
1211.354812   0.000000
1211.902456   0.000000
1212.450129   0.000000
1212.997832   0.000000
1213.545564   0.000000
1214.093327   0.000000
1214.641118   0.000000
1215.188939   0.000000
1215.736790   0.000000
1216.284671   0.000000
1216.832581   0.000000
1217.380520   0.000000
1217.928489   0.000000
1218.476488   0.000000
1219.024516   0.000000
1219.572574   0.000000
1220.120661   0.000000
1220.668778   0.000000
1221.216925   1.000000
1221.765101   0.000000
1222.313306   1.000000
1222.861542   0.000000
1223.409806   0.000000
1223.958101   1.000000
1224.506425   0.000000
1225.054778   0.000000
1225.603161   0.000000
1226.151574   0.000000
1226.700016   0.000000
1227.248488   1.000000
1227.796989   1.000000
1228.345520   0.000000
1228.894081   0.000000
1229.442671   1.000000
1229.991290   1.000000
1230.539940   0.000000
1231.088618   0.000000
1231.637327   0.000000
1232.186065   0.000000
1232.734832   0.000000
1233.283629   0.000000
1233.832456   0.000000
1234.381312   0.000000
1234.930198   0.000000
1235.479113   1.000000
1236.028058   1.000000
1236.577033   0.000000
1237.126037   0.000000
1237.675070   1.000000
1238.224134   0.000000
1238.773226   0.000000
1239.322349   0.000000
1239.871501   0.000000
1240.420682   0.000000
1240.969893   0.000000
1241.519134   0.000000
1242.068404   0.000000
1242.617704   0.000000
1243.167033   0.000000
1243.716392   0.000000
1244.265781   0.000000
1244.815199   0.000000
1245.364646   0.000000
1245.914124   0.000000
1246.463630   0.000000
1247.013167   0.000000
1247.562733   0.000000
1248.112328   0.000000
1248.661953   0.000000
1249.211608   0.000000
1249.761292   1.000000
1250.311006   0.000000
1250.860749   0.000000
1251.410522   0.000000
1251.960325   1.000000
1252.510157   0.000000
1253.060018   0.000000
1253.609910   0.000000
1254.159831   0.000000
1254.709781   0.000000
1255.259761   0.000000
1255.809770   2.000000
1256.359809   0.000000
1256.909878   0.000000
1257.459976   0.000000
1258.010104   0.000000
1258.560261   0.000000
1259.110448   0.000000
1259.660665   1.000000
1260.210911   0.000000
1260.761187   0.000000
1261.311492   0.000000
1261.861827   0.000000
1262.412191   1.000000
1262.962585   0.000000
1263.513008   0.000000
1264.063461   0.000000
1264.613944   0.000000
1265.164456   0.000000
1265.714998   0.000000
1266.265569   0.000000
1266.816170   0.000000
1267.366801   0.000000
1267.917461   0.000000
1268.468151   0.000000
1269.018870   0.000000
1269.569619   0.000000
1270.120397   0.000000
1270.671205   0.000000
1271.222042   0.000000
1271.772909   0.000000
1272.323806   0.000000
1272.874732   0.000000
1273.425688   0.000000
1273.976673   0.000000
1274.527688   0.000000
1275.078733   0.000000
1275.629807   0.000000
1276.180911   0.000000
1276.732044   1.000000
1277.283207   0.000000
1277.834399   0.000000
1278.385621   0.000000
1278.936872   0.000000
1279.488153   0.000000
1280.039464   0.000000
1280.590804   0.000000
1281.142174   0.000000
1281.693573   0.000000
1282.245002   0.000000
1282.796461   0.000000
1283.347949   0.000000
1283.899467   0.000000
1284.451014   0.000000
1285.002591   0.000000
1285.554197   0.000000
1286.105833   0.000000
1286.657498   1.000000
1287.209193   0.000000
1287.760918   0.000000
1288.312672   0.000000
1288.864456   0.000000
1289.416269   0.000000
1289.968112   0.000000
1290.519985   0.000000
1291.071887   0.000000
1291.623819   1.000000
1292.175780   0.000000
1292.727771   0.000000
1293.279791   0.000000
1293.831841   0.000000
1294.383920   0.000000
1294.936030   0.000000
1295.488168   0.000000
1296.040336   0.000000
1296.592534   0.000000
1297.144762   0.000000
1297.697018   1.000000
1298.249305   0.000000
1298.801621   0.000000
1299.353967   0.000000
1299.906342   1.000000
1300.458747   0.000000
1301.011181   0.000000
1301.563645   0.000000
1302.116138   0.000000
1302.668662   0.000000
1303.221214   1.000000
1303.773796   0.000000
1304.326408   0.000000
1304.879050   1.000000
1305.431720   1.000000
1305.984421   0.000000
1306.537151   0.000000
1307.089911   0.000000
1307.642700   0.000000
1308.195519   0.000000
1308.748367   0.000000
1309.301245   0.000000
1309.854152   0.000000
1310.407090   1.000000
1310.960056   0.000000
1311.513052   0.000000
1312.066078   0.000000
1312.619134   0.000000
1313.172218   0.000000
1313.725333   0.000000
1314.278477   0.000000
1314.831651   0.000000
1315.384854   0.000000
1315.938087   0.000000
1316.491349   1.000000
1317.044641   0.000000
1317.597962   1.000000
1318.151314   0.000000
1318.704694   1.000000
1319.258104   0.000000
1319.811544   0.000000
1320.365014   0.000000
1320.918512   0.000000
1321.472041   0.000000
1322.025599   0.000000
1322.579187   0.000000
1323.132804   0.000000
1323.686451   1.000000
1324.240127   0.000000
1324.793833   0.000000
1325.347568   0.000000
1325.901334   0.000000
1326.455128   0.000000
1327.008952   0.000000
1327.562806   0.000000
1328.116689   1.000000
1328.670602   0.000000
1329.224545   1.000000
1329.778517   0.000000
1330.332519   0.000000
1330.886550   1.000000
1331.440611   1.000000
1331.994701   0.000000
1332.548821   0.000000
1333.102970   0.000000
1333.657149   0.000000
1334.211358   0.000000
1334.765596   0.000000
1335.319864   0.000000
1335.874161   0.000000
1336.428488   0.000000
1336.982845   0.000000
1337.537231   1.000000
1338.091647   0.000000
1338.646092   0.000000
1339.200567   1.000000
1339.755071   0.000000
1340.309605   0.000000
1340.864168   0.000000
1341.418761   0.000000
1341.973384   0.000000
1342.528036   0.000000
1343.082718   0.000000
1343.637429   1.000000
1344.192170   0.000000
1344.746941   0.000000
1345.301741   0.000000
1345.856571   1.000000
1346.411430   0.000000
1346.966319   1.000000
1347.521237   1.000000
1348.076185   0.000000
1348.631162   1.000000
1349.186169   0.000000
1349.741206   0.000000
1350.296272   0.000000
1350.851368   1.000000
1351.406493   0.000000
1351.961648   0.000000
1352.516833   0.000000
1353.072047   0.000000
1353.627291   1.000000
1354.182564   0.000000
1354.737867   0.000000
1355.293199   0.000000
1355.848561   0.000000
1356.403952   1.000000
1356.959373   1.000000
1357.514824   0.000000
1358.070304   0.000000
1358.625814   2.000000
1359.181353   0.000000
1359.736922   1.000000
1360.292521   0.000000
1360.848149   1.000000
1361.403807   0.000000
1361.959494   0.000000
1362.515211   0.000000
1363.070957   0.000000
1363.626733   0.000000
1364.182538   0.000000
1364.738373   0.000000
1365.294238   0.000000
1365.850132   0.000000
1366.406056   0.000000
1366.962009   0.000000
1367.517992   1.000000
1368.074005   0.000000
1368.630047   0.000000
1369.186118   1.000000
1369.742220   0.000000
1370.298350   0.000000
1370.854511   0.000000
1371.410701   0.000000
1371.966920   1.000000
1372.523169   1.000000
1373.079448   0.000000
1373.635756   0.000000
1374.192094   1.000000
1374.748461   0.000000
1375.304858   1.000000
1375.861285   1.000000
1376.417741   0.000000
1376.974226   0.000000
1377.530742   0.000000
1378.087286   0.000000
1378.643861   0.000000
1379.200465   0.000000
1379.757098   0.000000
1380.313761   1.000000
1380.870454   0.000000
1381.427176   0.000000
1381.983928   0.000000
1382.540709   0.000000
1383.097520   1.000000
1383.654361   0.000000
1384.211231   0.000000
1384.768130   1.000000
1385.325060   0.000000
1385.882018   0.000000
1386.439007   0.000000
1386.996025   0.000000
1387.553072   0.000000
1388.110149   0.000000
1388.667256   0.000000
1389.224392   0.000000
1389.781558   1.000000
1390.338753   0.000000
1390.895978   0.000000
1391.453233   0.000000
1392.010517   0.000000
1392.567830   0.000000
1393.125174   0.000000
1393.682546   0.000000
1394.239949   0.000000
1394.797381   0.000000
1395.354842   0.000000
1395.912333   2.000000
1396.469854   0.000000
1397.027404   0.000000
1397.584984   0.000000
1398.142593   1.000000
1398.700232   0.000000
1399.257901   0.000000
1399.815599   1.000000
1400.373326   0.000000
1400.931083   1.000000
1401.488870   0.000000
1402.046687   1.000000
1402.604533   0.000000
1403.162408   1.000000
1403.720313   0.000000
1404.278248   0.000000
1404.836212   0.000000
1405.394206   0.000000
1405.952229   0.000000
1406.510282   0.000000
1407.068365   0.000000
1407.626477   1.000000
1408.184618   0.000000
1408.742789   0.000000
1409.300990   0.000000
1409.859221   1.000000
1410.417480   1.000000
1410.975770   0.000000
1411.534089   1.000000
1412.092438   0.000000
1412.650816   0.000000
1413.209224   1.000000
1413.767661   0.000000
1414.326128   0.000000
1414.884624   0.000000
1415.443151   1.000000
1416.001706   0.000000
1416.560291   0.000000
1417.118906   0.000000
1417.677550   1.000000
1418.236224   0.000000
1418.794928   1.000000
1419.353661   0.000000
1419.912424   0.000000
1420.471216   0.000000
1421.030038   0.000000
1421.588889   3.000000
1422.147770   0.000000
1422.706680   0.000000
1423.265620   1.000000
1423.824590   1.000000
1424.383589   0.000000
1424.942618   1.000000
1425.501676   0.000000
1426.060764   0.000000
1426.619882   0.000000
1427.179029   0.000000
1427.738206   0.000000
1428.297412   0.000000
1428.856648   1.000000
1429.415913   0.000000
1429.975208   0.000000
1430.534532   0.000000
1431.093886   0.000000
1431.653270   0.000000
1432.212683   0.000000
1432.772126   0.000000
1433.331598   1.000000
1433.891100   0.000000
1434.450632   0.000000
1435.010193   1.000000
1435.569783   0.000000
1436.129404   1.000000
1436.689053   1.000000
1437.248733   0.000000
1437.808442   2.000000
1438.368180   0.000000
1438.927948   0.000000
1439.487746   0.000000
1440.047573   0.000000
1440.607430   1.000000
1441.167316   0.000000
1441.727232   0.000000
1442.287178   1.000000
1442.847153   0.000000
1443.407157   3.000000
1443.967192   0.000000
1444.527255   0.000000
1445.087349   0.000000
1445.647472   0.000000
1446.207624   0.000000
1446.767806   0.000000
1447.328018   1.000000
1447.888259   0.000000
1448.448530   0.000000
1449.008830   0.000000
1449.569160   0.000000
1450.129520   0.000000
1450.689909   0.000000
1451.250327   0.000000
1451.810775   0.000000
1452.371253   0.000000
1452.931761   0.000000
1453.492298   0.000000
1454.052864   0.000000
1454.613460   0.000000
1455.174086   0.000000
1455.734741   1.000000
1456.295426   2.000000
1456.856140   0.000000
1457.416884   0.000000
1457.977657   1.000000
1458.538461   0.000000
1459.099293   1.000000
1459.660155   0.000000
1460.221047   0.000000
1460.781968   0.000000
1461.342919   1.000000
1461.903900   0.000000
1462.464910   0.000000
1463.025950   1.000000
1463.587019   1.000000
1464.148118   0.000000
1464.709246   0.000000
1465.270404   0.000000
1465.831591   0.000000
1466.392808   0.000000
1466.954055   0.000000
1467.515331   0.000000
1468.076637   0.000000
1468.637972   0.000000
1469.199337   1.000000
1469.760732   0.000000
1470.322156   1.000000
1470.883609   0.000000
1471.445093   0.000000
1472.006605   0.000000
1472.568148   0.000000
1473.129720   0.000000
1473.691321   0.000000
1474.252952   2.000000
1474.814613   0.000000
1475.376303   0.000000
1475.938023   3.000000
1476.499772   0.000000
1477.061551   0.000000
1477.623360   1.000000
1478.185198   0.000000
1478.747065   2.000000
1479.308963   0.000000
1479.870889   0.000000
1480.432846   0.000000
1480.994832   0.000000
1481.556847   1.000000
1482.118892   0.000000
1482.680967   0.000000
1483.243071   0.000000
1483.805205   0.000000
1484.367368   0.000000
1484.929561   0.000000
1485.491784   0.000000
1486.054036   0.000000
1486.616317   0.000000
1487.178628   0.000000
1487.740969   0.000000
1488.303340   1.000000
1488.865739   0.000000
1489.428169   0.000000
1489.990628   0.000000
1490.553117   0.000000
1491.115635   1.000000
1491.678183   1.000000
1492.240760   0.000000
1492.803367   0.000000
1493.366003   0.000000
1493.928669   0.000000
1494.491365   0.000000
1495.054090   0.000000
1495.616845   0.000000
1496.179629   0.000000
1496.742443   0.000000
1497.305287   3.000000
1497.868160   1.000000
1498.431063   0.000000
1498.993995   0.000000
1499.556957   0.000000
1500.119948   0.000000
1500.682969   0.000000
1501.246019   0.000000
1501.809099   0.000000
1502.372209   0.000000
1502.935348   0.000000
1503.498517   0.000000
1504.061715   1.000000
1504.624943   0.000000
1505.188201   0.000000
1505.751488   0.000000
1506.314804   0.000000
1506.878151   1.000000
1507.441526   0.000000
1508.004932   0.000000
1508.568367   0.000000
1509.131831   0.000000
1509.695325   0.000000
1510.258849   0.000000
1510.822402   0.000000
1511.385985   0.000000
1511.949597   0.000000
1512.513239   0.000000
1513.076911   1.000000
1513.640612   0.000000
1514.204342   0.000000
1514.768102   0.000000
1515.331892   0.000000
1515.895712   0.000000
1516.459561   0.000000
1517.023439   0.000000
1517.587347   0.000000
1518.151285   1.000000
1518.715252   0.000000
1519.279249   0.000000
1519.843275   0.000000
1520.407331   0.000000
1520.971416   0.000000
1521.535531   0.000000
1522.099676   0.000000
1522.663850   1.000000
1523.228054   0.000000
1523.792287   0.000000
1524.356550   0.000000
1524.920843   0.000000
1525.485165   0.000000
1526.049517   1.000000
1526.613898   0.000000
1527.178309   0.000000
1527.742749   0.000000
1528.307219   0.000000
1528.871718   0.000000
1529.436247   0.000000
1530.000806   0.000000
1530.565394   0.000000
1531.130012   0.000000
1531.694659   0.000000
1532.259336   0.000000
1532.824043   0.000000
1533.388779   0.000000
1533.953544   0.000000
1534.518340   0.000000
1535.083164   0.000000
1535.648019   0.000000
1536.212903   0.000000
1536.777816   0.000000
1537.342759   0.000000
1537.907732   0.000000
1538.472734   0.000000
1539.037766   0.000000
1539.602827   0.000000
1540.167918   0.000000
1540.733039   0.000000
1541.298189   0.000000
1541.863368   0.000000
1542.428577   1.000000
1542.993816   0.000000
1543.559085   0.000000
1544.124382   0.000000
1544.689710   1.000000
1545.255067   0.000000
1545.820454   0.000000
1546.385870   0.000000
1546.951316   0.000000
1547.516791   0.000000
1548.082296   0.000000
1548.647830   1.000000
1549.213394   0.000000
1549.778988   0.000000
1550.344611   0.000000
1550.910264   1.000000
1551.475946   0.000000
1552.041658   0.000000
1552.607400   0.000000
1553.173171   0.000000
1553.738971   0.000000
1554.304802   0.000000
1554.870661   0.000000
1555.436551   0.000000
1556.002470   0.000000
1556.568418   0.000000
1557.134396   0.000000
1557.700404   0.000000
1558.266441   0.000000
1558.832508   0.000000
1559.398604   0.000000
1559.964730   0.000000
1560.530886   0.000000
1561.097071   0.000000
1561.663285   0.000000
1562.229529   0.000000
1562.795803   0.000000
1563.362107   0.000000
1563.928440   0.000000
1564.494802   0.000000
1565.061194   0.000000
1565.627616   0.000000
1566.194067   0.000000
1566.760548   0.000000
1567.327058   0.000000
1567.893598   0.000000
1568.460167   0.000000
1569.026766   0.000000
1569.593395   1.000000
1570.160053   0.000000
1570.726741   0.000000
1571.293458   0.000000
1571.860205   0.000000
1572.426982   0.000000
1572.993788   0.000000
1573.560624   0.000000
1574.127489   0.000000
1574.694383   0.000000
1575.261308   0.000000
1575.828262   0.000000
1576.395245   0.000000
1576.962258   0.000000
1577.529301   0.000000
1578.096373   0.000000
1578.663475   0.000000
1579.230606   1.000000
1579.797767   0.000000
1580.364958   0.000000
1580.932178   1.000000
1581.499427   0.000000
1582.066707   0.000000
1582.634015   0.000000
1583.201354   0.000000
1583.768722   0.000000
1584.336119   0.000000
1584.903546   0.000000
1585.471003   0.000000
1586.038489   0.000000
1586.606005   0.000000
1587.173550   0.000000
1587.741125   0.000000
1588.308729   0.000000
1588.876363   0.000000
1589.444027   0.000000
1590.011720   0.000000
1590.579443   0.000000
1591.147195   0.000000
1591.714977   0.000000
1592.282789   0.000000
1592.850630   0.000000
1593.418501   0.000000
1593.986401   0.000000
1594.554330   0.000000
1595.122290   0.000000
1595.690279   0.000000
1596.258297   0.000000
1596.826345   0.000000
1597.394423   0.000000
1597.962530   0.000000
1598.530667   0.000000
1599.098833   1.000000
1599.667029   0.000000
1600.235255   0.000000
1600.803510   0.000000
1601.371794   0.000000
1601.940109   0.000000
1602.508452   0.000000
1603.076826   0.000000
1603.645229   0.000000
1604.213661   0.000000
1604.782123   0.000000
1605.350615   0.000000
1605.919136   0.000000
1606.487687   0.000000
1607.056267   0.000000
1607.624877   0.000000
1608.193516   0.000000
1608.762185   0.000000
1609.330884   0.000000
1609.899612   0.000000
1610.468370   0.000000
1611.037157   0.000000
1611.605974   0.000000
1612.174821   0.000000
1612.743697   0.000000
1613.312603   0.000000
1613.881538   0.000000
1614.450502   0.000000
1615.019497   0.000000
1615.588521   0.000000
1616.157574   0.000000
1616.726657   0.000000
1617.295770   0.000000
1617.864912   0.000000
1618.434084   0.000000
1619.003285   0.000000
1619.572516   0.000000
1620.141777   1.000000
1620.711067   0.000000
1621.280386   0.000000
1621.849735   0.000000
1622.419114   0.000000
1622.988523   0.000000
1623.557961   0.000000
1624.127428   0.000000
1624.696925   1.000000
1625.266452   0.000000
1625.836008   0.000000
1626.405594   0.000000
1626.975209   0.000000
1627.544854   0.000000
1628.114528   0.000000
1628.684232   0.000000
1629.253966   0.000000
1629.823729   0.000000
1630.393522   1.000000
1630.963344   0.000000
1631.533196   0.000000
1632.103078   0.000000
1632.672989   0.000000
1633.242929   0.000000
1633.812900   0.000000
1634.382899   0.000000
1634.952929   0.000000
1635.522988   0.000000
1636.093076   0.000000
1636.663194   0.000000
1637.233342   0.000000
1637.803519   0.000000
1638.373726   0.000000
1638.943962   0.000000
1639.514228   0.000000
1640.084524   0.000000
1640.654849   0.000000
1641.225203   0.000000
1641.795587   0.000000
1642.366001   0.000000
1642.936445   0.000000
1643.506917   0.000000
1644.077420   0.000000
1644.647952   0.000000
1645.218514   0.000000
1645.789105   0.000000
1646.359726   0.000000
1646.930376   0.000000
1647.501056   0.000000
1648.071765   0.000000
1648.642504   0.000000
1649.213273   0.000000
1649.784071   0.000000
1650.354899   0.000000
1650.925756   0.000000
1651.496643   0.000000
1652.067560   0.000000
1652.638506   1.000000
1653.209481   0.000000
1653.780487   0.000000
1654.351521   0.000000
1654.922586   0.000000
1655.493680   0.000000
1656.064803   0.000000
1656.635956   0.000000
1657.207139   0.000000
1657.778351   0.000000
1658.349593   0.000000
1658.920864   0.000000
1659.492165   0.000000
1660.063495   0.000000
1660.634855   0.000000
1661.206245   0.000000
1661.777664   0.000000
1662.349113   1.000000
1662.920591   0.000000
1663.492099   1.000000
1664.063637   0.000000
1664.635204   0.000000
1665.206800   0.000000
1665.778427   0.000000
1666.350082   0.000000
1666.921768   0.000000
1667.493483   0.000000
1668.065227   0.000000
1668.637001   0.000000
1669.208805   0.000000
1669.780638   0.000000
1670.352501   1.000000
1670.924393   0.000000
1671.496315   0.000000
1672.068267   0.000000
1672.640248   1.000000
1673.212258   0.000000
1673.784298   1.000000
1674.356368   0.000000
1674.928468   0.000000
1675.500596   0.000000
1676.072755   0.000000
1676.644943   1.000000
1677.217161   0.000000
1677.789408   0.000000
1678.361685   0.000000
1678.933991   0.000000
1679.506327   0.000000
1680.078692   0.000000
1680.651087   0.000000
1681.223512   0.000000
1681.795966   0.000000
1682.368450   0.000000
1682.940963   0.000000
1683.513506   0.000000
1684.086079   0.000000
1684.658681   0.000000
1685.231312   1.000000
1685.803974   0.000000
1686.376664   0.000000
1686.949385   0.000000
1687.522135   0.000000
1688.094914   0.000000
1688.667723   0.000000
1689.240562   0.000000
1689.813430   0.000000
1690.386328   0.000000
1690.959255   0.000000
1691.532212   0.000000
1692.105198   0.000000
1692.678214   0.000000
1693.251260   0.000000
1693.824335   0.000000
1694.397440   0.000000
1694.970574   0.000000
1695.543738   0.000000
1696.116932   0.000000
1696.690155   0.000000
1697.263407   0.000000
1697.836690   0.000000
1698.410001   0.000000
1698.983343   0.000000
1699.556714   0.000000
1700.130114   0.000000
1700.703544   0.000000
1701.277004   0.000000
1701.850493   0.000000
1702.424012   0.000000
1702.997560   0.000000
1703.571138   0.000000
1704.144745   0.000000
1704.718383   1.000000
1705.292049   0.000000
1705.865745   0.000000
1706.439471   0.000000
1707.013226   0.000000
1707.587011   0.000000
1708.160826   0.000000
1708.734670   0.000000
1709.308544   0.000000
1709.882447   0.000000
1710.456379   0.000000
1711.030342   1.000000
1711.604334   0.000000
1712.178355   0.000000
1712.752406   0.000000
1713.326487   0.000000
1713.900597   0.000000
1714.474737   0.000000
1715.048906   0.000000
1715.623105   0.000000
1716.197334   0.000000
1716.771592   0.000000
1717.345879   0.000000
1717.920196   0.000000
1718.494543   0.000000
1719.068920   0.000000
1719.643325   0.000000
1720.217761   0.000000
1720.792226   0.000000
1721.366721   0.000000
1721.941245   0.000000
1722.515799   0.000000
1723.090382   0.000000
1723.664995   0.000000
1724.239637   0.000000
1724.814309   0.000000
1725.389011   0.000000
1725.963742   0.000000
1726.538503   0.000000
1727.113293   0.000000
1727.688113   0.000000
1728.262963   0.000000
1728.837842   0.000000
1729.412750   0.000000
1729.987688   0.000000
1730.562656   0.000000
1731.137654   0.000000
1731.712680   0.000000
1732.287737   0.000000
1732.862823   0.000000
1733.437939   0.000000
1734.013084   0.000000
1734.588259   0.000000
1735.163463   0.000000
1735.738697   0.000000
1736.313960   0.000000
1736.889253   0.000000
1737.464576   0.000000
1738.039928   0.000000
1738.615310   1.000000
1739.190721   0.000000
1739.766162   0.000000
1740.341633   0.000000
1740.917133   0.000000
1741.492662   0.000000
1742.068222   1.000000
1742.643810   1.000000
1743.219429   0.000000
1743.795077   0.000000
1744.370754   1.000000
1744.946461   0.000000
1745.522198   0.000000
1746.097964   0.000000
1746.673760   0.000000
1747.249585   0.000000
1747.825440   0.000000
1748.401324   0.000000
1748.977238   0.000000
1749.553182   0.000000
1750.129155   0.000000
1750.705158   0.000000
1751.281190   0.000000
1751.857252   0.000000
1752.433344   1.000000
1753.009465   0.000000
1753.585615   0.000000
1754.161796   0.000000
1754.738005   0.000000
1755.314245   0.000000
1755.890514   0.000000
1756.466812   0.000000
1757.043140   0.000000
1757.619498   0.000000
1758.195885   0.000000
1758.772302   0.000000
1759.348748   1.000000
1759.925224   0.000000
1760.501729   0.000000
1761.078264   1.000000
1761.654829   0.000000
1762.231423   1.000000
1762.808047   0.000000
1763.384700   0.000000
1763.961383   0.000000
1764.538096   0.000000
1765.114838   0.000000
1765.691609   0.000000
1766.268411   0.000000
1766.845241   0.000000
1767.422102   0.000000
1767.998992   0.000000
1768.575911   0.000000
1769.152860   0.000000
1769.729839   0.000000
1770.306847   0.000000
1770.883885   0.000000
1771.460952   0.000000
1772.038049   0.000000
1772.615175   0.000000
1773.192331   0.000000
1773.769517   0.000000
1774.346732   0.000000
1774.923977   0.000000
1775.501251   1.000000
1776.078555   0.000000
1776.655889   0.000000
1777.233252   1.000000
1777.810644   0.000000
1778.388067   0.000000
1778.965518   0.000000
1779.543000   0.000000
1780.120511   1.000000
1780.698051   0.000000
1781.275621   0.000000
1781.853221   1.000000
1782.430850   0.000000
1783.008509   1.000000
1783.586197   0.000000
1784.163915   0.000000
1784.741662   0.000000
1785.319439   0.000000
1785.897246   0.000000
1786.475082   0.000000
1787.052948   0.000000
1787.630843   0.000000
1788.208768   0.000000
1788.786723   0.000000
1789.364707   0.000000
1789.942720   0.000000
1790.520764   0.000000
1791.098836   0.000000
1791.676939   0.000000
1792.255071   0.000000
1792.833232   0.000000
1793.411423   0.000000
1793.989644   0.000000
1794.567894   0.000000
1795.146174   0.000000
1795.724483   0.000000
1796.302822   0.000000
1796.881190   0.000000
1797.459588   0.000000
1798.038016   0.000000
1798.616473   0.000000
1799.194960   0.000000
1799.773476   0.000000
1800.352022   0.000000
1800.930598   0.000000
1801.509203   0.000000
1802.087837   0.000000
1802.666502   0.000000
1803.245195   0.000000
1803.823919   0.000000
1804.402672   0.000000
1804.981454   0.000000
1805.560266   0.000000
1806.139108   0.000000
1806.717979   0.000000
1807.296880   0.000000
1807.875810   0.000000
1808.454770   0.000000
1809.033759   0.000000
1809.612778   0.000000
1810.191827   0.000000
1810.770905   0.000000
1811.350013   0.000000
1811.929150   0.000000
1812.508317   0.000000
1813.087514   0.000000
1813.666740   0.000000
1814.245995   0.000000
1814.825281   0.000000
1815.404595   0.000000
1815.983940   0.000000
1816.563314   0.000000
1817.142717   0.000000
1817.722150   0.000000
1818.301613   0.000000
1818.881105   0.000000
1819.460627   0.000000
1820.040178   0.000000
1820.619759   0.000000
1821.199369   1.000000
1821.779009   0.000000
1822.358679   1.000000
1822.938378   0.000000
1823.518107   0.000000
1824.097865   0.000000
1824.677653   0.000000
1825.257471   0.000000
1825.837318   0.000000
1826.417194   0.000000
1826.997101   0.000000
1827.577036   0.000000
1828.157002   0.000000
1828.736997   0.000000
1829.317021   0.000000
1829.897075   0.000000
1830.477159   0.000000
1831.057272   0.000000
1831.637415   0.000000
1832.217587   0.000000
1832.797789   0.000000
1833.378020   0.000000
1833.958281   0.000000
1834.538572   0.000000
1835.118892   0.000000
1835.699242   0.000000
1836.279621   0.000000
1836.860030   0.000000
1837.440469   0.000000
1838.020937   0.000000
1838.601434   0.000000
1839.181961   0.000000
1839.762518   0.000000
1840.343105   0.000000
1840.923720   0.000000
1841.504366   0.000000
1842.085041   0.000000
1842.665746   0.000000
1843.246480   0.000000
1843.827244   0.000000
1844.408037   0.000000
1844.988860   0.000000
1845.569712   0.000000
1846.150594   0.000000
1846.731506   0.000000
1847.312447   0.000000
1847.893418   0.000000
1848.474418   0.000000
1849.055448   0.000000
1849.636508   0.000000
1850.217597   0.000000
1850.798715   0.000000
1851.379863   0.000000
1851.961041   0.000000
1852.542248   0.000000
1853.123485   0.000000
1853.704752   0.000000
1854.286048   0.000000
1854.867374   0.000000
1855.448729   0.000000
1856.030113   0.000000
1856.611528   0.000000
1857.192972   0.000000
1857.774445   0.000000
1858.355948   0.000000
1858.937481   1.000000
1859.519043   0.000000
1860.100635   0.000000
1860.682256   0.000000
1861.263907   0.000000
1861.845587   0.000000
1862.427298   0.000000
1863.009037   0.000000
1863.590806   0.000000
1864.172605   0.000000
1864.754433   0.000000
1865.336291   0.000000
1865.918179   0.000000
1866.500096   0.000000
1867.082042   0.000000
1867.664019   0.000000
1868.246024   0.000000
1868.828060   0.000000
1869.410125   0.000000
1869.992219   0.000000
1870.574343   0.000000
1871.156497   0.000000
1871.738680   1.000000
1872.320893   0.000000
1872.903135   0.000000
1873.485407   0.000000
1874.067708   0.000000
1874.650039   0.000000
1875.232400   0.000000
1875.814790   0.000000
1876.397210   0.000000
1876.979659   0.000000
1877.562138   0.000000
1878.144647   0.000000
1878.727185   0.000000
1879.309752   0.000000
1879.892350   0.000000
1880.474976   0.000000
1881.057633   0.000000
1881.640319   0.000000
1882.223034   0.000000
1882.805779   0.000000
1883.388554   0.000000
1883.971358   1.000000
1884.554192   0.000000
1885.137055   0.000000
1885.719948   0.000000
1886.302870   0.000000
1886.885822   0.000000
1887.468804   0.000000
1888.051815   0.000000
1888.634856   0.000000
1889.217926   0.000000
1889.801026   0.000000
1890.384156   0.000000
1890.967315   0.000000
1891.550503   0.000000
1892.133721   0.000000
1892.716969   0.000000
1893.300247   0.000000
1893.883553   0.000000
1894.466890   0.000000
1895.050256   0.000000
1895.633652   0.000000
1896.217077   0.000000
1896.800531   0.000000
1897.384016   0.000000
1897.967530   0.000000
1898.551073   0.000000
1899.134646   0.000000
1899.718249   0.000000
1900.301881   0.000000
1900.885543   0.000000
1901.469234   1.000000
1902.052955   0.000000
1902.636705   0.000000
1903.220485   0.000000
1903.804295   0.000000
1904.388134   0.000000
1904.972003   0.000000
1905.555901   0.000000
1906.139829   0.000000
1906.723787   0.000000
1907.307774   0.000000
1907.891790   0.000000
1908.475837   0.000000
1909.059912   0.000000
1909.644018   0.000000
1910.228153   0.000000
1910.812317   0.000000
1911.396511   0.000000
1911.980735   0.000000
1912.564988   0.000000
1913.149271   0.000000
1913.733583   0.000000
1914.317925   0.000000
1914.902296   0.000000
1915.486697   0.000000
1916.071128   0.000000
1916.655588   0.000000
1917.240078   0.000000
1917.824597   0.000000
1918.409146   0.000000
1918.993725   0.000000
1919.578333   0.000000
1920.162970   0.000000
1920.747637   0.000000
1921.332334   0.000000
1921.917061   0.000000
1922.501816   1.000000
1923.086602   0.000000
1923.671417   0.000000
1924.256262   0.000000
1924.841136   0.000000
1925.426039   0.000000
1926.010973   0.000000
1926.595936   0.000000
1927.180928   0.000000
1927.765950   0.000000
1928.351002   0.000000
1928.936083   0.000000
1929.521194   0.000000
1930.106334   0.000000
1930.691504   0.000000
1931.276703   0.000000
1931.861933   0.000000
1932.447191   0.000000
1933.032479   0.000000
1933.617797   0.000000
1934.203144   0.000000
1934.788521   0.000000
1935.373928   0.000000
1935.959364   1.000000
1936.544829   0.000000
1937.130325   0.000000
1937.715849   0.000000
1938.301404   0.000000
1938.886988   0.000000
1939.472601   0.000000
1940.058244   0.000000
1940.643917   0.000000
1941.229619   0.000000
1941.815351   0.000000
1942.401112   0.000000
1942.986903   0.000000
1943.572723   0.000000
1944.158573   0.000000
1944.744453   0.000000
1945.330362   0.000000
1945.916301   0.000000
1946.502269   0.000000
1947.088267   0.000000
1947.674295   0.000000
1948.260352   0.000000
1948.846438   0.000000
1949.432554   0.000000
1950.018700   0.000000
1950.604875   0.000000
1951.191080   0.000000
1951.777315   0.000000
1952.363579   0.000000
1952.949873   0.000000
1953.536196   0.000000
1954.122548   0.000000
1954.708931   0.000000
1955.295343   0.000000
1955.881784   0.000000
1956.468255   0.000000
1957.054756   0.000000
1957.641286   0.000000
1958.227846   0.000000
1958.814435   0.000000
1959.401054   0.000000
1959.987702   0.000000
1960.574380   0.000000
1961.161088   0.000000
1961.747825   0.000000
1962.334592   0.000000
1962.921388   0.000000
1963.508214   0.000000
1964.095070   0.000000
1964.681955   0.000000
1965.268869   0.000000
1965.855814   0.000000
1966.442787   0.000000
1967.029791   0.000000
1967.616823   0.000000
1968.203886   0.000000
1968.790978   0.000000
1969.378100   0.000000
1969.965251   0.000000
1970.552432   0.000000
1971.139642   0.000000
1971.726882   0.000000
1972.314151   0.000000
1972.901450   0.000000
1973.488779   0.000000
1974.076137   0.000000
1974.663525   0.000000
1975.250942   0.000000
1975.838389   0.000000
1976.425865   0.000000
1977.013372   0.000000
1977.600907   0.000000
1978.188472   0.000000
1978.776067   0.000000
1979.363691   0.000000
1979.951345   0.000000
1980.539029   0.000000
1981.126742   0.000000
1981.714484   0.000000
1982.302257   0.000000
1982.890058   0.000000
1983.477890   0.000000
1984.065751   0.000000
1984.653641   0.000000
1985.241561   0.000000
1985.829511   0.000000
1986.417490   0.000000
1987.005499   0.000000
1987.593537   0.000000
1988.181605   0.000000
1988.769702   0.000000
1989.357829   0.000000
1989.945986   0.000000
1990.534172   0.000000
1991.122388   0.000000
1991.710633   0.000000
1992.298908   0.000000
1992.887213   0.000000
1993.475547   0.000000
1994.063910   0.000000
1994.652303   0.000000
1995.240726   0.000000
1995.829178   0.000000
1996.417660   0.000000
1997.006172   0.000000
1997.594713   0.000000
1998.183283   0.000000
1998.771884   0.000000
1999.360513   0.000000
1999.949173   0.000000
2000.537862   0.000000
2001.126580   0.000000
2001.715328   0.000000
2002.304106   0.000000
2002.892913   0.000000
2003.481750   0.000000
2004.070616   0.000000
2004.659512   0.000000
2005.248437   0.000000
2005.837392   0.000000
2006.426377   0.000000
2007.015391   0.000000
2007.604435   0.000000
2008.193508   0.000000
2008.782611   0.000000
2009.371744   0.000000
2009.960906   0.000000
2010.550097   0.000000
2011.139318   0.000000
2011.728569   0.000000
2012.317849   0.000000
2012.907159   0.000000
2013.496499   0.000000
2014.085868   0.000000
2014.675266   0.000000
2015.264695   0.000000
2015.854152   0.000000
2016.443640   0.000000
2017.033157   0.000000
2017.622703   0.000000
2018.212279   0.000000
2018.801885   0.000000
2019.391520   0.000000
2019.981185   0.000000
2020.570879   0.000000
2021.160603   0.000000
2021.750356   0.000000
2022.340139   0.000000
2022.929952   0.000000
2023.519794   0.000000
2024.109666   0.000000
2024.699567   0.000000
2025.289498   0.000000
2025.879459   0.000000
2026.469449   0.000000
2027.059468   0.000000
2027.649517   0.000000
2028.239596   0.000000
2028.829704   1.000000
2029.419842   0.000000
2030.010010   0.000000
2030.600207   0.000000
2031.190433   0.000000
2031.780690   0.000000
2032.370975   0.000000
2032.961291   0.000000
2033.551636   0.000000
2034.142010   0.000000
2034.732414   0.000000
2035.322848   0.000000
2035.913311   0.000000
2036.503804   0.000000
2037.094326   0.000000
2037.684878   0.000000
2038.275459   0.000000
2038.866070   0.000000
2039.456711   0.000000
2040.047381   0.000000
2040.638081   0.000000
2041.228810   0.000000
2041.819569   0.000000
2042.410358   0.000000
2043.001176   0.000000
2043.592023   0.000000
2044.182900   0.000000
2044.773807   0.000000
2045.364743   0.000000
2045.955709   0.000000
2046.546705   0.000000
2047.137730   0.000000
2047.728784   0.000000
2048.319869   0.000000
2048.910982   0.000000
2049.502126   0.000000
2050.093299   1.000000
2050.684501   0.000000
2051.275733   0.000000
2051.866995   0.000000
2052.458286   0.000000
2053.049607   0.000000
2053.640957   0.000000
2054.232337   0.000000
2054.823746   0.000000
2055.415185   0.000000
2056.006654   0.000000
2056.598152   0.000000
2057.189680   0.000000
2057.781237   0.000000
2058.372824   0.000000
2058.964441   0.000000
2059.556087   0.000000
2060.147762   0.000000
2060.739467   0.000000
2061.331202   0.000000
2061.922966   0.000000
2062.514760   0.000000
2063.106584   0.000000
2063.698437   1.000000
2064.290319   0.000000
2064.882232   0.000000
2065.474173   0.000000
2066.066145   0.000000
2066.658146   0.000000
2067.250176   0.000000
2067.842236   0.000000
2068.434326   0.000000
2069.026445   0.000000
2069.618594   0.000000
2070.210772   0.000000
2070.802980   0.000000
2071.395217   0.000000
2071.987484   0.000000
2072.579781   0.000000
2073.172107   0.000000
2073.764463   0.000000
2074.356848   0.000000
2074.949263   0.000000
2075.541707   0.000000
2076.134182   0.000000
2076.726685   0.000000
2077.319218   0.000000
2077.911781   0.000000
2078.504373   0.000000
2079.096995   0.000000
2079.689647   0.000000
2080.282328   0.000000
2080.875038   0.000000
2081.467779   0.000000
2082.060548   0.000000
2082.653348   0.000000
2083.246176   1.000000
2083.839035   0.000000
2084.431923   0.000000
2085.024841   0.000000
2085.617788   0.000000
2086.210765   1.000000
2086.803771   0.000000
2087.396807   0.000000
2087.989872   0.000000
2088.582967   0.000000
2089.176092   0.000000
2089.769246   0.000000
2090.362430   0.000000
2090.955643   0.000000
2091.548886   0.000000
2092.142158   0.000000
2092.735460   0.000000
2093.328792   0.000000
2093.922153   0.000000
2094.515544   0.000000
2095.108964   0.000000
2095.702414   0.000000
2096.295894   0.000000
2096.889403   0.000000
2097.482941   0.000000
2098.076509   0.000000
2098.670107   0.000000
2099.263735   0.000000
2099.857391   0.000000
2100.451078   0.000000
2101.044794   0.000000
2101.638539   0.000000
2102.232315   0.000000
2102.826119   0.000000
2103.419954   0.000000
2104.013818   0.000000
2104.607711   0.000000
2105.201634   0.000000
2105.795587   0.000000
2106.389569   0.000000
2106.983581   0.000000
2107.577622   0.000000
2108.171693   0.000000
2108.765793   0.000000
2109.359923   0.000000
2109.954083   0.000000
2110.548272   0.000000
2111.142491   0.000000
2111.736739   0.000000
2112.331017   1.000000
2112.925325   0.000000
2113.519662   0.000000
2114.114028   0.000000
2114.708424   1.000000
2115.302850   0.000000
2115.897305   0.000000
2116.491790   0.000000
2117.086305   0.000000
2117.680849   0.000000
2118.275422   0.000000
2118.870026   0.000000
2119.464658   0.000000
2120.059321   0.000000
2120.654012   0.000000
2121.248734   0.000000
2121.843485   0.000000
2122.438266   0.000000
2123.033076   0.000000
2123.627916   1.000000
2124.222785   0.000000
2124.817684   0.000000
2125.412612   0.000000
2126.007570   0.000000
2126.602558   0.000000
2127.197575   0.000000
2127.792622   0.000000
2128.387698   0.000000
2128.982804   0.000000
2129.577939   0.000000
2130.173104   0.000000
2130.768299   0.000000
2131.363523   0.000000
2131.958777   0.000000
2132.554060   0.000000
2133.149373   0.000000
2133.744716   0.000000
2134.340088   0.000000
2134.935489   0.000000
2135.530920   0.000000
2136.126381   0.000000
2136.721871   0.000000
2137.317391   0.000000
2137.912941   0.000000
2138.508520   0.000000
2139.104128   0.000000
2139.699767   0.000000
2140.295434   0.000000
2140.891132   0.000000
2141.486859   0.000000
2142.082615   0.000000
2142.678401   0.000000
2143.274217   0.000000
2143.870062   0.000000
2144.465937   0.000000
2145.061841   0.000000
2145.657775   0.000000
2146.253738   1.000000
2146.849731   0.000000
2147.445754   0.000000
2148.041806   0.000000
2148.637888   0.000000
2149.233999   0.000000
2149.830140   0.000000
2150.426310   0.000000
2151.022510   0.000000
2151.618740   0.000000
2152.214999   1.000000
2152.811288   0.000000
2153.407606   0.000000
2154.003954   0.000000
2154.600332   0.000000
2155.196739   0.000000
2155.793175   0.000000
2156.389641   0.000000
2156.986137   0.000000
2157.582663   0.000000
2158.179217   0.000000
2158.775802   0.000000
2159.372416   0.000000
2159.969059   0.000000
2160.565733   0.000000
2161.162435   0.000000
2161.759168   0.000000
2162.355930   0.000000
2162.952721   0.000000
2163.549542   0.000000
2164.146393   0.000000
2164.743273   0.000000
2165.340183   0.000000
2165.937122   0.000000
2166.534091   0.000000
2167.131089   0.000000
2167.728117   0.000000
2168.325175   0.000000
2168.922262   0.000000
2169.519379   0.000000
2170.116525   0.000000
2170.713701   0.000000
2171.310906   0.000000
2171.908141   0.000000
2172.505406   0.000000
2173.102700   0.000000
2173.700024   0.000000
2174.297377   0.000000
2174.894760   0.000000
2175.492173   0.000000
2176.089615   0.000000
2176.687086   0.000000
2177.284587   0.000000
2177.882118   0.000000
2178.479679   0.000000
2179.077268   0.000000
2179.674888   0.000000
2180.272537   0.000000
2180.870215   0.000000
2181.467924   0.000000
2182.065661   0.000000
2182.663429   0.000000
2183.261226   0.000000
2183.859052   0.000000
2184.456908   0.000000
2185.054794   0.000000
2185.652709   0.000000
2186.250654   0.000000
2186.848628   0.000000
2187.446632   0.000000
2188.044665   0.000000
2188.642728   0.000000
2189.240821   0.000000
2189.838943   0.000000
2190.437095   0.000000
2191.035276   0.000000
2191.633487   0.000000
2192.231727   0.000000
2192.829997   1.000000
2193.428297   0.000000
2194.026626   0.000000
2194.624985   0.000000
2195.223373   0.000000
2195.821791   0.000000
2196.420239   0.000000
2197.018716   0.000000
2197.617222   0.000000
2198.215758   0.000000
2198.814324   0.000000
2199.412919   0.000000
2200.011544   0.000000
2200.610199   0.000000
2201.208883   0.000000
2201.807596   0.000000
2202.406340   0.000000
2203.005112   0.000000
2203.603915   0.000000
2204.202747   0.000000
2204.801608   1.000000
2205.400499   0.000000
2205.999420   0.000000
2206.598370   0.000000
2207.197350   0.000000
2207.796359 137.000000
