2019_09_27_14_06_25_185 /home/raspion_user/data/Beacon_drone1.sp 46272  300.003  297.313 2.734449 0.477715  0.0000147857
  2.734449   0.000000
  3.212179   0.000000
  3.689939   0.000000
  4.167728   0.000000
  4.645546   0.000000
  5.123395   0.000000
  5.601273   0.000000
  6.079180   0.000000
  6.557117   0.000000
  7.035084   0.000000
  7.513080   0.000000
  7.991105   0.000000
  8.469161   0.000000
  8.947246   0.000000
  9.425360   0.000000
  9.903504   0.000000
 10.381678   0.000000
 10.859881   0.000000
 11.338113   1.000000
 11.816376   0.000000
 12.294668   0.000000
 12.772989   3.000000
 13.251340   1.000000
 13.729721   3.000000
 14.208131   3.000000
 14.686570   3.000000
 15.165040   4.000000
 15.643539   6.000000
 16.122067   4.000000
 16.600625   4.000000
 17.079213   5.000000
 17.557830   5.000000
 18.036476   7.000000
 18.515153   8.000000
 18.993859   9.000000
 19.472594   9.000000
 19.951359  10.000000
 20.430154  19.000000
 20.908978   8.000000
 21.387831  16.000000
 21.866715  16.000000
 22.345628  13.000000
 22.824570  16.000000
 23.303542  14.000000
 23.782544  12.000000
 24.261575  18.000000
 24.740635  15.000000
 25.219726   8.000000
 25.698846  21.000000
 26.177995  20.000000
 26.657174  24.000000
 27.136383  18.000000
 27.615621  18.000000
 28.094888  17.000000
 28.574186  32.000000
 29.053513  28.000000
 29.532869  22.000000
 30.012255  20.000000
 30.491671  29.000000
 30.971116  28.000000
 31.450590  22.000000
 31.930095  29.000000
 32.409629  26.000000
 32.889192  37.000000
 33.368785  23.000000
 33.848408  24.000000
 34.328060  37.000000
 34.807742  33.000000
 35.287453  31.000000
 35.767194  26.000000
 36.246964  43.000000
 36.726764  37.000000
 37.206594  40.000000
 37.686453  37.000000
 38.166342  42.000000
 38.646260  40.000000
 39.126208  37.000000
 39.606185  31.000000
 40.086192  48.000000
 40.566229  47.000000
 41.046295  43.000000
 41.526391  50.000000
 42.006516  55.000000
 42.486671  41.000000
 42.966855  55.000000
 43.447069  46.000000
 43.927313  33.000000
 44.407586  49.000000
 44.887888  42.000000
 45.368221  27.000000
 45.848583  34.000000
 46.328974  35.000000
 46.809395  42.000000
 47.289846  42.000000
 47.770326  40.000000
 48.250835  26.000000
 48.731375  38.000000
 49.211944  34.000000
 49.692542  25.000000
 50.173170  36.000000
 50.653828  27.000000
 51.134515  29.000000
 51.615231  35.000000
 52.095978  34.000000
 52.576754  26.000000
 53.057559  31.000000
 53.538394  33.000000
 54.019259  35.000000
 54.500153  36.000000
 54.981076  36.000000
 55.462030  34.000000
 55.943013  32.000000
 56.424025  30.000000
 56.905067  33.000000
 57.386139  33.000000
 57.867240  30.000000
 58.348370  26.000000
 58.829531  34.000000
 59.310721  47.000000
 59.791940  34.000000
 60.273189  36.000000
 60.754468  29.000000
 61.235776  36.000000
 61.717113  31.000000
 62.198481  31.000000
 62.679878  32.000000
 63.161304  37.000000
 63.642760  46.000000
 64.124246  44.000000
 64.605761  39.000000
 65.087305  44.000000
 65.568880  43.000000
 66.050484  38.000000
 66.532117  39.000000
 67.013780  40.000000
 67.495473  42.000000
 67.977195  57.000000
 68.458946  52.000000
 68.940728  48.000000
 69.422539  56.000000
 69.904379  45.000000
 70.386249  47.000000
 70.868149  47.000000
 71.350078  59.000000
 71.832036  41.000000
 72.314025  39.000000
 72.796043  45.000000
 73.278090  50.000000
 73.760167  43.000000
 74.242274  39.000000
 74.724410  56.000000
 75.206575  57.000000
 75.688771  42.000000
 76.170996  44.000000
 76.653250  45.000000
 77.135534  45.000000
 77.617848  38.000000
 78.100191  51.000000
 78.582563  47.000000
 79.064966  48.000000
 79.547398  52.000000
 80.029859  51.000000
 80.512350  53.000000
 80.994871  66.000000
 81.477421  47.000000
 81.960000  45.000000
 82.442610  48.000000
 82.925249  51.000000
 83.407917  40.000000
 83.890615  61.000000
 84.373343  47.000000
 84.856100  48.000000
 85.338886  68.000000
 85.821703  68.000000
 86.304548  42.000000
 86.787424  55.000000
 87.270329  60.000000
 87.753263  51.000000
 88.236228  55.000000
 88.719221  71.000000
 89.202245  62.000000
 89.685297  78.000000
 90.168380  38.000000
 90.651492  65.000000
 91.134633  62.000000
 91.617805  51.000000
 92.101005  63.000000
 92.584236  48.000000
 93.067495  50.000000
 93.550785  56.000000
 94.034104  57.000000
 94.517452  61.000000
 95.000831  55.000000
 95.484238  54.000000
 95.967676  48.000000
 96.451142  42.000000
 96.934639  40.000000
 97.418165  49.000000
 97.901720  50.000000
 98.385306  42.000000
 98.868920  46.000000
 99.352565  50.000000
 99.836238  47.000000
100.319942  47.000000
100.803675  52.000000
101.287437  49.000000
101.771230  58.000000
102.255051  39.000000
102.738903  50.000000
103.222783  54.000000
103.706694  44.000000
104.190634  54.000000
104.674603  52.000000
105.158603  48.000000
105.642631  46.000000
106.126689  60.000000
106.610777  43.000000
107.094895  56.000000
107.579042  46.000000
108.063218  57.000000
108.547424  60.000000
109.031660  54.000000
109.515925  55.000000
110.000220  67.000000
110.484545  64.000000
110.968899  70.000000
111.453282  65.000000
111.937695  58.000000
112.422138  62.000000
112.906610  66.000000
113.391112  62.000000
113.875644  66.000000
114.360205  57.000000
114.844795  49.000000
115.329415  63.000000
115.814065  64.000000
116.298744  64.000000
116.783453  55.000000
117.268192  50.000000
117.752960  62.000000
118.237757  63.000000
118.722584  59.000000
119.207441  68.000000
119.692327  72.000000
120.177243  61.000000
120.662189  79.000000
121.147164  72.000000
121.632168  48.000000
122.117202  58.000000
122.602266  69.000000
123.087359  56.000000
123.572482  59.000000
124.057635  62.000000
124.542817  76.000000
125.028028  57.000000
125.513269  59.000000
125.998540  56.000000
126.483840  51.000000
126.969170  67.000000
127.454530  69.000000
127.939919  59.000000
128.425337  64.000000
128.910785  60.000000
129.396263  71.000000
129.881770  51.000000
130.367307  75.000000
130.852874  56.000000
131.338470  58.000000
131.824095  61.000000
132.309750  53.000000
132.795435  68.000000
133.281149  68.000000
133.766893  60.000000
134.252666  56.000000
134.738469  61.000000
135.224302  48.000000
135.710164  58.000000
136.196056  50.000000
136.681977  56.000000
137.167928  68.000000
137.653908  63.000000
138.139918  60.000000
138.625958  55.000000
139.112027  56.000000
139.598126  72.000000
140.084254  61.000000
140.570412  58.000000
141.056599  54.000000
141.542816  63.000000
142.029063  52.000000
142.515339  60.000000
143.001645  71.000000
143.487980  66.000000
143.974345  52.000000
144.460739  53.000000
144.947163  44.000000
145.433617  43.000000
145.920100  60.000000
146.406613  70.000000
146.893155  51.000000
147.379727  55.000000
147.866328  61.000000
148.352959  44.000000
148.839620  45.000000
149.326310  52.000000
149.813030  49.000000
150.299779  67.000000
150.786558  57.000000
151.273366  60.000000
151.760204  50.000000
152.247072  36.000000
152.733969  54.000000
153.220896  52.000000
153.707852  47.000000
154.194838  55.000000
154.681853  50.000000
155.168898  47.000000
155.655973  60.000000
156.143077  50.000000
156.630211  48.000000
157.117374  46.000000
157.604567  50.000000
158.091789  52.000000
158.579041  47.000000
159.066323  48.000000
159.553634  44.000000
160.040975  51.000000
160.528345  50.000000
161.015745  51.000000
161.503174  51.000000
161.990633  64.000000
162.478122  56.000000
162.965640  51.000000
163.453188  52.000000
163.940765  52.000000
164.428372  51.000000
164.916008  47.000000
165.403674  63.000000
165.891370  58.000000
166.379095  53.000000
166.866849  58.000000
167.354634  51.000000
167.842448  53.000000
168.330291  44.000000
168.818164  46.000000
169.306067  56.000000
169.793999  50.000000
170.281960  48.000000
170.769952  51.000000
171.257973  63.000000
171.746023  42.000000
172.234103  48.000000
172.722213  46.000000
173.210352  50.000000
173.698520  49.000000
174.186719  45.000000
174.674946  55.000000
175.163204  46.000000
175.651491  64.000000
176.139807  61.000000
176.628154  40.000000
177.116529  41.000000
177.604935  59.000000
178.093369  48.000000
178.581834  68.000000
179.070328  49.000000
179.558851  46.000000
180.047405  46.000000
180.535987  50.000000
181.024600  57.000000
181.513241  58.000000
182.001913  41.000000
182.490614  49.000000
182.979344  63.000000
183.468104  57.000000
183.956894  58.000000
184.445713  68.000000
184.934562  49.000000
185.423441  56.000000
185.912349  50.000000
186.401286  54.000000
186.890253  59.000000
187.379250  49.000000
187.868276  57.000000
188.357332  74.000000
188.846418  67.000000
189.335533  52.000000
189.824677  67.000000
190.313851  62.000000
190.803055  57.000000
191.292288  53.000000
191.781551  59.000000
192.270844  64.000000
192.760166  77.000000
193.249517  54.000000
193.738898  65.000000
194.228309  78.000000
194.717749  68.000000
195.207219  59.000000
195.696719  45.000000
196.186248  52.000000
196.675806  67.000000
197.165394  57.000000
197.655012  49.000000
198.144659  56.000000
198.634336  68.000000
199.124042  74.000000
199.613778  67.000000
200.103544  54.000000
200.593339  58.000000
201.083164  52.000000
201.573018  51.000000
202.062902  54.000000
202.552815  55.000000
203.042758  47.000000
203.532731  54.000000
204.022733  55.000000
204.512765  55.000000
205.002826  71.000000
205.492917  57.000000
205.983037  61.000000
206.473187  40.000000
206.963367  50.000000
207.453576  55.000000
207.943815  46.000000
208.434083  68.000000
208.924381  47.000000
209.414708  53.000000
209.905065  76.000000
210.395452  52.000000
210.885868  58.000000
211.376314  69.000000
211.866789  58.000000
212.357294  61.000000
212.847828  65.000000
213.338392  57.000000
213.828986  61.000000
214.319609  51.000000
214.810262  55.000000
215.300944  48.000000
215.791656  40.000000
216.282397  50.000000
216.773168  50.000000
217.263969  59.000000
217.754799  50.000000
218.245659  62.000000
218.736548  50.000000
219.227467  44.000000
219.718415  64.000000
220.209393  59.000000
220.700401  43.000000
221.191438  60.000000
221.682504  40.000000
222.173601  46.000000
222.664727  50.000000
223.155882  39.000000
223.647067  47.000000
224.138282  46.000000
224.629526  59.000000
225.120799  37.000000
225.612103  55.000000
226.103435  47.000000
226.594798  41.000000
227.086190  33.000000
227.577611  37.000000
228.069063  53.000000
228.560543  48.000000
229.052054  47.000000
229.543593  58.000000
230.035163  42.000000
230.526762  30.000000
231.018390  41.000000
231.510048  46.000000
232.001736  30.000000
232.493453  45.000000
232.985200  51.000000
233.476977  43.000000
233.968783  31.000000
234.460618  47.000000
234.952483  36.000000
235.444378  37.000000
235.936302  47.000000
236.428256  50.000000
236.920240  34.000000
237.412253  48.000000
237.904295  37.000000
238.396367  41.000000
238.888469  44.000000
239.380600  43.000000
239.872761  48.000000
240.364952  34.000000
240.857172  40.000000
241.349421  55.000000
241.841700  36.000000
242.334009  45.000000
242.826347  47.000000
243.318715  40.000000
243.811112  42.000000
244.303539  38.000000
244.795996  50.000000
245.288482  29.000000
245.780998  32.000000
246.273543  39.000000
246.766118  37.000000
247.258722  35.000000
247.751356  44.000000
248.244020  43.000000
248.736713  48.000000
249.229436  35.000000
249.722188  43.000000
250.214970  36.000000
250.707781  37.000000
251.200622  37.000000
251.693493  45.000000
252.186393  48.000000
252.679323  34.000000
253.172282  45.000000
253.665271  38.000000
254.158289  29.000000
254.651337  40.000000
255.144415  42.000000
255.637522  39.000000
256.130659  46.000000
256.623825  32.000000
257.117021  39.000000
257.610246  35.000000
258.103501  44.000000
258.596786  31.000000
259.090100  29.000000
259.583444  30.000000
260.076817  38.000000
260.570220  30.000000
261.063652  38.000000
261.557114  41.000000
262.050606  41.000000
262.544127  31.000000
263.037677  41.000000
263.531258  40.000000
264.024868  39.000000
264.518507  22.000000
265.012176  33.000000
265.505874  39.000000
265.999603  41.000000
266.493360  44.000000
266.987148  29.000000
267.480964  31.000000
267.974811  25.000000
268.468687  32.000000
268.962592  31.000000
269.456528  34.000000
269.950492  29.000000
270.444487  32.000000
270.938510  30.000000
271.432564  43.000000
271.926647  33.000000
272.420759  41.000000
272.914901  31.000000
273.409073  37.000000
273.903274  29.000000
274.397505  35.000000
274.891766  42.000000
275.386056  45.000000
275.880375  23.000000
276.374724  31.000000
276.869103  28.000000
277.363511  33.000000
277.857949  30.000000
278.352417  40.000000
278.846914  46.000000
279.341440  27.000000
279.835996  29.000000
280.330582  28.000000
280.825197  30.000000
281.319842  24.000000
281.814516  29.000000
282.309220  29.000000
282.803954  34.000000
283.298717  29.000000
283.793510  40.000000
284.288332  28.000000
284.783184  25.000000
285.278065  31.000000
285.772976  26.000000
286.267917  27.000000
286.762887  39.000000
287.257887  32.000000
287.752916  40.000000
288.247975  33.000000
288.743063  31.000000
289.238181  30.000000
289.733329  32.000000
290.228506  29.000000
290.723713  27.000000
291.218949  21.000000
291.714215  19.000000
292.209510  36.000000
292.704835  38.000000
293.200190  27.000000
293.695574  32.000000
294.190988  33.000000
294.686431  34.000000
295.181904  31.000000
295.677406  24.000000
296.172938  30.000000
296.668500  21.000000
297.164091  37.000000
297.659711  34.000000
298.155362  29.000000
298.651042  27.000000
299.146751  19.000000
299.642490  20.000000
300.138258  24.000000
300.634057  28.000000
301.129884  29.000000
301.625742  29.000000
302.121628  27.000000
302.617545  30.000000
303.113491  25.000000
303.609466  23.000000
304.105472  20.000000
304.601506  29.000000
305.097570  29.000000
305.593664  21.000000
306.089788  32.000000
306.585941  20.000000
307.082123  20.000000
307.578335  30.000000
308.074577  29.000000
308.570848  22.000000
309.067149  31.000000
309.563480  23.000000
310.059840  34.000000
310.556229  39.000000
311.052648  27.000000
311.549097  25.000000
312.045575  29.000000
312.542083  28.000000
313.038621  30.000000
313.535187  19.000000
314.031784  30.000000
314.528410  24.000000
315.025066  28.000000
315.521751  26.000000
316.018466  29.000000
316.515210  25.000000
317.011984  26.000000
317.508788  34.000000
318.005621  28.000000
318.502484  17.000000
318.999376  26.000000
319.496298  23.000000
319.993249  15.000000
320.490230  33.000000
320.987241  23.000000
321.484281  23.000000
321.981351  26.000000
322.478450  27.000000
322.975579  18.000000
323.472737  25.000000
323.969925  34.000000
324.467143  22.000000
324.964390  30.000000
325.461667  22.000000
325.958973  34.000000
326.456309  26.000000
326.953674  29.000000
327.451069  20.000000
327.948494  30.000000
328.445948  28.000000
328.943431  35.000000
329.440945  25.000000
329.938488  25.000000
330.436060  34.000000
330.933662  23.000000
331.431293  29.000000
331.928955  28.000000
332.426645  27.000000
332.924366  34.000000
333.422115  35.000000
333.919895  24.000000
334.417704  23.000000
334.915542  17.000000
335.413410  33.000000
335.911308  22.000000
336.409235  27.000000
336.907192  18.000000
337.405179  20.000000
337.903195  31.000000
338.401240  25.000000
338.899315  21.000000
339.397420  29.000000
339.895554  26.000000
340.393718  23.000000
340.891912  22.000000
341.390135  23.000000
341.888387  14.000000
342.386669  25.000000
342.884981  31.000000
343.383322  21.000000
343.881693  28.000000
344.380093  32.000000
344.878523  24.000000
345.376983  25.000000
345.875472  34.000000
346.373991  29.000000
346.872539  17.000000
347.371117  16.000000
347.869724  26.000000
348.368361  22.000000
348.867028  30.000000
349.365724  28.000000
349.864450  21.000000
350.363205  19.000000
350.861990  23.000000
351.360804  23.000000
351.859648  22.000000
352.358522  20.000000
352.857425  22.000000
353.356358  21.000000
353.855320  18.000000
354.354312  24.000000
354.853333  24.000000
355.352384  17.000000
355.851465  28.000000
356.350575  23.000000
356.849714  23.000000
357.348884  26.000000
357.848083  21.000000
358.347311  24.000000
358.846569  21.000000
359.345856  21.000000
359.845174  15.000000
360.344520  36.000000
360.843897  26.000000
361.343302  24.000000
361.842738  24.000000
362.342203  21.000000
362.841697  31.000000
363.341221  35.000000
363.840775  18.000000
364.340358  27.000000
364.839971  18.000000
365.339614  32.000000
365.839286  29.000000
366.338987  19.000000
366.838718  29.000000
367.338479  31.000000
367.838269  24.000000
368.338089  16.000000
368.837939  25.000000
369.337817  24.000000
369.837726  26.000000
370.337664  23.000000
370.837632  31.000000
371.337629  24.000000
371.837656  20.000000
372.337712  16.000000
372.837798  22.000000
373.337914  19.000000
373.838059  20.000000
374.338234  16.000000
374.838438  26.000000
375.338672  24.000000
375.838935  21.000000
376.339228  35.000000
376.839551  17.000000
377.339903  18.000000
377.840285  23.000000
378.340696  20.000000
378.841137  22.000000
379.341607  19.000000
379.842107  16.000000
380.342637  20.000000
380.843196  27.000000
381.343784  17.000000
381.844403  20.000000
382.345051  18.000000
382.845728  28.000000
383.346435  26.000000
383.847171  18.000000
384.347938  26.000000
384.848733  19.000000
385.349559  22.000000
385.850413  21.000000
386.351298  21.000000
386.852212  19.000000
387.353155  15.000000
387.854128  21.000000
388.355131  23.000000
388.856163  14.000000
389.357225  23.000000
389.858317  20.000000
390.359438  23.000000
390.860588  20.000000
391.361768  17.000000
391.862978  16.000000
392.364217  20.000000
392.865486  18.000000
393.366785  14.000000
393.868113  25.000000
394.369470  17.000000
394.870857  23.000000
395.372274  15.000000
395.873720  23.000000
396.375196  21.000000
396.876701  20.000000
397.378236  18.000000
397.879801  15.000000
398.381395  21.000000
398.883019  16.000000
399.384672  20.000000
399.886355  22.000000
400.388067  14.000000
400.889809  19.000000
401.391581  13.000000
401.893382  12.000000
402.395213  17.000000
402.897073  21.000000
403.398963  19.000000
403.900882  19.000000
404.402831  18.000000
404.904810  27.000000
405.406818  20.000000
405.908855  19.000000
406.410923  22.000000
406.913020  16.000000
407.415146  18.000000
407.917302  20.000000
408.419487  22.000000
408.921703  21.000000
409.423947  27.000000
409.926222  12.000000
410.428525  13.000000
410.930859  21.000000
411.433222  15.000000
411.935614  33.000000
412.438036  24.000000
412.940488  19.000000
413.442969  21.000000
413.945480  22.000000
414.448021  21.000000
414.950591  23.000000
415.453190  17.000000
415.955819  21.000000
416.458478  26.000000
416.961166  22.000000
417.463884  18.000000
417.966631  20.000000
418.469408  25.000000
418.972215  30.000000
419.475051  18.000000
419.977917  16.000000
420.480812  21.000000
420.983737  30.000000
421.486691  16.000000
421.989675  26.000000
422.492689  22.000000
422.995732  17.000000
423.498805  18.000000
424.001907  20.000000
424.505039  20.000000
425.008200  15.000000
425.511391  21.000000
426.014612  23.000000
426.517862  16.000000
427.021142  22.000000
427.524451  13.000000
428.027790  22.000000
428.531158  20.000000
429.034556  22.000000
429.537984  17.000000
430.041441  15.000000
430.544927  21.000000
431.048444  29.000000
431.551989  19.000000
432.055565  16.000000
432.559170  20.000000
433.062804  16.000000
433.566468  24.000000
434.070162  19.000000
434.573885  21.000000
435.077638  17.000000
435.581421  16.000000
436.085233  23.000000
436.589074  25.000000
437.092945  20.000000
437.596846  20.000000
438.100776  16.000000
438.604736  24.000000
439.108726  29.000000
439.612744  11.000000
440.116793  25.000000
440.620871  24.000000
441.124979  25.000000
441.629116  25.000000
442.133283  27.000000
442.637479  22.000000
443.141705  17.000000
443.645961  19.000000
444.150246  23.000000
444.654561  23.000000
445.158905  19.000000
445.663279  16.000000
446.167682  23.000000
446.672115  27.000000
447.176578  13.000000
447.681070  22.000000
448.185592  21.000000
448.690143  17.000000
449.194724  20.000000
449.699334  23.000000
450.203974  11.000000
450.708644  22.000000
451.213343  11.000000
451.718071  21.000000
452.222830  18.000000
452.727617  20.000000
453.232435  17.000000
453.737282  26.000000
454.242158  16.000000
454.747064  22.000000
455.252000  14.000000
455.756965  21.000000
456.261960  22.000000
456.766985  17.000000
457.272039  21.000000
457.777122  17.000000
458.282235  16.000000
458.787378  19.000000
459.292550  22.000000
459.797752   8.000000
460.302984  15.000000
460.808244  25.000000
461.313535  16.000000
461.818855  20.000000
462.324205  14.000000
462.829584  11.000000
463.334993  26.000000
463.840431  20.000000
464.345899  20.000000
464.851397  19.000000
465.356924  21.000000
465.862481  18.000000
466.368067  12.000000
466.873683  16.000000
467.379328  18.000000
467.885003  14.000000
468.390708  15.000000
468.896442  11.000000
469.402205  15.000000
469.907999  15.000000
470.413822  17.000000
470.919674  18.000000
471.425556  12.000000
471.931468  12.000000
472.437409  13.000000
472.943379  16.000000
473.449380  19.000000
473.955409  13.000000
474.461469  15.000000
474.967558  12.000000
475.473676  14.000000
475.979824   7.000000
476.486002   8.000000
476.992209   7.000000
477.498446  12.000000
478.004713  14.000000
478.511009   8.000000
479.017334  19.000000
479.523689  14.000000
480.030074  10.000000
480.536488  19.000000
481.042932  14.000000
481.549405  11.000000
482.055908  13.000000
482.562441  15.000000
483.069003   8.000000
483.575595  10.000000
484.082216  12.000000
484.588867  10.000000
485.095547  19.000000
485.602257  13.000000
486.108997   9.000000
486.615766   4.000000
487.122565  13.000000
487.629393  11.000000
488.136251  12.000000
488.643138  14.000000
489.150055   7.000000
489.657002  17.000000
490.163978   9.000000
490.670983  19.000000
491.178019  20.000000
491.685084  11.000000
492.192178  11.000000
492.699302  10.000000
493.206455   9.000000
493.713639  14.000000
494.220851   9.000000
494.728093   8.000000
495.235365   8.000000
495.742667  12.000000
496.249998  15.000000
496.757358  11.000000
497.264748   6.000000
497.772168  13.000000
498.279617  15.000000
498.787096  13.000000
499.294605  14.000000
499.802143  10.000000
500.309710   9.000000
500.817307  12.000000
501.324934  10.000000
501.832590   8.000000
502.340276   7.000000
502.847991   8.000000
503.355736   9.000000
503.863511  11.000000
504.371315  10.000000
504.879149   8.000000
505.387012  12.000000
505.894905  15.000000
506.402827   5.000000
506.910779   8.000000
507.418761   5.000000
507.926772   6.000000
508.434812  10.000000
508.942883  11.000000
509.450983   8.000000
509.959112   8.000000
510.467271   7.000000
510.975459  10.000000
511.483678   7.000000
511.991925  10.000000
512.500203  13.000000
513.008509   6.000000
513.516846   7.000000
514.025212   4.000000
514.533607   8.000000
515.042032   9.000000
515.550487  12.000000
516.058971  11.000000
516.567485  10.000000
517.076029   8.000000
517.584602  10.000000
518.093204   8.000000
518.601836  10.000000
519.110498  10.000000
519.619189  11.000000
520.127910  10.000000
520.636660  18.000000
521.145440  10.000000
521.654250   6.000000
522.163089   6.000000
522.671958   2.000000
523.180856   5.000000
523.689784   9.000000
524.198741   9.000000
524.707728  11.000000
525.216745  11.000000
525.725791   8.000000
526.234867  12.000000
526.743972   9.000000
527.253107  11.000000
527.762271  11.000000
528.271465   6.000000
528.780689   8.000000
529.289942  11.000000
529.799224   5.000000
530.308537  10.000000
530.817878   8.000000
531.327250  10.000000
531.836651  12.000000
532.346081  11.000000
532.855541  14.000000
533.365031  11.000000
533.874550   9.000000
534.384099   5.000000
534.893678   7.000000
535.403286   5.000000
535.912923   9.000000
536.422590   6.000000
536.932287   9.000000
537.442013   9.000000
537.951769   7.000000
538.461554   1.000000
538.971369   2.000000
539.481214   3.000000
539.991088   8.000000
540.500992   8.000000
541.010925   7.000000
541.520888   4.000000
542.030880   8.000000
542.540902   8.000000
543.050954   6.000000
543.561035   5.000000
544.071146  10.000000
544.581286   6.000000
545.091456   6.000000
545.601655   9.000000
546.111884   7.000000
546.622142   3.000000
547.132431   8.000000
547.642748   9.000000
548.153096   5.000000
548.663472   3.000000
549.173879   5.000000
549.684315   6.000000
550.194780   3.000000
550.705275   7.000000
551.215800   4.000000
551.726354  10.000000
552.236938  10.000000
552.747552   8.000000
553.258195   8.000000
553.768867   8.000000
554.279569  10.000000
554.790301   8.000000
555.301062   5.000000
555.811853   4.000000
556.322673   4.000000
556.833523   8.000000
557.344403   7.000000
557.855312   9.000000
558.366251   9.000000
558.877219   9.000000
559.388217   8.000000
559.899244   8.000000
560.410301   2.000000
560.921388   3.000000
561.432504  12.000000
561.943649   5.000000
562.454825   6.000000
562.966030   9.000000
563.477264   4.000000
563.988528   5.000000
564.499821   1.000000
565.011145   9.000000
565.522497   3.000000
566.033880  11.000000
566.545291   7.000000
567.056733   4.000000
567.568204   8.000000
568.079704   5.000000
568.591234   9.000000
569.102794   9.000000
569.614383  13.000000
570.126002   9.000000
570.637651  11.000000
571.149328   3.000000
571.661036   3.000000
572.172773   8.000000
572.684540   1.000000
573.196336   4.000000
573.708162   6.000000
574.220017   5.000000
574.731902   7.000000
575.243817  10.000000
575.755761   7.000000
576.267735   2.000000
576.779738   3.000000
577.291771   7.000000
577.803833  10.000000
578.315925  12.000000
578.828047   3.000000
579.340198   8.000000
579.852378   4.000000
580.364589   6.000000
580.876828   4.000000
581.389098   6.000000
581.901397   7.000000
582.413725   4.000000
582.926083   7.000000
583.438471   6.000000
583.950888   9.000000
584.463335   4.000000
584.975812   9.000000
585.488318   6.000000
586.000853   9.000000
586.513418  10.000000
587.026013   6.000000
587.538637   4.000000
588.051291   8.000000
588.563974   9.000000
589.076687   8.000000
589.589430   4.000000
590.102202   8.000000
590.615004  12.000000
591.127835   4.000000
591.640696   6.000000
592.153586   8.000000
592.666506   4.000000
593.179456  11.000000
593.692435   6.000000
594.205443   3.000000
594.718482  10.000000
595.231550  13.000000
595.744647  11.000000
596.257774   8.000000
596.770930   7.000000
597.284117   6.000000
597.797332   6.000000
598.310578   3.000000
598.823852  10.000000
599.337157   8.000000
599.850491   8.000000
600.363854   9.000000
600.877247   6.000000
601.390670   6.000000
601.904122  12.000000
602.417604   7.000000
602.931116  12.000000
603.444656   8.000000
603.958227  10.000000
604.471827  12.000000
604.985457   6.000000
605.499116   8.000000
606.012805  10.000000
606.526523  12.000000
607.040271  11.000000
607.554049   6.000000
608.067856  12.000000
608.581693   8.000000
609.095559  17.000000
609.609455   9.000000
610.123380   4.000000
610.637335   7.000000
611.151320   8.000000
611.665334  13.000000
612.179377  13.000000
612.693451  10.000000
613.207553  10.000000
613.721686  18.000000
614.235848  17.000000
614.750039  13.000000
615.264260  15.000000
615.778511  15.000000
616.292791  11.000000
616.807101   8.000000
617.321441  16.000000
617.835810  14.000000
618.350208   9.000000
618.864636  16.000000
619.379094  13.000000
619.893581  11.000000
620.408098  15.000000
620.922644   7.000000
621.437220  13.000000
621.951826  16.000000
622.466461  24.000000
622.981126  18.000000
623.495820  18.000000
624.010544  12.000000
624.525297  22.000000
625.040080  20.000000
625.554893  27.000000
626.069735  17.000000
626.584606  21.000000
627.099508  18.000000
627.614438  30.000000
628.129399  21.000000
628.644389  30.000000
629.159408  17.000000
629.674458  26.000000
630.189536  20.000000
630.704644  23.000000
631.219782  27.000000
631.734950  25.000000
632.250147  26.000000
632.765373  32.000000
633.280629  39.000000
633.795915  33.000000
634.311230  29.000000
634.826575  34.000000
635.341949  43.000000
635.857353  40.000000
636.372787  40.000000
636.888250  53.000000
637.403743  49.000000
637.919265  40.000000
638.434817  39.000000
638.950398  44.000000
639.466009  47.000000
639.981650  43.000000
640.497320  45.000000
641.013019  58.000000
641.528749  49.000000
642.044508  52.000000
642.560296  44.000000
643.076114  74.000000
643.591961  67.000000
644.107839  62.000000
644.623745  62.000000
645.139681  57.000000
645.655647  59.000000
646.171643  73.000000
646.687668  57.000000
647.203722  70.000000
647.719806  53.000000
648.235920  73.000000
648.752063  78.000000
649.268236  85.000000
649.784438  73.000000
650.300670  69.000000
650.816932  76.000000
651.333223  85.000000
651.849544  87.000000
652.365894  77.000000
652.882274  89.000000
653.398683  83.000000
653.915122  88.000000
654.431591  90.000000
654.948089  96.000000
655.464616  87.000000
655.981174  88.000000
656.497761  88.000000
657.014377 107.000000
657.531023  77.000000
658.047698  89.000000
658.564404 103.000000
659.081138  94.000000
659.597902  85.000000
660.114696  85.000000
660.631520  96.000000
661.148373  99.000000
661.665255  83.000000
662.182167  84.000000
662.699109  91.000000
663.216080  95.000000
663.733081  82.000000
664.250111  96.000000
664.767171  87.000000
665.284261  93.000000
665.801380 103.000000
666.318529 107.000000
666.835707  99.000000
667.352915  95.000000
667.870152  72.000000
668.387419 105.000000
668.904716 102.000000
669.422042  64.000000
669.939397  86.000000
670.456783  80.000000
670.974198  81.000000
671.491642  94.000000
672.009116  85.000000
672.526619 103.000000
673.044153  91.000000
673.561715  87.000000
674.079307  69.000000
674.596929  68.000000
675.114581  77.000000
675.632262  66.000000
676.149972  76.000000
676.667712  77.000000
677.185482  71.000000
677.703281  76.000000
678.221110  66.000000
678.738968  77.000000
679.256856  55.000000
679.774774  58.000000
680.292721  63.000000
680.810698  55.000000
681.328704  38.000000
681.846740  62.000000
682.364805  51.000000
682.882900  45.000000
683.401025  45.000000
683.919179  48.000000
684.437362  41.000000
684.955576  42.000000
685.473819  38.000000
685.992091  38.000000
686.510393  53.000000
687.028724  44.000000
687.547086  43.000000
688.065476  35.000000
688.583896  37.000000
689.102346  37.000000
689.620826  34.000000
690.139335  22.000000
690.657873  34.000000
691.176441  17.000000
691.695039  32.000000
692.213666  23.000000
692.732323  19.000000
693.251009  26.000000
693.769725  28.000000
694.288471  26.000000
694.807246  17.000000
695.326051  22.000000
695.844885  16.000000
696.363749  21.000000
696.882642  14.000000
697.401565  22.000000
697.920518  19.000000
698.439500  10.000000
698.958511  17.000000
699.477553  15.000000
699.996623   8.000000
700.515724  15.000000
701.034854  16.000000
701.554013   9.000000
702.073202  13.000000
702.592421  10.000000
703.111669   8.000000
703.630947  17.000000
704.150255  15.000000
704.669592  12.000000
705.188958   7.000000
705.708354  10.000000
706.227780   8.000000
706.747235   6.000000
707.266720   7.000000
707.786234   9.000000
708.305778   4.000000
708.825352   5.000000
709.344955  11.000000
709.864588   5.000000
710.384250   3.000000
710.903942   5.000000
711.423663   6.000000
711.943414   7.000000
712.463195   2.000000
712.983005  12.000000
713.502844   7.000000
714.022714   4.000000
714.542612   2.000000
715.062541   4.000000
715.582499   3.000000
716.102486   1.000000
716.622503   4.000000
717.142550   3.000000
717.662626   4.000000
718.182732   1.000000
718.702868   6.000000
719.223032   6.000000
719.743227   4.000000
720.263451   2.000000
720.783705   2.000000
721.303988   2.000000
721.824301   4.000000
722.344643   3.000000
722.865015   3.000000
723.385417   3.000000
723.905848   2.000000
724.426309   2.000000
724.946799   0.000000
725.467319   4.000000
725.987868   3.000000
726.508447   3.000000
727.029055   1.000000
727.549694   2.000000
728.070361   4.000000
728.591058   3.000000
729.111785   3.000000
729.632542   2.000000
730.153328   5.000000
730.674143   3.000000
731.194988   3.000000
731.715863   6.000000
732.236767   4.000000
732.757701   3.000000
733.278664   3.000000
733.799657   3.000000
734.320680   0.000000
734.841732   4.000000
735.362814   3.000000
735.883925   3.000000
736.405066   2.000000
736.926236   2.000000
737.447436   1.000000
737.968666   1.000000
738.489925   2.000000
739.011213   1.000000
739.532532   1.000000
740.053879   2.000000
740.575257   1.000000
741.096664   3.000000
741.618100   2.000000
742.139566   0.000000
742.661062   4.000000
743.182587   0.000000
743.704142   1.000000
744.225727   3.000000
744.747341   0.000000
745.268984   5.000000
745.790657   1.000000
746.312360   2.000000
746.834092   0.000000
747.355854   2.000000
747.877645   2.000000
748.399466   1.000000
748.921317   2.000000
749.443197   1.000000
749.965107   2.000000
750.487046   2.000000
751.009015   1.000000
751.531013   1.000000
752.053041   4.000000
752.575098   3.000000
753.097186   0.000000
753.619302   0.000000
754.141449   1.000000
754.663624   1.000000
755.185830   1.000000
755.708065   2.000000
756.230329   2.000000
756.752623   2.000000
757.274947   0.000000
757.797300   1.000000
758.319683   2.000000
758.842095   2.000000
759.364537   2.000000
759.887009   0.000000
760.409510   4.000000
760.932041   2.000000
761.454601   2.000000
761.977191   0.000000
762.499810   1.000000
763.022459   4.000000
763.545138   3.000000
764.067846   0.000000
764.590583   0.000000
765.113351   2.000000
765.636147   0.000000
766.158974   3.000000
766.681830   0.000000
767.204715   0.000000
767.727630   0.000000
768.250575   1.000000
768.773549   1.000000
769.296553   1.000000
769.819587   1.000000
770.342650   2.000000
770.865742   1.000000
771.388864   1.000000
771.912016   0.000000
772.435197   0.000000
772.958408   0.000000
773.481648   1.000000
774.004918   0.000000
774.528218   1.000000
775.051547   1.000000
775.574906   2.000000
776.098294   1.000000
776.621712   0.000000
777.145159   2.000000
777.668636   2.000000
778.192142   3.000000
778.715679   0.000000
779.239244   0.000000
779.762839   2.000000
780.286464   1.000000
780.810119   1.000000
781.333803   0.000000
781.857516   3.000000
782.381259   1.000000
782.905032   0.000000
783.428834   0.000000
783.952666   1.000000
784.476527   0.000000
785.000418   1.000000
785.524339   0.000000
786.048289   0.000000
786.572269   2.000000
787.096278   1.000000
787.620317   1.000000
788.144385   2.000000
788.668483   0.000000
789.192611   0.000000
789.716768   1.000000
790.240954   1.000000
790.765171   2.000000
791.289416   1.000000
791.813692   1.000000
792.337997   0.000000
792.862331   0.000000
793.386695   2.000000
793.911089   2.000000
794.435512   1.000000
794.959965   2.000000
795.484447   2.000000
796.008959   1.000000
796.533501   2.000000
797.058072   1.000000
797.582673   1.000000
798.107303   2.000000
798.631963   0.000000
799.156652   0.000000
799.681371   1.000000
800.206120   0.000000
800.730898   0.000000
801.255705   0.000000
801.780543   2.000000
802.305409   0.000000
802.830306   1.000000
803.355232   2.000000
803.880187   1.000000
804.405172   0.000000
804.930187   1.000000
805.455231   0.000000
805.980305   0.000000
806.505409   0.000000
807.030542   0.000000
807.555704   0.000000
808.080896   0.000000
808.606118   0.000000
809.131369   0.000000
809.656650   1.000000
810.181960   0.000000
810.707300   0.000000
811.232670   0.000000
811.758069   0.000000
812.283498   0.000000
812.808956   0.000000
813.334444   0.000000
813.859961   0.000000
814.385508   1.000000
814.911084   0.000000
815.436691   1.000000
815.962326   1.000000
816.487991   4.000000
817.013686   2.000000
817.539411   1.000000
818.065165   0.000000
818.590948   1.000000
819.116761   0.000000
819.642604   1.000000
820.168476   1.000000
820.694378   0.000000
821.220309   0.000000
821.746270   1.000000
822.272261   0.000000
822.798281   0.000000
823.324331   0.000000
823.850410   0.000000
824.376519   1.000000
824.902657   0.000000
825.428825   1.000000
825.955022   0.000000
826.481250   0.000000
827.007506   1.000000
827.533793   0.000000
828.060108   0.000000
828.586454   0.000000
829.112829   2.000000
829.639233   1.000000
830.165667   1.000000
830.692131   0.000000
831.218624   0.000000
831.745147   1.000000
832.271699   0.000000
832.798281   1.000000
833.324893   1.000000
833.851534   0.000000
834.378205   0.000000
834.904905   0.000000
835.431635   0.000000
835.958394   0.000000
836.485183   0.000000
837.012002   0.000000
837.538850   0.000000
838.065727   0.000000
838.592635   1.000000
839.119571   1.000000
839.646538   0.000000
840.173534   0.000000
840.700559   1.000000
841.227614   1.000000
841.754699   0.000000
842.281813   0.000000
842.808957   0.000000
843.336130   0.000000
843.863333   0.000000
844.390566   0.000000
844.917828   0.000000
845.445120   0.000000
845.972441   1.000000
846.499792   3.000000
847.027172   0.000000
847.554582   0.000000
848.082022   0.000000
848.609491   1.000000
849.136989   0.000000
849.664518   0.000000
850.192075   0.000000
850.719663   1.000000
851.247280   0.000000
851.774926   1.000000
852.302602   1.000000
852.830308   1.000000
853.358043   0.000000
853.885808   0.000000
854.413602   1.000000
854.941426   0.000000
855.469280   1.000000
855.997163   0.000000
856.525076   1.000000
857.053018   0.000000
857.580990   0.000000
858.108991   1.000000
858.637022   2.000000
859.165083   0.000000
859.693173   1.000000
860.221292   0.000000
860.749442   0.000000
861.277620   0.000000
861.805829   0.000000
862.334067   0.000000
862.862334   0.000000
863.390631   2.000000
863.918958   0.000000
864.447314   0.000000
864.975700   0.000000
865.504115   0.000000
866.032560   0.000000
866.561035   0.000000
867.089539   1.000000
867.618073   0.000000
868.146636   2.000000
868.675229   0.000000
869.203851   2.000000
869.732503   0.000000
870.261185   0.000000
870.789896   0.000000
871.318636   0.000000
871.847407   1.000000
872.376206   0.000000
872.905036   0.000000
873.433895   0.000000
873.962783   2.000000
874.491701   1.000000
875.020649   0.000000
875.549626   0.000000
876.078633   0.000000
876.607669   0.000000
877.136735   0.000000
877.665831   1.000000
878.194956   1.000000
878.724111   0.000000
879.253295   0.000000
879.782509   0.000000
880.311752   0.000000
880.841025   2.000000
881.370328   1.000000
881.899660   1.000000
882.429021   0.000000
882.958413   1.000000
883.487833   1.000000
884.017284   1.000000
884.546764   1.000000
885.076273   0.000000
885.605812   1.000000
886.135381   0.000000
886.664979   1.000000
887.194607   1.000000
887.724264   0.000000
888.253951   0.000000
888.783668   1.000000
889.313414   1.000000
889.843190   1.000000
890.372995   0.000000
890.902830   0.000000
891.432694   1.000000
891.962588   0.000000
892.492512   4.000000
893.022465   2.000000
893.552447   0.000000
894.082460   1.000000
894.612501   0.000000
895.142573   0.000000
895.672674   0.000000
896.202804   0.000000
896.732964   1.000000
897.263154   0.000000
897.793373   0.000000
898.323622   1.000000
898.853900   2.000000
899.384208   1.000000
899.914546   1.000000
900.444913   0.000000
900.975310   2.000000
901.505736   0.000000
902.036192   2.000000
902.566677   0.000000
903.097192   1.000000
903.627737   0.000000
904.158311   0.000000
904.688914   1.000000
905.219548   2.000000
905.750210   0.000000
906.280903   0.000000
906.811625   1.000000
907.342376   0.000000
907.873157   0.000000
908.403968   0.000000
908.934808   0.000000
909.465678   0.000000
909.996577   3.000000
910.527506   0.000000
911.058465   1.000000
911.589453   0.000000
912.120471   1.000000
912.651518   0.000000
913.182595   1.000000
913.713701   0.000000
914.244837   0.000000
914.776003   0.000000
915.307198   0.000000
915.838422   1.000000
916.369677   0.000000
916.900960   0.000000
917.432274   0.000000
917.963617   0.000000
918.494989   0.000000
919.026391   1.000000
919.557823   0.000000
920.089284   1.000000
920.620775   1.000000
921.152295   0.000000
921.683845   0.000000
922.215425   1.000000
922.747034   0.000000
923.278673   0.000000
923.810341   0.000000
924.342039   0.000000
924.873766   1.000000
925.405523   0.000000
925.937310   0.000000
926.469126   0.000000
927.000971   0.000000
927.532847   0.000000
928.064751   0.000000
928.596686   1.000000
929.128650   1.000000
929.660643   1.000000
930.192666   0.000000
930.724719   0.000000
931.256801   0.000000
931.788913   0.000000
932.321054   0.000000
932.853225   0.000000
933.385426   2.000000
933.917656   0.000000
934.449916   0.000000
934.982205   0.000000
935.514524   0.000000
936.046872   0.000000
936.579250   1.000000
937.111657   0.000000
937.644095   0.000000
938.176561   0.000000
938.709057   1.000000
939.241583   1.000000
939.774139   1.000000
940.306724   0.000000
940.839338   0.000000
941.371982   2.000000
941.904656   2.000000
942.437359   0.000000
942.970092   0.000000
943.502854   0.000000
944.035646   0.000000
944.568468   1.000000
945.101319   0.000000
945.634199   0.000000
946.167110   1.000000
946.700050   0.000000
947.233019   0.000000
947.766018   0.000000
948.299046   1.000000
948.832104   1.000000
949.365192   0.000000
949.898309   0.000000
950.431456   2.000000
950.964633   0.000000
951.497838   3.000000
952.031074   0.000000
952.564339   1.000000
953.097634   0.000000
953.630958   0.000000
954.164312   1.000000
954.697695   0.000000
955.231108   0.000000
955.764551   0.000000
956.298023   1.000000
956.831524   1.000000
957.365056   0.000000
957.898616   1.000000
958.432207   1.000000
958.965827   0.000000
959.499476   0.000000
960.033155   1.000000
960.566864   1.000000
961.100602   0.000000
961.634370   0.000000
962.168167   1.000000
962.701994   0.000000
963.235851   0.000000
963.769737   0.000000
964.303653   0.000000
964.837598   0.000000
965.371573   1.000000
965.905577   0.000000
966.439611   0.000000
966.973675   0.000000
967.507768   1.000000
968.041890   0.000000
968.576043   2.000000
969.110224   0.000000
969.644436   0.000000
970.178677   0.000000
970.712947   0.000000
971.247247   0.000000
971.781577   0.000000
972.315936   0.000000
972.850325   1.000000
973.384743   0.000000
973.919191   0.000000
974.453669   0.000000
974.988176   2.000000
975.522713   0.000000
976.057279   0.000000
976.591875   0.000000
977.126500   0.000000
977.661155   1.000000
978.195839   0.000000
978.730554   0.000000
979.265297   0.000000
979.800070   2.000000
980.334873   0.000000
980.869706   0.000000
981.404568   0.000000
981.939459   0.000000
982.474380   0.000000
983.009331   0.000000
983.544311   0.000000
984.079321   0.000000
984.614360   0.000000
985.149429   0.000000
985.684528   1.000000
986.219656   0.000000
986.754813   1.000000
987.290001   0.000000
987.825217   1.000000
988.360464   1.000000
988.895740   0.000000
989.431045   0.000000
989.966380   1.000000
990.501745   0.000000
991.037139   0.000000
991.572563   0.000000
992.108016   0.000000
992.643499   0.000000
993.179012   1.000000
993.714554   1.000000
994.250126   2.000000
994.785727   0.000000
995.321358   2.000000
995.857018   0.000000
996.392708   0.000000
996.928428   0.000000
997.464177   0.000000
997.999955   0.000000
998.535764   0.000000
999.071601   0.000000
999.607469   0.000000
1000.143366   1.000000
1000.679292   0.000000
1001.215248   1.000000
1001.751234   1.000000
1002.287249   1.000000
1002.823294   0.000000
1003.359368   0.000000
1003.895472   0.000000
1004.431606   0.000000
1004.967769   0.000000
1005.503962   0.000000
1006.040184   0.000000
1006.576436   0.000000
1007.112717   2.000000
1007.649028   0.000000
1008.185368   0.000000
1008.721739   0.000000
1009.258138   0.000000
1009.794567   0.000000
1010.331026   2.000000
1010.867515   0.000000
1011.404033   0.000000
1011.940580   0.000000
1012.477157   0.000000
1013.013764   0.000000
1013.550400   1.000000
1014.087066   2.000000
1014.623761   0.000000
1015.160486   1.000000
1015.697241   0.000000
1016.234025   0.000000
1016.770838   0.000000
1017.307682   1.000000
1017.844554   0.000000
1018.381457   0.000000
1018.918389   1.000000
1019.455350   0.000000
1019.992341   0.000000
1020.529362   0.000000
1021.066412   0.000000
1021.603492   0.000000
1022.140601   0.000000
1022.677740   0.000000
1023.214909   1.000000
1023.752107   0.000000
1024.289335   0.000000
1024.826592   0.000000
1025.363879   1.000000
1025.901195   0.000000
1026.438541   3.000000
1026.975917   0.000000
1027.513322   0.000000
1028.050756   1.000000
1028.588220   0.000000
1029.125714   0.000000
1029.663238   0.000000
1030.200791   0.000000
1030.738373   1.000000
1031.275985   0.000000
1031.813627   1.000000
1032.351298   0.000000
1032.888999   0.000000
1033.426729   1.000000
1033.964489   1.000000
1034.502279   0.000000
1035.040098   0.000000
1035.577946   0.000000
1036.115825   0.000000
1036.653733   0.000000
1037.191670   0.000000
1037.729637   0.000000
1038.267633   1.000000
1038.805659   0.000000
1039.343715   0.000000
1039.881800   0.000000
1040.419915   0.000000
1040.958059   1.000000
1041.496233   0.000000
1042.034437   0.000000
1042.572670   0.000000
1043.110933   0.000000
1043.649225   0.000000
1044.187547   0.000000
1044.725898   0.000000
1045.264279   1.000000
1045.802690   0.000000
1046.341130   0.000000
1046.879599   0.000000
1047.418099   0.000000
1047.956627   0.000000
1048.495186   1.000000
1049.033774   0.000000
1049.572391   1.000000
1050.111038   1.000000
1050.649715   1.000000
1051.188421   0.000000
1051.727157   0.000000
1052.265922   0.000000
1052.804717   1.000000
1053.343542   0.000000
1053.882396   1.000000
1054.421279   0.000000
1054.960193   0.000000
1055.499136   0.000000
1056.038108   1.000000
1056.577110   0.000000
1057.116141   0.000000
1057.655202   1.000000
1058.194293   0.000000
1058.733413   0.000000
1059.272563   0.000000
1059.811742   1.000000
1060.350951   1.000000
1060.890190   1.000000
1061.429458   0.000000
1061.968756   0.000000
1062.508083   0.000000
1063.047440   1.000000
1063.586826   0.000000
1064.126242   0.000000
1064.665688   0.000000
1065.205163   0.000000
1065.744667   0.000000
1066.284202   0.000000
1066.823765   0.000000
1067.363359   1.000000
1067.902982   0.000000
1068.442634   0.000000
1068.982316   1.000000
1069.522028   0.000000
1070.061769   0.000000
1070.601540   0.000000
1071.141340   0.000000
1071.681170   1.000000
1072.221030   0.000000
1072.760919   0.000000
1073.300837   1.000000
1073.840786   0.000000
1074.380764   1.000000
1074.920771   0.000000
1075.460808   0.000000
1076.000874   0.000000
1076.540970   0.000000
1077.081096   0.000000
1077.621251   0.000000
1078.161436   1.000000
1078.701650   1.000000
1079.241894   0.000000
1079.782168   0.000000
1080.322471   0.000000
1080.862804   0.000000
1081.403166   0.000000
1081.943558   0.000000
1082.483979   0.000000
1083.024430   0.000000
1083.564911   1.000000
1084.105421   2.000000
1084.645960   0.000000
1085.186529   0.000000
1085.727128   1.000000
1086.267757   0.000000
1086.808415   0.000000
1087.349102   0.000000
1087.889819   0.000000
1088.430566   0.000000
1088.971342   0.000000
1089.512148   0.000000
1090.052983   0.000000
1090.593848   1.000000
1091.134743   0.000000
1091.675667   0.000000
1092.216620   0.000000
1092.757604   0.000000
1093.298616   0.000000
1093.839659   0.000000
1094.380731   0.000000
1094.921832   0.000000
1095.462963   1.000000
1096.004124   0.000000
1096.545314   1.000000
1097.086534   1.000000
1097.627783   0.000000
1098.169062   1.000000
1098.710371   0.000000
1099.251709   0.000000
1099.793077   0.000000
1100.334474   0.000000
1100.875901   1.000000
1101.417357   0.000000
1101.958843   0.000000
1102.500358   1.000000
1103.041904   0.000000
1103.583478   0.000000
1104.125082   0.000000
1104.666716   0.000000
1105.208380   0.000000
1105.750073   0.000000
1106.291795   0.000000
1106.833547   0.000000
1107.375329   0.000000
1107.917140   0.000000
1108.458981   0.000000
1109.000851   0.000000
1109.542751   0.000000
1110.084681   0.000000
1110.626640   0.000000
1111.168628   0.000000
1111.710647   0.000000
1112.252694   0.000000
1112.794772   1.000000
1113.336879   0.000000
1113.879015   0.000000
1114.421181   0.000000
1114.963377   0.000000
1115.505602   0.000000
1116.047857   0.000000
1116.590141   0.000000
1117.132455   1.000000
1117.674799   0.000000
1118.217172   0.000000
1118.759574   0.000000
1119.302007   0.000000
1119.844469   0.000000
1120.386960   0.000000
1120.929481   2.000000
1121.472031   0.000000
1122.014611   0.000000
1122.557221   0.000000
1123.099860   1.000000
1123.642529   0.000000
1124.185227   1.000000
1124.727955   2.000000
1125.270713   1.000000
1125.813500   2.000000
1126.356317   0.000000
1126.899163   0.000000
1127.442039   0.000000
1127.984944   0.000000
1128.527879   0.000000
1129.070843   0.000000
1129.613838   0.000000
1130.156861   0.000000
1130.699914   2.000000
1131.242997   0.000000
1131.786110   1.000000
1132.329252   0.000000
1132.872423   0.000000
1133.415624   1.000000
1133.958855   0.000000
1134.502115   0.000000
1135.045405   0.000000
1135.588724   0.000000
1136.132073   0.000000
1136.675452   0.000000
1137.218860   0.000000
1137.762297   0.000000
1138.305765   0.000000
1138.849261   1.000000
1139.392788   0.000000
1139.936344   1.000000
1140.479929   0.000000
1141.023544   1.000000
1141.567189   0.000000
1142.110863   0.000000
1142.654567   0.000000
1143.198300   0.000000
1143.742063   0.000000
1144.285856   1.000000
1144.829678   0.000000
1145.373530   0.000000
1145.917411   0.000000
1146.461322   0.000000
1147.005262   1.000000
1147.549232   0.000000
1148.093231   1.000000
1148.637260   0.000000
1149.181319   0.000000
1149.725407   0.000000
1150.269525   1.000000
1150.813672   0.000000
1151.357849   0.000000
1151.902056   0.000000
1152.446292   1.000000
1152.990558   0.000000
1153.534853   0.000000
1154.079178   0.000000
1154.623532   0.000000
1155.167916   1.000000
1155.712329   0.000000
1156.256773   0.000000
1156.801245   0.000000
1157.345747   0.000000
1157.890279   0.000000
1158.434841   0.000000
1158.979432   0.000000
1159.524052   0.000000
1160.068702   1.000000
1160.613382   0.000000
1161.158091   1.000000
1161.702830   0.000000
1162.247598   0.000000
1162.792396   0.000000
1163.337224   0.000000
1163.882081   0.000000
1164.426967   1.000000
1164.971884   1.000000
1165.516829   1.000000
1166.061805   0.000000
1166.606810   0.000000
1167.151844   0.000000
1167.696908   0.000000
1168.242002   0.000000
1168.787125   0.000000
1169.332278   0.000000
1169.877460   0.000000
1170.422672   0.000000
1170.967914   0.000000
1171.513185   0.000000
1172.058485   0.000000
1172.603816   0.000000
1173.149175   0.000000
1173.694565   0.000000
1174.239984   0.000000
1174.785432   0.000000
1175.330910   2.000000
1175.876418   0.000000
1176.421955   2.000000
1176.967522   0.000000
1177.513118   0.000000
1178.058744   0.000000
1178.604400   0.000000
1179.150085   0.000000
1179.695800   2.000000
1180.241544   0.000000
1180.787318   0.000000
1181.333121   2.000000
1181.878954   2.000000
1182.424816   0.000000
1182.970708   0.000000
1183.516630   0.000000
1184.062581   0.000000
1184.608562   1.000000
1185.154572   0.000000
1185.700612   0.000000
1186.246682   0.000000
1186.792781   0.000000
1187.338910   0.000000
1187.885068   0.000000
1188.431256   0.000000
1188.977473   1.000000
1189.523720   1.000000
1190.069996   1.000000
1190.616303   0.000000
1191.162638   0.000000
1191.709003   0.000000
1192.255398   0.000000
1192.801823   0.000000
1193.348277   1.000000
1193.894760   1.000000
1194.441273   0.000000
1194.987816   0.000000
1195.534388   1.000000
1196.080990   0.000000
1196.627621   0.000000
1197.174282   0.000000
1197.720973   0.000000
1198.267693   1.000000
1198.814442   0.000000
1199.361222   0.000000
1199.908030   0.000000
1200.454869   0.000000
1201.001737   1.000000
1201.548634   0.000000
1202.095561   0.000000
1202.642518   0.000000
1203.189504   0.000000
1203.736520   0.000000
1204.283565   1.000000
1204.830640   0.000000
1205.377745   1.000000
1205.924879   0.000000
1206.472042   0.000000
1207.019236   1.000000
1207.566458   0.000000
1208.113711   0.000000
1208.660993   0.000000
1209.208304   0.000000
1209.755645   0.000000
1210.303016   0.000000
1210.850416   1.000000
1211.397846   0.000000
1211.945305   1.000000
1212.492794   0.000000
1213.040313   0.000000
1213.587861   0.000000
1214.135438   1.000000
1214.683046   0.000000
1215.230682   0.000000
1215.778349   0.000000
1216.326045   0.000000
1216.873770   1.000000
1217.421525   0.000000
1217.969310   0.000000
1218.517124   0.000000
1219.064968   0.000000
1219.612841   0.000000
1220.160744   0.000000
1220.708677   0.000000
1221.256639   0.000000
1221.804631   2.000000
1222.352652   0.000000
1222.900703   0.000000
1223.448783   0.000000
1223.996893   0.000000
1224.545032   0.000000
1225.093201   0.000000
1225.641400   0.000000
1226.189628   1.000000
1226.737886   0.000000
1227.286173   1.000000
1227.834490   0.000000
1228.382837   0.000000
1228.931213   0.000000
1229.479619   0.000000
1230.028054   1.000000
1230.576519   0.000000
1231.125013   1.000000
1231.673537   2.000000
1232.222090   1.000000
1232.770674   1.000000
1233.319286   0.000000
1233.867928   1.000000
1234.416600   1.000000
1234.965302   0.000000
1235.514032   0.000000
1236.062793   0.000000
1236.611583   0.000000
1237.160403   1.000000
1237.709252   0.000000
1238.258131   0.000000
1238.807039   1.000000
1239.355977   0.000000
1239.904945   0.000000
1240.453942   0.000000
1241.002968   0.000000
1241.552024   0.000000
1242.101110   0.000000
1242.650226   0.000000
1243.199371   1.000000
1243.748545   2.000000
1244.297749   0.000000
1244.846983   1.000000
1245.396246   0.000000
1245.945539   1.000000
1246.494861   0.000000
1247.044213   0.000000
1247.593595   0.000000
1248.143006   0.000000
1248.692446   0.000000
1249.241917   0.000000
1249.791416   0.000000
1250.340946   1.000000
1250.890505   0.000000
1251.440093   0.000000
1251.989711   0.000000
1252.539359   0.000000
1253.089036   2.000000
1253.638743   1.000000
1254.188479   0.000000
1254.738245   0.000000
1255.288041   0.000000
1255.837866   0.000000
1256.387720   0.000000
1256.937605   0.000000
1257.487518   0.000000
1258.037462   0.000000
1258.587435   0.000000
1259.137437   0.000000
1259.687469   1.000000
1260.237531   0.000000
1260.787622   0.000000
1261.337743   0.000000
1261.887893   0.000000
1262.438073   1.000000
1262.988283   0.000000
1263.538522   1.000000
1264.088790   1.000000
1264.639089   0.000000
1265.189416   1.000000
1265.739774   0.000000
1266.290161   0.000000
1266.840577   0.000000
1267.391023   0.000000
1267.941499   0.000000
1268.492004   0.000000
1269.042539   0.000000
1269.593103   0.000000
1270.143697   1.000000
1270.694321   0.000000
1271.244974   0.000000
1271.795656   1.000000
1272.346369   0.000000
1272.897110   0.000000
1273.447882   1.000000
1273.998683   1.000000
1274.549513   0.000000
1275.100373   2.000000
1275.651263   0.000000
1276.202182   0.000000
1276.753131   0.000000
1277.304109   0.000000
1277.855117   1.000000
1278.406155   0.000000
1278.957222   0.000000
1279.508318   0.000000
1280.059445   0.000000
1280.610600   0.000000
1281.161786   1.000000
1281.713001   0.000000
1282.264245   1.000000
1282.815519   1.000000
1283.366823   0.000000
1283.918156   0.000000
1284.469519   1.000000
1285.020911   0.000000
1285.572333   1.000000
1286.123785   0.000000
1286.675266   0.000000
1287.226777   0.000000
1287.778317   0.000000
1288.329887   0.000000
1288.881486   0.000000
1289.433115   0.000000
1289.984773   0.000000
1290.536461   0.000000
1291.088179   0.000000
1291.639926   1.000000
1292.191703   1.000000
1292.743509   0.000000
1293.295345   0.000000
1293.847211   0.000000
1294.399106   1.000000
1294.951031   0.000000
1295.502985   1.000000
1296.054969   0.000000
1296.606982   0.000000
1297.159025   0.000000
1297.711097   0.000000
1298.263199   1.000000
1298.815331   2.000000
1299.367492   0.000000
1299.919683   0.000000
1300.471903   0.000000
1301.024153   0.000000
1301.576433   1.000000
1302.128742   0.000000
1302.681081   0.000000
1303.233449   0.000000
1303.785847   1.000000
1304.338274   0.000000
1304.890731   0.000000
1305.443217   0.000000
1305.995733   1.000000
1306.548279   0.000000
1307.100854   0.000000
1307.653459   0.000000
1308.206093   0.000000
1308.758757   0.000000
1309.311451   0.000000
1309.864174   0.000000
1310.416927   0.000000
1310.969709   0.000000
1311.522521   0.000000
1312.075362   0.000000
1312.628233   0.000000
1313.181133   1.000000
1313.734063   0.000000
1314.287023   0.000000
1314.840012   0.000000
1315.393031   0.000000
1315.946079   0.000000
1316.499157   0.000000
1317.052265   0.000000
1317.605402   0.000000
1318.158569   1.000000
1318.711765   0.000000
1319.264991   0.000000
1319.818246   0.000000
1320.371531   0.000000
1320.924845   0.000000
1321.478189   0.000000
1322.031563   0.000000
1322.584966   0.000000
1323.138399   1.000000
1323.691861   0.000000
1324.245353   0.000000
1324.798875   0.000000
1325.352426   0.000000
1325.906007   0.000000
1326.459617   1.000000
1327.013257   0.000000
1327.566926   1.000000
1328.120625   0.000000
1328.674353   1.000000
1329.228111   0.000000
1329.781899   0.000000
1330.335716   0.000000
1330.889563   1.000000
1331.443439   1.000000
1331.997345   0.000000
1332.551281   0.000000
1333.105246   0.000000
1333.659241   1.000000
1334.213265   0.000000
1334.767319   1.000000
1335.321402   0.000000
1335.875515   1.000000
1336.429657   0.000000
1336.983829   0.000000
1337.538031   0.000000
1338.092262   0.000000
1338.646523   0.000000
1339.200813   1.000000
1339.755133   0.000000
1340.309483   0.000000
1340.863862   0.000000
1341.418271   1.000000
1341.972709   0.000000
1342.527177   1.000000
1343.081674   0.000000
1343.636201   0.000000
1344.190757   0.000000
1344.745343   0.000000
1345.299959   0.000000
1345.854604   0.000000
1346.409279   0.000000
1346.963983   0.000000
1347.518717   0.000000
1348.073481   1.000000
1348.628274   2.000000
1349.183097   1.000000
1349.737949   0.000000
1350.292831   0.000000
1350.847742   0.000000
1351.402683   0.000000
1351.957653   0.000000
1352.512653   0.000000
1353.067683   0.000000
1353.622742   0.000000
1354.177831   0.000000
1354.732949   0.000000
1355.288097   0.000000
1355.843275   0.000000
1356.398482   0.000000
1356.953719   0.000000
1357.508985   0.000000
1358.064281   0.000000
1358.619606   0.000000
1359.174961   0.000000
1359.730345   0.000000
1360.285759   0.000000
1360.841203   0.000000
1361.396676   0.000000
1361.952179   0.000000
1362.507711   0.000000
1363.063273   0.000000
1363.618865   1.000000
1364.174486   0.000000
1364.730137   0.000000
1365.285817   0.000000
1365.841527   0.000000
1366.397266   0.000000
1366.953035   0.000000
1367.508833   0.000000
1368.064661   0.000000
1368.620519   0.000000
1369.176406   0.000000
1369.732323   0.000000
1370.288269   0.000000
1370.844245   0.000000
1371.400251   0.000000
1371.956286   0.000000
1372.512351   0.000000
1373.068445   0.000000
1373.624569   0.000000
1374.180722   0.000000
1374.736905   0.000000
1375.293117   0.000000
1375.849359   0.000000
1376.405631   0.000000
1376.961932   0.000000
1377.518263   0.000000
1378.074623   0.000000
1378.631013   0.000000
1379.187433   0.000000
1379.743882   0.000000
1380.300360   0.000000
1380.856869   1.000000
1381.413406   0.000000
1381.969974   0.000000
1382.526571   1.000000
1383.083197   1.000000
1383.639853   1.000000
1384.196539   0.000000
1384.753254   0.000000
1385.309999   0.000000
1385.866773   1.000000
1386.423577   0.000000
1386.980411   0.000000
1387.537274   0.000000
1388.094166   1.000000
1388.651089   0.000000
1389.208040   0.000000
1389.765022   0.000000
1390.322033   0.000000
1390.879073   0.000000
1391.436143   0.000000
1391.993243   0.000000
1392.550372   0.000000
1393.107531   0.000000
1393.664719   1.000000
1394.221937   1.000000
1394.779185   0.000000
1395.336462   0.000000
1395.893768   0.000000
1396.451105   1.000000
1397.008470   1.000000
1397.565866   0.000000
1398.123291   1.000000
1398.680745   0.000000
1399.238229   0.000000
1399.795743   0.000000
1400.353286   0.000000
1400.910859   0.000000
1401.468461   0.000000
1402.026093   1.000000
1402.583755   0.000000
1403.141446   0.000000
1403.699166   1.000000
1404.256917   0.000000
1404.814696   0.000000
1405.372506   0.000000
1405.930345   0.000000
1406.488213   0.000000
1407.046111   0.000000
1407.604039   1.000000
1408.161996   0.000000
1408.719983   0.000000
1409.277999   0.000000
1409.836045   1.000000
1410.394121   1.000000
1410.952226   0.000000
1411.510360   0.000000
1412.068524   0.000000
1412.626718   0.000000
1413.184942   0.000000
1413.743195   0.000000
1414.301477   0.000000
1414.859789   0.000000
1415.418131   0.000000
1415.976502   0.000000
1416.534903   1.000000
1417.093333   0.000000
1417.651793   0.000000
1418.210283   0.000000
1418.768802   0.000000
1419.327350   0.000000
1419.885928   0.000000
1420.444536   0.000000
1421.003174   0.000000
1421.561840   0.000000
1422.120537   0.000000
1422.679263   0.000000
1423.238019   0.000000
1423.796804   0.000000
1424.355619   0.000000
1424.914463   0.000000
1425.473337   0.000000
1426.032240   1.000000
1426.591174   0.000000
1427.150136   1.000000
1427.709128   0.000000
1428.268150   0.000000
1428.827201   0.000000
1429.386282   0.000000
1429.945393   1.000000
1430.504533   0.000000
1431.063703   1.000000
1431.622902   0.000000
1432.182131   0.000000
1432.741389   0.000000
1433.300677   0.000000
1433.859994   0.000000
1434.419341   2.000000
1434.978718   0.000000
1435.538124   0.000000
1436.097560   1.000000
1436.657025   1.000000
1437.216520   0.000000
1437.776045   0.000000
1438.335599   0.000000
1438.895183   0.000000
1439.454796   0.000000
1440.014439   0.000000
1440.574111   2.000000
1441.133813   0.000000
1441.693544   1.000000
1442.253305   1.000000
1442.813096   0.000000
1443.372916   0.000000
1443.932766   0.000000
1444.492645   1.000000
1445.052554   0.000000
1445.612493   1.000000
1446.172461   0.000000
1446.732458   1.000000
1447.292486   0.000000
1447.852542   0.000000
1448.412629   0.000000
1448.972745   0.000000
1449.532890   0.000000
1450.093065   0.000000
1450.653270   0.000000
1451.213504   0.000000
1451.773768   0.000000
1452.334061   0.000000
1452.894384   0.000000
1453.454737   1.000000
1454.015119   0.000000
1454.575530   0.000000
1455.135972   0.000000
1455.696442   1.000000
1456.256943   0.000000
1456.817473   0.000000
1457.378032   0.000000
1457.938621   0.000000
1458.499240   0.000000
1459.059888   0.000000
1459.620566   0.000000
1460.181273   1.000000
1460.742010   0.000000
1461.302777   1.000000
1461.863573   0.000000
1462.424398   0.000000
1462.985253   0.000000
1463.546138   1.000000
1464.107053   0.000000
1464.667997   0.000000
1465.228970   0.000000
1465.789973   0.000000
1466.351006   0.000000
1466.912068   2.000000
1467.473160   0.000000
1468.034281   0.000000
1468.595432   1.000000
1469.156612   2.000000
1469.717823   1.000000
1470.279062   1.000000
1470.840331   0.000000
1471.401630   1.000000
1471.962959   1.000000
1472.524316   0.000000
1473.085704   0.000000
1473.647121   0.000000
1474.208568   0.000000
1474.770044   0.000000
1475.331550   0.000000
1475.893085   0.000000
1476.454650   0.000000
1477.016244   0.000000
1477.577868   0.000000
1478.139522   0.000000
1478.701205   0.000000
1479.262918   0.000000
1479.824660   0.000000
1480.386432   1.000000
1480.948234   0.000000
1481.510065   1.000000
1482.071926   0.000000
1482.633816   0.000000
1483.195736   0.000000
1483.757685   1.000000
1484.319664   0.000000
1484.881672   1.000000
1485.443710   0.000000
1486.005778   0.000000
1486.567875   0.000000
1487.130002   0.000000
1487.692158   1.000000
1488.254344   0.000000
1488.816560   1.000000
1489.378805   1.000000
1489.941079   0.000000
1490.503384   0.000000
1491.065717   0.000000
1491.628081   0.000000
1492.190474   1.000000
1492.752896   0.000000
1493.315348   1.000000
1493.877830   0.000000
1494.440341   0.000000
1495.002882   0.000000
1495.565452   0.000000
1496.128052   0.000000
1496.690682   0.000000
1497.253341   0.000000
1497.816029   0.000000
1498.378747   0.000000
1498.941495   0.000000
1499.504273   0.000000
1500.067080   0.000000
1500.629916   1.000000
1501.192782   0.000000
1501.755678   0.000000
1502.318603   0.000000
1502.881558   1.000000
1503.444542   0.000000
1504.007556   0.000000
1504.570599   0.000000
1505.133673   1.000000
1505.696775   0.000000
1506.259907   0.000000
1506.823069   0.000000
1507.386260   0.000000
1507.949481   0.000000
1508.512732   0.000000
1509.076012   0.000000
1509.639322   0.000000
1510.202661   0.000000
1510.766030   0.000000
1511.329428   0.000000
1511.892856   0.000000
1512.456313   0.000000
1513.019800   0.000000
1513.583317   0.000000
1514.146863   0.000000
1514.710439   0.000000
1515.274044   0.000000
1515.837679   1.000000
1516.401344   0.000000
1516.965038   0.000000
1517.528761   0.000000
1518.092515   0.000000
1518.656297   0.000000
1519.220110   0.000000
1519.783952   0.000000
1520.347823   1.000000
1520.911724   0.000000
1521.475655   0.000000
1522.039615   0.000000
1522.603605   0.000000
1523.167624   0.000000
1523.731673   0.000000
1524.295752   0.000000
1524.859860   0.000000
1525.423997   0.000000
1525.988165   0.000000
1526.552361   0.000000
1527.116588   0.000000
1527.680844   0.000000
1528.245129   0.000000
1528.809444   0.000000
1529.373789   0.000000
1529.938163   0.000000
1530.502567   0.000000
1531.067000   0.000000
1531.631463   0.000000
1532.195955   0.000000
1532.760478   0.000000
1533.325029   0.000000
1533.889610   0.000000
1534.454221   0.000000
1535.018862   0.000000
1535.583531   2.000000
1536.148231   0.000000
1536.712960   0.000000
1537.277719   0.000000
1537.842507   0.000000
1538.407325   0.000000
1538.972172   0.000000
1539.537049   0.000000
1540.101955   0.000000
1540.666891   1.000000
1541.231857   0.000000
1541.796852   0.000000
1542.361877   0.000000
1542.926931   0.000000
1543.492015   0.000000
1544.057129   0.000000
1544.622272   0.000000
1545.187444   0.000000
1545.752647   0.000000
1546.317878   0.000000
1546.883140   0.000000
1547.448431   0.000000
1548.013751   0.000000
1548.579101   0.000000
1549.144481   0.000000
1549.709890   0.000000
1550.275329   0.000000
1550.840797   0.000000
1551.406295   0.000000
1551.971823   0.000000
1552.537380   0.000000
1553.102966   0.000000
1553.668583   0.000000
1554.234228   0.000000
1554.799904   2.000000
1555.365609   0.000000
1555.931343   0.000000
1556.497107   0.000000
1557.062901   0.000000
1557.628724   0.000000
1558.194577   0.000000
1558.760459   0.000000
1559.326371   0.000000
1559.892312   0.000000
1560.458284   0.000000
1561.024284   0.000000
1561.590314   0.000000
1562.156374   0.000000
1562.722463   0.000000
1563.288582   0.000000
1563.854731   0.000000
1564.420909   0.000000
1564.987117   0.000000
1565.553354   0.000000
1566.119621   0.000000
1566.685917   0.000000
1567.252243   1.000000
1567.818598   0.000000
1568.384983   0.000000
1568.951398   0.000000
1569.517842   0.000000
1570.084316   0.000000
1570.650819   0.000000
1571.217352   0.000000
1571.783915   0.000000
1572.350507   0.000000
1572.917128   0.000000
1573.483780   0.000000
1574.050460   0.000000
1574.617171   0.000000
1575.183911   1.000000
1575.750680   0.000000
1576.317479   0.000000
1576.884308   0.000000
1577.451166   0.000000
1578.018054   0.000000
1578.584971   0.000000
1579.151918   0.000000
1579.718895   0.000000
1580.285901   0.000000
1580.852936   0.000000
1581.420001   0.000000
1581.987096   0.000000
1582.554221   0.000000
1583.121374   0.000000
1583.688558   0.000000
1584.255771   0.000000
1584.823014   0.000000
1585.390286   0.000000
1585.957588   0.000000
1586.524919   0.000000
1587.092280   0.000000
1587.659670   0.000000
1588.227090   0.000000
1588.794540   0.000000
1589.362019   0.000000
1589.929528   0.000000
1590.497066   0.000000
1591.064634   0.000000
1591.632232   0.000000
1592.199859   0.000000
1592.767515   0.000000
1593.335202   0.000000
1593.902917   1.000000
1594.470663   1.000000
1595.038438   1.000000
1595.606242   0.000000
1596.174076   0.000000
1596.741940   0.000000
1597.309833   0.000000
1597.877756   0.000000
1598.445708   0.000000
1599.013690   0.000000
1599.581702   0.000000
1600.149743   0.000000
1600.717813   0.000000
1601.285913   0.000000
1601.854043   0.000000
1602.422203   0.000000
1602.990391   0.000000
1603.558610   0.000000
1604.126858   0.000000
1604.695136   0.000000
1605.263443   0.000000
1605.831780   0.000000
1606.400146   0.000000
1606.968542   0.000000
1607.536967   0.000000
1608.105422   0.000000
1608.673907   0.000000
1609.242421   0.000000
1609.810965   0.000000
1610.379538   0.000000
1610.948141   0.000000
1611.516774   0.000000
1612.085436   0.000000
1612.654127   0.000000
1613.222849   0.000000
1613.791599   0.000000
1614.360380   0.000000
1614.929190   0.000000
1615.498029   0.000000
1616.066898   0.000000
1616.635797   0.000000
1617.204725   0.000000
1617.773683   0.000000
1618.342670   0.000000
1618.911687   0.000000
1619.480734   0.000000
1620.049810   1.000000
1620.618915   0.000000
1621.188050   0.000000
1621.757215   0.000000
1622.326410   1.000000
1622.895633   0.000000
1623.464887   0.000000
1624.034170   0.000000
1624.603483   0.000000
1625.172825   0.000000
1625.742197   0.000000
1626.311598   0.000000
1626.881029   0.000000
1627.450489   0.000000
1628.019979   0.000000
1628.589499   0.000000
1629.159048   0.000000
1629.728627   0.000000
1630.298235   0.000000
1630.867873   0.000000
1631.437541   0.000000
1632.007238   0.000000
1632.576964   0.000000
1633.146721   0.000000
1633.716506   0.000000
1634.286322   0.000000
1634.856167   0.000000
1635.426041   0.000000
1635.995945   0.000000
1636.565879   0.000000
1637.135842   0.000000
1637.705835   0.000000
1638.275857   0.000000
1638.845909   0.000000
1639.415991   0.000000
1639.986102   0.000000
1640.556242   0.000000
1641.126412   0.000000
1641.696612   0.000000
1642.266842   0.000000
1642.837100   0.000000
1643.407389   0.000000
1643.977707   0.000000
1644.548055   0.000000
1645.118432   0.000000
1645.688839   0.000000
1646.259275   0.000000
1646.829741   0.000000
1647.400236   0.000000
1647.970761   0.000000
1648.541316   1.000000
1649.111900   0.000000
1649.682514   0.000000
1650.253157   1.000000
1650.823830   0.000000
1651.394533   0.000000
1651.965265   0.000000
1652.536026   0.000000
1653.106818   0.000000
1653.677638   0.000000
1654.248489   0.000000
1654.819369   0.000000
1655.390278   0.000000
1655.961217   0.000000
1656.532186   0.000000
1657.103184   0.000000
1657.674212   0.000000
1658.245269   0.000000
1658.816356   0.000000
1659.387472   0.000000
1659.958619   1.000000
1660.529794   0.000000
1661.100999   0.000000
1661.672234   0.000000
1662.243498   0.000000
1662.814792   0.000000
1663.386116   1.000000
1663.957469   0.000000
1664.528852   1.000000
1665.100264   0.000000
1665.671705   0.000000
1666.243177   0.000000
1666.814678   0.000000
1667.386208   0.000000
1667.957768   0.000000
1668.529358   0.000000
1669.100977   0.000000
1669.672626   0.000000
1670.244304   0.000000
1670.816012   1.000000
1671.387750   0.000000
1671.959517   0.000000
1672.531313   0.000000
1673.103139   0.000000
1673.674995   0.000000
1674.246881   0.000000
1674.818795   0.000000
1675.390740   0.000000
1675.962714   0.000000
1676.534718   0.000000
1677.106751   0.000000
1677.678814   0.000000
1678.250906   0.000000
1678.823028   0.000000
1679.395179   0.000000
1679.967360   0.000000
1680.539571   0.000000
1681.111811   1.000000
1681.684081   0.000000
1682.256380   0.000000
1682.828709   0.000000
1683.401068   1.000000
1683.973456   0.000000
1684.545873   0.000000
1685.118321   0.000000
1685.690797   0.000000
1686.263304   0.000000
1686.835840   0.000000
1687.408405   0.000000
1687.981000   0.000000
1688.553625   0.000000
1689.126279   0.000000
1689.698963   0.000000
1690.271676   0.000000
1690.844419   0.000000
1691.417191   0.000000
1691.989994   0.000000
1692.562825   0.000000
1693.135686   0.000000
1693.708577   0.000000
1694.281497   0.000000
1694.854447   0.000000
1695.427427   0.000000
1696.000436   0.000000
1696.573475   0.000000
1697.146543   0.000000
1697.719640   0.000000
1698.292768   0.000000
1698.865925   0.000000
1699.439111   0.000000
1700.012327   0.000000
1700.585573   0.000000
1701.158848   0.000000
1701.732153   0.000000
1702.305487   0.000000
1702.878851   0.000000
1703.452245   0.000000
1704.025668   0.000000
1704.599120   0.000000
1705.172602   0.000000
1705.746114   0.000000
1706.319656   0.000000
1706.893226   0.000000
1707.466827   0.000000
1708.040457   0.000000
1708.614117   0.000000
1709.187806   0.000000
1709.761525   0.000000
1710.335273   0.000000
1710.909051   0.000000
1711.482858   0.000000
1712.056695   0.000000
1712.630562   0.000000
1713.204458   0.000000
1713.778384   0.000000
1714.352339   0.000000
1714.926324   0.000000
1715.500339   0.000000
1716.074383   0.000000
1716.648456   0.000000
1717.222560   0.000000
1717.796692   0.000000
1718.370855   0.000000
1718.945047   0.000000
1719.519268   0.000000
1720.093519   0.000000
1720.667800   0.000000
1721.242110   0.000000
1721.816450   0.000000
1722.390819   0.000000
1722.965218   0.000000
1723.539646   0.000000
1724.114104   0.000000
1724.688592   0.000000
1725.263109   0.000000
1725.837656   0.000000
1726.412232   0.000000
1726.986838   0.000000
1727.561474   0.000000
1728.136139   0.000000
1728.710833   1.000000
1729.285558   0.000000
1729.860311   0.000000
1730.435095   0.000000
1731.009908   0.000000
1731.584750   0.000000
1732.159622   0.000000
1732.734524   0.000000
1733.309455   0.000000
1733.884416   0.000000
1734.459406   0.000000
1735.034426   0.000000
1735.609475   0.000000
1736.184555   0.000000
1736.759663   0.000000
1737.334801   0.000000
1737.909969   0.000000
1738.485166   0.000000
1739.060393   0.000000
1739.635650   0.000000
1740.210936   0.000000
1740.786251   0.000000
1741.361597   0.000000
1741.936971   0.000000
1742.512376   0.000000
1743.087810   1.000000
1743.663273   0.000000
1744.238766   0.000000
1744.814289   1.000000
1745.389841   0.000000
1745.965423   0.000000
1746.541034   0.000000
1747.116675   0.000000
1747.692346   0.000000
1748.268046   0.000000
1748.843775   0.000000
1749.419534   0.000000
1749.995323   0.000000
1750.571141   0.000000
1751.146989   0.000000
1751.722867   0.000000
1752.298774   0.000000
1752.874711   1.000000
1753.450677   0.000000
1754.026673   0.000000
1754.602698   0.000000
1755.178753   1.000000
1755.754837   0.000000
1756.330951   1.000000
1756.907095   0.000000
1757.483268   1.000000
1758.059471   0.000000
1758.635703   0.000000
1759.211965   0.000000
1759.788257   0.000000
1760.364578   0.000000
1760.940928   0.000000
1761.517308   0.000000
1762.093718   0.000000
1762.670158   0.000000
1763.246626   0.000000
1763.823125   0.000000
1764.399653   0.000000
1764.976211   0.000000
1765.552798   0.000000
1766.129415   0.000000
1766.706061   0.000000
1767.282737   0.000000
1767.859442   0.000000
1768.436177   0.000000
1769.012942   0.000000
1769.589736   0.000000
1770.166560   0.000000
1770.743413   0.000000
1771.320296   0.000000
1771.897209   0.000000
1772.474151   0.000000
1773.051122   1.000000
1773.628123   0.000000
1774.205154   0.000000
1774.782215   0.000000
1775.359304   0.000000
1775.936424   0.000000
1776.513573   0.000000
1777.090752   0.000000
1777.667960   0.000000
1778.245198   0.000000
1778.822465   0.000000
1779.399762   0.000000
1779.977088   0.000000
1780.554444   0.000000
1781.131830   0.000000
1781.709245   0.000000
1782.286690   0.000000
1782.864164   0.000000
1783.441668   0.000000
1784.019202   0.000000
1784.596765   0.000000
1785.174357   0.000000
1785.751979   0.000000
1786.329631   0.000000
1786.907313   0.000000
1787.485023   0.000000
1788.062764   0.000000
1788.640534   0.000000
1789.218334   0.000000
1789.796163   0.000000
1790.374022   0.000000
1790.951910   0.000000
1791.529828   0.000000
1792.107775   0.000000
1792.685752   0.000000
1793.263759   0.000000
1793.841795   0.000000
1794.419861   0.000000
1794.997956   1.000000
1795.576081   1.000000
1796.154236   1.000000
1796.732420   0.000000
1797.310633   0.000000
1797.888877   0.000000
1798.467149   0.000000
1799.045452   0.000000
1799.623784   0.000000
1800.202145   0.000000
1800.780536   0.000000
1801.358957   0.000000
1801.937407   0.000000
1802.515887   0.000000
1803.094396   0.000000
1803.672935   1.000000
1804.251503   0.000000
1804.830101   0.000000
1805.408729   0.000000
1805.987386   0.000000
1806.566073   0.000000
1807.144789   0.000000
1807.723535   0.000000
1808.302311   1.000000
1808.881116   0.000000
1809.459950   0.000000
1810.038815   0.000000
1810.617708   0.000000
1811.196632   0.000000
1811.775585   0.000000
1812.354567   0.000000
1812.933579   0.000000
1813.512621   0.000000
1814.091692   0.000000
1814.670793   0.000000
1815.249923   0.000000
1815.829083   0.000000
1816.408272   0.000000
1816.987491   0.000000
1817.566740   0.000000
1818.146018   0.000000
1818.725326   0.000000
1819.304663   0.000000
1819.884030   0.000000
1820.463427   0.000000
1821.042853   0.000000
1821.622308   0.000000
1822.201793   0.000000
1822.781308   0.000000
1823.360853   0.000000
1823.940426   0.000000
1824.520030   0.000000
1825.099663   0.000000
1825.679326   0.000000
1826.259018   0.000000
1826.838740   0.000000
1827.418491   0.000000
1827.998272   0.000000
1828.578082   0.000000
1829.157922   0.000000
1829.737792   0.000000
1830.317691   0.000000
1830.897620   0.000000
1831.477578   0.000000
1832.057566   0.000000
1832.637584   0.000000
1833.217631   0.000000
1833.797707   0.000000
1834.377813   0.000000
1834.957949   0.000000
1835.538115   0.000000
1836.118309   0.000000
1836.698534   0.000000
1837.278788   0.000000
1837.859072   1.000000
1838.439385   0.000000
1839.019728   0.000000
1839.600100   0.000000
1840.180502   0.000000
1840.760933   0.000000
1841.341394   0.000000
1841.921885   0.000000
1842.502405   0.000000
1843.082955   0.000000
1843.663534   0.000000
1844.244143   0.000000
1844.824782   0.000000
1845.405450   0.000000
1845.986147   0.000000
1846.566874   0.000000
1847.147631   0.000000
1847.728418   0.000000
1848.309233   0.000000
1848.890079   0.000000
1849.470954   0.000000
1850.051859   0.000000
1850.632793   0.000000
1851.213756   0.000000
1851.794750   0.000000
1852.375773   0.000000
1852.956825   0.000000
1853.537907   0.000000
1854.119019   0.000000
1854.700160   0.000000
1855.281331   0.000000
1855.862531   0.000000
1856.443761   0.000000
1857.025021   0.000000
1857.606310   0.000000
1858.187628   0.000000
1858.768976   0.000000
1859.350354   0.000000
1859.931761   0.000000
1860.513198   0.000000
1861.094665   0.000000
1861.676161   0.000000
1862.257686   0.000000
1862.839242   0.000000
1863.420826   0.000000
1864.002441   0.000000
1864.584085   0.000000
1865.165758   0.000000
1865.747461   0.000000
1866.329194   0.000000
1866.910956   0.000000
1867.492748   1.000000
1868.074569   0.000000
1868.656420   0.000000
1869.238300   0.000000
1869.820210   0.000000
1870.402150   0.000000
1870.984119   0.000000
1871.566118   0.000000
1872.148146   0.000000
1872.730204   0.000000
1873.312292   0.000000
1873.894409   0.000000
1874.476555   0.000000
1875.058732   0.000000
1875.640937   0.000000
1876.223173   0.000000
1876.805438   0.000000
1877.387732   0.000000
1877.970056   0.000000
1878.552410   0.000000
1879.134793   1.000000
1879.717206   0.000000
1880.299648   0.000000
1880.882120   1.000000
1881.464621   0.000000
1882.047152   0.000000
1882.629713   0.000000
1883.212303   0.000000
1883.794923   0.000000
1884.377572   0.000000
1884.960251   0.000000
1885.542960   0.000000
1886.125698   0.000000
1886.708465   0.000000
1887.291263   0.000000
1887.874089   0.000000
1888.456946   0.000000
1889.039832   0.000000
1889.622747   0.000000
1890.205692   0.000000
1890.788667   0.000000
1891.371671   0.000000
1891.954705   0.000000
1892.537768   0.000000
1893.120861   0.000000
1893.703983   0.000000
1894.287135   0.000000
1894.870317   0.000000
1895.453528   0.000000
1896.036769   0.000000
1896.620039   0.000000
1897.203339   0.000000
1897.786669   0.000000
1898.370028   0.000000
1898.953416   0.000000
1899.536834   0.000000
1900.120282   0.000000
1900.703760   0.000000
1901.287266   0.000000
1901.870803   0.000000
1902.454369   0.000000
1903.037965   0.000000
1903.621590   0.000000
1904.205244   0.000000
1904.788929   0.000000
1905.372643   0.000000
1905.956386   0.000000
1906.540159   0.000000
1907.123962   0.000000
1907.707794   0.000000
1908.291656   0.000000
1908.875547   0.000000
1909.459468   0.000000
1910.043418   0.000000
1910.627399   0.000000
1911.211408   0.000000
1911.795447   0.000000
1912.379516   0.000000
1912.963614   0.000000
1913.547742   0.000000
1914.131900   0.000000
1914.716087   0.000000
1915.300303   0.000000
1915.884550   0.000000
1916.468825   0.000000
1917.053131   0.000000
1917.637466   0.000000
1918.221830   0.000000
1918.806224   0.000000
1919.390648   0.000000
1919.975101   1.000000
1920.559584   0.000000
1921.144096   0.000000
1921.728638   0.000000
1922.313209   0.000000
1922.897810   0.000000
1923.482441   0.000000
1924.067101   0.000000
1924.651791   1.000000
1925.236510   0.000000
1925.821259   0.000000
1926.406038   0.000000
1926.990846   0.000000
1927.575683   0.000000
1928.160550   0.000000
1928.745447   0.000000
1929.330374   0.000000
1929.915329   0.000000
1930.500315   0.000000
1931.085330   0.000000
1931.670375   0.000000
1932.255449   0.000000
1932.840553   0.000000
1933.425686   0.000000
1934.010849   0.000000
1934.596041   0.000000
1935.181263   0.000000
1935.766515   0.000000
1936.351796   0.000000
1936.937107   0.000000
1937.522447   0.000000
1938.107817   0.000000
1938.693217   0.000000
1939.278646   0.000000
1939.864104   0.000000
1940.449592   0.000000
1941.035110   0.000000
1941.620657   0.000000
1942.206234   0.000000
1942.791841   0.000000
1943.377477   0.000000
1943.963142   0.000000
1944.548838   0.000000
1945.134562   0.000000
1945.720317   1.000000
1946.306101   0.000000
1946.891914   0.000000
1947.477757   0.000000
1948.063630   0.000000
1948.649532   0.000000
1949.235464   0.000000
1949.821425   0.000000
1950.407416   0.000000
1950.993436   0.000000
1951.579486   0.000000
1952.165566   0.000000
1952.751675   0.000000
1953.337814   0.000000
1953.923982   0.000000
1954.510180   0.000000
1955.096408   0.000000
1955.682665   0.000000
1956.268951   0.000000
1956.855267   0.000000
1957.441613   0.000000
1958.027989   0.000000
1958.614393   0.000000
1959.200828   0.000000
1959.787292   0.000000
1960.373786   0.000000
1960.960309   0.000000
1961.546862   0.000000
1962.133444   0.000000
1962.720056   0.000000
1963.306697   1.000000
1963.893368   0.000000
1964.480069   0.000000
1965.066799   0.000000
1965.653559   0.000000
1966.240348   0.000000
1966.827167   0.000000
1967.414015   0.000000
1968.000894   0.000000
1968.587801   0.000000
1969.174738   0.000000
1969.761705   0.000000
1970.348701   0.000000
1970.935727   0.000000
1971.522783   0.000000
1972.109868   0.000000
1972.696982   0.000000
1973.284127   0.000000
1973.871300   0.000000
1974.458504   0.000000
1975.045737   0.000000
1975.632999   0.000000
1976.220291   0.000000
1976.807613   0.000000
1977.394964   0.000000
1977.982345   0.000000
1978.569755   0.000000
1979.157195   0.000000
1979.744664   0.000000
1980.332163   0.000000
1980.919692   0.000000
1981.507250   0.000000
1982.094838   0.000000
1982.682455   0.000000
1983.270102   0.000000
1983.857779   1.000000
1984.445485   0.000000
1985.033220   0.000000
1985.620985   0.000000
1986.208780   0.000000
1986.796604   0.000000
1987.384458   0.000000
1987.972342   0.000000
1988.560255   0.000000
1989.148197   0.000000
1989.736170   0.000000
1990.324171   0.000000
1990.912203   0.000000
1991.500264   0.000000
1992.088354   0.000000
1992.676474   0.000000
1993.264624   0.000000
1993.852803   0.000000
1994.441012   0.000000
1995.029250   0.000000
1995.617518   0.000000
1996.205815   0.000000
1996.794142   0.000000
1997.382499   0.000000
1997.970885   0.000000
1998.559301   0.000000
1999.147746   0.000000
1999.736221   0.000000
2000.324726   0.000000
2000.913260   0.000000
2001.501823   0.000000
2002.090416   0.000000
2002.679039   0.000000
2003.267692   0.000000
2003.856373   0.000000
2004.445085   0.000000
2005.033826   0.000000
2005.622597   0.000000
2006.211397   0.000000
2006.800226   0.000000
2007.389086   0.000000
2007.977975   0.000000
2008.566893   0.000000
2009.155841   0.000000
2009.744819   0.000000
2010.333826   0.000000
2010.922863   0.000000
2011.511929   0.000000
2012.101025   0.000000
2012.690150   0.000000
2013.279305   0.000000
2013.868490   0.000000
2014.457704   0.000000
2015.046948   0.000000
2015.636221   1.000000
2016.225524   0.000000
2016.814857   1.000000
2017.404219   0.000000
2017.993610   0.000000
2018.583032   0.000000
2019.172482   0.000000
2019.761963   0.000000
2020.351472   0.000000
2020.941012   0.000000
2021.530581   0.000000
2022.120180   0.000000
2022.709808   0.000000
2023.299466   0.000000
2023.889153   0.000000
2024.478870   0.000000
2025.068616   0.000000
2025.658392   0.000000
2026.248198   0.000000
2026.838033   0.000000
2027.427898   0.000000
2028.017792   0.000000
2028.607716   0.000000
2029.197669   0.000000
2029.787652   0.000000
2030.377665   0.000000
2030.967707   0.000000
2031.557779   0.000000
2032.147880   0.000000
2032.738011   0.000000
2033.328172   0.000000
2033.918362   0.000000
2034.508581   0.000000
2035.098831   0.000000
2035.689109   0.000000
2036.279418   0.000000
2036.869756   0.000000
2037.460123   0.000000
2038.050520   0.000000
2038.640947   0.000000
2039.231403   0.000000
2039.821889   0.000000
2040.412404   0.000000
2041.002949   0.000000
2041.593523   0.000000
2042.184127   0.000000
2042.774761   0.000000
2043.365424   0.000000
2043.956117   0.000000
2044.546839   0.000000
2045.137591   0.000000
2045.728372   0.000000
2046.319184   0.000000
2046.910024   0.000000
2047.500894   0.000000
2048.091794   0.000000
2048.682723   0.000000
2049.273682   0.000000
2049.864671   0.000000
2050.455689   0.000000
2051.046736   0.000000
2051.637814   0.000000
2052.228920   0.000000
2052.820057   0.000000
2053.411223   0.000000
2054.002418   0.000000
2054.593643   0.000000
2055.184898   0.000000
2055.776182   0.000000
2056.367496   0.000000
2056.958839   0.000000
2057.550212   0.000000
2058.141614   0.000000
2058.733046   0.000000
2059.324508   0.000000
2059.915999   0.000000
2060.507520   0.000000
2061.099070   0.000000
2061.690650   0.000000
2062.282259   0.000000
2062.873898   0.000000
2063.465567   0.000000
2064.057265   0.000000
2064.648993   0.000000
2065.240750   0.000000
2065.832537   0.000000
2066.424354   0.000000
2067.016200   0.000000
2067.608075   0.000000
2068.199981   0.000000
2068.791915   0.000000
2069.383880   1.000000
2069.975873   0.000000
2070.567897   0.000000
2071.159950   0.000000
2071.752033   0.000000
2072.344145   0.000000
2072.936287   0.000000
2073.528458   0.000000
2074.120659   0.000000
2074.712889   0.000000
2075.305149   0.000000
2075.897439   0.000000
2076.489758   0.000000
2077.082107   1.000000
2077.674485   0.000000
2078.266893   0.000000
2078.859330   0.000000
2079.451797   0.000000
2080.044294   0.000000
2080.636820   0.000000
2081.229376   0.000000
2081.821961   0.000000
2082.414576   0.000000
2083.007221   0.000000
2083.599895   0.000000
2084.192598   0.000000
2084.785331   0.000000
2085.378094   0.000000
2085.970887   0.000000
2086.563708   0.000000
2087.156560   0.000000
2087.749441   0.000000
2088.342352   0.000000
2088.935292   0.000000
2089.528261   0.000000
2090.121261   0.000000
2090.714290   0.000000
2091.307348   1.000000
2091.900436   0.000000
2092.493554   0.000000
2093.086701   0.000000
2093.679878   0.000000
2094.273084   0.000000
2094.866320   0.000000
2095.459585   0.000000
2096.052880   0.000000
2096.646205   0.000000
2097.239559   0.000000
2097.832943   1.000000
2098.426356   0.000000
2099.019799   0.000000
2099.613272   0.000000
2100.206774   0.000000
2100.800305   0.000000
2101.393866   0.000000
2101.987457   0.000000
2102.581077   0.000000
2103.174727   0.000000
2103.768407   0.000000
2104.362116   0.000000
2104.955854   0.000000
2105.549623   0.000000
2106.143420   0.000000
2106.737248   0.000000
2107.331105   0.000000
2107.924991   0.000000
2108.518907   0.000000
2109.112853   0.000000
2109.706828   0.000000
2110.300833   0.000000
2110.894867   0.000000
2111.488931   0.000000
2112.083024   0.000000
2112.677147   0.000000
2113.271300   0.000000
2113.865482   0.000000
2114.459694   0.000000
2115.053935   0.000000
2115.648206   0.000000
2116.242507   0.000000
2116.836837   0.000000
2117.431196   0.000000
2118.025585   0.000000
2118.620004   0.000000
2119.214452   0.000000
2119.808930   0.000000
2120.403438   0.000000
2120.997975   0.000000
2121.592541   0.000000
2122.187138   0.000000
2122.781763   0.000000
2123.376419   0.000000
2123.971103   0.000000
2124.565818   0.000000
2125.160562   0.000000
2125.755336   0.000000
2126.350139   0.000000
2126.944972   0.000000
2127.539834   0.000000
2128.134726   0.000000
2128.729647   0.000000
2129.324598   0.000000
2129.919579   0.000000
2130.514589   0.000000
2131.109629   0.000000
2131.704698   0.000000
2132.299797   0.000000
2132.894925   0.000000
2133.490083   0.000000
2134.085271   0.000000
2134.680488   0.000000
2135.275735   0.000000
2135.871011   0.000000
2136.466317   0.000000
2137.061653   0.000000
2137.657018   0.000000
2138.252412   0.000000
2138.847836   0.000000
2139.443290   0.000000
2140.038773   0.000000
2140.634286   0.000000
2141.229829   0.000000
2141.825401   0.000000
2142.421002   0.000000
2143.016634   0.000000
2143.612294   0.000000
2144.207985   0.000000
2144.803705   0.000000
2145.399454   0.000000
2145.995233   0.000000
2146.591042   0.000000
2147.186880   0.000000
2147.782748   0.000000
2148.378645   0.000000
2148.974572   0.000000
2149.570528   0.000000
2150.166514   0.000000
2150.762530   0.000000
2151.358575   0.000000
2151.954650   0.000000
2152.550754   0.000000
2153.146888   0.000000
2153.743051   0.000000
2154.339245   0.000000
2154.935467   0.000000
2155.531719   0.000000
2156.128001   0.000000
2156.724312   0.000000
2157.320653   0.000000
2157.917024   0.000000
2158.513424   1.000000
2159.109853   0.000000
2159.706313   0.000000
2160.302801   0.000000
2160.899320   0.000000
2161.495867   0.000000
2162.092445   0.000000
2162.689052   0.000000
2163.285689   0.000000
2163.882355   0.000000
2164.479050   0.000000
2165.075776   0.000000
2165.672531   0.000000
2166.269315   0.000000
2166.866129   0.000000
2167.462973   0.000000
2168.059846   0.000000
2168.656749   0.000000
2169.253681   0.000000
2169.850643   0.000000
2170.447634   1.000000
2171.044655   0.000000
2171.641706   0.000000
2172.238786   0.000000
2172.835896   0.000000
2173.433035   0.000000
2174.030204   1.000000
2174.627403   0.000000
2175.224631   0.000000
2175.821888   0.000000
2176.419175   0.000000
2177.016492   0.000000
2177.613838   0.000000
2178.211214   0.000000
2178.808620   0.000000
2179.406055   0.000000
2180.003519   0.000000
2180.601014   0.000000
2181.198537   0.000000
2181.796091   0.000000
2182.393673   0.000000
2182.991286   0.000000
2183.588928   0.000000
2184.186600   0.000000
2184.784301   0.000000
2185.382031   0.000000
2185.979792   0.000000
2186.577582   0.000000
2187.175401   0.000000
2187.773250   0.000000
2188.371129   0.000000
2188.969037   0.000000
2189.566975   0.000000
2190.164942   0.000000
2190.762939   0.000000
2191.360965   0.000000
2191.959021   1.000000
2192.557107   0.000000
2193.155222   0.000000
2193.753367   0.000000
2194.351541   0.000000
2194.949745   0.000000
2195.547979   0.000000
2196.146242   0.000000
2196.744534   0.000000
2197.342856   0.000000
2197.941208   1.000000
2198.539589   0.000000
2199.138000   0.000000
2199.736441   0.000000
2200.334911   0.000000
2200.933410   0.000000
2201.531940   0.000000
2202.130498   0.000000
2202.729087   0.000000
2203.327704   0.000000
2203.926352   1.000000
2204.525029   0.000000
2205.123736   0.000000
2205.722472   0.000000
2206.321237   0.000000
2206.920033 148.000000
